107
141
172
217
260
306
371
430
503
585
652
743
854
923
1044
1200
1310
1475
1649
1805
2086
2124
2376
2467
2645
3037
3142
3647
3679
3937
4115
4482
4710
5135
5359
5469
5978
6177
6222
6612
7001
7272
7637
8094
8169
8412
8846
8977
9396
9743
10100
10472
10887
11261
12024
12235
12786
12779
13066
13756
14271
15037
15460
16469
16485
16577
16891
17654
18569
19057
19573
20204
20436
21560
21269
22821
21930
23007
22696
23162
23754
24276
24837
25617
26013
26622
27237
29987
33395
29450
29773
30782
30947
31623
32202
32749
33512
34106
