145
258
174
282
392
304
459
422
604
519
726
585
767
883
875
1290
1389
1411
1522
1706
1564
2125
2223
2015
2353
1974
2550
2548
2532
2727
2728
2821
2827
3875
4023
4010
4239
4649
4935
4973
5045
4862
5137
5294
5292
5412
5539
5614
5646
5840
6131
6284
6034
7361
7593
7396
7527
7805
7962
8108
7856
8073
8380
9988
10577
10392
11095
10757
10792
11363
11085
11699
11292
14527
13050
13134
13449
12861
13460
13528
13265
13620
13741
13822
13821
16418
16592
16500
16653
17039
16589
17055
17695
17607
17462
18931
18323
17598
