474
617
712
2408
3539
2428
2716
3013
3362
3657
4170
4492
4870
5635
5752
6136
6511
6815
7197
7740
9060
8647
10192
9651
10122
10692
11209
11767
12227
14505
15053
13992
14778
15329
16027
17043
17115
17536
17990
18689
19296
19921
20511
21262
21905
31657
42999
44943
47545
47901
48699
48753
49563
47511
45250
40441
47301
41943
35998
36508
46815
50589
51754
45804
46836
47451
48486
49443
49623
44335
45294
45443
46021
54989
55498
52764
49583
53652
56764
53457
55842
57259
56265
56634
57338
60879
63098
67297
71327
64262
71892
69038
69778
79404
77908
80687
75899
83101
