346
411
515
657
1684
3164
3715
2342
2574
2806
3012
3509
3790
4102
4395
4729
5025
5269
5586
5981
6276
6662
7018
7385
7717
8171
8557
8951
9316
9997
10157
10570
11005
11414
11849
12320
12794
13173
13417
13906
14354
14787
15256
15773
16244
16874
17359
25945
26601
29628
29271
28298
31187
33335
33817
32621
33516
34252
34532
39656
40009
41113
41699
40575
41084
36696
37531
37042
37784
39017
38738
39755
39234
42056
42551
43195
41912
40264
40937
42484
40283
41299
43679
42777
49192
49124
50377
49239
49920
49240
51119
56530
58010
56459
56982
56868
57078
58402
