138
184
228
332
352
407
476
584
662
731
864
974
1077
1214
1363
1544
1698
1880
2060
2238
2822
2854
3238
3083
3289
3973
4212
4866
5139
5409
5714
6475
6645
7061
7438
7751
8099
8104
8463
8821
9316
9590
9974
10387
10669
11216
11668
11968
12561
12989
13503
13978
14468
14929
14956
15949
16483
17001
17550
18121
18686
18970
19534
20335
21231
21507
22132
23097
23706
24372
25030
25695
26372
27015
27707
28389
29124
29864
30545
31269
32003
32823
33555
34390
35220
35980
36763
37528
38403
39147
40134
40899
41724
42582
43287
44172
45036
46012
