597
1765
4357
1114
2551
2864
3313
3781
4189
4503
5405
6005
6363
6988
7436
8080
8740
9061
9711
10298
12458
11639
14095
12774
13517
14280
14930
15714
16193
20245
20906
18809
19390
20283
21064
22008
22760
23589
24115
41089
42659
44005
49504
54259
55117
54710
57371
54954
49779
49883
50618
50656
51481
49153
50791
58166
58653
58634
49958
67224
61083
56509
57289
56754
57355
54502
55999
60781
65596
57417
57027
61124
62703
61063
59223
62380
67152
65301
68079
72918
70834
71485
75225
80189
76300
81416
82073
88642
92145
85874
90694
86994
90056
95996
96619
103132
97849
109538
