750
1124
2466
2873
3354
3847
4357
4940
5456
6036
7155
7804
8431
9259
9940
10674
11442
12049
12757
13699
18450
15617
18715
17393
19032
19903
21012
21971
22543
31139
28183
26030
26667
27906
28930
30163
31223
32375
33201
34556
35614
36924
37981
39455
40590
42425
52248
83653
94991
101010
104276
111522
124630
106712
106864
118960
95380
91593
93005
94012
94292
96547
95802
97176
97844
96280
98189
98563
99039
97977
97376
107145
108333
107868
121396
120764
121949
109694
116148
115155
111167
119477
116635
117051
111252
135009
128525
124549
118474
137631
128984
127292
125907
140536
133049
149588
157828
149077
