55
76
101
132
160
187
226
269
316
378
431
464
521
595
664
755
836
921
1007
1152
1476
1430
1670
1849
1727
2042
2159
2557
2660
2800
2968
3270
3533
3680
3774
3938
4203
4194
4422
4537
4722
4903
5170
5452
5437
5827
5998
6008
6305
6557
6778
7238
7497
7440
8096
7884
8496
9399
9084
9347
10067
10187
10353
11243
11491
11450
12041
12326
13069
12952
12841
13701
13413
14182
14258
14661
14971
15443
16011
15977
16336
16860
16973
19152
21495
18741
19297
19425
19670
20308
20404
21034
22266
22113
22844
23033
23318
23837
