100
139
171
221
263
319
360
445
503
576
649
729
830
914
1028
1180
1292
1422
1551
1704
2085
2094
2403
2330
2512
2948
3128
3661
3787
3992
4203
4689
4877
5189
5414
5663
5963
6009
6280
6593
6852
7126
7472
7754
7946
8393
8702
8938
9375
9729
10071
10422
10822
10861
11613
11648
12018
12422
12843
13282
14127
14428
14706
15228
15819
16117
16604
17232
17713
18199
18701
19196
19686
20190
20781
21230
21770
22288
22885
23408
23998
24565
25170
25713
26311
26973
27553
28120
28726
29353
29976
30598
31243
31956
32531
32902
33592
34263
