0 1.0769 0 0  -0.07095 0 0  -1.00496 0 0 
0.1 1.0719553 0.019367784 0  -0.072834474 -0.12257246 0  -0.99813084 0.10320468 0 
0.2 1.0572289 0.037913352 0  -0.077901579 -0.2416852 0  -0.97833735 0.20377185 0 
0.3 1.0330044 0.054915549 0  -0.084738417 -0.35474736 0  -0.94727594 0.29983182 0 
0.4 0.99965043 0.069808872 0  -0.091772397 -0.46028802 0  -0.90688804 0.39047915 0 
0.5 0.95753235 0.082186772 0  -0.09771349 -0.55768783 0  -0.85882886 0.47550105 0 
0.6 0.90695231 0.091778842 0  -0.1016679 -0.64679907 0  -0.80429441 0.55502023 0 
0.7 0.84812042 0.09842655 0  -0.10308116 -0.72766806 0  -0.74404926 0.62924151 0 
0.8 0.7811463 0.10207091 0  -0.10164464 -0.80037732 0  -0.67851166 0.69830641 0 
0.9 0.70604499 0.1027583 0  -0.097219876 -0.86496589 0  -0.60783512 0.76220759 0 
1 0.62275796 0.1006688 0  -0.089791319 -0.92139148 0  -0.53197665 0.82072268 0 
1.1 0.53119998 0.096171766 0  -0.079445025 -0.96951414 0  -0.45076495 0.87334238 0 
1.2 0.43135669 0.089909433 0  -0.06636856 -1.009094 0  -0.36399813 0.91918458 0 
1.3 0.32347359 0.082889392 0  -0.050867703 -1.0398045 0  -0.27161589 0.95691511 0 
1.4 0.20837222 0.076511271 0  -0.033392396 -1.0612692 0  -0.17398982 0.9847579 0 
1.5 0.087835428 0.072370723 0  -0.014555332 -1.0731307 0  -0.072290096 1.0007599 0 
1.6 -0.035227896 0.071717089 0  0.0048839677 -1.075145 0  0.031333928 1.003428 0 
1.7 -0.15723583 0.074805004 0  0.024089904 -1.0672639 0  0.13413593 0.99245887 0 
1.8 -0.27489678 0.080737953 0  0.042258457 -1.0496517 0  0.23362832 0.96891376 0 
1.9 -0.38594179 0.087977957 0  0.058708816 -1.0226264 0  0.32822298 0.93464844 0 
2 -0.48918674 0.094994054 0  0.072921989 -0.98656346 0  0.41725475 0.89156941 0 
2.1 -0.5841894 0.10060353 0  0.084533516 -0.94181381 0  0.50064589 0.84121028 0 
2.2 -0.67088534 0.10401696 0  0.093308125 -0.88865363 0  0.57856722 0.78463667 0 
2.3 -0.74934656 0.10475942 0  0.099118055 -0.82726222 0  0.65121851 0.7225028 0 
2.4 -0.81965061 0.10257817 0  0.1019358 -0.75771817 0  0.71870481 0.65514 0 
2.5 -0.88181616 0.097374638 0  0.10184659 -0.68000952 0  0.78095956 0.58263488 0 
2.6 -0.93577298 0.089164963 0  0.099085146 -0.59406119 0  0.83767784 0.50489623 0 
2.7 -0.98135033 0.07806543 0  0.094101127 -0.49979495 0  0.8882392 0.42172952 0 
2.8 -1.018279 0.064298027 0  0.087650288 -0.39725201 0  0.93161868 0.33295398 0 
2.9 -1.046211 0.04821123 0  0.080878749 -0.2868228 0  0.96632225 0.23861157 0 
3 -1.0647666 0.030306114 0  0.075297819 -0.1696042 0  0.99045876 0.13929809 0 
3.1 -1.0736136 0.011247197 0  0.072475541 -0.047762199 0  1.0021281 0.036515002 0 
3.2 -1.0725646 -0.0081703754 0  0.073399667 0.075470554 0  1.0001549 -0.067300179 0 
3.3 -1.0616426 -0.027108377 0  0.077918956 0.19647548 0  0.98471366 -0.1693671 0 
3.4 -1.0410727 -0.044794797 0  0.084831747 0.31223663 0  0.9572309 -0.26744183 0 
3.5 -1.0112029 -0.06060043 0  0.092523782 0.42086451 0  0.91966917 -0.36026408 0 
3.6 -0.97240933 -0.074059939 0  0.099546593 0.52147088 0  0.87385274 -0.44741095 0 
3.7 -0.92502267 -0.084855412 0  0.10484477 0.6137816 0  0.82116791 -0.52892619 0 
3.8 -0.86928906 -0.092790305 0  0.10774027 0.69780525 0  0.76253879 -0.60501495 0 
3.9 -0.80535471 -0.097771642 0  0.10783949 0.77363223 0  0.69850522 -0.67586059 0 
4 -0.73326708 -0.099808706 0  0.10494595 0.84133051 0  0.62931113 -0.74152181 0 
4.1 -0.65299002 -0.099032847 0  0.099001208 0.90089564 0  0.55497882 -0.80186279 0 
4.2 -0.56443985 -0.095743028 0  0.090053784 0.95222823 0  0.47537606 -0.8564852 0 
4.3 -0.46756174 -0.090480199 0  0.078251427 0.99512709 0  0.39030032 -0.9046469 0 
4.4 -0.36248236 -0.084121124 0  0.063852106 1.0292963 0  0.29962025 -0.94517522 0 
4.5 -0.24978177 -0.07794091 0  0.047247892 1.0543727 0  0.20352388 -0.97643179 0 
4.6 -0.13087518 -0.073513488 0  0.028988979 1.0699825 0  0.1028762 -0.99646898 0 
4.7 -0.0083036859 -0.072284625 0  0.009783702 1.0758296 0  -0.00049001608 -1.0035449 0 
4.8 0.11447866 -0.074896377 0  -0.0095518454 1.0717881 0  -0.10393681 -0.99689174 0 
4.9 0.23396154 -0.080799868 0  -0.028193088 1.057948 0  -0.20477845 -0.97714808 0 
5 0.34748236 -0.088575435 0  -0.045410401 1.03458 0  -0.30108196 -0.94600456 0 
5.1 0.45351723 -0.09661259 0  -0.060627957 1.0020474 0  -0.39189928 -0.90543485 0 
5.2 0.55142292 -0.10357866 0  -0.07343008 0.96071514 0  -0.47700284 -0.85713648 0 
5.3 0.64104805 -0.10854627 0  -0.083539445 0.91088813 0  -0.55651861 -0.80234186 0 
5.4 0.72244523 -0.11093807 0  -0.090792515 0.85278089 0  -0.63066272 -0.74184282 0 
5.5 0.79570699 -0.11043025 0  -0.09512629 0.78650796 0  -0.6995907 -0.6760777 0 
5.6 0.8608833 -0.10687347 0  -0.096582807 0.71208929 0  -0.76331049 -0.60521582 0 
5.7 0.91794252 -0.10024288 0  -0.095335705 0.62947034 0  -0.82161682 -0.52922746 0 
5.8 0.96675463 -0.090614802 0  -0.091743363 0.53856727 0  -0.87402127 -0.44795247 0 
5.9 1.0070881 -0.078165075 0  -0.086429664 0.43936071 0  -0.91966846 -0.36119563 0 
6 1.0386219 -0.06318465 0  -0.080374961 0.33207771 0  -0.95725695 -0.26889306 0 
6.1 1.0609797 -0.046105454 0  -0.074947459 0.21749881 0  -0.98504226 -0.17139336 0 
6.2 1.0737961 -0.027520867 0  -0.071723978 0.097341536 0  -1.0010822 -0.06982067 0 
6.3 1.0768095 -0.0081743438 0  -0.071969104 -0.025551928 0  -1.0038504 0.033726272 0 
6.4 1.0699468 0.011105907 0  -0.07598277 -0.14762393 0  -0.99297405 0.13651802 0 
6.5 1.0533486 0.02951239 0  -0.08290504 -0.26554739 0  -0.96945355 0.23603501 0 
6.6 1.0273152 0.046352801 0  -0.091197452 -0.37699011 0  -0.93512774 0.33063731 0 
6.7 0.99221348 0.061093631 0  -0.099300633 -0.48071537 0  -0.89192284 0.41962174 0 
6.8 0.94839295 0.073356451 0  -0.10599728 -0.57625169 0  -0.84140568 0.50289524 0 
6.9 0.89613332 0.082893798 0  -0.11046928 -0.66352364 0  -0.78467403 0.58062984 0 
7 0.83562034 0.089567053 0  -0.11222102 -0.74260268 0  -0.72240932 0.65303563 0 
7.1 0.76694079 0.093337739 0  -0.11098509 -0.81357099 0  -0.6549657 0.72023326 0 
7.2 0.69009139 0.094277707 0  -0.10665145 -0.87645417 0  -0.58244994 0.78217647 0 
7.3 0.60500444 0.092602648 0  -0.09922557 -0.9311898 0  -0.50478887 0.83858715 0 
7.4 0.51160382 0.088733194 0  -0.088811834 -0.97761462 0  -0.42180198 0.88888143 0 
7.5 0.40991952 0.083381712 0  -0.075617438 -1.0154652 0  -0.33331209 0.93208349 0 
7.6 0.30030339 0.077636717 0  -0.059972201 -1.0443951 0  -0.23934119 0.96675833 0 
7.7 0.18377093 0.072952533 0  -0.04235539 -1.0640176 0  -0.14042555 0.99106509 0 
7.8 0.062369081 0.070877673 0  -0.023410469 -1.0739821 0  -0.037968611 1.0031044 0 
7.9 -0.060773113 0.072451328 0  -0.0039195525 -1.0740698 0  0.065682665 1.0016185 0 
8 -0.18205244 0.077619776 0  0.015277584 -1.0642679 0  0.16776486 0.9866481 0 
8.1 -0.2983731 0.085252132 0  0.033392682 -1.0447703 0  0.26597042 0.95951815 0 
8.2 -0.40773498 0.093742483 0  0.049771975 -1.0159072 0  0.358953 0.92216473 0 
8.3 -0.50916384 0.10161036 0  0.063924463 -0.97804907 0  0.44622938 0.87643871 0 
8.4 -0.60233619 0.10776019 0  0.075509395 -0.9315304 0  0.5278168 0.82377021 0 
8.5 -0.68723811 0.11148122 0  0.084310865 -0.87660609 0  0.60391724 0.76512487 0 
8.6 -0.76395258 0.11235712 0  0.0902188 -0.81343361 0  0.67472378 0.7010765 0 
8.7 -0.83254774 0.11017627 0  0.093225534 -0.74207235 0  0.7403122 0.63189607 0 
8.8 -0.89302264 0.10486959 0  0.093442898 -0.66249711 0  0.80056974 0.55762752 0 
8.9 -0.94528257 0.096476775 0  0.091144414 -0.57463171 0  0.85512815 0.47815493 0 
9 -0.98913053 0.085136568 0  0.086836067 -0.47842045 0  0.90328446 0.39328388 0 
9.1 -1.0242727 0.071096386 0  0.081348351 -0.37397155 0  0.94391431 0.30287516 0 
9.2 -1.050343 0.054735782 0  0.075904788 -0.26181611 0  0.97542823 0.20708033 0 
9.3 -1.0669576 0.036591959 0  0.072045194 -0.14328262 0  0.99590242 0.10669066 0 
9.4 -1.0738006 0.017364023 0  0.071234732 -0.020810451 0  1.0035559 0.0034464275 0 
9.5 -1.0707197 -0.0021317212 0  0.07419839 0.10220053 0  0.99751132 -0.10006881 0 
9.6 -1.0577794 -0.021058357 0  0.080482834 0.22220086 0  0.9782866 -0.2011425 0 
9.7 -1.0352343 -0.038665143 0  0.088714769 0.33642618 0  0.94750955 -0.29776104 0 
9.8 -1.0034426 -0.054352899 0  0.097274879 0.44325356 0  0.90715767 -0.38890066 0 
9.9 -0.96277272 -0.067685197 0  0.10479771 0.54197585 0  0.85896501 -0.47429066 0 
10 -0.91353847 -0.078368163 0  0.11032389 0.63241035 0  0.80420458 -0.55404218 0 
10.1 -0.85596473 -0.08622538 0  0.11325313 0.71459823 0  0.74370161 -0.62837285 0 
10.2 -0.79017666 -0.091183287 0  0.11324733 0.78863069 0  0.67791933 -0.6974474 0 
10.3 -0.71620383 -0.093274098 0  0.11014871 0.85456079 0  0.60704512 -0.76128669 0 
10.4 -0.63399948 -0.092660739 0  0.10392734 0.91236176 0  0.53106214 -0.81970102 0 
10.5 -0.54348398 -0.089688341 0  0.094655846 0.96190875 0  0.44981813 -0.87222041 0 
10.6 -0.44463556 -0.08496381 0  0.082506429 1.002975 0  0.36311913 -0.91801122 0 
10.7 -0.33766724 -0.079447675 0  0.067765644 1.0352429 0  0.2708916 -0.9557952 0 
10.8 -0.22332852 -0.074491873 0  0.05086004 1.0583369 0  0.17345848 -0.98384501 0 
10.9 -0.10329104 -0.07167503 0  0.032377537 1.0718886 0  0.071903507 -1.0002136 0 
11 0.019642656 -0.072295219 0  0.013058182 1.0756294 0  -0.031710838 -1.0033342 0 
11.1 0.14191654 -0.076706973 0  -0.0062689273 1.0694773 0  -0.13465762 -0.99277031 0 
11.2 0.2601613 -0.084090792 0  -0.02479088 1.0535654 0  -0.23438042 -0.96947456 0 
11.3 0.37198891 -0.092913733 0  -0.041807676 1.0281911 0  -0.32919123 -0.93527736 0 
11.4 0.47612253 -0.10159783 0  -0.056778538 0.99372274 0  -0.41835399 -0.8921249 0 
11.5 0.57207226 -0.10890195 0  -0.069319642 0.95051393 0  -0.50176261 -0.84161198 0 
11.6 0.65975934 -0.11398853 0  -0.079180093 0.89884963 0  -0.57958924 -0.7848611 0 
11.7 0.73925972 -0.11634846 0  -0.086219217 0.83892103 0  -0.6520505 -0.72257257 0 
11.8 0.81066348 -0.1157052 0  -0.090396997 0.77081991 0  -0.71927649 -0.65511472 0 
11.9 0.87400554 -0.11194189 0  -0.091783226 0.69454704 0  -0.78123231 -0.58260515 0 
12 0.92923327 -0.10505786 0  -0.090589707 0.61003687 0  -0.83765356 -0.50497901 0 
12.1 0.9761933 -0.095150532 0  -0.087229767 0.51721153 0  -0.88797353 -0.422061 0 
12.2 1.0146315 -0.082418134 0  -0.082403699 0.41609131 0  -0.93123779 -0.33367318 0 
12.3 1.0442089 -0.067178562 0  -0.077184168 0.30700393 0  -0.96603473 -0.23982537 0 
12.4 1.0645426 -0.049896 0  -0.073013547 0.19092009 0  -0.99053908 -0.14102409 0 
12.5 1.075279 -0.031197189 0  -0.071448866 0.069825982 0  -1.0028402 -0.038628794 0 
12.6 1.0761892 -0.011849484 0  -0.0735702 -0.053197636 0  -1.001629 0.06504712 0 
12.7 1.0672448 0.0073160861 0  -0.079378421 -0.174548 0  -0.98687641 0.16723192 0 
12.8 1.0486248 0.0255127 0  -0.087771527 -0.29108278 0  -0.95986326 0.26557008 0 
12.9 1.0206484 0.042082919 0  -0.097132205 -0.40074534 0  -0.92252619 0.35866242 0 
13 0.98368061 0.056530212 0  -0.1059459 -0.50252362 0  -0.87674471 0.4459934 0 
13.1 0.93805467 0.068508504 0  -0.11308079 -0.59607879 0  -0.82398388 0.52757028 0 
13.2 0.88402688 0.077797289 0  -0.11779678 -0.68139655 0  -0.7652401 0.60359926 0 
13.3 0.82175754 0.084282093 0  -0.11965563 -0.75856725 0  -0.7011119 0.67428516 0 
13.4 0.75130919 0.087949814 0  -0.11842895 -0.82766982 0  -0.63189024 0.73972 0 
13.5 0.67265892 0.088903873 0  -0.11403329 -0.8887155 0  -0.55763563 0.79981163 0 
13.6 0.58572943 0.087403638 0  -0.10649406 -0.94162207 0  -0.47824537 0.85421843 0 
13.7 0.49045562 0.083931778 0  -0.095933605 -0.98620427 0  -0.39353201 0.90227249 0 
13.8 0.38691895 0.079283957 0  -0.082579159 -1.0221775 0  -0.30334979 0.94289353 0 
13.9 0.27559295 0.074641543 0  -0.066785344 -1.0491795 0  -0.20781761 0.97453792 0 
14 0.15770898 0.071514895 0  -0.04906093 -1.0668199 0  -0.10765805 0.99530501 0 
14.1 0.035590496 0.071387376 0  -0.03007802 -1.0747629 0  -0.0045224759 1.0033755 0 
14.2 -0.087432737 0.075062644 0  -0.010635393 -1.0728231 0  0.09905813 0.9977605 0 
14.3 -0.20778076 0.082176585 0  0.0084320418 -1.0610279 0  0.20033871 0.97885135 0 
14.4 -0.32258492 0.091389052 0  0.026361238 -1.0396009 0  0.29721369 0.94821188 0 
14.5 -0.43011649 0.10105042 0  0.042533263 -1.0088817 0  0.38857323 0.90783126 0 
14.6 -0.52960059 0.1097383 0  0.05649109 -0.96923168 0  0.4740995 0.85949338 0 
14.7 -0.62082362 0.11643998 0  0.067922635 -0.92096533 0  0.55389098 0.80452535 0 
14.8 -0.70381843 0.12051532 0  0.076635995 -0.86431272 0  0.62817244 0.7437974 0 
14.9 -0.77867894 0.1215987 0  0.082543605 -0.79940612 0  0.69712533 0.67780742 0 
15 -0.84546554 0.11951296 0  0.085663075 -0.72628259 0  0.76079247 0.60676963 0 
15.1 -0.90416011 0.114213 0  0.086139349 -0.64490129 0  0.81901077 0.53068829 0 
15.2 -0.95464603 0.10575738 0  0.084292713 -0.55518399 0  0.87134332 0.44942661 0 
15.3 -0.99670274 0.094303108 0  0.080694741 -0.45709995 0  0.916998 0.36279684 0 
15.4 -1.0300145 0.080118968 0  0.076259153 -0.35083268 0  0.95474536 0.27071371 0 
15.5 -1.0542005 0.063611204 0  0.072288217 -0.23706916 0  0.98290232 0.17345795 0 
15.6 -1.068876 0.045347621 0  0.070334299 -0.11738431 0  0.99953168 0.072036689 0 
15.7 -1.0737435 0.026054419 0  0.07172549 0.0055150922 0  1.003008 -0.031569511 0 
15.8 -1.0686852 0.006560031 0  0.076896883 0.12810137 0  0.99277836 -0.1346614 0 
15.9 -1.0538012 -0.012308027 0  0.085099134 0.24693904 0  0.96969202 -0.23463102 0 
16 -1.0293672 -0.029824985 0  0.094811471 0.35952961 0  0.93554569 -0.32970463 0 
16.1 -0.99574331 -0.045422914 0  0.10442241 0.46450384 0  0.8923109 -0.41908093 0 
16.2 -0.95328508 -0.058693685 0  0.11264618 0.56131806 0  0.8416289 -0.50262437 0 
16.3 -0.90228511 -0.06936655 0  0.11860931 0.64986957 0  0.7846658 -0.58050302 0 
16.4 -0.84294498 -0.077284812 0  0.12177914 0.73022684 0  0.72215584 -0.65294203 0 
16.5 -0.77536786 -0.082394724 0  0.12186525 0.80248002 0  0.65449261 -0.7200853 0 
16.6 -0.69956585 -0.084752745 0  0.11874282 0.86666689 0  0.58181303 -0.78191414 0 
16.7 -0.61548383 -0.084555558 0  0.11240626 0.92273832 0  0.50406757 -0.83818276 0 
16.8 -0.52305176 -0.082197055 0  0.10294915 0.97054393 0  0.4210926 -0.88834687 0 
16.9 -0.42229173 -0.078351396 0  0.090565681 1.0098312 0  0.33271605 -0.93147981 0 
17 -0.31352102 -0.07405812 0  0.075568889 1.0402604 0  0.23894213 -0.96620232 0 
17.1 -0.19768048 -0.070725892 0  0.058417621 1.0614441 0  0.14025286 -0.99071825 0 
17.2 -0.076707922 -0.069894474 0  0.039734488 1.0730191 0  0.037963433 -1.0031247 0 
17.3 0.046360581 -0.07266068 0  0.020286925 1.0747424 0  -0.065657506 -1.0020818 0 
17.4 0.16792944 -0.079068344 0  0.00091273389 1.0665706 0  -0.16785218 -0.98750226 0 
17.5 0.28481953 -0.088051464 0  -0.017588311 1.0486712 0  -0.26624122 -0.96061979 0 
17.6 0.39492197 -0.098002023 0  -0.034543061 1.0213592 0  -0.35938891 -0.9233572 0 
17.7 0.49718385 -0.10739602 0  -0.049440099 0.98500141 0  -0.44675375 -0.87760539 0 
17.8 0.59124332 -0.11508803 0  -0.061921061 0.93993725 0  -0.52833226 -0.82484922 0 
17.9 0.67707618 -0.12032746 0  -0.071755842 0.88643147 0  -0.60433033 -0.76610401 0 
18 0.75477028 -0.12266987 0  -0.078822271 0.82465378 0  -0.67495801 -0.70198391 0 
18.1 0.82440589 -0.12188377 0  -0.083100277 0.7546765 0  -0.74031561 -0.63279273 0 
18.2 0.88599752 -0.11788423 0  -0.084685595 0.67648631 0  -0.80032192 -0.55860208 0 
18.3 0.93946725 -0.11069554 0  -0.083827373 0.59001454 0  -0.85464988 -0.47931899 0 
18.4 0.98463473 -0.10043839 0  -0.080993285 0.49520165 0  -0.90265145 -0.39476326 0 
18.5 1.0212203 -0.087336829 0  -0.076957218 0.39212714 0  -0.94327305 -0.30479031 0 
18.6 1.0488656 -0.071740209 0  -0.072872806 0.28124721 0  -0.97500274 -0.20950701 0 
18.7 1.0671816 -0.054149874 0  -0.070225865 0.16375223 0  -0.99596574 -0.10960236 0 
18.8 1.0758292 -0.035229699 0  -0.070498658 0.041904537 0  -1.0043406 -0.006674838 0 
18.9 1.0746151 -0.015772325 0  -0.074532645 -0.081018322 0  -0.99909241 0.096790647 0 
19 1.0635555 0.003388572 0  -0.082023031 -0.20144341 0  -0.98054248 0.19805484 0 
19.1 1.0428652 0.021485999 0  -0.091671415 -0.31646363 0  -0.9502038 0.29497763 0 
19.2 1.0128791 0.037894158 0  -0.1018358 -0.42429937 0  -0.91005332 0.38640521 0 
19.3 0.97395865 0.052148795 0  -0.11107956 -0.52413835 0  -0.86188909 0.47198956 0 
19.4 0.92642135 0.063931496 0  -0.11837015 -0.61574787 0  -0.80706121 0.55181637 0 
19.5 0.87050222 0.073044933 0  -0.12304997 -0.69915497 0  -0.74646225 0.62611003 0 
19.6 0.80633916 0.079396218 0  -0.12473992 -0.77445553 0  -0.68060925 0.69505931 0 
19.7 0.73397456 0.082996424 0  -0.12325227 -0.84171616 0  -0.60973229 0.75871974 0 
19.8 0.65337125 0.083980872 0  -0.11853269 -0.90092725 0  -0.53384856 0.81694638 0 
19.9 0.56445026 0.082654693 0  -0.11063018 -0.95198189 0  -0.45283008 0.86932719 0 
20 0.46717033 0.079566236 0  -0.099690255 -0.99466937 0  -0.36649007 0.91510313 0 
20.1 0.36168513 0.075597562 0  -0.085966901 -1.0286824 0  -0.27472823 0.95308483 0 
20.2 0.24862019 0.072018726 0  -0.069847545 -1.0536443 0  -0.17778264 0.98162557 0 
20.3 0.12945387 0.070373062 0  -0.051878356 -1.0691664 0  -0.076585515 0.99879336 0 
20.4 0.0067911319 0.07203414 0  -0.032765402 -1.0749368 0  0.02696427 1.0029026 0 
20.5 -0.11588292 0.077533967 0  -0.013324849 -1.0708136 0  0.13019777 0.9932796 0 
20.6 -0.23508119 0.086211224 0  0.0056163738 -1.0568712 0  0.23045481 0.97066001 0 
20.7 -0.34820205 0.096569706 0  0.023324472 -1.033366 0  0.32586757 0.93679633 0 
20.8 -0.45378612 0.10696609 0  0.039218389 -1.0006476 0  0.41555774 0.89368152 0 
20.9 -0.55123813 0.11606325 0  0.052877169 -0.95906867 0  0.49935096 0.84300542 0 
21 -0.64043555 0.12294131 0  0.064019262 -0.90892379 0  0.57740629 0.78598248 0 
21.1 -0.72144533 0.12703291 0  0.072478962 -0.85041854 0  0.64995636 0.72338562 0 
21.2 -0.79436469 0.12802299 0  0.078194114 -0.78366037 0  0.71716058 0.65563738 0 
21.3 -0.85924202 0.12576852 0  0.08121166 -0.70866445 0  0.77902036 0.58289592 0 
21.4 -0.91603972 0.12024875 0  0.081715506 -0.62537544 0  0.83531421 0.50512669 0 
21.5 -0.9646184 0.11154246 0  0.080081088 -0.53371627 0  0.88552732 0.42217381 0 
21.6 -1.0047345 0.099827361 0  0.076956776 -0.43368885 0  0.92876773 0.33386149 0 
21.7 -1.036053 0.08539705 0  0.073351439 -0.32556768 0  0.96369156 0.24017063 0 
21.8 -1.0581835 0.068688206 0  0.070651238 -0.21022051 0  0.98852229 0.1415323 0 
21.9 -1.0707492 0.05030155 0  0.070407825 -0.089492169 0  1.0013314 0.039190619 0 
22 -1.0734821 0.03098891 0  0.073782047 0.033647526 0  1.0006901 -0.064636436 0 
22.1 -1.066308 0.01158462 0  0.080902938 0.15558717 0  0.98639509 -0.16717179 0 
22.2 -1.0493675 -0.0071022374 0  0.090747219 0.27305505 0  0.95961025 -0.26595282 0 
22.3 -1.0229581 -0.024381644 0  0.10168509 0.38383702 0  0.922263 -0.35945538 0 
22.4 -0.98743995 -0.039724116 0  0.11213721 0.48680994 0  0.87629274 -0.44708582 0 
22.5 -0.94315284 -0.052755726 0  0.12090347 0.58158072 0  0.82323937 -0.52882499 0 
22.6 -0.89036565 -0.063234167 0  0.12719277 0.66811838 0  0.76416287 -0.60488421 0 
22.7 -0.82925379 -0.071027748 0  0.13053405 0.74651539 0  0.69970974 -0.67548764 0 
22.8 -0.75989552 -0.076108274 0  0.13067872 0.81686069 0  0.6302068 -0.74075242 0 
22.9 -0.68228271 -0.07856317 0  0.12753005 0.87917819 0  0.55574266 -0.80061503 0 
23 -0.59635004 -0.078631193 0  0.12110284 0.93339861 0  0.4762372 -0.85476742 0 
23.1 -0.50203733 -0.076765401 0  0.11150833 0.97934866 0  0.391519 -0.90258326 0 
23.2 -0.39941553 -0.073719128 0  0.098959856 1.0167531 0  0.30144567 -0.94303402 0 
23.3 -0.28891851 -0.070620661 0  0.083794201 1.0452542 0  0.20611431 -0.97463358 0 
23.4 -0.17169647 -0.068934 0  0.066499037 1.0644573 0  0.10618743 -0.99552333 0 
23.5 -0.049962525 -0.070139011 0  0.047726252 1.0740099 0  0.003226273 -1.0038709 0 
23.6 0.073034941 -0.075101788 0  0.028262503 1.0736987 0  -0.10030744 -0.99859696 0 
23.7 0.19370589 -0.083548473 0  0.0089445553 1.0635188 0  -0.20166044 -0.97997029 0 
23.8 0.30909163 -0.094187499 0  -0.0094494448 1.0436676 0  -0.29865218 -0.94948011 0 
23.9 0.41736142 -0.10535619 0  -0.026278723 1.014471 0  -0.39009269 -0.90911485 0 
24 0.51767166 -0.11558771 0  -0.041064279 0.9762885 0  -0.47561738 -0.86070078 0 
24.1 0.60977675 -0.12382401 0  -0.05347517 0.92944052 0  -0.55531158 -0.80561651 0 
24.2 0.69370161 -0.12939041 0  -0.063303943 0.87416805 0  -0.62940767 -0.74477764 0 
24.3 0.76954498 -0.13189749 0  -0.070449208 0.81061663 0  -0.69810577 -0.67871914 0 
24.4 0.83737818 -0.13115132 0  -0.074913829 0.73883731 0  -0.76147435 -0.60768598 0 
24.5 0.89719689 -0.12709309 0  -0.076823389 0.65880202 0  -0.8193835 -0.53170892 0 
24.6 0.94889944 -0.11976742 0  -0.076469221 0.57044029 0  -0.87144022 -0.45067287 0 
24.7 0.99227983 -0.10931421 0  -0.074378516 0.47371603 0  -0.91691132 -0.36440182 0 
24.8 1.027034 -0.095979685 0  -0.071401711 0.36877895 0  -0.95464231 -0.27279926 0 
24.9 1.0527856 -0.080140929 0  -0.068767585 0.25623148 0  -0.983028 -0.17609055 0 
25 1.0691407 -0.062332005 0  -0.067980653 0.13750042 0  -1.00017 -0.075168413 0 
25.1 1.0757747 -0.043248055 0  -0.070403434 0.015118457 0  -1.0043812 0.028129598 0 
25.2 1.0725268 -0.023700069 0  -0.076600362 -0.10748439 0  -0.99493649 0.13118446 0 
25.3 1.059451 -0.0045187374 0  -0.08596252 -0.22682112 0  -0.97249852 0.23133986 0 
25.4 1.0367877 0.013550512 0  -0.097025705 -0.34024298 0  -0.93877203 0.32669246 0 
25.5 1.0048786 0.029911241 0  -0.1081468 -0.44623435 0  -0.89574181 0.41632311 0 
25.6 0.96407575 0.044127128 0  -0.11797189 -0.54415909 0  -0.84511387 0.50003196 0 
25.7 0.91467815 0.05590294 0  -0.12556219 -0.6338722 0  -0.78812596 0.57796926 0 
25.8 0.85689892 0.065060894 0  -0.13033546 -0.71543099 0  -0.72557347 0.6503701 0 
25.9 0.79085473 0.071527213 0  -0.13196611 -0.78893055 0  -0.65789861 0.71740334 0 
26 0.71657049 0.075335834 0  -0.1303036 -0.85442119 0  -0.58527688 0.77908535 0 
26.1 0.63399972 0.076653709 0  -0.12532087 -0.91186946 0  -0.50768885 0.83521575 0 
26.2 0.54307031 0.075832044 0  -0.11709006 -0.96114119 0  -0.42499025 0.88530914 0 
26.3 0.44377914 0.073484184 0  -0.10578046 -1.0019979 0  -0.33700867 0.92851372 0 
26.4 0.33637459 0.070572484 0  -0.091674463 -1.0341079 0  -0.24371013 0.9635354 0 
26.5 0.22166294 0.06843476 0  -0.07519446 -1.0570795 0  -0.14547848 0.9886447 0 
26.6 0.10138916 0.06860108 0  -0.056925726 -1.0705264 0  -0.043473436 1.0019254 0 
26.7 -0.021580102 0.07227249 0  -0.037608259 -1.0741619 0  0.060178361 1.0018894 0 
26.8 -0.14367227 0.079673674 0  -0.018073999 -1.0678862 0  0.16273627 0.98821249 0 
26.9 -0.26156159 0.089869375 0  0.00085882106 -1.0518159 0  0.26169277 0.96194657 0 
27 -0.37293392 0.10126039 0  0.018483132 -1.0262335 0  0.35544078 0.92497312 0 
27.1 -0.47657933 0.11224928 0  0.034250324 -0.9914936 0  0.44331901 0.87924432 0 
27.2 -0.5720523 0.12160096 0  0.047769123 -0.94793824 0  0.52527317 0.82633728 0 
27.3 -0.65929744 0.1284924 0  0.058782724 -0.89584282 0  0.60150471 0.76735043 0 
27.4 -0.73839955 0.13242915 0  0.067147106 -0.83539096 0  0.67224245 0.70296181 0 
27.5 -0.80944839 0.13314673 0  0.072822445 -0.76666913 0  0.73761595 0.6335224 0 
27.6 -0.87247265 0.1305374 0  0.075883404 -0.68967602 0  0.79757925 0.55913862 0 
27.7 -0.92740945 0.12460727 0  0.076552725 -0.60434963 0  0.85184672 0.47974236 0 
27.8 -0.97409204 0.11545932 0  0.075262098 -0.51062609 0  0.89981995 0.39516677 0 
27.9 -1.0122507 0.10329759 0  0.072737387 -0.40855922 0  0.94050332 0.30526162 0 
28 -1.04153 0.088447623 0  0.070077643 -0.2985434 0  0.9724424 0.21009577 0 
28.1 -1.0615324 0.071384359 0  0.068731336 -0.18166148 0  0.9937911 0.11027712 0 
28.2 -1.0718948 0.05274802 0  0.070202261 -0.06004625 0  1.0026826 0.0072982299 0 
28.3 -1.0723866 0.033319063 0  0.075429809 0.063100423 0  0.99794677 -0.096419486 0 
28.4 -1.0629832 0.013936898 0  0.084224649 0.18415883 0  0.97974856 -0.19809572 0 
28.5 -1.0438677 -0.004609869 0  0.095335339 0.30008279 0  0.9495224 -0.29547292 0 
28.6 -1.0153592 -0.021666752 0  0.10708467 0.40895396 0  0.90926452 -0.38728721 0 
28.7 -0.97781709 -0.036742025 0  0.11796601 0.50987431 0  0.86084109 -0.47313229 0 
28.8 -0.93156601 -0.049494863 0  0.12688245 0.60257557 0  0.80567357 -0.55308071 0 
28.9 -0.87685236 -0.059710751 0  0.13313076 0.68707898 0  0.7447116 -0.62736822 0 
29 -0.81382709 -0.067283239 0  0.13630273 0.76348839 0  0.67851435 -0.69620515 0 
29.1 -0.74254566 -0.072211092 0  0.13619224 0.83188362 0  0.60734342 -0.75967253 0 
29.2 -0.66298259 -0.074615692 0  0.1327319 0.89226963 0  0.53124069 -0.81765393 0 
29.3 -0.57506695 -0.074782997 0  0.12595917 0.94455375 0  0.45009778 -0.86977075 0 
29.4 -0.47875695 -0.073232848 0  0.11600659 0.98853808 0  0.36374037 -0.91530523 0 
29.5 -0.37418795 -0.07080674 0  0.1031117 1.023925 0  0.27206625 -0.95311825 0 
29.6 -0.26193571 -0.068726707 0  0.087641115 1.0503415 0  0.17528459 -0.98161478 0 
29.7 -0.14338939 -0.068501956 0  0.070117191 1.0673926 0  0.074262201 -0.99889064 0 
29.8 -0.021048459 -0.071520757 0  0.0512243 1.074747 0  -0.029185841 -1.0032262 0 
29.9 0.10165964 -0.078387262 0  0.031766626 1.0722326 0  -0.13243626 -0.99384532 0 
30 0.22121126 -0.088517584 0  0.012573769 1.0598911 0  -0.23279503 -0.97137347 0 
30.1 0.33490715 -0.10043859 0  -0.0056053559 1.0379537 0  -0.32831179 -0.93751512 0 
30.2 0.44119612 -0.11247495 0  -0.02216903 1.0067574 0  -0.41803709 -0.89428249 0 
30.3 0.53942856 -0.12323767 0  -0.036676072 0.96665328 0  -0.50176249 -0.84341561 0 
30.4 0.62946088 -0.13176056 0  -0.048827678 0.91794145 0  -0.5796432 -0.78618089 0 
30.5 0.71135878 -0.13744264 0  -0.058443665 0.8608375 0  -0.65192512 -0.72339486 0 
30.6 0.78522807 -0.13994573 0  -0.065448411 0.79546107 0  -0.71878966 -0.65551534 0 
30.7 0.85113015 -0.13910994 0  -0.069873569 0.72184005 0  -0.78026658 -0.58273011 0 
30.8 0.90904237 -0.1348999 0  -0.071881938 0.63993018 0  -0.83617043 -0.50503028 0 
30.9 0.95884073 -0.12737871 0  -0.071816665 0.54965918 0  -0.88603407 -0.42228046 0 
31 1.0002958 -0.11670449 0  -0.0702767 0.45101794 0  -0.92902914 -0.33431345 0 
31.1 1.0330827 -0.10314513 0  -0.068202289 0.34423667 0  -0.96389041 -0.24109154 0 
31.2 1.0568118 -0.087104972 0  -0.066905319 0.23008282 0  -0.98891648 -0.14297785 0 
31.3 1.0710914 -0.069149049 0  -0.0679007 0.11023964 0  -1.0022007 -0.041090587 0 
31.4 1.0756196 -0.049999023 0  -0.07240463 -0.012490795 0  -1.002225 0.062489818 0 
31.5 1.070274 -0.030475888 0  -0.08068449 -0.1345623 0  -0.98859954 0.16503819 0 
31.6 1.0551472 -0.011397349 0  -0.091839279 -0.25261863 0  -0.96231791 0.26401598 0 
31.7 1.0305026 0.0065215023 0  -0.10426759 -0.3642868 0  -0.92524499 0.3577653 0 
31.8 0.99668405 0.022720014 0  -0.11634162 -0.4683073 0  -0.87935243 0.44558729 0 
31.9 0.95402982 0.036794526 0  -0.12678957 -0.56420737 0  -0.82625025 0.52741285 0 
32 0.90281641 0.048477022 0  -0.13475784 -0.65192218 0  -0.76706857 0.60344516 0 
32.1 0.84323165 0.057613298 0  -0.13972986 -0.73153708 0  -0.70251179 0.67392378 0 
32.2 0.77536792 0.064153184 0  -0.14142533 -0.80314721 0  -0.63295259 0.73899403 0 
32.3 0.69923029 0.068158821 0  -0.13972425 -0.86678872 0  -0.55851604 0.7986299 0 
32.4 0.61476175 0.069835351 0  -0.13462148 -0.92240683 0  -0.47915027 0.85257148 0 
32.5 0.52189829 0.069587933 0  -0.12620771 -0.96984257 0  -0.39470057 0.90025464 0 
32.6 0.42068092 0.068103149 0  -0.11467191 -1.0088322 0  -0.30501901 0.94072904 0 
32.7 0.31146589 0.066428266 0  -0.10032075 -1.0390221 0  -0.21015514 0.97259385 0 
32.8 0.19525877 0.065960852 0  -0.083606985 -1.0600087 0  -0.11066179 0.9940478 0 
32.9 0.074080847 0.068187839 0  -0.065148898 -1.0714108 0  -0.0079419492 1.003223 0 
33 -0.048962618 0.07409628 0  -0.045712237 -1.0729677 0  0.095664855 0.99887139 0 
33.1 -0.17026513 0.083586032 0  -0.026135777 -1.0646182 0  0.19739091 0.98103214 0 
33.2 -0.28670291 0.095467985 0  -0.0072224214 -1.0465132 0  0.29491534 0.95104522 0 
33.3 -0.3962508 0.10806684 0  0.010349947 -1.0189515 0  0.38689085 0.91088469 0 
33.4 -0.49792839 0.11983984 0  0.026064333 -0.98228512 0  0.47285405 0.86244527 0 
33.5 -0.59142094 0.12964779 0  0.039557038 -0.93684008 0  0.5528539 0.80719228 0 
33.6 -0.67672897 0.13675409 0  0.050594064 -0.8828698 0  0.62712491 0.74611571 0 
33.7 -0.75394976 0.140728 0  0.059051943 -0.8205348 0  0.69588782 0.6798068 0 
33.8 -0.82316324 0.14134894 0  0.064913084 -0.74990093 0  0.75924015 0.60855198 0 
33.9 -0.88437727 0.13853987 0  0.068280811 -0.67095244 0  0.81708646 0.53241257 0 
34 -0.93750285 0.13233068 0  0.069418491 -0.58362544 0  0.86907436 0.45129476 0 
34.1 -0.98234506 0.12284658 0  0.068815787 -0.48787856 0  0.91451927 0.36503199 0 
34.2 -1.0186072 0.1103167 0  0.067274787 -0.38383379 0  0.95232245 0.27351709 0 
34.3 -1.0459133 0.095097772 0  0.065973253 -0.27202939 0  0.98093007 0.17693162 0 
34.4 -1.0638588 0.07770197 0  0.066388862 -0.15378679 0  0.99845999 0.076084817 0 
34.5 -1.072095 0.05880662 0  0.069919993 -0.03152453 0  1.0031651 -0.02728209 0 
34.6 -1.0704266 0.039216806 0  0.07723244 0.091374527 0  0.99418419 -0.13059133 0 
34.7 -1.0588728 0.019773489 0  0.087816545 0.21135628 0  0.97204627 -0.23112977 0 
34.8 -1.03765 0.0012448109 0  0.10023556 0.3256387 0  0.93840441 -0.32688351 0 
34.9 -1.00709 -0.015746028 0  0.11280639 0.43258888 0  0.8952736 -0.41684285 0 
35 -0.96754684 -0.03073851 0  0.12411335 0.53150404 0  0.84442349 -0.50076553 0 
35.1 -0.91932815 -0.043418259 0  0.13316489 0.62221428 0  0.78715326 -0.57879602 0 
35.2 -0.86265879 -0.053592973 0  0.13934266 0.70477527 0  0.72430614 -0.65118229 0 
35.3 -0.79766806 -0.06117728 0  0.14229849 0.77929095 0  0.65635957 -0.71811367 0 
35.4 -0.72439301 -0.066194174 0  0.14186743 0.84582441 0  0.58351558 -0.77963024 0 
35.5 -0.64279744 -0.068797577 0  0.13801186 0.90435605 0  0.50577558 -0.83555848 0 
35.6 -0.55281498 -0.069320233 0  0.13079385 0.95476523 0  0.42301113 -0.88544499 0 
35.7 -0.45443838 -0.068348095 0  0.12037071 0.9968257 0  0.33505767 -0.92847761 0 
35.8 -0.34789222 -0.066805998 0  0.1070091 1.0302149 0  0.24187313 -0.96340895 0 
35.9 -0.23392676 -0.065991772 0  0.091111408 1.0545445 0  0.14380535 -0.98855276 0 
36 -0.11419638 -0.067417203 0  0.073240461 1.0694217 0  0.041945922 -1.0020045 0 
36.1 0.0085250363 -0.072316907 0  0.054116642 1.074541 0  -0.061651678 -1.0022241 0 
36.2 0.13069715 -0.08099404 0  0.03456207 1.0697752 0  -0.16426922 -0.98878111 0 
36.3 0.24893972 -0.092577829 0  0.015398312 1.0552129 0  -0.26334803 -0.96263507 0 
36.4 0.36084402 -0.10547492 0  -0.0026542398 1.0311166 0  -0.35719978 -0.92564164 0 
36.5 0.46512352 -0.11804824 0  -0.01902995 0.99783173 0  -0.44510357 -0.87978348 0 
36.6 0.56129279 -0.12901176 0  -0.03332149 0.95570026 0  -0.5269813 -0.8266885 0 
36.7 0.64928489 -0.13749978 0  -0.045258577 0.90500317 0  -0.60303631 -0.76750339 0 
36.8 0.7291888 -0.1429872 0  -0.0546857 0.84593294 0  -0.6735131 -0.70294574 0 
36.9 0.80110602 -0.14518794 0  -0.061551681 0.77858638 0  -0.73856434 -0.63339843 0 
37 0.86508031 -0.14397754 0  -0.065917105 0.70297228 0  -0.79817321 -0.55899474 0 
37.1 0.92106526 -0.13934659 0  -0.067983898 0.61903589 0  -0.85209136 -0.4796893 0 
37.2 0.96891062 -0.13138058 0  -0.068150943 0.52671213 0  -0.89976968 -0.39533155 0 
37.3 1.0083614 -0.12026136 0  -0.067094251 0.42603405 0  -0.9402771 -0.30577269 0 
37.4 1.0390715 -0.10628559 0  -0.065846936 0.31733686 0  -0.97223459 -0.21105127 0 
37.5 1.0606421 -0.089892794 0  -0.065795472 0.20158577 0  -0.99385666 -0.11169298 0 
37.6 1.0726915 -0.071685805 0  -0.068433908 0.0807452 0  -1.0032676 -0.0090593954 0 
37.7 1.074951 -0.052415768 0  -0.07478705 -0.042128291 0  -0.99917391 0.094544059 0 
37.8 1.0673466 -0.032911603 0  -0.084808102 -0.16343438 0  -0.98154846 0.19634598 0 
37.9 1.0500153 -0.013972943 0  -0.097339612 -0.28000974 0  -0.95168571 0.29398268 0 
38 1.0232455 0.0037204956 0  -0.1106995 -0.38977702 0  -0.91155597 0.38605652 0 
38.1 0.98738302 0.01964762 0  -0.12331469 -0.49171949 0  -0.86307832 0.47207187 0 
38.2 0.94275204 0.033440389 0  -0.13401211 -0.58550712 0  -0.80774993 0.55206673 0 
38.3 0.88960634 0.044860865 0  -0.1420271 -0.67113959 0  -0.74658924 0.62627872 0 
38.4 0.82810818 0.053781698 0  -0.14690787 -0.74872094 0  -0.68021031 0.69493925 0 
38.5 0.75832538 0.060180442 0  -0.14841771 -0.81834136 0  -0.60891767 0.75816092 0 
38.6 0.6802431 0.064152966 0  -0.14646595 -0.88002041 0  -0.53278715 0.81586744 0 
38.7 0.59379489 0.065950257 0  -0.14106909 -0.93368112 0  -0.4517358 0.86773086 0 
38.8 0.49892885 0.066041909 0  -0.13233718 -0.97914012 0  -0.36560167 0.91309821 0 
38.9 0.39574015 0.065200624 0  -0.12048071 -1.0161101 0  -0.27426944 0.95090951 0 
39 0.28471221 0.064569804 0  -0.10583326 -1.0442196 0  -0.17788895 0.97964984 0 
39.1 0.16707654 0.065606011 0  -0.088880271 -1.0630597 0  -0.07720627 0.99745369 0 
39.2 0.045146505 0.069730478 0  -0.070272965 -1.0722643 0  0.026116461 1.0025338 0 
39.3 -0.077756171 0.077685492 0  -0.050798363 -1.0716087 0  0.12954453 0.99392326 0 
39.4 -0.19804488 0.089043881 0  -0.031293393 -1.0610777 0  0.23032828 0.97203381 0 
39.5 -0.31283769 0.10239561 0  -0.012535713 -1.0408581 0  0.32636341 0.9384625 0 
39.6 -0.42040277 0.11602352 0  0.0048344707 -1.0112634 0  0.4165583 0.89523989 0 
39.7 -0.51997599 0.12845366 0  0.020338369 -0.97263955 0  0.50062762 0.84418589 0 
39.8 -0.6113612 0.13864133 0  0.033645306 -0.92529348 0  0.57870589 0.78665215 0 
39.9 -0.69460874 0.14592919 0  0.044549197 -0.86945343 0  0.65104954 0.72352424 0 
40 -0.76982696 0.14994263 0  0.052952463 -0.80525379 0  0.7178645 0.65531115 0 
40.1 -0.83708703 0.15049848 0  0.058865792 -0.73273692 0  0.77921123 0.58223845 0 
40.2 -0.89637818 0.14754514 0  0.062428476 -0.6518705 0  0.8349397 0.50432536 0 
40.3 -0.94758788 0.14113206 0  0.063953588 -0.56258807 0  0.88462429 0.421456 0 
40.4 -0.990496 0.13140308 0  0.063999635 -0.46487374 0  0.92748636 0.33347066 0 
40.5 -1.0247823 0.1186092 0  0.06345561 -0.35892706 0  0.96231671 0.24031785 0 
40.6 -1.0500543 0.10313489 0  0.063581906 -0.24544756 0  0.98746243 0.14231267 0 
40.7 -1.0659057 0.085524916 0  0.065871373 -0.1260133 0  1.0010243 0.040488386 0 
40.8 -1.0720067 0.06648657 0  0.07158265 -0.0033247843 0  1.001414 -0.063161786 0 
40.9 -1.0681991 0.046839854 0  0.081079665 0.11909567 0  0.98810939 -0.16593552 0 
41 -1.0545422 0.02741739 0  0.093540331 0.2378105 0  0.96199187 -0.26522789 0 
41.1 -1.0312785 0.0089598553 0  0.10737169 0.35032035 0  0.9248968 -0.35928021 0 
41.2 -0.9987449 -0.0079442104 0  0.1209015 0.45526534 0  0.8788334 -0.44732113 0 
41.3 -0.95728345 -0.022866654 0  0.13280248 0.55211927 0  0.82547097 -0.52925261 0 
41.4 -0.90718055 -0.035520077 0  0.14217734 0.64079858 0  0.76599321 -0.6052785 0 
41.5 -0.8486367 -0.045735225 0  0.1484811 0.72138832 0  0.70114559 -0.67565309 0 
41.6 -0.78175779 -0.053449377 0  0.15141646 0.79399137 0  0.63133133 -0.740542 0 
41.7 -0.70656208 -0.058712259 0  0.1508529 0.85865462 0  0.55669918 -0.79994236 0 
41.8 -0.62300394 -0.061713838 0  0.14677745 0.9153348 0  0.4772165 -0.85362097 0 
41.9 -0.53102611 -0.062837824 0  0.13927288 0.96388419 0  0.39274323 -0.90104636 0 
42 -0.43066572 -0.062739598 0  0.12851804 1.004049 0  0.30313768 -0.94130937 0 
42.1 -0.32225384 -0.062425113 0  0.11480581 1.0354825 0  0.20843804 -0.97305738 0 
42.2 -0.20673732 -0.06325065 0  0.098571321 1.057782 0  0.109156 -0.99453136 0 
42.3 -0.086046525 -0.066688871 0  0.080413686 1.0705581 0  0.0066228391 -1.0038692 0 
42.4 0.036797755 -0.073766771 0  0.061083403 1.0735303 0  -0.096891158 -0.99976358 0 
42.5 0.15820729 -0.084461868 0  0.041414075 1.0666118 0  -0.19863137 -0.98214993 0 
42.6 0.27499817 -0.097640903 0  0.022215389 1.0499289 0  -0.29622356 -0.952288 0 
42.7 0.38505777 -0.11162944 0  0.0041800071 1.0237647 0  -0.38824777 -0.91213528 0 
42.8 0.4873397 -0.12484891 0  -0.012158119 0.98846552 0  -0.47419158 -0.86361661 0 
42.9 0.58149622 -0.13611749 0  -0.026419874 0.94435964 0  -0.55408635 -0.80824215 0 
43 0.66751876 -0.14466386 0  -0.038358317 0.89170749 0  -0.62817044 -0.74704363 0 
43.1 0.74550869 -0.15003255 0  -0.0478386 0.83067927 0  -0.69668008 -0.68064672 0 
43.2 0.81555656 -0.15198531 0  -0.054831297 0.76135144 0  -0.75973526 -0.60936613 0 
43.3 0.87768401 -0.15043095 0  -0.059424479 0.68371812 0  -0.81726953 -0.53328717 0 
43.4 0.93181717 -0.14538551 0  -0.061858754 0.59772129 0  -0.86896841 -0.45233579 0 
43.5 0.97777642 -0.13695779 0  -0.062588486 0.50331508 0  -0.91419793 -0.36635729 0 
43.6 1.0152785 -0.12535557 0  -0.062364068 0.40059399 0  -0.95192438 -0.27523842 0 
43.7 1.043955 -0.11090757 0  -0.062299724 0.29002638 0  -0.98066523 -0.17911881 0 
43.8 1.0633978 -0.094092173 0  -0.063824105 0.17280529 0  -0.99858372 -0.078713114 0 
43.9 1.0732376 -0.075552481 0  -0.068351564 0.051183595 0  -1.003896 0.024368886 0 
44 1.0732409 -0.056069195 0  -0.076656146 -0.07157274 0  -0.99559476 0.12764194 0 
44.1 1.0633809 -0.036477747 0  -0.088367596 -0.19189067 0  -0.97402333 0.22836841 0 
44.2 1.0438343 -0.017559802 0  -0.10211965 -0.30685476 0  -0.94072467 0.32441456 0 
44.3 1.0149086 3.6976658e-05 0  -0.11620632 -0.41468355 0  -0.89771227 0.41464657 0 
44.4 0.97694855 0.015825548 0  -0.12914231 -0.51457412 0  -0.84681624 0.49874857 0 
44.5 0.93026353 0.029467684 0  -0.13986493 -0.60630902 0  -0.78940859 0.57684134 0 
44.6 0.87508619 0.040750622 0  -0.14770069 -0.68993051 0  -0.7263955 0.64917989 0 
44.7 0.81155626 0.049570315 0  -0.15226251 -0.76554679 0  -0.65830375 0.71597648 0 
44.8 0.73972127 0.055929973 0  -0.15335775 -0.83323328 0  -0.58537352 0.77730331 0 
44.9 0.65955249 0.059958712 0  -0.15092679 -0.8929859 0  -0.5076357 0.83302719 0 
45 0.57098304 0.061954566 0  -0.14501103 -0.94470007 0  -0.424982 0.8827455 0 
45.1 0.47398753 0.062453972 0  -0.13574476 -0.98816394 0  -0.33725277 0.92570997 0 
45.2 0.36873845 0.062316778 0  -0.12336665 -1.0230644 0  -0.24438179 0.96074767 0 
45.3 0.2558797 0.062774566 0  -0.10824536 -1.0490127 0  -0.14664434 0.98623813 0 
45.4 0.13690221 0.065313305 0  -0.090907243 -1.0655991 0  -0.045004966 1.0002858 0 
45.5 0.014414981 0.071234903 0  -0.072042297 -1.072481 0  0.058617315 1.0012461 0 
45.6 -0.10809696 0.08099367 0  -0.052459963 -1.0694793 0  0.16154692 0.98848566 0 
45.7 -0.22714704 0.093849518 0  -0.032992668 -1.0566305 0  0.26112971 0.96278099 0 
45.8 -0.34013972 0.10823253 0  -0.014389598 -1.0341594 0  0.35551932 0.92592684 0 
45.9 -0.44563153 0.12244106 0  0.0027484214 -1.0023936 0  0.44387311 0.8799525 0 
46 -0.54304884 0.13510062 0  0.017981259 -0.96167276 0  0.52605758 0.82657214 0 
46.1 -0.63229016 0.14527167 0  0.031011506 -0.91228509 0  0.60226866 0.76701342 0 
46.2 -0.7134394 0.15237821 0  0.041661752 -0.85443454 0  0.67276764 0.70205634 0 
46.3 -0.78660597 0.15610143 0  0.049862011 -0.78823061 0  0.73773396 0.63212918 0 
46.4 -0.8518463 0.15629545 0  0.055654306 -0.71369384 0  0.79718199 0.55739839 0 
46.5 -0.90912737 0.15293497 0  0.059218879 -0.63077794 0  0.85089849 0.47784297 0 
46.6 -0.95831116 0.14609106 0  0.060926061 -0.53941917 0  0.8983751 0.39332812 0 
46.7 -0.99915191 0.13592971 0  0.061413364 -0.43963765 0  0.93872855 0.30370794 0 
46.8 -1.0313076 0.12272867 0  0.061666895 -0.33173002 0  0.97063075 0.20900136 0 
46.9 -1.0543744 0.10690568 0  0.063031488 -0.21658656 0  0.99233293 0.10968088 0 
47 -1.0679532 0.089042413 0  0.066995995 -0.096068815 0  1.0019472 0.007026402 0 
47.1 -1.071745 0.069876416 0  0.074641822 0.026846777 0  0.99809322 -0.096723194 0 
47.2 -1.0656398 0.050237471 0  0.08601166 0.14855119 0  0.98061816 -0.19878866 0 
47.3 -1.0497431 0.030941271 0  0.09999867 0.26578302 0  0.95073445 -0.29672429 0 
47.4 -1.0243246 0.012692434 0  0.11490261 0.37634753 0  0.91041195 -0.38903997 0 
47.5 -0.98972478 -0.0039621037 0  0.12909473 0.47914745 0  0.86162005 -0.47518534 0 
47.6 -0.9462719 -0.018632143 0  0.14134637 0.57381579 0  0.80591553 -0.55518365 0 
47.7 -0.89422896 -0.031062313 0  0.15085265 0.6603434 0  0.74436631 -0.62928109 0 
47.8 -0.83376991 -0.041111543 0  0.15713662 0.73883899 0  0.67762329 -0.69772745 0 
47.9 -0.76497509 -0.048745495 0  0.15994649 0.80940273 0  0.6060186 -0.76065724 0 
48 -0.68784192 -0.05404752 0  0.15918179 0.87206579 0  0.52965012 -0.81801827 0 
48.1 -0.60231434 -0.057252374 0  0.15485098 0.92676284 0  0.44845336 -0.86951047 0 
48.2 -0.50834566 -0.05880589 0  0.14705515 0.97332138 0  0.36228051 -0.91451549 0 
48.3 -0.40602415 -0.059445928 0  0.13599303 1.0114631 0  0.27102112 -0.95201718 0 
48.4 -0.29580248 -0.060270625 0  0.12198246 1.0408216 0  0.17481002 -0.98055094 0 
48.5 -0.17884581 -0.062694102 0  0.10548943 1.0609856 0  0.074346373 -0.99829151 0 
48.6 -0.057372984 -0.068127889 0  0.087145371 1.0715765 0  -0.028782387 -1.0034486 0 
48.7 0.065370152 -0.077359543 0  0.067723371 1.0723458 0  -0.13210352 -0.99498623 0 
48.8 0.18579863 -0.090034208 0  0.048058247 1.0632491 0  -0.23286688 -0.97321488 0 
48.9 0.3009617 -0.10478249 0  0.028937841 1.0444483 0  -0.32890954 -0.93966579 0 
49 0.40904399 -0.11987603 0  0.011019807 1.0162416 0  -0.4190738 -0.89636556 0 
49.1 0.50922355 -0.13380205 0  -0.0051982411 0.97897029 0  -0.50303531 -0.84516824 0 
49.2 0.601277 -0.14547568 0  -0.019368711 0.9329444 0  -0.58091829 -0.78746872 0 
49.3 0.68524796 -0.1542087 0  -0.031271046 0.87840003 0  -0.65298692 -0.72419132 0 
49.4 0.7612491 -0.15960505 0  -0.040794447 0.81548209 0  -0.71946466 -0.65587704 0 
49.5 0.8293613 -0.16146627 0  -0.047935357 0.74424448 0  -0.78043595 -0.58277821 0 
49.6 0.88958615 -0.15972817 0  -0.052814497 0.66466543 0  -0.83578165 -0.50493726 0 
49.7 0.94182459 -0.15442726 0  -0.055717538 0.57668448 0  -0.88511705 -0.42225722 0 
49.8 0.98586977 -0.14569143 0  -0.057161479 0.48027953 0  -0.92771829 -0.3345881 0 
49.9 1.0214122 -0.13375056 0  -0.057976624 0.3756175 0  -0.96244562 -0.24186695 0 
50 1.0480637 -0.11896155 0  -0.05935552 0.26331828 0  -0.98771819 -0.14435673 0 
50.1 1.0654096 -0.10183686 0  -0.062746878 0.14482118 0  -1.0016728 -0.042984321 0 
50.2 1.0730947 -0.083053261 0  -0.069441175 0.022663313 0  -1.0026636 0.060389948 0 
50.3 1.0709198 -0.06341253 0  -0.079922445 -0.099725682 0  -0.99000731 0.16313821 0 
50.4 1.0588987 -0.043748664 0  -0.093499038 -0.2188605 0  -0.96440971 0.26260917 0 
50.5 1.0372382 -0.024821131 0  -0.10862891 -0.3320998 0  -0.92761926 0.35692093 0 
50.6 1.0062551 -0.0072457242 0  -0.12360691 -0.43794478 0  -0.88165819 0.44519051 0 
50.7 0.96628619 0.0085217679 0  -0.13703877 -0.53578162 0  -0.82825742 0.52725985 0 
50.8 0.91762212 0.022169592 0  -0.14796404 -0.6254867 0  -0.76866808 0.60331711 0 
50.9 0.86047282 0.033507456 0  -0.15579049 -0.70713431 0  -0.70369233 0.67362685 0 
51 0.79495562 0.042452985 0  -0.16018811 -0.78083145 0  -0.63377751 0.73837847 0 
51.1 0.72109963 0.049034584 0  -0.16100308 -0.84663592 0  -0.55910656 0.79760134 0 
51.2 0.63886632 0.053415257 0  -0.15820367 -0.90451803 0  -0.47967265 0.85110277 0 
51.3 0.5481961 0.055941372 0  -0.15185443 -0.95434392 0  -0.39535167 0.89840255 0 
51.4 0.44910392 0.057216548 0  -0.14211333 -0.99587174 0  -0.30600059 0.93865519 0 
51.5 0.34186182 0.05818249 0  -0.12924761 -1.0287615 0  -0.21162421 0.97057904 0 
51.6 0.22730307 0.060138099 0  -0.11366177 -1.0526069 0  -0.1126513 0.99246883 0 
51.7 0.10719741 0.064550955 0  -0.095923285 -1.0669988 0  -0.010284121 1.0024478 0 
51.8 -0.015572729 0.072537831 0  -0.076759112 -1.0716191 0  0.093321841 0.99908123 0 
51.9 -0.13743225 0.084227407 0  -0.056997546 -1.0663321 0  0.1954198 0.98210469 0 
52 -0.25506766 0.098591386 0  -0.037464049 -1.0512197 0  0.29352171 0.95262831 0 
52.1 -0.36618995 0.11395515 0  -0.018880836 -1.0265358 0  0.38606079 0.91258069 0 
52.2 -0.46962055 0.12867145 0  -0.0018145898 -0.99261543 0  0.47242514 0.86394397 0 
52.3 -0.56494331 0.14147879 0  0.013326474 -0.94978826 0  0.55260683 0.80830947 0 
52.4 -0.65212585 0.15154334 0  0.026271875 -0.89832335 0  0.62684398 0.74678001 0 
52.5 -0.73126889 0.15836772 0  0.036867824 -0.83840233 0  0.69539107 0.68003461 0 
52.6 -0.80247218 0.16168703 0  0.045068385 -0.77011338 0  0.75839379 0.60842636 0 
52.7 -0.86576983 0.16139237 0  0.050944896 -0.69346063 0  0.81581494 0.53206826 0 
52.8 -0.92110083 0.15748624 0  0.054717986 -0.60839201 0  0.86737284 0.45090577 0 
52.9 -0.96829701 0.15006451 0  0.056815671 -0.51485937 0  0.91247134 0.36479486 0 
53 -1.0070836 0.13932023 0  0.057953878 -0.41293941 0  0.95011968 0.27361918 0 
53.1 -1.0370953 0.1255644 0  0.059208204 -0.30305664 0  0.97887707 0.17749223 0 
53.2 -1.0579185 0.10925534 0  0.06198138 -0.18632786 0  0.99692708 0.077072525 0 
53.3 -1.0691665 0.091017672 0  0.067703665 -0.064915023 0  1.0024528 -0.026102649 0 
53.4 -1.0705782 0.071621775 0  0.077217975 0.057966759 0  0.99435021 -0.12958853 0 
53.5 -1.0620958 0.051906084 0  0.090232154 0.17870656 0  0.97285368 -0.23061264 0 
53.6 -1.0438714 0.032667534 0  0.10540552 0.29428617 0  0.93945592 -0.3269537 0 
53.7 -1.0161995 0.014574881 0  0.12099784 0.4028248 0  0.89619167 -0.41739969 0 
53.8 -0.97942257 -0.0018643077 0  0.13546653 0.50346118 0  0.84494604 -0.50159687 0 
53.9 -0.93385467 -0.016294968 0  0.14769857 0.59595664 0  0.78714609 -0.57966167 0 
54 -0.87973683 -0.028491494 0  0.15698578 0.68035348 0  0.72374105 -0.65186199 0 
54.1 -0.81721865 -0.038339834 0  0.16291952 0.75676932 0  0.65528913 -0.71842949 0 
54.2 -0.74635784 -0.045834236 0  0.16529366 0.82529219 0  0.58205418 -0.77945795 0 
54.3 -0.66713505 -0.051093594 0  0.16403896 0.88593129 0  0.50408609 -0.8348377 0 
54.4 -0.57949012 -0.05440149 0  0.15918781 0.93859501 0  0.42129231 -0.88419352 0 
54.5 -0.4833978 -0.056272168 0  0.1508638 0.98308336 0  0.333524 -0.92681119 0 
54.6 -0.37901632 -0.0575329 0  0.13929141 1.0190928 0  0.24071492 -0.9615599 0 
54.7 -0.26694925 -0.059375374 0  0.12482062 1.0462393 0  0.14311864 -0.98686388 0 
54.8 -0.14861323 -0.063255156 0  0.10795561 1.0641096 0  0.041647621 -1.0008544 0 
54.9 -0.026526273 -0.07048237 0  0.089364769 1.0723462 0  -0.061848496 -1.0018638 0 
55 0.095881154 -0.081567361 0  0.06984334 1.0707443 0  -0.16473449 -0.9891769 0 
55.1 0.21509891 -0.095832175 0  0.05022206 1.059311 0  -0.26433097 -0.96347878 0 
55.2 0.32845421 -0.11172431 0  0.031260066 1.038247 0  -0.35872427 -0.92652271 0 
55.3 0.43442872 -0.12751278 0  0.013574229 1.0078662 0  -0.44701295 -0.8803534 0 
55.4 0.5324044 -0.14177648 0  -0.0023785193 0.96850379 0  -0.52903588 -0.82672731 0 
55.5 0.62226318 -0.15353425 0  -0.016285807 0.92045074 0  -0.60498738 -0.76691649 0 
55.6 0.70408904 -0.16217955 0  -0.02795722 0.86391794 0  -0.67514182 -0.70173839 0 
55.7 0.77799983 -0.16737239 0  -0.037310345 0.79902416 0  -0.73969949 -0.63165177 0 
55.8 0.84406418 -0.16895112 0  -0.044372895 0.72579988 0  -0.79870128 -0.55684876 0 
55.9 0.90226297 -0.16687664 0  -0.049305367 0.64420724 0  -0.8519676 -0.4773306 0 
56 0.95247251 -0.16120503 0  -0.0524481 0.55418494 0  -0.89903441 -0.39297991 0 
56.1 0.99446034 -0.15208352 0  -0.054393117 0.4557405 0  -0.93907722 -0.30365698 0 
56.2 1.027894 -0.1397652 0  -0.056063972 0.34912685 0  -0.97084001 -0.20936165 0 
56.3 1.0523705 -0.12463659 0  -0.058738745 0.23513861 0  -0.99264171 -0.11050202 0 
56.4 1.0674769 -0.10724451 0  -0.063875124 0.1154857 0  -1.0026118 -0.0082411907 0 
56.5 1.0728821 -0.088296311 0  -0.072608366 -0.0070108922 0  -0.99928378 0.095307203 0 
56.6 1.0684294 -0.068607153 0  -0.085109798 -0.1288003 0  -0.9823296 0.19740746 0 
56.7 1.0541771 -0.048999241 0  -0.10038273 -0.2465389 0  -0.95280435 0.29553814 0 
56.8 1.03036 -0.030200135 0  -0.11674707 -0.35788146 0  -0.91262289 0.38808159 0 
56.9 0.9973009 -0.012786358 0  -0.13252249 -0.46160313 0  -0.86378841 0.47438949 0 
57 0.95532433 0.0028231221 0  -0.14640898 -0.55726353 0  -0.80792536 0.55444041 0 
57.1 0.90469862 0.016347797 0  -0.15754091 -0.64482301 0  -0.74616771 0.62847522 0 
57.2 0.84560771 0.027624601 0  -0.16539796 -0.72438437 0  -0.67921976 0.69675976 0 
57.3 0.77814367 0.036598097 0  -0.16969882 -0.79605366 0  -0.60745484 0.75945556 0 
57.4 0.7023148 0.043328136 0  -0.17032194 -0.85987303 0  -0.53100285 0.81654489 0 
57.5 0.61807161 0.048019323 0  -0.16725824 -0.91578982 0  -0.44982337 0.86777049 0 
57.6 0.52536335 0.051075802 0  -0.16059112 -0.96364371 0  -0.36378223 0.91256791 0 
57.7 0.42425193 0.053178655 0  -0.15049856 -1.0031659 0  -0.27276337 0.94998722 0 
57.8 0.31512361 0.055358478 0  -0.13727283 -1.033993 0  -0.17686078 0.97863448 0 
57.9 0.19902204 0.058975528 0  -0.12135028 -1.0557054 0  -0.076681762 0.99672987 0 
58 0.078007796 0.065449646 0  -0.1033337 -1.0678993 0  0.026315903 1.0024496 0 
58.1 -0.044787121 0.075670131 0  -0.083978372 -1.0702842 0  0.12975549 0.99461411 0 
58.2 -0.16575593 0.08942336 0  -0.064121051 -1.0627669 0  0.23086698 0.97334354 0 
58.3 -0.2818035 0.10541706 0  -0.044571412 -1.0454676 0  0.32736492 0.94005054 0 
58.4 -0.39094994 0.12190294 0  -0.026019965 -1.0186603 0  0.41795991 0.89675732 0 
58.5 -0.49226048 0.13729799 0  -0.0089981492 -0.98267874 0  0.50224862 0.84538074 0 
58.6 -0.58545667 0.15044643 0  0.0061171839 -0.9378372 0  0.58032949 0.78739077 0 
58.7 -0.67056411 0.16060777 0  0.019081847 -0.88438195 0  0.65247227 0.72377418 0 
58.8 -0.74769573 0.16735233 0  0.029765715 -0.82247039 0  0.71892002 0.65511806 0 
58.9 -0.81694024 0.17046099 0  0.038147943 -0.75216895 0  0.77978229 0.58170796 0 
59 -0.87830939 0.16985617 0  0.044331328 -0.67346659 0  0.83496806 0.50361043 0 
59.1 -0.93171432 0.16556405 0  0.048580002 -0.58630946 0  0.88412431 0.42074541 0 
59.2 -0.97695688 0.15770243 0  0.051382906 -0.49067361 0  0.92656397 0.33297118 0 
59.3 -1.0137334 0.14648924 0  0.05353474 -0.38670813 0  0.96118867 0.24021889 0 
59.4 -1.0416561 0.13226696 0  0.056190514 -0.27498937 0  0.9864556 0.14272241 0 
59.5 -1.0603028 0.11553224 0  0.060778228 -0.15688415 0  1.0005146 0.041351907 0 
59.6 -1.0693005 0.096948763 0  0.068611227 -0.034851234 0  1.0016793 -0.062097529 0 
59.7 -1.0684244 0.077313761 0  0.080241295 0.087710385 0  0.9891731 -0.16502415 0 
59.8 -1.0576626 0.057468638 0  0.095041196 0.20726578 0  0.96361142 -0.26473442 0 
59.9 -1.0372032 0.038189701 0  0.11148156 0.32107898 0  0.92671164 -0.35926868 0 
60 -1.0073555 0.020112854 0  0.12782326 0.42757026 0  0.88052228 -0.44768311 0 
60.1 -0.96845737 0.0037122141 0  0.14262485 0.52608198 0  0.82682252 -0.52979419 0 
60.2 -0.92080582 -0.010685911 0  0.15488722 0.6164764 0  0.7669086 -0.60579049 0 
60.3 -0.86461983 -0.022880239 0  0.16399257 0.69882973 0  0.70161726 -0.67594949 0 
60.4 -0.80002674 -0.032779693 0  0.16959537 0.77325781 0  0.63142137 -0.74047812 0 
60.5 -0.72706554 -0.040404516 0  0.17153214 0.83982974 0  0.5565234 -0.79942522 0 
60.6 -0.64570642 -0.045907869 0  0.16976393 0.89852776 0  0.47693249 -0.8526199 0 
60.7 -0.55589527 -0.049621799 0  0.16434791 0.94922982 0  0.39253737 -0.89960802 0 
60.8 -0.45764478 -0.052128044 0  0.15543255 0.99170503 0  0.30320223 -0.93957699 0 
60.9 -0.35120874 -0.054337447 0  0.14327195 1.0256223 0  0.20892679 -0.97128484 0 
61 -0.23737508 -0.057514724 0  0.12825318 1.0505794 0  0.1101119 -0.99306471 0 
61.1 -0.11783771 -0.063109519 0  0.11092324 1.0661635 0  0.0079044634 -1.003054 0 
61.2 0.0046020756 -0.072262727 0  0.091989928 1.0720422 0  -0.095602003 -0.99977944 0 
61.3 0.12640286 -0.085165587 0  0.072269902 1.0680566 0  -0.19768276 -0.982891 0 
61.4 0.24421226 -0.1008427 0  0.052588238 1.0542638 0  -0.2958105 -0.95342107 0 
61.5 0.35566633 -0.117624 0  0.033676099 1.0308986 0  -0.38835243 -0.9132746 0 
61.6 0.45952428 -0.13382806 0  0.016113356 0.99828585 0  -0.47464763 -0.8644578 0 
61.7 0.55533756 -0.14814914 0  0.00032146488 0.95675307 0  -0.55466903 -0.80860393 0 
61.8 0.64306496 -0.159716 0  -0.013417473 0.9065724 0  -0.62865748 -0.74685639 0 
61.9 0.72281158 -0.1680041 0  -0.024939374 0.84793179 0  -0.6968822 -0.67992769 0 
62 0.79468801 -0.1727291 0  -0.034187825 0.78092725 0  -0.75951018 -0.60819815 0 
62.1 0.85874216 -0.17376687 0  -0.041221024 0.70557057 0  -0.81653114 -0.53180371 0 
62.2 0.91492809 -0.17110552 0  -0.046240248 0.62181457 0  -0.86769784 -0.45070905 0 
62.3 0.96309284 -0.16482461 0  -0.049643346 0.52960784 0  -0.9124595 -0.36478322 0 
62.4 1.0029753 -0.15509638 0  -0.052101016 0.42900518 0  -0.94988426 -0.2739088 0 
62.5 1.0342192 -0.14220463 0  -0.054630092 0.32037343 0  -0.97859907 -0.17816881 0 
62.6 1.0564097 -0.12657409 0  -0.058580064 0.20471821 0  -0.99683967 -0.078144115 0 
62.7 1.0691432 -0.10879355 0  -0.065377616 0.084045564 0  -1.0027756 0.024747981 0 
62.8 1.072123 -0.089604561 0  -0.075948785 -0.038560241 0  -0.99518418 0.1281648 0 
62.9 1.0652442 -0.069834165 0  -0.090132699 -0.15950028 0  -0.97412153 0.22933444 0 
63 1.0486147 -0.050288266 0  -0.10666993 -0.27564323 0  -0.94095478 0.32593149 0 
63.1 1.0224984 -0.031658477 0  -0.12380813 -0.38495994 0  -0.89770024 0.41661842 0 
63.2 0.98722327 -0.01447967 0  -0.1399371 -0.48648081 0  -0.84629616 0.50096048 0 
63.3 0.94310124 0.00086744867 0  -0.1538697 -0.57991237 0  -0.78824153 0.57904492 0 
63.4 0.89037851 0.014135081 0  -0.16483929 -0.66527896 0  -0.72454922 0.65114388 0 
63.5 0.82921353 0.025189487 0  -0.17239651 -0.74269956 0  -0.65582702 0.71751007 0 
63.6 0.75967381 0.034005348 0  -0.17630727 -0.81227228 0  -0.58237654 0.77826693 0 
63.7 0.68174811 0.040678754 0  -0.17648148 -0.87401969 0  -0.50427664 0.83334094 0 
63.8 0.59537884 0.045463009 0  -0.17293316 -0.92786413 0  -0.42145568 0.88240112 0 
63.9 0.50053049 0.04883 0  -0.16576645 -0.97361818 0  -0.33377404 0.92478818 0 
64 0.39732548 0.051550382 0  -0.15518258 -1.0109871 0  -0.2411529 0.95943668 0 
64.1 0.28628837 0.054752966 0  -0.14150324 -1.0395875 0  -0.14379513 0.98483456 0 
64.2 0.16870471 0.059854266 0  -0.12520099 -1.0589939 0  -0.042513723 0.99913965 0 
64.3 0.046942978 0.068196712 0  -0.10691581 -1.0688184 0  0.060962835 1.0006216 0 
64.4 -0.075643473 0.080405557 0  -0.087428188 -1.0688102 0  0.16406166 0.98840465 0 
64.5 -0.19548086 0.095924773 0  -0.067575109 -1.0589271 0  0.26404597 0.96300237 0 
64.6 -0.30973923 0.11324078 0  -0.048140459 -1.0393311 0  0.35886969 0.92609032 0 
64.7 -0.4167517 0.13057581 0  -0.029774385 -1.0103148 0  0.44751609 0.87973896 0 
64.8 -0.51580997 0.14643113 0  -0.012966427 -0.97220831 0  0.5297664 0.82577718 0 
64.9 -0.60675722 0.15975765 0  0.0019434108 -0.92530746 0  0.60580381 0.76554981 0 
65 -0.68966822 0.16990194 0  0.014742424 -0.86983318 0  0.6759158 0.69993124 0 
65.1 -0.76466509 0.17649477 0  0.025329681 -0.80591616 0  0.74032541 0.62942139 0 
65.2 -0.83182561 0.17935666 0  0.033715835 -0.73359875 0  0.79909978 0.55424209 0 
65.3 -0.89114083 0.17843657 0  0.040043044 -0.65285318 0  0.85208779 0.47441661 0 
65.4 -0.94249642 0.1737808 0  0.044628947 -0.56362398 0  0.89885748 0.38984319 0 
65.5 -0.98566721 0.16552632 0  0.04803559 -0.46591565 0  0.93862162 0.30038934 0 
65.6 -1.0203244 0.15391388 0  0.051148694 -0.35996133 0  0.97016569 0.20604745 0 
65.7 -1.0460626 0.13931529 0  0.055207802 -0.24650978 0  0.99184484 0.1071945 0 
65.8 -1.0624579 0.12226214 0  0.06165185 -0.12719918 0  1.0017961 0.0049370453 0 
65.9 -1.069158 0.10345078 0  0.071641143 -0.0047817535 0  0.99850685 -0.09866903 0 
66 -1.0659786 0.083695344 0  0.085407844 0.11720569 0  0.98156074 -0.20090104 0 
66.1 -1.0529525 0.063829016 0  0.10200191 0.23536123 0  0.95194055 -0.29919024 0 
66.2 -1.0302977 0.044598659 0  0.11974082 0.34725236 0  0.91154685 -0.39185102 0 
66.3 -0.99833107 0.026602128 0  0.13690735 0.45158722 0  0.86241372 -0.47818935 0 
66.4 -0.9573794 0.010277343 0  0.15215981 0.54789181 0  0.80620959 -0.55816915 0 
66.5 -0.90771826 -0.0040800573 0  0.16460135 0.63611668 0  0.74410691 -0.63203663 0 
66.6 -0.84954136 -0.0162952 0  0.17369221 0.716367 0  0.67683915 -0.7000718 0 
66.7 -0.78295157 -0.026302765 0  0.17913993 0.78875626 0  0.60480165 -0.76245349 0 
66.8 -0.70796815 -0.03415276 0  0.18081621 0.85333584 0  0.52814194 -0.81918308 0 
66.9 -0.62455162 -0.040037546 0  0.17870679 0.91006279 0  0.44683483 -0.87002524 0 
67 -0.53265789 -0.04434354 0  0.1728892 0.95878635 0  0.36075869 -0.91444281 0 
67.1 -0.43234714 -0.047725351 0  0.16353317 0.99924641 0  0.26980397 -0.95152106 0 
67.2 -0.32398619 -0.05117746 0  0.15091912 1.0310861 0  0.17405707 -0.97990865 0 
67.3 -0.20857019 -0.056022217 0  0.13546765 1.0538876 0  0.074092542 -0.99786536 0 
67.4 -0.088081481 -0.063662478 0  0.11776363 1.0672405 0  -0.028692153 -1.0035781 0 
67.5 0.034424555 -0.075016061 0  0.098546997 1.0708385 0  -0.13198155 -0.9958224 0 
67.6 0.15536418 -0.089931874 0  0.07864743 1.064565 0  -0.23302161 -0.9746331 0 
67.7 0.2715979 -0.10716436 0  0.058878208 1.0485178 0  -0.32948611 -0.94135341 0 
67.8 0.3810753 -0.12496633 0  0.039941253 1.0229549 0  -0.42002655 -0.89798859 0 
67.9 0.4828069 -0.14172449 0  0.022382268 0.98820318 0  -0.50419917 -0.84647869 0 
68 0.57648649 -0.15624639 0  0.0065917495 0.94457677 0  -0.58208824 -0.78833037 0 
68.1 0.66213185 -0.16776146 0  -0.0071741634 0.89232674 0  -0.65396769 -0.72456528 0 
68.2 0.73985938 -0.17581832 0  -0.018774451 0.83161794 0  -0.72009493 -0.65579962 0 
68.3 0.80976691 -0.1801822 0  -0.028176721 0.76252531 0  -0.78060019 -0.58234311 0 
68.4 0.87187819 -0.18076282 0  -0.035468939 0.68504564 0  -0.83541925 -0.50428282 0 
68.5 0.92611766 -0.17757379 0  -0.04089348 0.59912914 0  -0.88423418 -0.42155535 0 
68.6 0.97230075 -0.1707179 0  -0.044906167 0.50474599 0  -0.92640458 -0.33402809 0 
68.7 1.0101356 -0.16039343 0  -0.048254115 0.40201775 0  -0.96089152 -0.24162432 0 
68.8 1.0392413 -0.146917 0  -0.052035204 0.29145378 0  -0.98621612 -0.14453678 0 
68.9 1.059192 -0.13075386 0  -0.057635694 0.17430082 0  -1.0005663 -0.043546955 0 
69 1.069595 -0.1125357 0  -0.066388429 0.052866043 0  -1.0022166 0.059669655 0 
69.1 1.07019 -0.09303663 0  -0.078947876 -0.069554213 0  -0.99025211 0.16259084 0 
69.2 1.0609214 -0.073092426 0  -0.094813127 -0.18940099 0  -0.96511831 0.26249342 0 
69.3 1.0419396 -0.053491674 0  -0.11251356 -0.30381164 0  -0.92843601 0.35730331 0 
69.4 1.0135299 -0.034893071 0  -0.13028266 -0.4110696 0  -0.88225724 0.44596267 0 
69.5 0.97602052 -0.017795735 0  -0.14661099 -0.51042708 0  -0.82841953 0.52822282 0 
69.6 0.92970893 -0.0025486241 0  -0.1604324 -0.60170467 0  -0.76828653 0.6042533 0 
69.7 0.8748201 0.010627523 0  -0.17107825 -0.68496755 0  -0.70275185 0.67434003 0 
69.8 0.81148974 0.021624077 0  -0.17816791 -0.76033599 0  -0.63233183 0.73871191 0 
69.9 0.73976516 0.030443202 0  -0.18151348 -0.82789025 0  -0.55726168 0.79744705 0 
70 0.65962207 0.037216237 0  -0.18105712 -0.8876262 0  -0.47757495 0.85040996 0 
70.1 0.57100472 0.04224578 0  -0.17683856 -0.93943553 0  -0.39317617 0.89718975 0 
70.2 0.47390899 0.046072853 0  -0.1689871 -0.98309941 0  -0.30393189 0.93702656 0 
70.3 0.36854348 0.049556567 0  -0.15773358 -1.0182944 0  -0.2098199 0.96873784 0 
70.4 0.25560724 0.053911541 0  -0.14343711 -1.0446175 0  -0.11118013 0.99070596 0 
70.5 0.13666215 0.060573118 0  -0.12661453 -1.0616411 0  -0.0090576195 1.001068 0 
70.6 0.014383279 0.070743335 0  -0.10794862 -1.0690012 0  0.094555341 0.9982579 0 
70.7 -0.10771907 0.084735827 0  -0.088245868 -1.0664954 0  0.19695493 0.98175957 0 
70.8 -0.22619398 0.10167113 0  -0.068340766 -1.0541368 0  0.29552474 0.95246566 0 
70.9 -0.33852211 0.11988389 0  -0.048988761 -1.0321289 0  0.38850087 0.91224498 0 
71 -0.44333886 0.13762923 0  -0.030799239 -1.0007812 0  0.4751281 0.86315193 0 
71.1 -0.54013022 0.15352402 0  -0.014221059 -0.96041895 0  0.55534128 0.80689494 0 
71.2 -0.62883232 0.1666355 0  0.0004411843 -0.91131979 0  0.62938114 0.74468429 0 
71.3 -0.70954997 0.17639824 0  0.01300554 -0.85368057 0  0.69753443 0.67728233 0 
71.4 -0.78240257 0.1825026 0  0.023400728 -0.78760721 0  0.75999184 0.6051046 0 
71.5 -0.84744962 0.18480845 0  0.031670918 -0.71312074 0  0.8167687 0.52831228 0 
71.6 -0.90465668 0.18329237 0  0.038001695 -0.63018084 0  0.86764499 0.44688846 0 
71.7 -0.95388099 0.17802348 0  0.042770838 -0.5387379 0  0.91210015 0.36071443 0 
71.8 -0.994869 0.16916236 0  0.046622357 -0.43883862 0  0.94923664 0.26967627 0 
71.9 -1.0272679 0.15697867 0  0.050540703 -0.33082407 0  0.97771717 0.1738454 0 
72 -1.0506595 0.14188064 0  0.055846704 -0.21564959 0  0.99580278 0.073768958 0 
72.1 -1.0646273 0.12444069 0  0.06396273 -0.095253398 0  1.0016545 -0.029187296 0 
72.2 -1.0688522 0.10538948 0  0.07585022 0.027330222 0  0.99399201 -0.13271971 0 
72.3 -1.0632024 0.085553684 0  0.09140133 0.14849089 0  0.97279106 -0.23404457 0 
72.4 -1.0477616 0.065750173 0  0.10937921 0.26502797 0  0.93937241 -0.33077814 0 
72.5 -1.0227792 0.046688317 0  0.12800768 0.37483475 0  0.89576153 -0.42152306 0 
72.6 -0.9885783 0.028921718 0  0.14563086 0.47689208 0  0.84393744 -0.5058138 0 
72.7 -0.94547293 0.012847292 0  0.16101991 0.57088707 0  0.78544302 -0.58373436 0 
72.8 -0.8937157 -0.0012743544 0  0.17337944 0.65684281 0  0.72132625 -0.65556846 0 
72.9 -0.83347358 -0.013299385 0  0.18224276 0.7348852 0  0.65222083 -0.72158582 0 
73 -0.76482365 -0.023193667 0  0.18736556 0.80512215 0  0.57844809 -0.78192848 0 
73.1 -0.68776442 -0.031043793 0  0.188651 0.86758666 0  0.50010343 -0.83654287 0 
73.2 -0.60224693 -0.037090263 0  0.18610696 0.92221138 0  0.41712997 -0.88512111 0 
73.3 -0.50824034 -0.041785482 0  0.17983005 0.96881861 0  0.32940029 -0.92703313 0 
73.4 -0.40586175 -0.045870589 0  0.17001098 1.0071218 0  0.23684077 -0.96125125 0 
73.5 -0.29560994 -0.050434925 0  0.15695685 1.0367429 0  0.13964309 -0.986308 0 
73.6 -0.17871336 -0.056856427 0  0.14112172 1.0572551 0  0.038581638 -1.0003987 0 
73.7 -0.057457332 -0.066465541 0  0.12312599 1.0682599 0  -0.064678663 -1.0017944 0 
73.8 0.064874142 -0.079922081 0  0.1037351 1.0694857 0  -0.16761925 -0.98956361 0 
73.9 0.18471395 -0.096728209 0  0.083781307 1.0608635 0  -0.26750526 -0.96413529 0 
74 0.29917776 -0.11540216 0  0.06405515 1.042531 0  -0.36224291 -0.92712882 0 
74.1 0.40653024 -0.13415419 0  0.045220816 1.0147649 0  -0.45076106 -0.88061071 0 
74.2 0.5060154 -0.15145038 0  0.027784032 0.97788881 0  -0.53280943 -0.82643843 0 
74.3 0.59745404 -0.1662057 0  0.012099992 0.9321991 0  -0.60856403 -0.7659934 0 
74.4 0.68091578 -0.17773904 0  -0.0016051159 0.87792208 0  -0.67832066 -0.70018304 0 
74.5 0.7565268 -0.18566182 0  -0.013217675 0.81519649 0  -0.74231912 -0.62953467 0 
74.6 0.82437354 -0.18978054 0  -0.02273446 0.74407383 0  -0.80064909 -0.55429328 0 
74.7 0.88445798 -0.19003244 0  -0.030279577 0.6645346 0  -0.8531884 -0.47450216 0 
74.8 0.93667768 -0.18645163 0  -0.036144391 0.57652717 0  -0.89954329 -0.39007554 0 
74.9 0.98081914 -0.17916003 0  -0.040851779 0.48004814 0  -0.93897736 -0.30088811 0 
75 1.0165628 -0.16837839 0  -0.045233069 0.37529768 0  -0.97033977 -0.20691929 0 
75.1 1.0435065 -0.15445252 0  -0.0504665 0.26294785 0  -0.99205004 -0.10849533 0 
75.2 1.0612175 -0.13788353 0  -0.057953885 0.14450693 0  -1.0022737 -0.0066234044 0 
75.3 1.0693185 -0.11933902 0  -0.068889536 0.022578849 0  -0.999439 0.096760175 0 
75.4 1.0675858 -0.099615974 0  -0.083617574 -0.099377561 0  -0.98297821 0.19899354 0 
75.5 1.0560084 -0.079548971 0  -0.10130281 -0.21790829 0  -0.95371563 0.29745726 0 
75.6 1.0347697 -0.059902803 0  -0.12030072 -0.33044661 0  -0.913479 0.39034942 0 
75.7 1.0041667 -0.041301409 0  -0.13885659 -0.43557399 0  -0.86432015 0.4768754 0 
75.8 0.96452003 -0.024209298 0  -0.15556345 -0.53273849 0  -0.80796658 0.55694779 0 
75.9 0.91610806 -0.0089456659 0  -0.16946543 -0.62185607 0  -0.74565263 0.63080174 0 
76 0.8591322 0.0042942831 0  -0.17997982 -0.70302305 0  -0.67816238 0.69872876 0 
76.1 0.7937048 0.015426501 0  -0.18678521 -0.77635681 0  -0.60592958 0.76093031 0 
76.2 0.71985408 0.024481298 0  -0.18973333 -0.84191809 0  -0.52913075 0.81743679 0 
76.3 0.63754614 0.031627088 0  -0.18879426 -0.89967518 0  -0.44776189 0.8680481 0 
76.4 0.54673435 0.037218338 0  -0.18403067 -0.94948852 0  -0.36171368 0.91227019 0 
76.5 0.44745962 0.041866796 0  -0.17559547 -0.99110724 0  -0.27087416 0.94924044 0 
76.6 0.34003939 0.046515528 0  -0.16374842 -1.0241791 0  -0.17530097 0.97766353 0 
76.7 0.22537638 0.052443546 0  -0.14888561 -1.048282 0  -0.075500767 0.99583842 0 
76.8 0.10532675 0.061054854 0  -0.13156688 -1.0629882 0  0.027230123 1.0019334 0 
76.9 -0.017155353 0.073343107 0  -0.11251407 -1.0679593 0  0.13065942 0.9946162 0 
77 -0.1384829 0.089274635 0  -0.092553985 -1.0630383 0  0.23202688 0.97376371 0 
77.1 -0.25540311 0.10767629 0  -0.072514224 -1.0482863 0  0.32890734 0.94061 0 
77.2 -0.36572377 0.1267883 0  -0.053122061 -1.0239376 0  0.41983583 0.89714933 0 
77.3 -0.46835447 0.14493482 0  -0.034950828 -0.99030993 0  0.5042953 0.84537511 0 
77.4 -0.56293996 0.16085727 0  -0.018415367 -0.94771874 0  0.58234533 0.78686147 0 
77.5 -0.64948334 0.1737356 0  -0.0037912959 -0.89642205 0  0.65426464 0.72268645 0 
77.6 -0.72810312 0.18308667 0  0.0087650209 -0.83659393 0  0.7203281 0.65350726 0 
77.7 -0.7989059 0.18865644 0  0.019208333 -0.76831875 0  0.78068756 0.57966232 0 
77.8 -0.86192597 0.19034245 0  0.027614267 -0.69160154 0  0.8353017 0.50125909 0 
77.9 -0.91709811 0.18814934 0  0.034211195 -0.60639789 0  0.88387691 0.41824855 0 
78 -0.96424669 0.18217129 0  0.039437112 -0.51267773 0  0.92579958 0.33050645 0 
78.1 -1.0030865 0.17259661 0  0.04401627 -0.41055202 0  0.96006026 0.23795541 0 
78.2 -1.0332393 0.15972958 0  0.049021332 -0.30050238 0  0.98520793 0.1407728 0 
78.3 -1.0542754 0.14402125 0  0.055822047 -0.18372727 0  0.99944336 0.039706018 0 
78.4 -1.0657906 0.12609002 0  0.065761653 -0.062477994 0  1.001019 -0.063612024 0 
78.5 -1.0675051 0.10670222 0  0.079536585 0.05997631 0  0.98895847 -0.16667853 0 
78.6 -1.0593417 0.086695078 0  0.096688633 0.18004632 0  0.96364304 -0.2667414 0 
78.7 -1.0414332 0.066867178 0  0.11575241 0.2948013 0  0.92667084 -0.36166848 0 
78.8 -1.0140559 0.047891334 0  0.13492919 0.40246404 0  0.88011668 -0.45035537 0 
78.9 -0.97753563 0.030280484 0  0.15266626 0.50225503 0  0.82585937 -0.53253551 0 
79 -0.93217298 0.014394894 0  0.16786201 0.59398719 0  0.76530098 -0.60838209 0 
79.1 -0.87819865 0.00046384388 0  0.17982441 0.67773083 0  0.69936424 -0.67819468 0 
79.2 -0.8157554 -0.011397449 0  0.18815867 0.75361643 0  0.62858672 -0.74221898 0 
79.3 -0.7448981 -0.021185173 0  0.19266804 0.8217359 0  0.55322006 -0.80055073 0 
79.4 -0.6656097 -0.029023468 0  0.19328791 0.88209691 0  0.47331179 -0.85307344 0 
79.5 -0.57783972 -0.035204026 0  0.19005098 0.93460262 0  0.38877874 -0.8993986 0 
79.6 -0.48158399 -0.040250201 0  0.18307741 0.97904494 0  0.29949657 -0.93879474 0 
79.7 -0.37703894 -0.044994228 0  0.17258534 1.0151094 0  0.2054436 -0.97011521 0 
79.8 -0.26486889 -0.050617014 0  0.15891661 1.0423983 0  0.10694227 -0.99178127 0 
79.9 -0.14657123 -0.058527525 0  0.14256706 1.0604818 0  0.0049941746 -1.0019543 0 
80 -0.024741461 -0.069933523 0  0.12419817 1.0689838 0  -0.098466714 -0.99905028 0 
80.1 0.097159281 -0.085194034 0  0.10460107 1.0676793 0  -0.20077035 -0.98248529 0 
80.2 0.21566308 -0.1034789 0  0.084605782 1.056555 0  -0.29927886 -0.9530761 0 
80.3 0.32818825 -0.12313348 0  0.06497401 1.0357914 0  -0.39217226 -0.91265791 0 
80.4 0.43330977 -0.14238434 0  0.046327575 1.0056836 0  -0.47864734 -0.86329922 0 
80.5 0.53047846 -0.15980606 0  0.029129248 0.96655087 0  -0.55861771 -0.80674481 0 
80.6 0.61961827 -0.17442847 0  0.01369655 0.91867124 0  -0.63232482 -0.74424277 0 
80.7 0.70083549 -0.18565867 0  0.00022307957 0.862246 0  -0.70006857 -0.67658733 0 
80.8 0.7742578 -0.19316767 0  -0.011208392 0.79738778 0  -0.7620594 -0.60422011 0 
80.9 0.83995606 -0.19680072 0  -0.020628563 0.72412494 0  -0.8183375 -0.52732422 0 
81 0.8979086 -0.19652127 0  -0.028204399 0.64242288 0  -0.8687142 -0.4459016 0 
81.1 0.94798567 -0.19238407 0  -0.034285647 0.55223173 0  -0.91271002 -0.35984766 0 
81.2 0.98994569 -0.18453167 0  -0.039474435 0.45358332 0  -0.94948126 -0.26905165 0 
81.3 1.0234441 -0.17321008 0  -0.044698887 0.34677426 0  -0.97775524 -0.17356418 0 
81.4 1.0480629 -0.15879767 0  -0.051222219 0.23266777 0  -0.99585072 -0.073870099 0 
81.5 1.0633716 -0.14183374 0  -0.060445044 0.11306165 0  -1.0019366 0.02877209 0 
81.6 1.0690197 -0.12302026 0  -0.073384983 -0.0091464756 0  -0.99464473 0.13216673 0 
81.7 1.0648307 -0.10317007 0  -0.090051787 -0.13038734 0  -0.97378891 0.23355741 0 
81.8 1.0508433 -0.083106094 0  -0.1092998 -0.24737492 0  -0.94055352 0.33048101 0 
81.9 1.0272734 -0.063559167 0  -0.12935874 -0.35786263 0  -0.89692469 0.4214218 0 
82 0.99442649 -0.045110633 0  -0.14851676 -0.46071822 0  -0.84491973 0.50582886 0 
82.1 0.95261191 -0.028184474 0  -0.16547577 -0.5555663 0  -0.78614613 0.58375078 0 
82.2 0.90208587 -0.013065005 0  -0.17938389 -0.64240557 0  -0.72171197 0.65547057 0 
82.3 0.84302326 8.3268682e-05 0  -0.18973524 -0.72135836 0  -0.65229802 0.7212751 0 
82.4 0.77551057 0.011206686 0  -0.19625955 -0.79253857 0  -0.57826102 0.78133188 0 
82.5 0.69955494 0.02037069 0  -0.19884182 -0.85598891 0  -0.49972313 0.83561822 0 
82.6 0.61511223 0.027789522 0  -0.19747523 -0.91165261 0  -0.416647 0.88386308 0 
82.7 0.52214733 0.033880369 0  -0.1922417 -0.95936171 0  -0.32891564 0.92548134 0 
82.8 0.42075454 0.039337728 0  -0.18331482 -0.99883667 0  -0.23644972 0.95949894 0 
82.9 0.31137748 0.045197202 0  -0.17098075 -1.0297006 0  -0.13940673 0.98450341 0 
83 0.19514702 0.052796434 0  -0.15566953 -1.0515181 0  -0.038487491 0.99872166 0 
83.1 0.074226881 0.063476864 0  -0.13797885 -1.063868 0  0.064741966 1.0003912 0 
83.2 -0.048177397 0.077980139 0  -0.11866091 -1.0664428 0  0.1678283 0.9884627 0 
83.3 -0.16846701 0.095912227 0  -0.098551294 -1.0591322 0  0.26800831 0.96321996 0 
83.4 -0.28363586 0.11583751 0  -0.078460146 -1.0420395 0  0.363086 0.92620195 0 
83.5 -0.39182023 0.1359375 0  -0.059079941 -1.0154215 0  0.45189017 0.87948399 0 
83.6 -0.49218097 0.1546162 0  -0.040945128 -0.97959579 0  0.5341161 0.82497959 0 
83.7 -0.58450109 0.17073118 0  -0.024435567 -0.93486208 0  0.60992665 0.7641309 0 
83.8 -0.66883972 0.18356133 0  -0.0097971835 -0.88145489 0  0.67962691 0.69789356 0 
83.9 -0.7453253 0.19269368 0  0.00284056 -0.8195231 0  0.74347474 0.62682942 0 
84 -0.8140512 0.19792067 0  0.013460758 -0.74912853 0  0.80158045 0.55120786 0 
84.1 -0.87502741 0.19917107 0  0.022174001 -0.67026095 0  0.85384341 0.47108987 0 
84.2 -0.92815904 0.19647281 0  0.0292561 -0.58287538 0  0.89989294 0.38640258 0 
84.3 -0.97323875 0.18994163 0  0.035210203 -0.48696976 0  0.93901854 0.29702813 0 
84.4 -1.0099509 0.17979082 0  0.040842808 -0.38273544 0  0.97009807 0.20294462 0 
84.5 -1.0378933 0.16635679 0  0.047305631 -0.27081925 0  0.99157765 0.10446246 0 
84.6 -1.0566276 0.15013027 0  0.055984118 -0.15268605 0  1.0016335 0.0025557783 0 
84.7 -1.0657642 0.13177032 0  0.068082908 -0.030893339 0  0.99867127 -0.10087698 0 
84.8 -1.0650615 0.11207115 0  0.083982698 0.091115819 0  0.98206878 -0.20318697 0 
84.9 -1.0544908 0.091872726 0  0.10288032 0.20985426 0  0.95260046 -0.30172698 0 
85 -1.0342227 0.071951603 0  0.12313071 0.32269756 0  0.91208196 -0.39464917 0 
85.1 -1.0045489 0.052945668 0  0.14295215 0.42818091 0  0.86258671 -0.48112658 0 
85.2 -0.96579062 0.035332147 0  0.1609057 0.52573002 0  0.80587492 -0.56106217 0 
85.3 -0.918231 0.019440328 0  0.17601099 0.61525631 0  0.74321001 -0.63469664 0 
85.4 -0.86207797 0.0054730329 0  0.18766992 0.69686075 0  0.67539805 -0.70233378 0 
85.5 -0.79745149 -0.0064796305 0  0.19555213 0.77066904 0  0.60288935 -0.76418941 0 
85.6 -0.72438761 -0.016442113 0  0.19950381 0.83675145 0  0.5258738 -0.82030934 0 
85.7 -0.64285967 -0.02457536 0  0.19949045 0.89508621 0  0.44435922 -0.87051085 0 
85.8 -0.55282593 -0.031222345 0  0.19556932 0.94554365 0  0.35824661 -0.9143213 0 
85.9 -0.45432589 -0.03697654 0  0.18788552 0.9878824 0  0.26743037 -0.95090586 0 
86 -0.34766195 -0.042754496 0  0.17668743 1.0217582 0  0.17196452 -0.97900372 0 
86.1 -0.23369814 -0.049805146 0  0.16235546 1.0467534 0  0.072332684 -0.99694828 0 
86.2 -0.1142247 -0.059515665 0  0.14543052 1.0624378 0  -0.030215827 -1.0029222 0 
86.3 0.0078759121 -0.072898483 0  0.12661605 1.0684609 0  -0.13350197 -0.99556245 0 
86.4 0.12904859 -0.089971152 0  0.10672652 1.0646458 0  -0.23478511 -0.97467469 0 
86.5 0.24601114 -0.1096032 0  0.086586983 1.0510311 0  -0.33160812 -0.94142793 0 
86.6 0.35651117 -0.13003666 0  0.066930762 1.0278332 0  -0.42245193 -0.89779655 0 
86.7 0.4594083 -0.14956529 0  0.048341579 0.99535915 0  -0.50675988 -0.84579385 0 
86.8 0.55432165 -0.16689201 0  0.031245343 0.95392081 0  -0.58457699 -0.7870288 0 
86.9 0.6412479 -0.18116422 0  0.015927819 0.90377745 0  -0.65618572 -0.72261323 0 
87 0.7203101 -0.191875 0  0.002554725 0.84510737 0  -0.72187482 -0.65323237 0 
87.1 0.79162466 -0.19875302 0  -0.0088188725 0.77800059 0  -0.78181579 -0.57924757 0 
87.2 0.85523822 -0.20168204 0  -0.018256153 0.70246753 0  -0.83599206 -0.50078549 0 
87.3 0.91109895 -0.20065342 0  -0.0259673 0.61846629 0  -0.88414165 -0.41781287 0 
87.4 0.95904478 -0.19574617 0  -0.032362425 0.52596125 0  -0.92569235 -0.33021507 0 
87.5 0.99880256 -0.18712917 0  -0.038124923 0.42503985 0  -0.95968763 -0.23791069 0 
87.6 1.0300015 -0.17508132 0  -0.044276214 0.31612677 0  -0.98473528 -0.14104545 0 
87.7 1.0522103 -0.16002245 0  -0.052143365 0.20031561 0  -0.99907691 -0.040293163 0 
87.8 1.0650078 -0.1425378 0  -0.06307544 0.079717421 0  -1.0009423 0.062820376 0 
87.9 1.0680805 -0.12336733 0  -0.077851254 -0.042507263 0  -0.98923929 0.16587459 0 
88 1.0613077 -0.10333805 0  -0.096128643 -0.16276536 0  -0.96418907 0.26610341 0 
88.1 1.0447811 -0.083256974 0  -0.11650375 -0.27801501 0  -0.92728734 0.36127198 0 
88.2 1.0187484 -0.063817902 0  -0.13715465 -0.38634554 0  -0.88060376 0.45016345 0 
88.3 0.98352192 -0.045558706 0  -0.15646048 -0.48688503 0  -0.82607144 0.53244374 0 
88.4 0.93939917 -0.028863037 0  -0.17325033 -0.57940229 0  -0.76515885 0.60826533 0 
88.5 0.88661448 -0.013980371 0  -0.18677944 -0.66395502 0  -0.69884504 0.67793539 0 
88.6 0.82531735 -0.0010436872 0  -0.19661724 -0.74067687 0  -0.62771011 0.74172056 0 
88.7 0.75557003 0.0099259076 0  -0.20254289 -0.80966954 0  -0.55203715 0.79974363 0 
88.8 0.67736124 0.019032989 0  -0.20447416 -0.87095254 0  -0.47189708 0.85191955 0 
88.9 0.59064133 0.026544091 0  -0.20242843 -0.92444086 0  -0.3872229 0.89789677 0 
89 0.49539606 0.032948411 0  -0.19650967 -0.96993656 0  -0.29789639 0.93698815 0 
89.1 0.39179085 0.039033978 0  -0.18691674 -1.0071317 0  -0.20388411 0.96809774 0 
89.2 0.28042515 0.045934955 0  -0.17396826 -1.035628 0  -0.10546689 0.98969304 0 
89.3 0.16269381 0.055035516 0  -0.15813438 -1.0549839 0  -0.0035694331 0.9999484 0 
89.4 0.04108348 0.067575187 0  -0.14005415 -1.0647969 0  0.099960668 0.99722167 0 
89.5 -0.080988046 0.084001941 0  -0.12050789 -1.0648034 0  0.20248593 0.98080147 0 
89.6 -0.19998721 0.10356738 0  -0.10033209 -1.0549496 0  0.3013093 0.95138218 0 
89.7 -0.31320516 0.12462819 0  -0.080309568 -1.0353845 0  0.39450472 0.91075633 0 
89.8 -0.41910678 0.14536038 0  -0.061089681 -1.0063865 0  0.48118646 0.8610261 0 
89.9 -0.51708129 0.16427187 0  -0.043161791 -0.96827051 0  0.56123308 0.80399864 0 
90 -0.6070296 0.18033871 0  -0.026865728 -0.92131819 0  0.63488532 0.74097948 0 
90.1 -0.68905546 0.19293284 0  -0.012412835 -0.86573853 0  0.70245829 0.67280569 0 
90.2 -0.76329243 0.20170453 0  9.9743659e-05 -0.80165337 0  0.76418269 0.59994884 0 
90.3 -0.82981974 0.20648702 0  0.010689974 -0.72910046 0  0.82011976 0.52261344 0 
90.4 -0.88862392 0.20723613 0  0.019511708 -0.64805361 0  0.87010221 0.44081748 0 
90.5 -0.93958234 0.20400033 0  0.02689893 -0.55846885 0  0.91367341 0.35446852 0 
90.6 -0.98245868 0.19691536 0  0.033433123 -0.4603785 0  0.95001555 0.26346314 0 
90.7 -1.0169107 0.18621871 0  0.040016098 -0.35406928 0  0.97788463 0.16785057 0 
90.8 -1.0425183 0.17227842 0  0.047883214 -0.24037818 0  0.99562509 0.068099765 0 
90.9 -1.0588424 0.15562299 0  0.058418259 -0.12106078 0  1.0014142 -0.034562213 0 
91 -1.0655172 0.13694665 0  0.072647435 0.0010250827 0  0.99385976 -0.13797173 0 
91.1 -1.0623462 0.11706149 0  0.090608532 0.12231615 0  0.97272769 -0.23937763 0 
91.2 -1.0493497 0.096798138 0  0.11117334 0.23949028 0  0.93916638 -0.33628842 0 
91.3 -1.0267312 0.07690099 0  0.1325604 0.35025077 0  0.8951608 -0.42715176 0 
91.4 -0.99479134 0.057966462 0  0.15302956 0.45342961 0  0.84275178 -0.51139607 0 
91.5 -0.95384067 0.040432049 0  0.17125511 0.54863592 0  0.78357555 -0.58906797 0 
91.6 -0.90414029 0.02459297 0  0.18636605 0.63586635 0  0.71876424 -0.66045932 0 
91.7 -0.84587217 0.010622362 0  0.19784535 0.71524761 0  0.64901682 -0.72586997 0 
91.8 -0.77913108 -0.0014187126 0  0.20541672 0.78690041 0  0.57470436 -0.78548169 0 
91.9 -0.70393301 -0.011588009 0  0.20896148 0.85087512 0  0.49596153 -0.83928711 0 
92 -0.62024229 -0.020089701 0  0.20846944 0.9071229 0  0.41276285 -0.8870332 0 
92.1 -0.52802988 -0.027325733 0  0.20401788 0.95548369 0  0.325002 -0.92815795 0 
92.2 -0.42738911 -0.033967107 0  0.19577318 0.99568535 0  0.23260593 -0.96171824 0 
92.3 -0.3187471 -0.041016591 0  0.18401066 1.0273567 0  0.13572644 -0.98634008 0 
92.4 -0.20319193 -0.049776438 0  0.16914561 1.0500638 0  0.035036323 -1.0002874 0 
92.5 -0.082817318 -0.061570409 0  0.15175859 1.0633801 0  -0.067951275 -1.0018097 0 
92.6 0.039240826 -0.077162102 0  0.13258662 1.0669832 0  -0.17083744 -0.98982112 0 
92.7 0.15940706 -0.096208937 0  0.11245732 1.0607418 0  -0.27087438 -0.96453282 0 
92.8 0.27464031 -0.11731311 0  0.092182623 1.0447376 0  -0.36583294 -0.92742448 0 
92.9 0.38301912 -0.13865528 0  0.072464247 1.0192118 0  -0.45449336 -0.88055647 0 
93 0.48365927 -0.15861253 0  0.053849021 0.98447372 0  -0.53651829 -0.82586119 0 
93.1 0.57632085 -0.17601058 0  0.036729151 0.94082169 0  -0.61206 -0.76481111 0 
93.2 0.66105659 -0.19010219 0  0.021361798 0.8884931 0  -0.68142839 -0.69839091 0 
93.3 0.73799783 -0.20045548 0  0.0078870025 0.82764233 0  -0.74489484 -0.62718685 0 
93.4 0.80724567 -0.20684911 0  -0.0036669214 0.7583378 0  -0.80258875 -0.55148869 0 
93.5 0.8688202 -0.20920047 0  -0.013395983 0.68057513 0  -0.85443422 -0.47137466 0 
93.6 0.92263786 -0.20752604 0  -0.021555009 0.59431149 0  -0.90009285 -0.38678545 0 
93.7 0.96850273 -0.20192786 0  -0.028615982 0.49953721 0  -0.93889675 -0.29760935 0 
93.8 1.0061089 -0.19260117 0  -0.035341881 0.39641547 0  -0.96977705 -0.2038143 0 
93.9 1.0350592 -0.17985878 0  -0.042834364 0.2855285 0  -0.99123487 -0.10566972 0 
94 1.0549105 -0.16416293 0  -0.052446466 0.16823008 0  -1.001474 -0.0040671463 0 
94.1 1.0652536 -0.14614403 0  -0.065408467 0.046944464 0  -0.9988551 0.099199562 0 
94.2 1.0658131 -0.12657626 0  -0.082197814 -0.074965595 0  -0.98262533 0.20154186 0 
94.3 1.0565203 -0.1062957 0  -0.102119 -0.19397745 0  -0.95341131 0.30027315 0 
94.4 1.0375111 -0.086091097 0  -0.12356745 -0.30734704 0  -0.91295368 0.39343814 0 
94.5 1.0090557 -0.066621735 0  -0.14472714 -0.4134895 0  -0.86333853 0.48011124 0 
94.6 0.97146622 -0.048387963 0  -0.16409412 -0.51175524 0  -0.8063821 0.5601432 0 
94.7 0.92502565 -0.03173991 0  -0.18062773 -0.60202277 0  -0.74340792 0.63376268 0 
94.8 0.8699466 -0.016898193 0  -0.19368577 -0.68438569 0  -0.67527083 0.70128389 0 
94.9 0.8063556 -0.0039687514 0  -0.20290827 -0.7589746 0  -0.60245733 0.76294336 0 
95 0.73429507 0.0070570248 0  -0.20812132 -0.82586964 0  -0.52518376 0.81881261 0 
95.1 0.65374213 0.016321689 0  -0.20927522 -0.88506032 0  -0.44347691 0.86873863 0 
95.2 0.56465261 0.024144366 0  -0.20641338 -0.93642799 0  -0.35724923 0.91228363 0 
95.3 0.46705115 0.031086813 0  -0.19966573 -0.97974044 0  -0.26639543 0.94865363 0 
95.4 0.36120283 0.038027122 0  -0.18926232 -1.0146586 0  -0.17095051 0.97663152 0 
95.5 0.24790175 0.046180131 0  -0.1755617 -1.0407629 0  -0.071350059 0.99458277 0 
95.6 0.12884025 0.056929695 0  -0.15908167 -1.0576098 0  0.03123142 1.0006801 0 
95.7 0.0068170236 0.071341247 0  -0.14050725 -1.0648227 0  0.13468022 0.9934814 0 
95.8 -0.11461711 0.08952158 0  -0.12064663 -1.0621894 0  0.23625374 0.97266786 0 
95.9 -0.23209131 0.11039692 0  -0.10033388 -1.0497148 0  0.33341518 0.93931783 0 
96 -0.34323486 0.13219462 0  -0.080322263 -1.0275912 0  0.42454712 0.89539655 0 
96.1 -0.44682179 0.15314913 0  -0.06121887 -0.99611452 0  0.50903066 0.84296539 0 
96.2 -0.54243097 0.17190104 0  -0.043470823 -0.95559516 0  0.5868918 0.78369413 0 
96.3 -0.63004904 0.18755165 0  -0.027380955 -0.90629648 0  0.65842 0.71874484 0 
96.4 -0.70980323 0.19956502 0  -0.01312816 -0.84840345 0  0.72392139 0.64883842 0 
96.5 -0.78181919 0.20765277 0  -0.00077797378 -0.78201344 0  0.78358716 0.57436068 0 
96.6 -0.84615366 0.21168832 0  0.009723487 -0.7071439 0  0.83742017 0.49545558 0 
96.7 -0.90276418 0.21165573 0  0.018576559 -0.62375849 0  0.88517762 0.41210275 0 
96.8 -0.95149654 0.20762719 0  0.026179078 -0.53182414 0  0.92630746 0.32419694 0 
96.9 -0.99208335 0.1997636 0  0.033198137 -0.43142495 0  0.95987521 0.23166134 0 
97 -1.0241564 0.18833386 0  0.040635123 -0.32297182 0  0.98451124 0.13463796 0 
97.1 -1.047282 0.17374592 0  0.049798682 -0.20753054 0  0.99847329 0.033784621 0 
97.2 -1.0610301 0.1565731 0  0.062032567 -0.087175309 0  0.99998753 -0.069397787 0 
97.3 -1.0650717 0.13754712 0  0.078130357 0.034957457 0  0.98793134 -0.17250457 0 
97.4 -1.0592671 0.1174939 0  0.097769589 0.15526299 0  0.96248751 -0.27275689 0 
97.5 -1.0436914 0.097227061 0  0.11954496 0.27065853 0  0.92513645 -0.36788559 0 
97.6 -1.0185818 0.077451594 0  0.14160812 0.37919334 0  0.87796363 -0.45664493 0 
97.7 -0.98424619 0.058717393 0  0.16230407 0.47997416 0  0.82293211 -0.53869155 0 
97.8 -0.94098301 0.041418598 0  0.18043431 0.57276553 0  0.7615387 -0.61418413 0 
97.9 -0.88903039 0.025813022 0  0.19523635 0.65763002 0  0.69478403 -0.68344304 0 
98 -0.82854355 0.012040283 0  0.2062694 0.73470962 0  0.62326415 -0.7467499 0 
98.1 -0.75959162 0.00012749644 0  0.21330661 0.8041152 0  0.54727501 -0.80424269 0 
98.2 -0.68217069 -0.010022953 0  0.21626128 0.86587545 0  0.46689941 -0.8558525 0 
98.3 -0.59623787 -0.018667416 0  0.21514588 0.9199143 0  0.38208199 -0.90124688 0 
98.4 -0.50178248 -0.026278641 0  0.21005758 0.96604236 0  0.2927149 -0.93976372 0 
98.5 -0.39896469 -0.033618833 0  0.20118521 1.0039591 0  0.19876948 -0.97034029 0 
98.6 -0.28836025 -0.041786958 0  0.18883318 1.033271 0  0.10051707 -0.99148401 0 
98.7 -0.17131199 -0.052132441 0  0.17345351 1.0535355 0  -0.0011515211 -1.001403 0 
98.8 -0.0502315 -0.065883443 0  0.15566572 1.0643403 0  -0.10444422 -0.99845683 0 
98.9 0.071525284 -0.083516564 0  0.13623456 1.0654024 0  -0.20676984 -0.98188583 0 
99 0.19043123 -0.10433032 0  0.11599033 1.0566426 0  -0.30543157 -0.95231229 0 
99.1 0.30373201 -0.12670374 0  0.095720326 1.0381867 0  -0.39846234 -0.91148294 0 
99.2 0.4098362 -0.14879805 0  0.076085499 1.0102966 0  -0.4849317 -0.86149856 0 
99.3 0.50809455 -0.16908807 0  0.057589337 0.97327961 0  -0.56469388 -0.80419154 0 
99.4 0.59839052 -0.18651738 0  0.040585387 0.92741606 0  -0.6379859 -0.74089867 0 
99.5 0.68082442 -0.20043319 0  0.025297561 0.87291822 0  -0.70513198 -0.67248503 0 
99.6 0.75553384 -0.21046836 0  0.011835157 0.80991381 0  -0.766379 -0.59944546 0 
99.7 0.82260568 -0.21644334 0  0.00019370778 0.73844748 0  -0.82180939 -0.52200414 0 
99.8 0.88203597 -0.21830302 0  -0.0097631208 0.65849898 0  -0.87128285 -0.44019595 0 
99.9 0.93371225 -0.21608436 0  -0.018344159 0.57002582 0  -0.91437809 -0.35394146 0 
100 0.97740792 -0.2099088 0  -0.026094151 0.47305031 0  -0.95032377 -0.26314151 0 
100.1 1.012788 -0.19999497 0  -0.03386527 0.3678253 0  -0.97793273 -0.16783034 0 
