Forward_Euler 0.1 1001 -6.1045089 0.046415888 2155 -0.69917304 0.021544347 4642 -0.60024421 0.01 10000 -0.49388945 0.0046415888 21545 -0.37659184 0.0021544347 46416 -0.25802682 0.001 100000 -0.15759436 0.00046415888 215444 -0.086707442 0.00021544347 464159 -0.04409521 0.0001 1000000 -0.021435229 4.6415888e-05 2154435 -0.010215675 2.1544347e-05 4641589 -0.0047850435 1e-05 10000000 -0.0022301599 
RK2 0.1 -1001 -0.07382997 0.046415888 -2155 -0.0085882596 0.021544347 -4642 -0.00077348485 0.01 -10000 -6.2596661e-05 0.0046415888 -21545 -3.2521005e-06 0.0021544347 -46416 8.3293417e-08 0.001 -100000 -1.5110874e-07 0.00046415888 -215444 -2.9644029e-07 0.00021544347 -464159 -3.3740614e-07 0.0001 -1000000 -3.4716906e-07 4.6415888e-05 -2154435 -3.4935415e-07 2.1544347e-05 -4641589 -3.4984399e-07 1e-05 -10000000 -3.4995103e-07 
Heun 0.1 2002 -0.69224562 0.046415888 4310 -0.60562699 0.021544347 9284 -0.50328793 0.01 20000 -0.38879644 0.0046415888 43090 -0.26905688 0.0021544347 92832 -0.16631623 0.001 200000 -0.092261175 0.00046415888 430888 -0.047252783 0.00021544347 928318 -0.023029737 0.0001 2000000 -0.010987529 4.6415888e-05 4308870 -0.0051515309 2.1544347e-05 9283178 -0.0024016831 1e-05 20000000 -0.0011172552 
Heun3 0.1 3003 -0.61067668 0.046415888 6465 -0.51266816 0.021544347 13926 -0.39946469 0.01 30000 -0.28061791 0.0046415888 64635 -0.17490881 0.0021544347 139248 -0.097757331 0.001 300000 -0.050595982 0.00046415888 646332 -0.024739573 0.00021544347 1392477 -0.011814496 0.0001 3000000 -0.0055458275 4.6415888e-05 6463305 -0.0025863459 2.1544347e-05 13924767 -0.0012033297 1e-05 30000000 -0.00055931672 
Ralston 0.1 2002 -0.61002456 0.046415888 4310 -0.51247152 0.021544347 9284 -0.39944781 0.01 20000 -0.28060932 0.0046415888 43090 -0.17490694 0.0021544347 92832 -0.097756861 0.001 200000 -0.050595921 0.00046415888 430888 -0.024739567 0.00021544347 928318 -0.011814495 0.0001 2000000 -0.0055458274 4.6415888e-05 4308870 -0.0025863459 2.1544347e-05 9283178 -0.0012033297 1e-05 20000000 -0.00055931672 
Ralston3 0.1 3003 -0.59871281 0.046415888 6465 -0.49719536 0.021544347 13926 -0.38033982 0.01 30000 -0.26296281 0.0046415888 64635 -0.16133274 0.0021544347 139248 -0.089035922 0.001 300000 -0.045383852 0.00046415888 646332 -0.022085217 0.00021544347 1392477 -0.01053052 0.0001 3000000 -0.004934406 4.6415888e-05 6463305 -0.0023000576 2.1544347e-05 13924767 -0.0010698983 1e-05 30000000 -0.00049726076 
RK3 0.1 -1001 -0.56005992 0.046415888 -2155 -0.45387399 0.021544347 -4642 -0.335041 0.01 -10000 -0.22122712 0.0046415888 -21545 -0.13045278 0.0021544347 -46416 -0.069708146 0.001 -100000 -0.034809397 0.00046415888 -215444 -0.016740003 0.00021544347 -464159 -0.0079346672 0.0001 -1000000 -0.003708017 4.6415888e-05 -2154435 -0.001726712 2.1544347e-05 -4641589 -0.00080286329 1e-05 -10000000 -0.00037311058 
RK4 0.1 4004 0.00055196172 0.046415888 8620 1.2180103e-05 0.021544347 18568 -4.2247848e-08 0.01 40000 -3.397788e-07 0.0046415888 86180 -3.4705752e-07 0.0021544347 185664 -3.4965964e-07 0.001 400000 -3.4994629e-07 0.00046415888 861776 -3.4980884e-07 0.00021544347 1856636 -3.4996165e-07 0.0001 4000000 -3.4997974e-07 4.6415888e-05 8617740 -3.4997051e-07 2.1544347e-05 18566356 -3.4997727e-07 1e-05 40000000 -3.4997896e-07 
Forest_Ruth 0.1 3003 4.492943e-06 0.046415888 6465 1.0137683e-06 0.021544347 13926 5.4133504e-08 0.01 30000 2.5895863e-09 0.0046415888 64635 1.1996128e-10 0.0021544347 139248 5.6376895e-12 0.001 300000 1.4768547e-13 0.00046415888 646332 -3.4270919e-14 0.00021544347 1392477 -3.0819172e-14 0.0001 3000000 3.6268001e-13 4.6415888e-05 6463305 -1.9218836e-13 2.1544347e-05 13924767 -1.1168868e-13 1e-05 30000000 3.6502227e-13 
PEFRL 0.1 -1001 6.1351771e-08 0.046415888 -2155 -1.6622973e-07 0.021544347 -4642 -1.4883298e-08 0.01 -10000 -7.8676328e-10 0.0046415888 -21545 -3.7637482e-11 0.0021544347 -46416 -1.7359823e-12 0.001 -100000 -2.2830842e-13 0.00046415888 -215444 -8.5060914e-14 0.00021544347 -464159 -9.6155816e-14 0.0001 -1000000 -1.4398717e-13 4.6415888e-05 -2154435 -3.796922e-14 2.1544347e-05 -4641589 9.2605448e-13 1e-05 -10000000 1.8787367e-13 
Velocity_Verlet 0.1 2002 0.0017565182 0.046415888 4310 -0.00086234828 0.021544347 9284 -0.00022266702 0.01 20000 -4.9626523e-05 0.0046415888 43090 -1.072326e-05 0.0021544347 92832 -2.3180961e-06 0.001 200000 -4.9963623e-07 0.00046415888 430888 -1.0762731e-07 0.00021544347 928318 -2.3192204e-08 0.0001 2000000 -4.9965237e-09 4.6415888e-05 4308870 -1.0759667e-09 2.1544347e-05 9283178 -2.3178261e-10 1e-05 20000000 -5.0337816e-11 
Position_Verlet 0.1 1001 0.00023280469 0.046415888 2155 0.0003113664 0.021544347 4642 8.970621e-05 0.01 10000 2.0614014e-05 0.0046415888 21545 4.4914765e-06 0.0021544347 46416 9.7173309e-07 0.001 100000 2.0950358e-07 0.00046415888 215444 4.513647e-08 0.00021544347 464159 9.725756e-09 0.0001 1000000 2.0955027e-09 4.6415888e-05 2154435 4.5155092e-10 2.1544347e-05 4641589 9.7204901e-11 1e-05 10000000 2.030515e-11 
Leapfrog 0.1 1001 -0.064484956 0.046415888 2155 -0.012851507 0.021544347 4642 -0.0080338475 0.01 10000 -0.0033845217 0.0046415888 21545 -0.001455305 0.0021544347 46416 -0.00063841731 0.001 100000 -0.00028855967 0.00046415888 215444 -0.00013233035 0.00021544347 464159 -6.1019481e-05 0.0001 1000000 -2.8240952e-05 4.6415888e-05 2154435 -1.3091479e-05 2.1544347e-05 4641589 -6.0726316e-06 1e-05 10000000 -2.8178369e-06 
Yoshida_4 0.1 3003 4.4929429e-06 0.046415888 6465 1.0137682e-06 0.021544347 13926 5.413346e-08 0.01 30000 2.5896223e-09 0.0046415888 64635 1.1997965e-10 0.0021544347 139248 5.5669286e-12 0.001 300000 1.6025969e-13 0.00046415888 646332 -4.8817568e-14 0.00021544347 1392477 -1.3954921e-13 0.0001 3000000 -3.3531259e-14 4.6415888e-05 6463305 3.9867681e-13 2.1544347e-05 13924767 5.0950255e-13 1e-05 30000000 4.9458607e-13 
