Forward_Euler 0.1 1001 -6.1045089 0.031622777 3163 -0.64873268 0.01 10000 -0.49388945 0.0031622777 31623 -0.31630602 0.001 100000 -0.15759436 0.00031622777 316228 -0.062203871 0.0001 1000000 -0.021435229 
RK2 0.1 -1001 -0.07382997 0.031622777 -3163 -0.0025701736 0.01 -10000 -6.2596661e-05 0.0031622777 -31623 -3.3882044e-07 0.001 -100000 -1.5110874e-07 0.00031622777 -316228 -3.2379941e-07 0.0001 -1000000 -3.4716906e-07 
Heun 0.1 2002 -0.69224562 0.031622777 6326 -0.55604298 0.01 20000 -0.38879644 0.0031622777 63246 -0.21499087 0.001 200000 -0.092261175 0.00031622777 632456 -0.033182296 0.0001 2000000 -0.010987529 
Heun3 0.1 3003 -0.61067668 0.031622777 9489 -0.45839342 0.01 30000 -0.28061791 0.0031622777 94869 -0.1323735 0.001 300000 -0.050595982 0.00031622777 948684 -0.01709211 0.0001 3000000 -0.0055458275 
Ralston 0.1 2002 -0.61002456 0.031622777 6326 -0.45832481 0.01 20000 -0.28060932 0.0031622777 63246 -0.13237161 0.001 200000 -0.050595921 0.00031622777 632456 -0.017092106 0.0001 2000000 -0.0055458274 
Ralston3 0.1 3003 -0.59871281 0.031622777 9489 -0.43999633 0.01 30000 -0.26296281 0.0031622777 94869 -0.12104355 0.001 300000 -0.045383852 0.00031622777 948684 -0.015269044 0.0001 3000000 -0.004934406 
RK3 0.1 -1001 -0.56005992 0.031622777 -3163 -0.39495376 0.01 -10000 -0.22122712 0.0031622777 -31623 -0.096043485 0.001 -100000 -0.034809397 0.00031622777 -316228 -0.011567265 0.0001 -1000000 -0.003708017 
RK4 0.1 4004 0.00055196172 0.031622777 12652 1.580312e-06 0.01 40000 -3.397788e-07 0.0031622777 126492 -3.4914595e-07 0.001 400000 -3.4994629e-07 0.00031622777 1264912 -3.4992733e-07 0.0001 4000000 -3.4997974e-07 
Forest_Ruth 0.1 3003 4.492943e-06 0.031622777 9489 2.379174e-07 0.01 30000 2.5895863e-09 0.0031622777 94869 2.595566e-11 0.001 300000 1.4768547e-13 0.00031622777 948684 -7.889708e-14 0.0001 3000000 3.6268001e-13 
PEFRL 0.1 -1001 6.1351771e-08 0.031622777 -3163 -5.7017553e-08 0.01 -10000 -7.8676328e-10 0.0031622777 -31623 -8.1032232e-12 0.001 -100000 -2.2830842e-13 0.00031622777 -316228 2.2017216e-13 0.0001 -1000000 -1.4398717e-13 
Velocity_Verlet 0.1 2002 0.0017565182 0.031622777 6326 -0.0004540898 0.01 20000 -4.9626523e-05 0.0031622777 63246 -4.9905339e-06 0.001 200000 -4.9963623e-07 0.00031622777 632456 -4.9963623e-08 0.0001 2000000 -4.9965237e-09 
Position_Verlet 0.1 1001 0.00023280469 0.031622777 3163 0.00017527334 0.01 10000 2.0614014e-05 0.0031622777 31623 2.091209e-06 0.001 100000 2.0950358e-07 0.00031622777 316228 2.0952658e-08 0.0001 1000000 2.0955027e-09 
Leapfrog 0.1 1001 -0.064484956 0.031622777 3163 -0.01165626 0.01 10000 -0.0033845217 0.0031622777 31623 -0.00095822458 0.001 100000 -0.00028855967 0.00031622777 316228 -8.9795341e-05 0.0001 1000000 -2.8240952e-05 
Yoshida_4 0.1 3003 4.4929429e-06 0.031622777 9489 2.3791734e-07 0.01 30000 2.5896223e-09 0.0031622777 94869 2.5915472e-11 0.001 300000 1.6025969e-13 0.00031622777 948684 -1.7751843e-14 0.0001 3000000 -3.3531259e-14 
