0 -0.04334891335565252
0.1 -0.0432720196404236
0.2 -0.04318869086370646
0.3 -0.04309494303148421
0.4 -0.04299029129397929
0.5 -0.04287957572816983
0.6 -0.04277128732389775
0.7 -0.04267254253300165
0.7999999999999999 -0.04258543796235879
0.8999999999999999 -0.04250750191182476
0.9999999999999999 -0.04243404054901272
1.1 -0.04235976401446898
1.2 -0.04227949581381022
1.3 -0.04218920965133508
1.4 -0.04208819935087393
1.5 -0.04198101422504765
1.6 -0.04187609315543496
1.7 -0.04178090395496613
1.8 -0.04169808952663839
1.900000000000001 -0.04162562989184776
2 -0.04155910494920545
2.100000000000001 -0.04149334771296129
2.200000000000001 -0.04142304574127107
2.300000000000001 -0.04134342707407841
2.400000000000001 -0.04125216910533793
2.500000000000001 -0.04115197909636713
2.600000000000001 -0.04105082930974852
2.700000000000001 -0.04095781316572879
2.800000000000001 -0.04087799171470276
2.900000000000001 -0.04081100747646634
3.000000000000001 -0.04075315743132499
3.100000000000001 -0.04069969113180433
3.200000000000002 -0.04064580478509125
3.300000000000002 -0.04058685857498492
3.400000000000002 -0.04051894201160309
3.500000000000002 -0.0404404724950707
3.600000000000002 -0.0403541197543542
3.700000000000002 -0.0402667736830925
3.800000000000002 -0.04018626628937409
3.900000000000002 -0.04011732088166013
4.000000000000002 -0.04006021141117282
4.100000000000001 -0.04001218595398226
4.200000000000001 -0.03996935461489989
4.300000000000001 -0.03992762676363248
4.4 -0.03988280312253999
4.5 -0.03983059418322508
4.6 -0.03976741180993269
4.699999999999999 -0.03969231313578064
4.799999999999999 -0.03960901930319705
4.899999999999999 -0.03952547114569015
4.999999999999998 -0.03944998364753679
5.099999999999998 -0.03938712286438063
5.199999999999998 -0.03933676840297162
5.299999999999997 -0.03929590104280665
5.399999999999997 -0.03926061282057675
5.499999999999996 -0.03922703474180275
5.599999999999996 -0.03919134977459383
5.699999999999996 -0.03914956642742504
5.799999999999995 -0.03909777341919084
5.899999999999995 -0.03903346041457392
5.999999999999995 -0.03895770653284444
6.099999999999994 -0.03887642220301289
6.199999999999994 -0.03879838150455246
6.299999999999994 -0.03873080731969085
6.399999999999993 -0.03867636907020075
6.499999999999993 -0.0386335953201442
6.599999999999993 -0.03859902012841352
6.699999999999992 -0.03856886176096028
6.799999999999992 -0.03853958810853693
6.899999999999991 -0.03850776739951103
6.999999999999991 -0.03846980979028792
7.099999999999991 -0.03842217792893741
7.19999999999999 -0.03836253500915848
7.29999999999999 -0.03829167333013533
7.39999999999999 -0.03821473670820669
7.499999999999989 -0.03813975225828513
7.599999999999989 -0.03807381938783921
7.699999999999989 -0.03802012530933586
7.799999999999988 -0.03797788424364997
7.899999999999988 -0.03794410803925011
7.999999999999988 -0.03791521551034487
8.099999999999987 -0.03788765984907742
8.199999999999987 -0.03785777894116736
8.299999999999986 -0.03782140143498868
8.399999999999986 -0.03777387414305655
8.499999999999986 -0.03771132036299621
8.599999999999985 -0.0376334389843988
8.699999999999985 -0.03754608810595516
8.799999999999985 -0.03746003644626821
8.899999999999984 -0.0373853159298354
8.999999999999984 -0.03732631044639143
9.099999999999984 -0.03728165861989061
9.199999999999983 -0.03724715691046894
9.299999999999983 -0.03721823977776265
9.399999999999983 -0.03719089103771345
9.499999999999982 -0.03716151789439148
9.599999999999982 -0.03712657834533063
9.699999999999982 -0.03708259575714269
9.799999999999981 -0.03702704532140584
9.899999999999981 -0.03696010237854259
9.99999999999998 -0.0368860565236429
10.09999999999998 -0.03681241961481743
10.19999999999998 -0.03674649473715218
10.29999999999998 -0.03669213268317421
10.39999999999998 -0.03664915667646125
10.49999999999998 -0.03661490380513244
10.59999999999998 -0.03658592689407734
10.69999999999998 -0.03655881944633928
10.79999999999998 -0.03653023582261207
10.89999999999998 -0.03649658997633765
10.99999999999998 -0.03645400221493834
11.09999999999998 -0.03639911981130039
11.19999999999998 -0.03633111700064103
11.29999999999998 -0.03625383238137893
11.39999999999998 -0.03617548350211428
11.49999999999998 -0.03610484160581016
11.59999999999997 -0.03604691712319361
11.69999999999997 -0.03600184392307959
11.79999999999997 -0.03596669700459574
11.89999999999997 -0.03593768639818542
11.99999999999997 -0.03591129307025077
12.09999999999997 -0.03588443298591024
12.19999999999997 -0.03585422125382241
12.29999999999997 -0.03581784415542924
12.39999999999997 -0.03577292616023325
12.49999999999997 -0.03571855634450381
12.59999999999997 -0.03565653234906667
12.69999999999997 -0.03559161641363151
12.79999999999997 -0.03552987838969683
12.89999999999997 -0.03547601998908068
12.99999999999997 -0.03543176564856765
13.09999999999997 -0.03539617433209159
13.19999999999997 -0.03536693512739993
13.29999999999997 -0.0353414660606876
13.39999999999997 -0.03531739988009712
13.49999999999997 -0.03529261599244379
13.59999999999997 -0.03526511808380289
13.69999999999997 -0.03523301503352943
13.79999999999997 -0.03519479277838741
13.89999999999997 -0.03514992163059312
13.99999999999997 -0.0350995343133239
14.09999999999997 -0.03504657940313002
14.19999999999997 -0.03499499161320832
14.29999999999997 -0.03494821620398338
14.39999999999996 -0.03490807276202999
14.49999999999996 -0.03487459131407447
14.59999999999996 -0.03484658687485204
14.69999999999996 -0.03482236103638112
14.79999999999996 -0.03480014436935901
14.89999999999996 -0.03477823079975201
14.99999999999996 -0.03475492640358208
15.09999999999996 -0.03472847454375949
15.19999999999996 -0.03469712371990087
15.29999999999996 -0.0346594864740831
15.39999999999996 -0.03461520873858324
15.49999999999996 -0.03456564890912182
15.59999999999996 -0.03451394853956687
15.69999999999996 -0.03446408684002226
15.79999999999996 -0.03441936805977373
15.89999999999996 -0.03438137262871093
15.99999999999996 -0.03434992530136283
16.09999999999996 -0.03432375010298395
16.19999999999996 -0.03430118617812911
16.29999999999996 -0.03428062115693322
16.39999999999996 -0.03426063153755381
16.49999999999996 -0.0342399587660714
16.59999999999997 -0.03421745209096278
16.69999999999997 -0.03419207422898631
16.79999999999997 -0.03416302776887492
16.89999999999997 -0.0341300024082363
16.99999999999997 -0.03409344718092676
17.09999999999997 -0.03405467687136007
17.19999999999997 -0.03401563952301917
17.29999999999998 -0.03397837038064235
17.39999999999998 -0.03394440039776921
17.49999999999998 -0.03391442534231746
17.59999999999998 -0.03388833285074606
17.69999999999998 -0.03386545348431524
17.79999999999998 -0.03384483641172803
17.89999999999998 -0.03382542618565038
17.99999999999999 -0.03380611764176895
18.09999999999999 -0.03378572875650281
18.19999999999999 -0.03376296183190557
18.29999999999999 -0.03373644428769396
18.39999999999999 -0.03370494878257623
18.49999999999999 -0.0336678407672297
18.59999999999999 -0.03362562873391574
18.7 -0.03358025143536376
18.8 -0.03353470636912634
18.9 -0.03349205031278004
19 -0.03345436601906477
19.1 -0.03342231866933941
19.2 -0.03339538607270759
19.3 -0.03337239053803216
19.40000000000001 -0.0333519543170457
19.50000000000001 -0.03333273171653495
19.60000000000001 -0.03331345284892487
19.70000000000001 -0.03329287772828499
19.80000000000001 -0.03326976152614431
19.90000000000001 -0.0332429211765885
20.00000000000001 -0.03321146856700392
20.10000000000002 -0.03317519689989898
20.20000000000002 -0.03313495391601276
20.30000000000002 -0.03309270116482646
20.40000000000002 -0.03305104770900563
20.50000000000002 -0.03301241669761541
20.60000000000002 -0.03297832417204198
20.70000000000002 -0.03294914665093406
20.80000000000003 -0.0329243529428434
20.90000000000003 -0.03290291079234088
21.00000000000003 -0.03288361147699121
21.10000000000003 -0.03286521921868262
21.20000000000003 -0.03284647579006369
21.30000000000003 -0.03282604120515296
21.40000000000003 -0.03280246838193258
21.50000000000004 -0.03277432048883916
21.60000000000004 -0.0327405217736021
21.70000000000004 -0.03270091815418965
21.80000000000004 -0.03265678406846383
21.90000000000004 -0.03261082050243893
22.00000000000004 -0.03256639086129334
22.10000000000004 -0.03252634963657697
22.20000000000005 -0.03249220331176246
22.30000000000005 -0.03246401722432177
22.40000000000005 -0.03244086688882954
22.50000000000005 -0.03242138349506812
22.60000000000005 -0.03240410448198125
22.70000000000005 -0.03238757879487732
22.80000000000005 -0.03237030249109414
22.90000000000006 -0.03235059437848111
23.00000000000006 -0.032326539878111
23.10000000000006 -0.03229616611388296
23.20000000000006 -0.03225800686013229
23.30000000000006 -0.03221202501945245
23.40000000000006 -0.03216040631669107
23.50000000000006 -0.03210739329068924
23.60000000000007 -0.0320578271990235
23.70000000000007 -0.03201527095262674
23.80000000000007 -0.03198103290137155
23.90000000000007 -0.03195446864998739
24.00000000000007 -0.03193390298908712
24.10000000000007 -0.03191742664330402
24.20000000000007 -0.0319032874299737
24.30000000000008 -0.03188994675259552
24.40000000000008 -0.03187596316952689
24.50000000000008 -0.03185983610142325
24.60000000000008 -0.03183991504275475
24.70000000000008 -0.03181448519963854
24.80000000000008 -0.03178214098868153
24.90000000000008 -0.03174245917615678
25.00000000000009 -0.03169670657306989
25.10000000000009 -0.03164801361483237
25.20000000000009 -0.03160057169787835
25.30000000000009 -0.03155816046909107
25.40000000000009 -0.03152295697103277
25.50000000000009 -0.03149529377985025
25.60000000000009 -0.03147420008245169
25.7000000000001 -0.03145813794660317
25.8000000000001 -0.03144552028378945
25.9000000000001 -0.03143492053509125
26.0000000000001 -0.03142505463782186
26.1000000000001 -0.03141463762303744
26.2000000000001 -0.03140219051588315
26.3000000000001 -0.0313858670209587
26.40000000000011 -0.03136341157610537
26.50000000000011 -0.03133243775095079
26.60000000000011 -0.0312912296578999
26.70000000000011 -0.0312400034952468
26.80000000000011 -0.03118192249277113
26.90000000000011 -0.031122719777821
27.00000000000011 -0.03106860643374194
27.10000000000012 -0.03102383788625192
27.20000000000012 -0.03098968537800494
27.30000000000012 -0.03096506894443237
27.40000000000012 -0.03094782888379161
27.50000000000012 -0.03093571173831811
27.60000000000012 -0.03092681833047864
27.70000000000012 -0.03091966053505206
27.80000000000013 -0.03091302666610575
27.90000000000013 -0.03090577871104266
28.00000000000013 -0.03089663615142711
28.10000000000013 -0.03088397966446344
28.20000000000013 -0.03086573763041056
28.30000000000013 -0.03083949292607647
28.40000000000013 -0.03080301904748151
28.50000000000014 -0.03075536892264551
28.60000000000014 -0.03069818450283052
28.70000000000014 -0.03063621790323168
28.80000000000014 -0.03057608676741407
28.90000000000014 -0.03052370867557966
29.00000000000014 -0.03048225828536873
29.10000000000014 -0.0304519118335486
29.20000000000014 -0.03043093402101485
29.30000000000015 -0.03041695596377176
29.40000000000015 -0.03040778113267529
29.50000000000015 -0.03040167977474072
29.60000000000015 -0.03039737453893514
29.70000000000015 -0.03039389580071184
29.80000000000015 -0.03039039699776167
29.90000000000015 -0.03038595568088848
30.00000000000016 -0.03037935725940802
30.10000000000016 -0.03036886275927113
30.20000000000016 -0.03035200843954216
30.30000000000016 -0.03032559465823933
30.40000000000016 -0.03028618213368357
30.50000000000016 -0.03023145675833162
30.60000000000016 -0.03016233153675024
30.70000000000017 -0.0300844440336452
30.80000000000017 -0.03000704633338291
30.90000000000017 -0.02993918484307456
31.00000000000017 -0.02988607100071722
31.10000000000017 -0.02984830038428205
31.20000000000017 -0.02982348674471312
31.30000000000017 -0.02980830222820888
31.40000000000018 -0.02979973680380116
31.50000000000018 -0.02979553150609448
31.60000000000018 -0.02979414950542696
31.70000000000018 -0.02979457917090941
31.80000000000018 -0.02979610195580244
31.90000000000018 -0.02979804398821755
32.00000000000018 -0.02979945963321729
32.10000000000019 -0.02979863303795983
32.20000000000019 -0.02979220994289006
32.30000000000019 -0.02977373744406615
32.40000000000019 -0.02973169713794045
32.50000000000019 -0.02964867466381289
32.60000000000019 -0.02950699862570462
32.70000000000019 -0.02930680848903851
32.8000000000002 -0.02908367243455991
32.9000000000002 -0.02889126895573674
33.0000000000002 -0.02875982270791559
33.1000000000002 -0.02868540881899688
33.2000000000002 -0.02864966307617303
33.3000000000002 -0.02863601628564429
33.4000000000002 -0.02863392541291027
33.50000000000021 -0.02863768030441506
33.60000000000021 -0.02864449718746467
33.70000000000021 -0.02865319846576782
33.80000000000021 -0.02866348186082612
33.90000000000021 -0.028675561199965
34.00000000000021 -0.02869000681042375
34.10000000000021 -0.02870765749802287
34.20000000000022 -0.02872941637388329
34.30000000000022 -0.02875534772235257
34.40000000000022 -0.02878074563789184
34.50000000000022 -0.02877908553500556
34.60000000000022 -0.02862875206654991
34.70000000000022 -0.02786813944121419
34.80000000000022 -0.02578796327927343
34.90000000000023 -0.0238042507003533
35.00000000000023 -0.02313532673260024
35.10000000000023 -0.02302736557551461
35.20000000000023 -0.02304620767309014
35.30000000000023 -0.02308313308347645
35.40000000000023 -0.02311666026941321
35.50000000000023 -0.02314417960160478
35.60000000000024 -0.02316678276671777
35.70000000000024 -0.02318602677892559
35.80000000000024 -0.02320334192257785
35.90000000000024 -0.02322004555971165
36.00000000000024 -0.02323752001290287
36.10000000000024 -0.02325750655108781
36.20000000000024 -0.02328263217884196
36.30000000000025 -0.02331752606263778
36.40000000000025 -0.02337158607547633
36.50000000000025 -0.0234670678168546
36.60000000000025 -0.02366816834228642
36.70000000000025 -0.02421649018047508
36.80000000000025 -0.02584066918649137
36.90000000000025 0.08897981347125541
37.00000000000026 0.09486991357823266
37.10000000000026 0.09387040887770097
37.20000000000026 0.09357304921679133
37.30000000000026 0.09344582043375857
37.40000000000026 0.09337957765129673
37.50000000000026 0.09334056893624657
37.60000000000026 0.09331563381441688
37.70000000000027 0.09329885069015664
37.80000000000027 0.09328731499684959
37.90000000000027 0.09327954848338517
38.00000000000027 0.09327481327364447
38.10000000000027 0.09327277381202154
38.20000000000027 0.09327329809289873
38.30000000000027 0.09327631243891428
38.40000000000028 0.09328167874649849
38.50000000000028 0.09328909611876912
38.60000000000028 0.09329804966327176
38.70000000000028 0.09330783185900837
38.80000000000028 0.09331764041759377
38.90000000000028 0.09332672076882753
39.00000000000028 0.09333449713121283
39.10000000000029 0.09334064403686804
39.20000000000029 0.09334508404319473
39.30000000000029 0.09334793126029671
39.40000000000029 0.09334941435444574
39.50000000000029 0.09334980667495653
39.60000000000029 0.09334937686880579
39.70000000000029 0.09334836124267662
39.8000000000003 0.09334695293572082
39.9000000000003 0.09334530161736784
40.0000000000003 0.09334351853253652
40.1000000000003 0.09334168346796209
40.2000000000003 0.09333985172685344
40.3000000000003 0.09333806023250719
40.4000000000003 0.09333633248564385
40.50000000000031 0.0933346824060993
40.60000000000031 0.09333311721660401
40.70000000000031 0.09333163955843032
40.80000000000031 0.09333024901652465
40.90000000000031 0.09332894320317275
41.00000000000031 0.09332771851797944
41.10000000000031 0.09332657067385854
41.20000000000032 0.0933254950557065
41.30000000000032 0.09332448696050728
41.40000000000032 0.09332354175409568
41.50000000000032 0.09332265496981985
41.60000000000032 0.09332182236706914
41.70000000000032 0.09332103996238611
41.80000000000032 0.09332030404212287
41.90000000000033 0.0933196111629203
42.00000000000033 0.09331895814438725
42.10000000000033 0.09331834205700743
42.20000000000033 0.09331776020735159
42.30000000000033 0.09331721012200125
42.40000000000033 0.093316689531122
42.50000000000033 0.09331619635229531
42.60000000000034 0.09331572867498976
42.70000000000034 0.09331528474589668
42.80000000000034 0.09331486295524645
42.90000000000034 0.0933144618241514
43.00000000000034 0.09331407999297242
43.10000000000034 0.09331371621067755
43.20000000000034 0.09331336932514184
43.30000000000035 0.09331303827432692
43.40000000000035 0.09331272207827665
43.50000000000035 0.0933124198318605
43.60000000000035 0.09331213069820184
43.70000000000035 0.09331185390272764
43.80000000000035 0.09331158872778293
43.90000000000035 0.09331133450775517
44.00000000000036 0.09331109062465937
44.10000000000036 0.09331085650413912
44.20000000000036 0.09331063161184155
44.30000000000036 0.0933104154501302
44.40000000000036 0.09331020755510139
44.50000000000036 0.09331000749387426
44.60000000000036 0.09330981486212747
44.70000000000037 0.09330962928185763
44.80000000000037 0.09330945039933847
44.90000000000037 0.09330927788326029
45.00000000000037 0.09330911142303262
45.10000000000037 0.0933089507272339
45.20000000000037 0.09330879552219459
45.30000000000037 0.09330864555070069
45.40000000000038 0.09330850057080606
45.50000000000038 0.09330836035474388
45.60000000000038 0.0933082246879274
45.70000000000038 0.09330809336803249
45.80000000000038 0.09330796620415373
45.90000000000038 0.09330784301602812
46.00000000000038 0.09330772363331971
46.10000000000039 0.09330760789496018
46.20000000000039 0.09330749564854046
46.30000000000039 0.09330738674974835
46.40000000000039 0.09330728106184932
46.50000000000039 0.09330717845520523
46.60000000000039 0.0933070788068294
46.70000000000039 0.09330698199997386
46.8000000000004 0.09330688792374645
46.9000000000004 0.09330679647275547
47.0000000000004 0.09330670754677947
47.1000000000004 0.09330662105046017
47.2000000000004 0.09330653689301666
47.3000000000004 0.09330645498797947
47.4000000000004 0.09330637525294228
47.50000000000041 0.09330629760933072
47.60000000000041 0.09330622198218656
47.70000000000041 0.09330614829996579
47.80000000000041 0.09330607649435044
47.90000000000041 0.09330600650007194
48.00000000000041 0.09330593825474626
48.10000000000041 0.09330587169871943
48.20000000000041 0.09330580677492252
48.30000000000042 0.09330574342873596
48.40000000000042 0.09330568160786192
48.50000000000042 0.09330562126220475
48.60000000000042 0.09330556234375847
48.70000000000042 0.0933055048065011
48.80000000000042 0.09330544860629515
48.90000000000042 0.09330539370079403
49.00000000000043 0.09330534004935402
49.10000000000043 0.09330528761295118
49.20000000000043 0.09330523635410302
49.30000000000043 0.09330518623679464
49.40000000000043 0.09330513722640917
49.50000000000043 0.09330508928966172
49.60000000000043 0.09330504239453752
49.70000000000044 0.09330499651023286
49.80000000000044 0.09330495160709976
49.90000000000044 0.09330490765659324
50.00000000000044 0.0933048646312216
50.10000000000044 0.0933048225044994
50.20000000000044 0.09330478125090258
50.30000000000044 0.09330474084582639
50.40000000000045 0.09330470126554501
50.50000000000045 0.09330466248717365
50.60000000000045 0.0933046244886324
50.70000000000045 0.09330458724861188
50.80000000000045 0.09330455074654058
50.90000000000045 0.09330451496255399
51.00000000000045 0.09330447987746504
51.10000000000046 0.09330444547273628
51.20000000000046 0.09330441173045297
51.30000000000046 0.09330437863329795
51.40000000000046 0.09330434616452739
51.50000000000046 0.09330431430794783
51.60000000000046 0.09330428304789423
51.70000000000046 0.09330425236920897
51.80000000000047 0.09330422225722217
51.90000000000047 0.09330419269773245
52.00000000000047 0.09330416367698902
52.10000000000047 0.0933041351816741
52.20000000000047 0.09330410719888671
52.30000000000047 0.09330407971612653
52.40000000000047 0.0933040527212792
52.50000000000048 0.09330402620260154
52.60000000000048 0.09330400014870807
52.70000000000048 0.09330397454855756
52.80000000000048 0.09330394939144057
52.90000000000048 0.09330392466696748
53.00000000000048 0.09330390036505658
53.10000000000048 0.09330387647592343
53.20000000000049 0.09330385299006999
53.30000000000049 0.09330382989827454
53.40000000000049 0.09330380719158199
53.50000000000049 0.09330378486129449
53.60000000000049 0.09330376289896253
53.70000000000049 0.09330374129637625
53.80000000000049 0.09330372004555747
53.9000000000005 0.09330369913875144
54.0000000000005 0.09330367856841958
54.1000000000005 0.09330365832723189
54.2000000000005 0.09330363840806032
54.3000000000005 0.0933036188039717
54.4000000000005 0.09330359950822148
54.5000000000005 0.09330358051424753
54.60000000000051 0.09330356181566402
54.70000000000051 0.09330354340625589
54.80000000000051 0.0933035252799732
54.90000000000051 0.09330350743092583
55.00000000000051 0.09330348985337844
55.10000000000051 0.09330347254174547
55.20000000000051 0.09330345549058645
55.30000000000052 0.09330343869460152
55.40000000000052 0.09330342214862687
55.50000000000052 0.09330340584763068
55.60000000000052 0.09330338978670885
55.70000000000052 0.09330337396108133
55.80000000000052 0.09330335836608812
55.90000000000052 0.09330334299718576
56.00000000000053 0.09330332784994361
56.10000000000053 0.09330331292004079
56.20000000000053 0.09330329820326254
56.30000000000053 0.09330328369549734
56.40000000000053 0.0933032693927337
56.50000000000053 0.09330325529105732
56.60000000000053 0.09330324138664811
56.70000000000054 0.09330322767577758
56.80000000000054 0.09330321415480614
56.90000000000054 0.0933032008201805
57.00000000000054 0.09330318766843128
57.10000000000054 0.09330317469617055
57.20000000000054 0.09330316190008948
57.30000000000054 0.09330314927695629
57.40000000000055 0.09330313682361387
57.50000000000055 0.09330312453697781
57.60000000000055 0.09330311241403436
57.70000000000055 0.09330310045183843
57.80000000000055 0.09330308864751181
57.90000000000055 0.09330307699824127
58.00000000000055 0.09330306550127666
58.10000000000056 0.0933030541539295
58.20000000000056 0.09330304295357092
58.30000000000056 0.09330303189763045
58.40000000000056 0.0933030209835943
58.50000000000056 0.09330301020900371
58.60000000000056 0.09330299957145369
58.70000000000056 0.09330298906859144
58.80000000000057 0.09330297869811527
58.90000000000057 0.09330296845777283
59.00000000000057 0.09330295834536025
59.10000000000057 0.09330294835872058
59.20000000000057 0.09330293849574267
59.30000000000057 0.09330292875436019
59.40000000000057 0.09330291913255016
59.50000000000058 0.09330290962833204
59.60000000000058 0.09330290023976667
59.70000000000058 0.09330289096495513
59.80000000000058 0.09330288180203784
59.90000000000058 0.0933028727491934
60.00000000000058 0.0933028638046379
60.10000000000058 0.09330285496662374
60.20000000000059 0.093302846233439
60.30000000000059 0.09330283760340619
60.40000000000059 0.09330282907488183
60.50000000000059 0.09330282064625528
60.60000000000059 0.09330281231594821
60.70000000000059 0.09330280408241362
60.80000000000059 0.0933027959441351
60.9000000000006 0.09330278789962641
61.0000000000006 0.09330277994743028
61.1000000000006 0.09330277208611802
61.2000000000006 0.09330276431428877
61.3000000000006 0.09330275663056899
61.4000000000006 0.09330274903361159
61.5000000000006 0.09330274152209533
61.60000000000061 0.09330273409472443
61.70000000000061 0.09330272675022784
61.80000000000061 0.09330271948735862
61.90000000000061 0.09330271230489355
62.00000000000061 0.09330270520163239
62.10000000000061 0.09330269817639752
62.20000000000061 0.09330269122803331
62.30000000000062 0.09330268435540574
62.40000000000062 0.09330267755740182
62.50000000000062 0.09330267083292922
62.60000000000062 0.09330266418091553
62.70000000000062 0.09330265760030824
62.80000000000062 0.09330265109007405
62.90000000000062 0.09330264464919839
63.00000000000063 0.09330263827668517
63.10000000000063 0.09330263197155626
63.20000000000063 0.09330262573285131
63.30000000000063 0.09330261955962699
63.40000000000063 0.09330261345095688
63.50000000000063 0.0933026074059311
63.60000000000063 0.09330260142365589
63.70000000000064 0.09330259550325329
63.80000000000064 0.09330258964386082
63.90000000000064 0.09330258384463114
64.00000000000064 0.09330257810473166
64.10000000000063 0.0933025724233443
64.20000000000063 0.09330256679966521
64.30000000000062 0.09330256123290451
64.40000000000062 0.09330255572228574
64.50000000000061 0.09330255026704587
64.60000000000061 0.09330254486643492
64.7000000000006 0.09330253951971572
64.80000000000059 0.09330253422616355
64.90000000000059 0.09330252898506604
65.00000000000058 0.09330252379572271
65.10000000000058 0.09330251865744497
65.20000000000057 0.09330251356955573
65.30000000000057 0.09330250853138911
65.40000000000056 0.09330250354229032
65.50000000000055 0.09330249860161559
65.60000000000055 0.09330249370873156
65.70000000000054 0.09330248886301536
65.80000000000054 0.09330248406385437
65.90000000000053 0.09330247931064602
66.00000000000053 0.09330247460279742
66.10000000000052 0.09330246993972538
66.20000000000051 0.09330246532085622
66.30000000000051 0.09330246074562529
66.4000000000005 0.09330245621347727
66.5000000000005 0.09330245172386552
66.60000000000049 0.09330244727625225
66.70000000000049 0.09330244287010821
66.80000000000048 0.09330243850491247
66.90000000000047 0.09330243418015238
67.00000000000047 0.0933024298953234
67.10000000000046 0.09330242564992883
67.20000000000046 0.09330242144347982
67.30000000000045 0.09330241727549504
67.40000000000045 0.09330241314550074
67.50000000000044 0.09330240905303044
67.60000000000043 0.09330240499762493
67.70000000000043 0.09330240097883201
67.80000000000042 0.09330239699620649
67.90000000000042 0.09330239304930989
68.00000000000041 0.0933023891377105
68.10000000000041 0.0933023852609831
68.2000000000004 0.093302381418709
68.3000000000004 0.09330237761047576
68.40000000000039 0.09330237383587715
68.50000000000038 0.0933023700945131
68.60000000000038 0.09330236638598945
68.70000000000037 0.09330236270991794
68.80000000000037 0.09330235906591612
68.90000000000036 0.09330235545360721
69.00000000000036 0.09330235187261993
69.10000000000035 0.09330234832258852
69.20000000000034 0.09330234480315254
69.30000000000034 0.0933023413139569
69.40000000000033 0.0933023378546517
69.50000000000033 0.09330233442489207
69.60000000000032 0.09330233102433813
69.70000000000032 0.09330232765265499
69.80000000000031 0.09330232430951249
69.9000000000003 0.09330232099458534
70.0000000000003 0.0933023177075528
70.10000000000029 0.09330231444809883
70.20000000000029 0.09330231121591176
70.30000000000028 0.09330230801068443
70.40000000000028 0.09330230483211405
70.50000000000027 0.093302301679902
70.60000000000026 0.09330229855375406
70.70000000000026 0.09330229545337985
70.80000000000025 0.0933022923784934
70.90000000000025 0.0933022893288124
71.00000000000024 0.09330228630405871
71.10000000000024 0.09330228330395796
71.20000000000023 0.09330228032823958
71.30000000000022 0.09330227737663671
71.40000000000022 0.09330227444888621
71.50000000000021 0.09330227154472848
71.60000000000021 0.09330226866390759
71.7000000000002 0.09330226580617099
71.8000000000002 0.09330226297126963
71.90000000000019 0.09330226015895775
72.00000000000018 0.09330225736899303
72.10000000000018 0.09330225460113641
72.20000000000017 0.09330225185515191
72.30000000000017 0.09330224913080684
72.40000000000016 0.09330224642787163
72.50000000000016 0.0933022437461197
72.60000000000015 0.09330224108532752
72.70000000000014 0.09330223844527449
72.80000000000014 0.093302235825743
72.90000000000013 0.09330223322651829
73.00000000000013 0.09330223064738835
73.10000000000012 0.09330222808814405
73.20000000000012 0.09330222554857898
73.30000000000011 0.09330222302848934
73.40000000000011 0.09330222052767408
73.5000000000001 0.09330221804593471
73.60000000000009 0.09330221558307533
73.70000000000009 0.09330221313890254
73.80000000000008 0.09330221071322546
73.90000000000008 0.09330220830585564
74.00000000000007 0.09330220591660709
74.10000000000007 0.09330220354529614
74.20000000000006 0.09330220119174144
74.30000000000005 0.09330219885576406
74.40000000000005 0.09330219653718719
74.50000000000004 0.09330219423583637
74.60000000000004 0.09330219195153926
74.70000000000003 0.09330218968412579
74.80000000000003 0.09330218743342793
74.90000000000002 0.09330218519927971
75.00000000000001 0.09330218298151741
75.10000000000001 0.09330218077997912
75.2 0.09330217859450511
75.3 0.09330217642493761
75.39999999999999 0.0933021742711207
75.49999999999999 0.09330217213290046
75.59999999999998 0.09330217001012482
75.69999999999997 0.09330216790264362
75.79999999999997 0.09330216581030849
75.89999999999996 0.09330216373297294
75.99999999999996 0.09330216167049214
76.09999999999995 0.09330215962272315
76.19999999999995 0.09330215758952463
76.29999999999994 0.09330215557075705
76.39999999999993 0.09330215356628255
76.49999999999993 0.09330215157596486
76.59999999999992 0.09330214959966943
76.69999999999992 0.09330214763726319
76.79999999999991 0.09330214568861479
76.89999999999991 0.09330214375359441
76.9999999999999 0.09330214183207368
77.09999999999989 0.09330213992392582
77.19999999999989 0.09330213802902557
77.29999999999988 0.09330213614724912
77.39999999999988 0.09330213427847411
77.49999999999987 0.09330213242257963
77.59999999999987 0.09330213057944613
77.69999999999986 0.09330212874895549
77.79999999999986 0.09330212693099103
77.89999999999985 0.0933021251254373
77.99999999999984 0.0933021233321803
78.09999999999984 0.09330212155110723
78.19999999999983 0.09330211978210667
78.29999999999983 0.09330211802506848
78.39999999999982 0.09330211627988377
78.49999999999982 0.09330211454644492
78.59999999999981 0.09330211282464546
78.6999999999998 0.09330211111438023
78.7999999999998 0.09330210941554522
78.89999999999979 0.09330210772803751
78.99999999999979 0.09330210605175555
79.09999999999978 0.09330210438659876
79.19999999999978 0.09330210273246776
79.29999999999977 0.09330210108926425
79.39999999999976 0.09330209945689112
79.49999999999976 0.09330209783525219
79.59999999999975 0.09330209622425252
79.69999999999975 0.09330209462379808
79.79999999999974 0.09330209303379602
79.89999999999974 0.09330209145415444
79.99999999999973 0.0933020898847824
80.09999999999972 0.09330208832559012
80.19999999999972 0.09330208677648864
80.29999999999971 0.09330208523739011
80.39999999999971 0.09330208370820757
80.4999999999997 0.09330208218885501
80.5999999999997 0.09330208067924739
80.69999999999969 0.09330207917930058
80.79999999999968 0.09330207768893133
80.89999999999968 0.09330207620805735
80.99999999999967 0.09330207473659714
81.09999999999967 0.09330207327447025
81.19999999999966 0.09330207182159694
81.29999999999966 0.09330207037789842
81.39999999999965 0.09330206894329665
81.49999999999964 0.0933020675177145
81.59999999999964 0.09330206610107561
81.69999999999963 0.09330206469330449
81.79999999999963 0.0933020632943264
81.89999999999962 0.09330206190406745
81.99999999999962 0.09330206052245449
82.09999999999961 0.09330205914941508
82.1999999999996 0.0933020577848777
82.2999999999996 0.09330205642877142
82.39999999999959 0.09330205508102613
82.49999999999959 0.0933020537415724
82.59999999999958 0.09330205241034173
82.69999999999958 0.09330205108726602
82.79999999999957 0.09330204977227806
82.89999999999957 0.0933020484653113
82.99999999999956 0.09330204716629992
83.09999999999955 0.09330204587517867
83.19999999999955 0.0933020445918831
83.29999999999954 0.09330204331634938
83.39999999999954 0.09330204204851428
83.49999999999953 0.09330204078831528
83.59999999999953 0.09330203953569045
83.69999999999952 0.09330203829057851
83.79999999999951 0.0933020370529188
83.89999999999951 0.09330203582265133
83.9999999999995 0.09330203459971666
84.0999999999995 0.09330203338405592
84.19999999999949 0.09330203217561091
84.29999999999949 0.093302030974324
84.39999999999948 0.09330202978013812
84.49999999999947 0.09330202859299672
84.59999999999947 0.09330202741284388
84.69999999999946 0.09330202623962425
84.79999999999946 0.09330202507328297
84.89999999999945 0.0933020239137658
84.99999999999945 0.09330202276101897
85.09999999999944 0.09330202161498929
85.19999999999943 0.09330202047562405
85.29999999999943 0.09330201934287112
85.39999999999942 0.09330201821667881
85.49999999999942 0.09330201709699601
85.59999999999941 0.09330201598377205
85.69999999999941 0.09330201487695686
85.7999999999994 0.09330201377650066
85.89999999999939 0.09330201268235432
85.99999999999939 0.09330201159446917
86.09999999999938 0.09330201051279696
86.19999999999938 0.09330200943728995
86.29999999999937 0.09330200836790081
86.39999999999937 0.09330200730458274
86.49999999999936 0.09330200624728931
86.59999999999935 0.09330200519597459
86.69999999999935 0.09330200415059309
86.79999999999934 0.09330200311109973
86.89999999999934 0.09330200207744983
86.99999999999933 0.09330200104959924
87.09999999999933 0.09330200002750415
87.19999999999932 0.09330199901112116
87.29999999999932 0.09330199800040731
87.39999999999931 0.09330199699532007
87.4999999999993 0.09330199599581725
87.5999999999993 0.09330199500185708
87.69999999999929 0.0933019940133982
87.79999999999929 0.09330199303039965
87.89999999999928 0.09330199205282078
87.99999999999928 0.09330199108062139
88.09999999999927 0.09330199011376167
88.19999999999926 0.09330198915220211
88.29999999999926 0.09330198819590363
88.39999999999925 0.09330198724482748
88.49999999999925 0.09330198629893525
88.59999999999924 0.09330198535818893
88.69999999999924 0.09330198442255086
88.79999999999923 0.09330198349198363
88.89999999999922 0.09330198256645029
88.99999999999922 0.09330198164591424
89.09999999999921 0.0933019807303391
89.19999999999921 0.09330197981968891
89.2999999999992 0.093301978913928
89.3999999999992 0.09330197801302104
89.49999999999919 0.09330197711693301
89.59999999999918 0.09330197622562927
89.69999999999918 0.09330197533907536
89.79999999999917 0.09330197445723726
89.89999999999917 0.09330197358008119
89.99999999999916 0.09330197270757372
90.09999999999916 0.09330197183968164
90.19999999999915 0.09330197097637212
90.29999999999914 0.09330197011761261
90.39999999999914 0.09330196926337077
90.49999999999913 0.09330196841361467
90.59999999999913 0.09330196756831266
90.69999999999912 0.09330196672743318
90.79999999999912 0.09330196589094518
90.89999999999911 0.09330196505881773
90.9999999999991 0.09330196423102032
91.0999999999991 0.09330196340752249
91.19999999999909 0.0933019625882943
91.29999999999909 0.09330196177330592
91.39999999999908 0.09330196096252781
91.49999999999908 0.09330196015593073
91.59999999999907 0.09330195935348556
91.69999999999906 0.09330195855516366
91.79999999999906 0.09330195776093644
91.89999999999905 0.09330195697077567
91.99999999999905 0.09330195618465331
92.09999999999904 0.09330195540254158
92.19999999999904 0.09330195462441289
92.29999999999903 0.09330195385024002
92.39999999999903 0.09330195307999588
92.49999999999902 0.09330195231365357
92.59999999999901 0.09330195155118655
92.69999999999901 0.09330195079256842
92.799999999999 0.09330195003777304
92.899999999999 0.09330194928677447
92.99999999999899 0.09330194853954701
93.09999999999899 0.09330194779606524
93.19999999999898 0.09330194705630374
93.29999999999897 0.0933019463202376
93.39999999999897 0.09330194558784191
93.49999999999896 0.09330194485909205
93.59999999999896 0.09330194413396359
93.69999999999895 0.09330194341243227
93.79999999999895 0.0933019426944741
93.89999999999894 0.09330194198006528
93.99999999999893 0.09330194126918216
94.09999999999893 0.09330194056180136
94.19999999999892 0.09330193985789959
94.29999999999892 0.09330193915745387
94.39999999999891 0.09330193846044138
94.49999999999891 0.09330193776683941
94.5999999999989 0.09330193707662555
94.69999999999889 0.0933019363897775
94.79999999999889 0.09330193570627318
94.89999999999888 0.09330193502609069
94.99999999999888 0.09330193434920829
95.09999999999887 0.09330193367560437
95.19999999999887 0.09330193300525771
95.29999999999886 0.09330193233814696
95.39999999999885 0.09330193167425115
95.49999999999885 0.09330193101354939
95.59999999999884 0.09330193035602106
95.69999999999884 0.09330192970164564
95.79999999999883 0.09330192905040274
95.89999999999883 0.09330192840227214
95.99999999999882 0.09330192775723392
96.09999999999881 0.09330192711526819
96.19999999999881 0.09330192647635521
96.2999999999988 0.0933019258404755
96.3999999999988 0.09330192520760962
96.49999999999879 0.09330192457773834
96.59999999999879 0.09330192395084264
96.69999999999878 0.09330192332690358
96.79999999999878 0.09330192270590236
96.89999999999877 0.09330192208782045
96.99999999999876 0.09330192147263926
97.09999999999876 0.09330192086034055
97.19999999999875 0.0933019202509061
97.29999999999875 0.09330191964431792
97.39999999999874 0.09330191904055805
97.49999999999874 0.09330191843960881
97.59999999999873 0.09330191784145256
97.69999999999872 0.09330191724607179
97.79999999999872 0.0933019166534492
97.89999999999871 0.09330191606356764
97.99999999999871 0.09330191547640995
98.0999999999987 0.09330191489195926
98.1999999999987 0.0933019143101988
98.29999999999869 0.09330191373111182
98.39999999999868 0.09330191315468184
98.49999999999868 0.09330191258089245
98.59999999999867 0.09330191200972733
98.69999999999867 0.09330191144117037
98.79999999999866 0.09330191087520558
98.89999999999866 0.09330191031181692
98.99999999999865 0.09330190975098869
99.09999999999864 0.09330190919270523
99.19999999999864 0.09330190863695101
99.29999999999863 0.09330190808371061
99.39999999999863 0.09330190753296867
99.49999999999862 0.09330190698471
99.59999999999862 0.0933019064389196
99.69999999999861 0.09330190589558243
99.7999999999986 0.09330190535468372
99.8999999999986 0.09330190481620874
99.99999999999859 0.09330190428014283
100.0999999999986 0.09330190374647156
