0 -0.04334891335565252
0.1 -0.04334890178615695
0.2 -0.04334887575727781
0.3 -0.0433488548387076
0.4 -0.04334885045633977
0.5 -0.04334885256468186
0.6 -0.04334885045726888
0.7 -0.04334885483850152
0.7999999999999999 -0.04334887575552406
0.8999999999999999 -0.04334890178390531
0.9999999999999999 -0.04334891335290274
1.1 -0.04334890178074869
1.2 -0.04334887574646541
1.3 -0.04334885482178447
1.4 -0.04334885043588665
1.5 -0.04334885254196356
1.6 -0.04334885042922842
1.7 -0.04334885480438853
1.8 -0.0433488757201921
1.900000000000001 -0.04334890175252652
2 -0.04334891332749992
2.100000000000001 -0.0433489017611096
2.200000000000001 -0.04334887573169921
2.300000000000001 -0.04334885481127219
2.400000000000001 -0.04334885043118707
2.500000000000001 -0.04334885254830411
2.600000000000001 -0.04334885045099224
2.700000000000001 -0.04334885483905764
2.800000000000001 -0.0433488757601681
2.900000000000001 -0.04334890178884537
3.000000000000001 -0.04334891334859511
3.100000000000001 -0.04334890175150882
3.200000000000002 -0.04334887567889308
3.300000000000002 -0.04334885471952951
3.400000000000002 -0.04334885031969682
3.500000000000002 -0.04334885242260358
3.600000000000002 -0.04334885030174535
3.700000000000002 -0.04334885467972914
3.800000000000002 -0.04334887562310802
3.900000000000002 -0.04334890169296369
4.000000000000002 -0.04334891329747562
4.100000000000001 -0.04334890174905159
4.200000000000001 -0.04334887573066644
4.300000000000001 -0.0433488548170462
4.4 -0.0433488504385361
4.5 -0.04334885255346723
4.6 -0.04334885045451464
4.699999999999999 -0.0433488548408795
4.799999999999999 -0.0433488757565071
4.899999999999999 -0.04334890177434191
4.999999999999998 -0.04334891331639273
5.099999999999998 -0.04334890169330623
5.199999999999998 -0.04334887559168644
5.299999999999997 -0.04334885461531419
5.399999999999997 -0.04334885021930072
5.499999999999996 -0.04334885233297788
5.599999999999996 -0.04334885021967778
5.699999999999996 -0.04334885461612494
5.799999999999995 -0.04334887559257643
5.899999999999995 -0.04334890169309345
5.999999999999995 -0.04334891331319578
6.099999999999994 -0.04334890176630226
6.199999999999994 -0.04334887574308689
6.299999999999994 -0.04334885482408189
6.399999999999993 -0.04334885043765034
6.499999999999993 -0.04334885253753416
6.599999999999993 -0.04334885042295072
6.699999999999992 -0.0433488548037654
6.799999999999992 -0.04334887572207012
6.899999999999991 -0.04334890174356539
6.999999999999991 -0.04334891328993938
7.099999999999991 -0.04334890167789888
7.19999999999999 -0.04334887559836097
7.29999999999999 -0.04334885464876715
7.39999999999999 -0.04334885027031412
7.499999999999989 -0.04334885239157726
7.599999999999989 -0.04334885028787822
7.699999999999989 -0.0433488546916142
7.799999999999988 -0.04334887566018203
7.899999999999988 -0.04334890173994089
7.999999999999988 -0.04334891333654519
8.099999999999987 -0.04334890176913727
8.199999999999987 -0.04334887573087796
8.299999999999986 -0.04334885480487718
8.399999999999986 -0.04334885041759844
8.499999999999986 -0.04334885251506203
8.599999999999985 -0.04334885039702884
8.699999999999985 -0.0433488547825919
8.799999999999985 -0.04334887571382694
8.899999999999984 -0.0433489017502752
8.999999999999984 -0.0433489133146856
9.099999999999984 -0.04334890173052044
9.199999999999983 -0.04334887568829245
9.299999999999983 -0.04334885476871241
9.399999999999983 -0.04334885039531507
9.499999999999982 -0.04334885250762382
9.599999999999982 -0.04334885039993301
9.699999999999982 -0.0433488547920368
9.799999999999981 -0.04334887572864153
9.899999999999981 -0.04334890177057903
9.99999999999998 -0.04334891334189489
10.09999999999998 -0.04334890176699446
10.19999999999998 -0.04334887573432688
10.29999999999998 -0.04334885481887342
10.39999999999998 -0.04334885044127798
10.49999999999998 -0.04334885254779429
10.59999999999998 -0.04334885043821986
10.69999999999998 -0.04334885482638086
10.79999999999998 -0.04334887575321035
10.89999999999998 -0.04334890178478353
10.99999999999998 -0.04334891335048164
11.09999999999998 -0.04334890177521826
11.19999999999998 -0.04334887574451293
11.29999999999998 -0.0433488548300473
11.39999999999998 -0.04334885045227416
11.49999999999998 -0.04334885255974271
11.59999999999997 -0.04334885045109703
11.69999999999997 -0.04334885483703864
11.79999999999997 -0.04334887575989516
11.89999999999997 -0.0433489017891408
11.99999999999997 -0.04334891335518225
12.09999999999997 -0.0433489017817717
12.19999999999997 -0.04334887575242555
12.29999999999997 -0.04334885483732789
12.39999999999997 -0.04334885045754353
12.49999999999997 -0.04334885256282348
12.59999999999997 -0.04334885045011592
12.69999999999997 -0.04334885482902841
12.79999999999997 -0.04334887574523844
12.89999999999997 -0.04334890177159774
12.99999999999997 -0.04334891333863648
13.09999999999997 -0.04334890176841175
13.19999999999997 -0.04334887574267206
13.29999999999997 -0.04334885483089708
13.39999999999997 -0.04334885045624026
13.49999999999997 -0.04334885257216206
13.59999999999997 -0.04334885047412002
13.69999999999997 -0.04334885486467267
13.79999999999997 -0.04334887578533644
13.89999999999997 -0.04334890180843132
13.99999999999997 -0.04334891336235839
14.09999999999997 -0.04334890176548795
14.19999999999997 -0.04334887570160155
14.29999999999997 -0.04334885475437839
14.39999999999996 -0.04334885036037187
14.49999999999996 -0.04334885246178842
14.59999999999996 -0.04334885034070902
14.69999999999996 -0.04334885471940938
14.79999999999996 -0.04334887565709372
14.89999999999996 -0.04334890171530029
14.99999999999996 -0.04334891330892911
15.09999999999996 -0.04334890175608172
15.19999999999996 -0.04334887574136115
15.29999999999996 -0.04334885483563515
15.39999999999996 -0.04334885046197486
15.49999999999996 -0.04334885257701049
15.59999999999996 -0.04334885047888935
15.69999999999996 -0.0433488548670227
15.79999999999996 -0.04334887578018869
15.89999999999996 -0.04334890179095095
15.99999999999996 -0.04334891332575728
16.09999999999996 -0.04334890169955475
16.19999999999996 -0.04334887560029476
16.29999999999996 -0.04334885462882192
16.39999999999996 -0.04334885023498922
16.49999999999996 -0.04334885234730616
16.59999999999997 -0.04334885023325587
16.69999999999997 -0.0433488546296833
16.79999999999997 -0.04334887560330203
16.89999999999997 -0.04334890169791074
16.99999999999997 -0.04334891331182829
17.09999999999997 -0.04334890176118326
17.19999999999997 -0.04334887573783498
17.29999999999998 -0.04334885482131615
17.39999999999998 -0.04334885043729633
17.49999999999998 -0.04334885253824457
17.59999999999998 -0.04334885042493676
17.69999999999998 -0.0433488548076202
17.79999999999998 -0.0433488757262791
17.89999999999998 -0.04334890174517072
17.99999999999999 -0.04334891328614476
18.09999999999999 -0.04334890166687624
18.19999999999999 -0.04334887558021548
18.29999999999999 -0.04334885462648966
18.39999999999999 -0.04334885024781432
18.49999999999999 -0.04334885236948463
18.59999999999999 -0.04334885026546283
18.7 -0.0433488546719018
18.8 -0.04334887564662265
18.9 -0.04334890173127816
19 -0.04334891332797612
19.1 -0.04334890175618093
19.2 -0.04334887571230117
19.3 -0.0433488547834272
19.40000000000001 -0.04334885039668818
19.50000000000001 -0.04334885249443376
19.60000000000001 -0.04334885037608752
19.70000000000001 -0.04334885476513084
19.80000000000001 -0.04334887570292349
19.90000000000001 -0.04334890174306919
20.00000000000001 -0.0433489133043755
20.10000000000002 -0.04334890171098745
20.20000000000002 -0.04334887565827849
20.30000000000002 -0.04334885473352248
20.40000000000002 -0.04334885036134409
20.50000000000002 -0.04334885247441853
20.60000000000002 -0.04334885036604297
20.70000000000002 -0.04334885476392693
20.80000000000003 -0.0433488757122395
20.90000000000003 -0.04334890176259622
21.00000000000003 -0.04334891333372202
21.10000000000003 -0.04334890175208897
21.20000000000003 -0.04334887571255433
21.30000000000003 -0.04334885479573703
21.40000000000003 -0.04334885042046991
21.50000000000004 -0.04334885252619565
21.60000000000004 -0.04334885041523473
21.70000000000004 -0.04334885480935393
21.80000000000004 -0.04334887574601887
21.90000000000004 -0.04334890178196079
22.00000000000004 -0.04334891334347868
22.10000000000004 -0.04334890175943697
22.20000000000005 -0.0433488757223937
22.30000000000005 -0.04334885480874055
22.40000000000005 -0.04334885043485465
22.50000000000005 -0.04334885254133758
22.60000000000005 -0.04334885043082552
22.70000000000005 -0.04334885482274781
22.80000000000005 -0.0433488757550167
22.90000000000006 -0.04334890178795563
23.00000000000006 -0.04334891335071031
23.10000000000006 -0.04334890177261821
23.20000000000006 -0.04334887574372479
23.30000000000006 -0.04334885483539724
23.40000000000006 -0.04334885046133125
23.50000000000006 -0.04334885256553664
23.60000000000007 -0.04334885045218251
23.70000000000007 -0.04334885483652413
23.80000000000007 -0.043348875757159
23.90000000000007 -0.04334890178077291
24.00000000000007 -0.04334891334032302
24.10000000000007 -0.04334890176422726
24.20000000000007 -0.04334887573932011
24.30000000000008 -0.04334885483450288
24.40000000000008 -0.04334885046513141
24.50000000000008 -0.04334885257965516
24.60000000000008 -0.04334885048045253
24.70000000000008 -0.04334885487484613
24.80000000000008 -0.04334887579821099
24.90000000000008 -0.04334890181866728
25.00000000000009 -0.04334891336831893
25.10000000000009 -0.0433489017719494
25.20000000000009 -0.04334887571653362
25.30000000000009 -0.04334885478137253
25.40000000000009 -0.04334885039343776
25.50000000000009 -0.04334885249348208
25.60000000000009 -0.04334885037228916
25.7000000000001 -0.04334885475250832
25.8000000000001 -0.0433488756860088
25.9000000000001 -0.04334890173432914
26.0000000000001 -0.0433489133188995
26.1000000000001 -0.04334890176350698
26.2000000000001 -0.04334887575423851
26.3000000000001 -0.04334885485771692
26.40000000000011 -0.04334885048942853
26.50000000000011 -0.04334885260464282
26.60000000000011 -0.04334885050751286
26.70000000000011 -0.0433488548974614
26.80000000000011 -0.04334887580794772
26.90000000000011 -0.0433489018117833
27.00000000000011 -0.043348913340627
27.10000000000012 -0.0433489017140269
27.20000000000012 -0.04334887562079263
27.30000000000012 -0.04334885465733498
27.40000000000012 -0.04334885026681724
27.50000000000012 -0.0433488523776827
27.60000000000012 -0.04334885026306579
27.70000000000012 -0.04334885465901303
27.80000000000013 -0.04334887562767269
27.90000000000013 -0.04334890171383327
28.00000000000013 -0.04334891332049329
28.10000000000013 -0.04334890176746561
28.20000000000013 -0.04334887574744516
28.30000000000013 -0.04334885483699722
28.40000000000013 -0.04334885045677921
28.50000000000014 -0.04334885255844629
28.60000000000014 -0.04334885044638998
28.70000000000014 -0.04334885483035877
28.80000000000014 -0.04334887574658922
28.90000000000014 -0.04334890175902213
29.00000000000014 -0.04334891329206358
29.10000000000014 -0.04334890166592408
29.20000000000014 -0.04334887557525514
29.30000000000015 -0.04334885462097068
29.40000000000015 -0.04334885024328554
29.50000000000015 -0.04334885236469358
29.60000000000015 -0.04334885026014025
29.70000000000015 -0.04334885466844252
29.80000000000015 -0.04334887564591246
29.90000000000015 -0.04334890173074288
30.00000000000016 -0.04334891332408174
30.10000000000016 -0.04334890174721307
30.20000000000016 -0.04334887569948462
30.30000000000016 -0.04334885476992889
30.40000000000016 -0.04334885038433522
30.50000000000016 -0.04334885248201534
30.60000000000016 -0.04334885036341292
30.70000000000017 -0.04334885475509447
30.80000000000017 -0.04334887569659011
30.90000000000017 -0.04334890173698114
31.00000000000017 -0.04334891329297646
31.10000000000017 -0.04334890168992378
31.20000000000017 -0.04334887562719941
31.30000000000017 -0.04334885469731101
31.40000000000018 -0.04334885032582543
31.50000000000018 -0.04334885243972099
31.60000000000018 -0.04334885033099078
31.70000000000018 -0.04334885473368937
31.80000000000018 -0.04334887569184605
31.90000000000018 -0.04334890174949153
32.00000000000018 -0.04334891332051359
32.10000000000019 -0.04334890173248917
32.20000000000019 -0.04334887568528844
32.30000000000019 -0.04334885476498455
32.40000000000019 -0.04334885039059539
32.50000000000019 -0.04334885249615105
32.60000000000019 -0.04334885038439476
32.70000000000019 -0.04334885478360262
32.8000000000002 -0.04334887572972816
32.9000000000002 -0.04334890177153819
33.0000000000002 -0.04334891333109831
33.1000000000002 -0.04334890173903575
33.2000000000002 -0.04334887569359824
33.3000000000002 -0.0433488547770942
33.4000000000002 -0.04334885040525605
33.50000000000021 -0.04334885251167996
33.60000000000021 -0.04334885039986944
33.70000000000021 -0.04334885479741855
33.80000000000021 -0.04334887574052002
33.90000000000021 -0.04334890178063654
34.00000000000021 -0.0433489133431503
34.10000000000021 -0.04334890176054009
34.20000000000022 -0.04334887572892379
34.30000000000022 -0.04334885482327523
34.40000000000022 -0.04334885045336982
34.50000000000022 -0.0433488525572139
34.60000000000022 -0.04334885044333452
34.70000000000022 -0.04334885483356941
34.80000000000022 -0.04334887576167078
34.90000000000023 -0.04334890178674305
35.00000000000023 -0.04334891334110474
35.10000000000023 -0.04334890175798436
35.20000000000023 -0.04334887573026704
35.30000000000023 -0.04334885482923016
35.40000000000023 -0.04334885046445953
35.50000000000023 -0.04334885257769515
35.60000000000024 -0.04334885047680485
35.70000000000024 -0.04334885487628454
35.80000000000024 -0.04334887580618162
35.90000000000024 -0.04334890182749297
36.00000000000024 -0.0433489133734429
36.10000000000024 -0.04334890177523731
36.20000000000024 -0.04334887572519782
36.30000000000025 -0.04334885480077764
36.40000000000025 -0.04334885041933566
36.50000000000025 -0.0433488525176187
36.60000000000025 -0.04334885039552135
36.70000000000025 -0.04334885477908428
36.80000000000025 -0.04334887571198804
36.90000000000025 -0.04334890175235148
37.00000000000026 -0.04334891332683765
37.10000000000026 -0.04334890176629676
37.20000000000026 -0.04334887576072545
37.30000000000026 -0.04334885487384924
37.40000000000026 -0.0433488505119367
37.50000000000026 -0.04334885262652538
37.60000000000026 -0.04334885052948335
37.70000000000027 -0.04334885492280734
37.80000000000027 -0.04334887583290908
37.90000000000027 -0.04334890183030766
38.00000000000027 -0.04334891335207691
38.10000000000027 -0.04334890172429294
38.20000000000027 -0.04334887563816001
38.30000000000027 -0.04334885468516204
38.40000000000028 -0.04334885029931487
38.50000000000028 -0.04334885240808757
38.60000000000028 -0.04334885029257778
38.70000000000028 -0.04334885468875604
38.80000000000028 -0.04334887565229957
38.90000000000028 -0.04334890172863593
39.00000000000028 -0.04334891332712222
39.10000000000029 -0.04334890177276893
39.20000000000029 -0.04334887575905923
39.30000000000029 -0.04334885485771679
39.40000000000029 -0.04334885048237656
39.50000000000029 -0.04334885258457986
39.60000000000029 -0.04334885047405621
39.70000000000029 -0.04334885485898506
39.8000000000003 -0.04334887577077934
39.9000000000003 -0.04334890177478144
40.0000000000003 -0.04334891330022719
40.1000000000003 -0.04334890167048536
40.2000000000003 -0.04334887558054069
40.3000000000003 -0.04334885462907823
40.4000000000003 -0.04334885025304602
40.50000000000031 -0.04334885237426117
40.60000000000031 -0.0433488502697961
40.70000000000031 -0.04334885467856752
40.80000000000031 -0.04334887565497456
40.90000000000031 -0.04334890173693011
41.00000000000031 -0.04334891332707987
41.10000000000031 -0.04334890174842135
41.20000000000032 -0.04334887570117941
41.30000000000032 -0.04334885477364783
41.40000000000032 -0.04334885038960036
41.50000000000032 -0.04334885248757217
41.60000000000032 -0.04334885036944508
41.70000000000032 -0.04334885476214596
41.80000000000032 -0.04334887570343081
41.90000000000033 -0.04334890174092921
42.00000000000033 -0.04334891329116215
42.10000000000033 -0.04334890168035728
42.20000000000033 -0.04334887561026152
42.30000000000033 -0.04334885467676272
42.40000000000033 -0.04334885030601437
42.50000000000033 -0.04334885242085185
42.60000000000034 -0.04334885031209852
42.70000000000034 -0.04334885471823658
42.80000000000034 -0.04334887568317489
42.90000000000034 -0.04334890174525494
43.00000000000034 -0.04334891331463225
43.10000000000034 -0.0433489017198567
43.20000000000034 -0.04334887566515552
43.30000000000035 -0.04334885474140224
43.40000000000035 -0.04334885036767282
43.50000000000035 -0.04334885247298697
43.60000000000035 -0.04334885036037517
43.70000000000035 -0.04334885476395579
43.80000000000035 -0.04334887571813471
43.90000000000035 -0.04334890176408705
44.00000000000036 -0.04334891331976858
44.10000000000036 -0.0433489017175559
44.20000000000036 -0.04334887566158747
44.30000000000036 -0.04334885474063697
44.40000000000036 -0.04334885037022981
44.50000000000036 -0.04334885247650505
44.60000000000036 -0.04334885036317963
44.70000000000037 -0.04334885476636721
44.80000000000037 -0.04334887572079602
44.90000000000037 -0.04334890176830185
45.00000000000037 -0.04334891332958544
45.10000000000037 -0.04334890173993531
45.20000000000037 -0.04334887570205337
45.30000000000037 -0.04334885479602737
45.40000000000038 -0.0433488504291551
45.50000000000038 -0.04334885253273441
45.60000000000038 -0.043348850418181
45.70000000000038 -0.04334885481478933
45.80000000000038 -0.04334887575246194
45.90000000000038 -0.04334890178149334
46.00000000000038 -0.04334891333167964
46.10000000000039 -0.04334890174004364
46.20000000000039 -0.04334887570586795
46.30000000000039 -0.04334885480487319
46.40000000000039 -0.04334885044329301
46.50000000000039 -0.04334885255562157
46.60000000000039 -0.04334885045305686
46.70000000000039 -0.04334885485825411
46.8000000000004 -0.04334887579766859
46.9000000000004 -0.04334890182397683
47.0000000000004 -0.04334891336904557
47.1000000000004 -0.04334890176893118
47.2000000000004 -0.04334887572144135
47.3000000000004 -0.04334885480440928
47.4000000000004 -0.04334885042830881
47.50000000000041 -0.04334885252547386
47.60000000000041 -0.0433488504027026
47.70000000000041 -0.04334885479044322
47.80000000000041 -0.04334887572600632
47.90000000000041 -0.04334890176289762
48.00000000000041 -0.04334891333052684
48.10000000000041 -0.04334890176535934
48.20000000000041 -0.0433488757616342
48.30000000000042 -0.04334885488222831
48.40000000000042 -0.04334885052613721
48.50000000000042 -0.04334885264043793
48.60000000000042 -0.04334885054338589
48.70000000000042 -0.04334885494095053
48.80000000000042 -0.04334887585358839
48.90000000000042 -0.04334890184805099
49.00000000000043 -0.04334891336501884
49.10000000000043 -0.04334890173667776
49.20000000000043 -0.0433488756575193
49.30000000000043 -0.04334885471527447
49.40000000000043 -0.04334885033473224
49.50000000000043 -0.04334885244129604
49.60000000000043 -0.04334885032456667
49.70000000000044 -0.04334885472191214
49.80000000000044 -0.04334887568193686
49.90000000000044 -0.04334890174915371
50.00000000000044 -0.04334891333899339
50.10000000000044 -0.04334890178273287
50.20000000000044 -0.04334887577604554
50.30000000000044 -0.04334885488594623
50.40000000000045 -0.04334885051696864
50.50000000000045 -0.04334885261908795
50.60000000000045 -0.04334885050949739
50.70000000000045 -0.04334885489626559
50.80000000000045 -0.04334887580400477
50.90000000000045 -0.04334890179808332
51.00000000000045 -0.04334891331378043
51.10000000000046 -0.04334890167987083
51.20000000000046 -0.04334887559298412
51.30000000000046 -0.0433488546482049
51.40000000000046 -0.04334885027566557
51.50000000000046 -0.0433488523956987
51.60000000000046 -0.04334885029074724
51.70000000000046 -0.04334885470022705
51.80000000000047 -0.04334887567385544
51.90000000000047 -0.04334890174915031
52.00000000000047 -0.0433489133329014
52.10000000000047 -0.04334890175224312
52.20000000000047 -0.04334887570863121
52.30000000000047 -0.04334885478714951
52.40000000000047 -0.04334885040618946
52.50000000000048 -0.04334885250384213
52.60000000000048 -0.04334885038617064
52.70000000000048 -0.04334885477942579
52.80000000000048 -0.04334887571745408
52.90000000000048 -0.04334890174795072
53.00000000000048 -0.04334891329028629
53.10000000000048 -0.04334890167301386
53.20000000000049 -0.04334887559918537
53.30000000000049 -0.04334885466510909
53.40000000000049 -0.04334885029564038
53.50000000000049 -0.04334885241128048
53.60000000000049 -0.04334885030299979
53.70000000000049 -0.04334885471121919
53.80000000000049 -0.04334887567904706
53.9000000000005 -0.04334890174214887
54.0000000000005 -0.04334891330946117
54.1000000000005 -0.04334890171037888
54.2000000000005 -0.04334887565126642
54.3000000000005 -0.04334885472530926
54.4000000000005 -0.04334885035180486
54.5000000000005 -0.04334885245736216
54.60000000000051 -0.04334885034477082
54.70000000000051 -0.04334885475092334
54.80000000000051 -0.04334887570960932
54.90000000000051 -0.04334890175783444
55.00000000000051 -0.043348913310639
55.10000000000051 -0.04334890170067984
55.20000000000051 -0.04334887563558941
55.30000000000052 -0.04334885470944459
55.40000000000052 -0.04334885033936105
55.50000000000052 -0.04334885244627641
55.60000000000052 -0.04334885033226626
55.70000000000052 -0.04334885473957129
55.80000000000052 -0.04334887570329632
55.90000000000052 -0.04334890175801119
56.00000000000053 -0.043348913319348
56.10000000000053 -0.04334890172347008
56.20000000000053 -0.04334887567823244
56.30000000000053 -0.04334885476941334
56.40000000000053 -0.04334885040425506
56.50000000000053 -0.04334885250818697
56.60000000000053 -0.04334885039327258
56.70000000000054 -0.0433488547956165
56.80000000000054 -0.04334887574308147
56.90000000000054 -0.04334890177737467
57.00000000000054 -0.04334891332405753
57.10000000000054 -0.04334890172248273
57.20000000000054 -0.04334887567850467
57.30000000000054 -0.04334885477432806
57.40000000000055 -0.04334885041486221
57.50000000000055 -0.04334885252645117
57.60000000000055 -0.04334885042186584
57.70000000000055 -0.04334885483321977
57.80000000000055 -0.04334887578446256
57.90000000000055 -0.0433489018180209
58.00000000000055 -0.04334891336203495
58.10000000000056 -0.04334890175686142
58.20000000000056 -0.04334887570734883
58.30000000000056 -0.04334885479449128
58.40000000000056 -0.04334885042312084
58.50000000000056 -0.04334885251905161
58.60000000000056 -0.04334885039499381
58.70000000000056 -0.04334885478834218
58.80000000000057 -0.04334887573030855
58.90000000000057 -0.04334890176661305
59.00000000000057 -0.04334891332704045
59.10000000000057 -0.04334890175381879
59.20000000000057 -0.04334887574749753
59.30000000000057 -0.04334885487280203
59.40000000000057 -0.04334885052213662
59.50000000000058 -0.04334885263580517
59.60000000000058 -0.04334885053799852
59.70000000000058 -0.04334885494144054
59.80000000000058 -0.04334887586063119
59.90000000000058 -0.04334890185548327
60.00000000000058 -0.04334891336837408
60.10000000000058 -0.04334890173793065
60.20000000000059 -0.04334887566350636
60.30000000000059 -0.04334885473077227
60.40000000000059 -0.04334885035554791
60.50000000000059 -0.0433488524597761
60.60000000000059 -0.04334885034155233
60.70000000000059 -0.04334885474137994
60.80000000000059 -0.04334887570068393
60.9000000000006 -0.04334890176134427
61.0000000000006 -0.04334891334391259
61.1000000000006 -0.04334890178605876
61.2000000000006 -0.04334887578622498
61.3000000000006 -0.04334885490732757
61.4000000000006 -0.04334885054494411
61.5000000000006 -0.04334885264709031
61.60000000000061 -0.0433488505385114
61.70000000000061 -0.04334885492781774
61.80000000000061 -0.0433488758329106
61.90000000000061 -0.04334890181886122
62.00000000000061 -0.04334891332689594
62.10000000000061 -0.04334890169122443
62.20000000000061 -0.04334887560987479
62.30000000000062 -0.04334885467362779
62.40000000000062 -0.04334885030523374
62.50000000000062 -0.04334885242411007
62.60000000000062 -0.04334885031887036
62.70000000000062 -0.04334885472893853
62.80000000000062 -0.04334887569898672
62.90000000000062 -0.043348901767035
63.00000000000063 -0.04334891334508811
63.10000000000063 -0.04334890176479544
63.20000000000063 -0.04334887572831406
63.30000000000063 -0.04334885481597166
63.40000000000063 -0.04334885043928398
63.50000000000063 -0.04334885253656913
63.60000000000063 -0.04334885041954534
63.70000000000064 -0.04334885481290893
63.80000000000064 -0.04334887574557038
63.90000000000064 -0.04334890176651231
64.00000000000064 -0.04334891329987085
64.10000000000063 -0.04334890167758406
64.20000000000063 -0.04334887560367436
64.30000000000062 -0.04334885467275992
64.40000000000062 -0.04334885030592414
64.50000000000061 -0.04334885242189083
64.60000000000061 -0.04334885031399233
64.7000000000006 -0.04334885472358371
64.80000000000059 -0.04334887569120612
64.90000000000059 -0.04334890175107167
65.00000000000058 -0.04334891331341593
65.10000000000058 -0.04334890171006466
65.20000000000057 -0.04334887564936346
65.30000000000057 -0.04334885472455634
65.40000000000056 -0.04334885035244444
65.50000000000055 -0.04334885245766658
65.60000000000055 -0.04334885034494439
65.70000000000054 -0.04334885475285986
65.80000000000054 -0.04334887571277673
65.90000000000053 -0.04334890175876355
66.00000000000053 -0.0433489133054135
66.10000000000052 -0.04334890168704759
66.20000000000051 -0.04334887561442776
66.30000000000051 -0.04334885468498061
66.4000000000005 -0.04334885031563841
66.5000000000005 -0.04334885242285722
66.60000000000049 -0.04334885030823182
66.70000000000049 -0.04334885471877484
66.80000000000048 -0.04334887568903364
66.90000000000047 -0.04334890174775845
67.00000000000047 -0.04334891330717823
67.10000000000046 -0.04334890170464397
67.20000000000046 -0.0433488756522309
67.30000000000045 -0.04334885474026942
67.40000000000045 -0.04334885037614571
67.50000000000044 -0.04334885248059177
67.60000000000043 -0.04334885036569914
67.70000000000043 -0.04334885477284373
67.80000000000042 -0.04334887572851163
67.90000000000042 -0.04334890176740525
68.00000000000041 -0.04334891331105328
68.10000000000041 -0.04334890169995963
68.2000000000004 -0.04334887564514447
68.3000000000004 -0.04334885473534617
68.40000000000039 -0.04334885037642967
68.50000000000038 -0.04334885248794156
68.60000000000038 -0.04334885038190972
68.70000000000037 -0.04334885479859683
68.80000000000037 -0.04334887576158009
68.90000000000036 -0.0433489018042725
69.00000000000036 -0.04334891334968551
69.10000000000035 -0.0433489017401854
69.20000000000034 -0.04334887568641037
69.30000000000034 -0.0433488547739378
69.40000000000033 -0.0433488504054878
69.50000000000033 -0.04334885250115073
69.60000000000032 -0.04334885037638023
69.70000000000032 -0.04334885477514552
69.80000000000031 -0.04334887572524313
69.9000000000003 -0.04334890176465016
70.0000000000003 -0.04334891332087307
70.10000000000029 -0.04334890173952049
70.20000000000029 -0.0433488757272012
70.30000000000028 -0.0433488548530872
70.40000000000028 -0.04334885050633784
70.50000000000027 -0.04334885261996384
70.60000000000026 -0.04334885052135191
70.70000000000026 -0.04334885493122471
70.80000000000025 -0.0433488758602457
70.90000000000025 -0.04334890185978758
71.00000000000024 -0.0433489133708382
71.10000000000024 -0.04334890173712982
71.20000000000023 -0.04334887566404319
71.30000000000022 -0.04334885473806928
71.40000000000022 -0.0433488503677297
71.50000000000021 -0.04334885246969776
71.60000000000021 -0.04334885034947873
71.7000000000002 -0.04334885475317668
71.8000000000002 -0.0433488757155084
71.90000000000019 -0.04334890177270857
72.00000000000018 -0.04334891334809049
72.10000000000018 -0.04334890178596036
72.20000000000017 -0.04334887578978942
72.30000000000017 -0.04334885492086323
72.40000000000016 -0.04334885056555306
72.50000000000016 -0.04334885266723658
72.60000000000015 -0.04334885055877677
72.70000000000014 -0.04334885495245865
72.80000000000014 -0.04334887585851858
72.90000000000013 -0.04334890183828778
73.00000000000013 -0.04334891333780137
73.10000000000012 -0.0433489016982437
73.20000000000012 -0.04334887562140222
73.30000000000011 -0.04334885469472367
73.40000000000011 -0.04334885033162449
73.5000000000001 -0.04334885244849855
73.60000000000009 -0.04334885034214761
73.70000000000009 -0.04334885475422102
73.80000000000008 -0.04334887572240015
73.90000000000008 -0.04334890178304135
74.00000000000007 -0.04334891335394168
74.10000000000007 -0.04334890177320756
74.20000000000006 -0.04334887574501783
74.30000000000005 -0.04334885484426898
74.40000000000005 -0.04334885047319831
74.50000000000004 -0.04334885256958763
74.60000000000004 -0.04334885045299081
74.70000000000003 -0.04334885484708433
74.80000000000003 -0.04334887577409206
74.90000000000002 -0.04334890178419348
75.00000000000001 -0.04334891330804878
75.10000000000001 -0.04334890168239423
75.2 -0.04334887561193673
75.3 -0.04334885468745429
75.39999999999999 -0.04334885032425234
75.49999999999999 -0.04334885244032775
75.59999999999998 -0.04334885033312941
75.69999999999997 -0.04334885474350863
75.79999999999997 -0.04334887570839489
75.89999999999996 -0.04334890176263517
75.99999999999996 -0.04334891332018924
76.09999999999995 -0.04334890171580999
76.19999999999995 -0.04334887565818464
76.29999999999994 -0.04334885473778293
76.39999999999993 -0.0433488503677006
76.49999999999993 -0.04334885247278322
76.59999999999992 -0.04334885036062772
76.69999999999992 -0.04334885476886546
76.79999999999991 -0.04334887572618581
76.89999999999991 -0.04334890176695969
76.9999999999999 -0.04334891330770116
77.09999999999989 -0.0433489016842017
77.19999999999989 -0.04334887560827919
77.29999999999988 -0.04334885467809142
77.39999999999988 -0.04334885030979351
77.49999999999987 -0.04334885241762507
77.59999999999987 -0.04334885030306507
77.69999999999986 -0.04334885471518979
77.79999999999986 -0.04334887568806403
77.89999999999985 -0.04334890174761107
77.99999999999984 -0.04334891330446815
78.09999999999984 -0.04334890169683142
78.19999999999983 -0.04334887563946896
78.29999999999983 -0.04334885472560674
78.39999999999982 -0.04334885036251121
78.49999999999982 -0.04334885246759819
78.59999999999981 -0.04334885035301596
78.6999999999998 -0.04334885476368126
78.7999999999998 -0.04334887572476276
78.89999999999979 -0.04334890176561605
78.99999999999979 -0.04334891330465092
79.09999999999978 -0.04334890168338984
79.19999999999978 -0.04334887561751075
79.29999999999977 -0.04334885470184532
79.39999999999976 -0.04334885034317924
79.49999999999976 -0.04334885245450742
79.59999999999975 -0.04334885034690204
79.69999999999975 -0.0433488547682995
79.79999999999974 -0.04334887574190693
79.89999999999974 -0.04334890179227692
79.99999999999973 -0.04334891333723276
80.09999999999972 -0.04334890172110696
80.19999999999972 -0.04334887566062594
80.29999999999971 -0.04334885474669276
80.39999999999971 -0.0433488503804965
80.4999999999997 -0.04334885247585714
80.5999999999997 -0.04334885035019804
80.69999999999969 -0.04334885475454138
80.79999999999968 -0.04334887571359764
80.89999999999968 -0.04334890175668235
80.99999999999967 -0.04334891330792306
81.09999999999967 -0.04334890171589191
81.19999999999966 -0.04334887569380352
81.29999999999966 -0.04334885481695571
81.39999999999965 -0.0433488504728847
81.49999999999964 -0.04334885258654275
81.59999999999964 -0.04334885048690686
81.69999999999963 -0.04334885490370634
81.79999999999963 -0.04334887584491755
81.89999999999962 -0.04334890185206061
81.99999999999962 -0.04334891336269629
82.09999999999961 -0.04334890172456986
82.1999999999996 -0.04334887564942246
82.2999999999996 -0.04334885472663312
82.39999999999959 -0.04334885035986454
82.49999999999959 -0.04334885246004656
82.59999999999958 -0.04334885033796296
82.69999999999958 -0.04334885474624257
82.79999999999957 -0.04334887571459124
82.89999999999957 -0.0433489017724334
82.99999999999956 -0.04334891334338434
83.09999999999955 -0.04334890177680034
83.19999999999955 -0.04334887578134305
83.29999999999954 -0.04334885491897354
83.39999999999954 -0.04334885056959221
83.49999999999953 -0.04334885267141102
83.59999999999953 -0.04334885056320507
83.69999999999952 -0.04334885496211853
83.79999999999951 -0.04334887587256403
83.89999999999951 -0.04334890185083154
83.9999999999995 -0.04334891334527563
84.0999999999995 -0.04334890170272995
84.19999999999949 -0.04334887562913485
84.29999999999949 -0.04334885471043356
84.39999999999948 -0.04334885035229468
84.49999999999947 -0.04334885246742488
84.59999999999947 -0.04334885035986419
84.69999999999946 -0.04334885477477183
84.79999999999946 -0.04334887574360075
84.89999999999945 -0.04334890179965988
84.99999999999945 -0.04334891336504309
85.09999999999944 -0.04334890178410692
85.19999999999943 -0.04334887576401057
85.29999999999943 -0.04334885487530642
85.39999999999942 -0.04334885051063138
85.49999999999942 -0.04334885260599058
85.59999999999941 -0.04334885048946371
85.69999999999941 -0.04334885488527775
85.7999999999994 -0.04334887580822699
85.89999999999939 -0.04334890180808238
85.99999999999939 -0.04334891332191006
86.09999999999938 -0.04334890169252277
86.19999999999938 -0.04334887562672861
86.29999999999937 -0.04334885471128493
86.39999999999937 -0.04334885035328396
86.49999999999936 -0.04334885246869843
86.59999999999935 -0.04334885036155969
86.69999999999935 -0.04334885477345484
86.79999999999934 -0.04334887573546706
86.89999999999934 -0.04334890178193687
86.99999999999933 -0.04334891333209921
87.09999999999933 -0.04334890172598015
87.19999999999932 -0.0433488756738019
87.29999999999932 -0.04334885476171552
87.39999999999931 -0.04334885039552461
87.4999999999993 -0.04334885249956587
87.5999999999993 -0.04334885038749511
87.69999999999929 -0.04334885479623012
87.79999999999929 -0.04334887574908492
87.89999999999928 -0.04334890178082307
87.99999999999928 -0.04334891331261222
88.09999999999927 -0.04334890168405431
88.19999999999926 -0.04334887560817951
88.29999999999926 -0.04334885468124819
88.39999999999925 -0.04334885031539232
88.49999999999925 -0.04334885242323883
88.59999999999924 -0.04334885030878492
88.69999999999924 -0.04334885472185244
88.79999999999923 -0.04334887569402537
88.89999999999922 -0.04334890175020335
88.99999999999922 -0.04334891330248231
89.09999999999921 -0.04334890169113614
89.19999999999921 -0.04334887563235296
89.2999999999992 -0.04334885471933173
89.3999999999992 -0.04334885035765355
89.49999999999919 -0.04334885246336645
89.59999999999918 -0.04334885034967417
89.69999999999918 -0.04334885476242242
89.79999999999917 -0.04334887572506567
89.89999999999917 -0.04334890176473817
89.99999999999916 -0.04334891329904914
90.09999999999916 -0.04334890167017091
90.19999999999915 -0.0433488755961297
90.29999999999914 -0.04334885467552246
90.39999999999914 -0.04334885031651815
90.49999999999913 -0.04334885242819252
90.59999999999913 -0.04334885031988628
90.69999999999912 -0.04334885474416282
90.79999999999912 -0.0433488757249907
90.89999999999911 -0.04334890178141704
90.9999999999991 -0.04334891332702726
91.0999999999991 -0.04334890170650483
91.19999999999909 -0.04334887564034429
91.29999999999909 -0.04334885472388576
91.39999999999908 -0.04334885035878391
91.49999999999908 -0.04334885245468356
91.59999999999907 -0.04334885032896375
91.69999999999906 -0.04334885473751324
91.79999999999906 -0.04334887570386702
91.89999999999905 -0.04334890175075135
91.99999999999905 -0.04334891329826518
92.09999999999904 -0.043348901696
92.19999999999904 -0.04334887566256843
92.29999999999903 -0.04334885478027539
92.39999999999903 -0.04334885043750887
92.49999999999902 -0.04334885255171145
92.59999999999901 -0.04334885045118899
92.69999999999901 -0.04334885487439528
92.799999999999 -0.04334887582841628
92.899999999999 -0.0433489018447645
92.99999999999899 -0.04334891335566738
93.09999999999899 -0.04334890171153187
93.19999999999898 -0.04334887563087197
93.29999999999897 -0.0433488547081272
93.39999999999897 -0.04334885034399116
93.49999999999896 -0.0433488524425592
93.59999999999896 -0.0433488503182882
93.69999999999895 -0.04334885473180562
93.79999999999895 -0.04334887570869875
93.89999999999894 -0.0433489017694192
93.99999999999893 -0.0433489133355062
94.09999999999893 -0.04334890176093728
94.19999999999892 -0.04334887576127823
94.29999999999892 -0.04334885490208497
94.39999999999891 -0.04334885055799767
94.49999999999891 -0.04334885265975585
94.5999999999989 -0.04334885055107446
94.69999999999889 -0.04334885495673879
94.79999999999889 -0.04334887587561688
94.89999999999888 -0.04334890185561686
94.99999999999888 -0.0433489133450041
95.09999999999887 -0.0433489016964942
95.19999999999887 -0.04334887562225173
95.29999999999886 -0.04334885470921099
95.39999999999885 -0.04334885035577141
95.49999999999885 -0.04334885246880222
95.59999999999884 -0.04334885035936182
95.69999999999884 -0.04334885477870293
95.79999999999883 -0.04334887575187987
95.89999999999883 -0.04334890180629738
95.99999999999882 -0.04334891336667529
96.09999999999881 -0.0433489017839689
96.19999999999881 -0.04334887576977518
96.2999999999988 -0.04334885489190826
96.3999999999988 -0.04334885053368066
96.49999999999879 -0.04334885262796347
96.59999999999879 -0.04334885051129033
96.69999999999878 -0.04334885491012735
96.79999999999878 -0.04334887583182458
96.89999999999877 -0.04334890182415541
96.99999999999876 -0.04334891332971164
97.09999999999876 -0.04334890169750655
97.19999999999875 -0.04334887563688856
97.29999999999875 -0.04334885473090223
97.39999999999874 -0.04334885037839178
97.49999999999874 -0.04334885249318079
97.59999999999873 -0.04334885038618998
97.69999999999872 -0.04334885480010144
97.79999999999872 -0.04334887576010613
97.89999999999871 -0.04334890180002234
97.99999999999871 -0.04334891334454435
98.0999999999987 -0.04334890173903898
98.1999999999987 -0.04334887569491359
98.29999999999869 -0.0433488547931561
98.39999999999868 -0.04334885043161574
98.49999999999868 -0.04334885253470529
98.59999999999867 -0.04334885042296392
98.69999999999867 -0.04334885483203374
98.79999999999866 -0.04334887577946307
98.89999999999866 -0.04334890180139517
98.99999999999865 -0.0433489133248421
99.09999999999864 -0.04334890169367357
99.19999999999864 -0.04334887562158277
99.29999999999863 -0.04334885470121684
99.39999999999863 -0.04334885033900943
99.49999999999862 -0.04334885244672732
99.59999999999862 -0.04334885033253202
99.69999999999861 -0.0433488547459935
99.7999999999986 -0.04334887571503922
99.8999999999986 -0.04334890176485943
99.99999999999859 -0.04334891331108789
100.0999999999986 -0.04334890169721559
