0 -0.04334891335565252
0.1 -0.04334891443324621
0.2 -0.04334892018778449
0.3 -0.04334893492291322
0.4 -0.04334895522926375
0.5 -0.04334896549808484
0.6 -0.04334895522835695
0.7 -0.0433489349219214
0.7999999999999999 -0.04334892018719549
0.8999999999999999 -0.04334891443292897
0.9999999999999999 -0.04334891335541181
1.1 -0.04334891443320995
1.2 -0.04334892018909142
1.3 -0.04334893492677113
1.4 -0.04334895523449464
1.5 -0.04334896550063203
1.6 -0.04334895522634546
1.7 -0.04334893491810252
1.8 -0.04334892018433416
1.900000000000001 -0.04334891443111523
2 -0.04334891335381354
2.100000000000001 -0.04334891443248081
2.200000000000001 -0.04334892019254381
2.300000000000001 -0.04334893493791302
2.400000000000001 -0.04334895524957764
2.500000000000001 -0.04334896550756654
2.600000000000001 -0.04334895521992209
2.700000000000001 -0.04334893490673464
2.800000000000001 -0.04334892017631516
2.900000000000001 -0.04334891442706305
3.000000000000001 -0.04334891335153195
3.100000000000001 -0.0433489144324721
3.200000000000002 -0.04334892019946832
3.300000000000002 -0.04334893495554883
3.400000000000002 -0.04334895526994022
3.500000000000002 -0.04334896551280723
3.600000000000002 -0.04334895520604123
3.700000000000002 -0.04334893488865611
3.800000000000002 -0.04334892016539373
3.900000000000002 -0.0433489144226942
4.000000000000002 -0.04334891334984431
4.100000000000001 -0.04334891443349515
4.200000000000001 -0.0433489202079877
4.300000000000001 -0.04334893497468165
4.4 -0.04334895528986384
4.5 -0.04334896551501687
4.6 -0.04334895518874831
4.699999999999999 -0.04334893486889735
4.799999999999999 -0.04334892015434522
4.899999999999999 -0.04334891441875702
4.999999999999998 -0.04334891334853209
5.099999999999998 -0.04334891443421835
5.199999999999998 -0.04334892021441275
5.299999999999997 -0.04334893498930786
5.399999999999997 -0.04334895530514137
5.499999999999996 -0.0433489655166627
5.599999999999996 -0.04334895517533639
5.699999999999996 -0.04334893485350012
5.799999999999995 -0.0433489201456658
5.899999999999995 -0.04334891441583034
5.999999999999995 -0.04334891334810141
6.099999999999994 -0.04334891443550999
6.199999999999994 -0.04334892021894497
6.299999999999994 -0.04334893499729055
6.399999999999993 -0.04334895531134864
6.499999999999993 -0.04334896551427503
6.599999999999993 -0.04334895516604291
6.699999999999992 -0.04334893484518237
6.799999999999992 -0.0433489201419762
6.899999999999991 -0.04334891441536642
6.999999999999991 -0.04334891334898781
7.099999999999991 -0.04334891443738956
7.19999999999999 -0.04334892022229832
7.29999999999999 -0.04334893500144094
7.39999999999999 -0.04334895531313654
7.499999999999989 -0.04334896551115337
7.599999999999989 -0.04334895516044009
7.699999999999989 -0.0433489348413854
7.799999999999988 -0.04334892014100891
7.899999999999988 -0.04334891441585631
7.999999999999988 -0.04334891334988401
8.099999999999987 -0.04334891443890985
8.199999999999987 -0.04334892022559515
8.299999999999986 -0.04334893500696307
8.399999999999986 -0.04334895531812361
8.499999999999986 -0.04334896551110625
8.599999999999985 -0.04334895515552249
8.699999999999985 -0.04334893483644232
8.799999999999985 -0.04334892013894174
8.899999999999984 -0.04334891441610769
8.999999999999984 -0.04334891335150581
9.099999999999984 -0.0433489144426798
9.199999999999983 -0.04334892023356376
9.299999999999983 -0.04334893501856593
9.399999999999983 -0.04334895532576771
9.499999999999982 -0.04334896550634817
9.599999999999982 -0.04334895514229558
9.699999999999982 -0.04334893482618084
9.799999999999981 -0.0433489201358265
9.899999999999981 -0.04334891441696204
9.99999999999998 -0.0433489133532666
10.09999999999998 -0.04334891444614579
10.19999999999998 -0.04334892024285912
10.29999999999998 -0.0433489350355075
10.39999999999998 -0.04334895534123556
10.49999999999998 -0.04334896550555045
10.59999999999998 -0.04334895512600159
10.69999999999998 -0.04334893480993043
10.79999999999998 -0.04334892012831172
10.89999999999998 -0.04334891441574873
10.99999999999998 -0.04334891335431648
11.09999999999998 -0.04334891444969102
11.19999999999998 -0.04334892025295982
11.29999999999998 -0.04334893505336769
11.39999999999998 -0.0433489553562018
11.49999999999998 -0.04334896550231449
11.59999999999997 -0.04334895510712045
11.69999999999997 -0.04334893479252208
11.79999999999997 -0.04334892012077918
11.89999999999997 -0.04334891441479564
11.99999999999997 -0.04334891335537495
12.09999999999997 -0.04334891445242037
12.19999999999997 -0.04334892026045084
12.29999999999997 -0.04334893506651035
12.39999999999997 -0.04334895536682934
12.49999999999997 -0.04334896549909086
12.59999999999997 -0.04334895509240517
12.69999999999997 -0.04334893477917465
12.79999999999997 -0.04334892011478628
12.89999999999997 -0.04334891441352264
12.99999999999997 -0.04334891335525712
13.09999999999997 -0.04334891445271921
13.19999999999997 -0.04334892026289649
13.29999999999997 -0.04334893507250282
13.39999999999997 -0.0433489553733793
13.49999999999997 -0.04334896550006919
13.59999999999997 -0.04334895508690997
13.69999999999997 -0.04334893477250609
13.79999999999997 -0.04334892011062721
13.89999999999997 -0.04334891441154888
13.99999999999997 -0.04334891335402155
14.09999999999997 -0.04334891445163475
14.19999999999997 -0.04334892026257003
14.29999999999997 -0.04334893507408421
14.39999999999996 -0.04334895537673333
14.49999999999996 -0.04334896550270065
14.59999999999996 -0.04334895508669545
14.69999999999996 -0.04334893477026758
14.79999999999996 -0.0433489201082006
14.89999999999996 -0.0433489144096169
14.99999999999996 -0.04334891335238746
15.09999999999996 -0.04334891445034118
15.19999999999996 -0.04334892026274093
15.29999999999996 -0.04334893507751042
15.39999999999996 -0.0433489553830056
15.49999999999996 -0.04334896550735798
15.59999999999996 -0.04334895508619606
15.69999999999996 -0.04334893476646252
15.79999999999996 -0.04334892010443311
15.89999999999996 -0.04334891440683612
15.99999999999996 -0.04334891335011286
16.09999999999996 -0.04334891444910249
16.19999999999996 -0.04334892026552595
16.29999999999996 -0.04334893508773995
16.39999999999996 -0.04334895539750672
16.49999999999996 -0.04334896551475606
16.59999999999997 -0.04334895508094774
16.69999999999997 -0.04334893475599452
16.79999999999997 -0.04334892009673392
16.89999999999997 -0.0433489144029324
16.99999999999997 -0.04334891334826865
17.09999999999997 -0.04334891444997892
17.19999999999997 -0.0433489202734423
17.29999999999998 -0.04334893510553386
17.39999999999998 -0.04334895541640069
17.49999999999998 -0.0433489655177136
17.59999999999998 -0.04334895506583353
17.69999999999998 -0.0433489347382762
17.79999999999998 -0.04334892008693309
17.89999999999998 -0.04334891439977938
17.99999999999999 -0.04334891334789465
18.09999999999999 -0.04334891445273986
18.19999999999999 -0.04334892028419711
18.29999999999999 -0.04334893512647005
18.39999999999999 -0.04334895543589505
18.49999999999999 -0.04334896551694679
18.59999999999999 -0.04334895504548995
18.7 -0.04334893471755102
18.8 -0.04334892007671323
18.9 -0.04334891439730329
19 -0.04334891334819183
19.1 -0.04334891445550675
19.2 -0.04334892029341858
19.3 -0.04334893514373231
19.40000000000001 -0.04334895545117676
19.50000000000001 -0.04334896551492745
19.60000000000001 -0.04334895502766245
19.70000000000001 -0.04334893470022068
19.80000000000001 -0.04334892006866579
19.90000000000001 -0.04334891439615954
20.00000000000001 -0.04334891334997876
20.10000000000002 -0.04334891445961898
20.20000000000002 -0.04334892030129733
20.30000000000002 -0.04334893515375129
20.40000000000002 -0.04334895545511681
20.50000000000002 -0.04334896550629232
20.60000000000002 -0.04334895501306166
20.70000000000002 -0.04334893469074412
20.80000000000003 -0.04334892006661193
20.90000000000003 -0.0433489143977377
21.00000000000003 -0.04334891335223497
21.10000000000003 -0.04334891446209641
21.20000000000003 -0.04334892030458302
21.30000000000003 -0.04334893515726788
21.40000000000003 -0.04334895545606711
21.50000000000004 -0.04334896550277401
21.60000000000004 -0.0433489550077434
21.70000000000004 -0.04334893468752481
21.80000000000004 -0.04334892006617554
21.90000000000004 -0.04334891439875816
22.00000000000004 -0.04334891335382332
22.10000000000004 -0.04334891446427512
22.20000000000005 -0.04334892030748665
22.30000000000005 -0.0433489351598895
22.40000000000005 -0.04334895545606693
22.50000000000005 -0.04334896549930711
22.60000000000005 -0.0433489550036245
22.70000000000005 -0.0433489346857445
22.80000000000005 -0.04334892006670596
22.90000000000006 -0.04334891440010975
23.00000000000006 -0.04334891335524683
23.10000000000006 -0.04334891446643872
23.20000000000006 -0.04334892031204586
23.30000000000006 -0.04334893516724936
23.40000000000006 -0.04334895546216079
23.50000000000006 -0.04334896549827345
23.60000000000007 -0.04334895499645777
23.70000000000007 -0.04334893467916413
23.80000000000007 -0.04334892006398237
23.90000000000007 -0.04334891439974404
24.00000000000007 -0.04334891335539104
24.10000000000007 -0.04334891446788307
24.20000000000007 -0.04334892031850591
24.30000000000008 -0.04334893518127113
24.40000000000008 -0.04334895547717153
24.50000000000008 -0.04334896550097853
24.60000000000008 -0.04334895498499483
24.70000000000008 -0.04334893466555266
24.80000000000008 -0.04334892005645134
24.90000000000008 -0.04334891439717935
25.00000000000009 -0.04334891335461637
25.10000000000009 -0.04334891446930467
25.20000000000009 -0.04334892032664609
25.30000000000009 -0.04334893519892082
25.40000000000009 -0.04334895549522806
25.50000000000009 -0.04334896550266096
25.60000000000009 -0.04334895496908845
25.7000000000001 -0.04334893464781798
25.8000000000001 -0.04334892004687891
25.9000000000001 -0.04334891439399705
26.0000000000001 -0.04334891335364321
26.1000000000001 -0.04334891447035356
26.2000000000001 -0.0433489203337992
26.3000000000001 -0.04334893521472347
26.40000000000011 -0.04334895551129993
26.50000000000011 -0.04334896550379667
26.60000000000011 -0.04334895495434798
26.70000000000011 -0.04334893463142254
26.80000000000011 -0.04334892003772971
26.90000000000011 -0.04334891439051125
27.00000000000011 -0.04334891335197335
27.10000000000012 -0.04334891446976345
27.20000000000012 -0.04334892033706791
27.30000000000012 -0.04334893522443314
27.40000000000012 -0.04334895552305816
27.50000000000012 -0.04334896550717177
27.60000000000012 -0.04334895494658694
27.70000000000012 -0.04334893462069299
27.80000000000013 -0.04334892003063411
27.90000000000013 -0.04334891438715412
28.00000000000013 -0.04334891335031493
28.10000000000013 -0.04334891446908935
28.20000000000013 -0.04334892033843179
28.30000000000013 -0.04334893522884752
28.40000000000013 -0.04334895552836295
28.50000000000014 -0.04334896550857752
28.60000000000014 -0.04334895494288433
28.70000000000014 -0.04334893461557791
28.80000000000014 -0.04334892002709682
28.90000000000014 -0.04334891438530241
29.00000000000014 -0.04334891334930509
29.10000000000014 -0.04334891446877532
29.20000000000014 -0.0433489203397671
29.30000000000015 -0.04334893523286312
29.40000000000015 -0.04334895553360317
29.50000000000015 -0.04334896551087143
29.60000000000015 -0.0433489549405213
29.70000000000015 -0.04334893461144
29.80000000000015 -0.0433489200240192
29.90000000000015 -0.04334891438356815
30.00000000000016 -0.04334891334827097
30.10000000000016 -0.04334891446886945
30.20000000000016 -0.04334892034323764
30.30000000000016 -0.04334893524172444
30.40000000000016 -0.04334895554435131
30.50000000000016 -0.04334896551465411
30.60000000000016 -0.04334895493459763
30.70000000000017 -0.04334893460281024
30.80000000000017 -0.043348920018705
30.90000000000017 -0.04334891438179567
31.00000000000017 -0.04334891334860659
31.10000000000017 -0.04334891447214682
31.20000000000017 -0.04334892035272712
31.30000000000017 -0.04334893525792542
31.40000000000018 -0.04334895555757678
31.50000000000018 -0.04334896551162168
31.60000000000018 -0.04334895491795131
31.70000000000018 -0.04334893458774063
31.80000000000018 -0.04334892001245462
31.90000000000018 -0.04334891438127174
32.00000000000018 -0.0433489133498879
32.10000000000019 -0.04334891447588275
32.20000000000019 -0.04334892036367163
32.30000000000019 -0.04334893527798941
32.40000000000019 -0.0433489555755732
32.50000000000019 -0.04334896551006237
32.60000000000019 -0.04334895489822876
32.70000000000019 -0.04334893456837988
32.8000000000002 -0.043348920003554
32.9000000000002 -0.04334891437997215
33.0000000000002 -0.04334891335155179
33.1000000000002 -0.0433489144805241
33.2000000000002 -0.04334892037497145
33.3000000000002 -0.04334893529595471
33.4000000000002 -0.04334895558833626
33.50000000000021 -0.04334896550336819
33.60000000000021 -0.04334895487734516
33.70000000000021 -0.04334893455121495
33.80000000000021 -0.04334891999728933
33.90000000000021 -0.04334891438039163
34.00000000000021 -0.04334891335400806
34.10000000000021 -0.04334891448458087
34.20000000000022 -0.04334892038275723
34.30000000000022 -0.04334893530677578
34.40000000000022 -0.04334895559417942
34.50000000000022 -0.04334896549642511
34.60000000000022 -0.04334895486290203
34.70000000000022 -0.04334893454073704
34.80000000000022 -0.0433489199941275
34.90000000000023 -0.04334891438114977
35.00000000000023 -0.04334891335558712
35.10000000000023 -0.04334891448638064
35.20000000000023 -0.04334892038548829
35.30000000000023 -0.04334893531020687
35.40000000000023 -0.04334895559569513
35.50000000000023 -0.04334896549373052
35.60000000000024 -0.04334895485802044
35.70000000000024 -0.04334893453736408
35.80000000000024 -0.04334891999315232
35.90000000000024 -0.04334891438139275
36.00000000000024 -0.04334891335604957
36.10000000000024 -0.04334891448682741
36.20000000000024 -0.04334892038608151
36.30000000000025 -0.04334893531099156
36.40000000000025 -0.04334895559623819
36.50000000000025 -0.04334896549349331
36.60000000000025 -0.04334895485719605
36.70000000000025 -0.04334893453662924
36.80000000000025 -0.04334891999275313
36.90000000000025 -0.04334891438107785
37.00000000000026 -0.04334891335560437
37.10000000000026 -0.04334891448665888
37.20000000000026 -0.04334892038762123
37.30000000000026 -0.04334893531577299
37.40000000000026 -0.04334895560280061
37.50000000000026 -0.04334896549675846
37.60000000000026 -0.04334895485479805
37.70000000000027 -0.04334893453195015
37.80000000000027 -0.04334891998922334
37.90000000000027 -0.04334891437887069
38.00000000000027 -0.04334891335374293
38.10000000000027 -0.04334891448583988
38.20000000000027 -0.04334892039148674
38.30000000000027 -0.04334893532804993
38.40000000000028 -0.04334895561911431
38.50000000000028 -0.04334896550387855
38.60000000000028 -0.0433489548474533
38.70000000000028 -0.04334893451954504
38.80000000000028 -0.04334891998064642
38.90000000000028 -0.04334891437467477
39.00000000000028 -0.04334891335157967
39.10000000000029 -0.0433489144862679
39.20000000000029 -0.04334892039924741
39.30000000000029 -0.0433489353464863
39.40000000000029 -0.04334895563921192
39.50000000000029 -0.04334896550755971
39.60000000000029 -0.04334895483204108
39.70000000000029 -0.04334893450095299
39.8000000000003 -0.04334891996990699
39.9000000000003 -0.04334891437058644
40.0000000000003 -0.04334891335004862
40.1000000000003 -0.04334891448735422
40.2000000000003 -0.04334892040778681
40.3000000000003 -0.04334893536553903
40.4000000000003 -0.04334895565889384
40.50000000000031 -0.04334896550959699
40.60000000000031 -0.04334895481493013
40.70000000000031 -0.0433489344815409
40.80000000000031 -0.04334891995904754
40.90000000000031 -0.04334891436665424
41.00000000000031 -0.04334891334867626
41.10000000000031 -0.04334891448796836
41.20000000000032 -0.0433489204138772
41.30000000000032 -0.04334893537938925
41.40000000000032 -0.04334895567318764
41.50000000000032 -0.04334896551087394
41.60000000000032 -0.04334895480211987
41.70000000000032 -0.043348934467054
41.80000000000032 -0.04334891995099033
41.90000000000033 -0.04334891436413387
42.00000000000033 -0.04334891334876326
42.10000000000033 -0.04334891449000314
42.20000000000033 -0.04334892041896102
42.30000000000033 -0.04334893538677551
42.40000000000033 -0.04334895567722367
42.50000000000033 -0.04334896550619395
42.60000000000034 -0.04334895479229239
42.70000000000034 -0.04334893445976635
42.80000000000034 -0.04334891994850892
42.90000000000034 -0.04334891436428079
43.00000000000034 -0.04334891334955999
43.10000000000034 -0.04334891449117362
43.20000000000034 -0.04334892042131899
43.30000000000035 -0.04334893539063205
43.40000000000035 -0.04334895568053316
43.50000000000035 -0.04334896550583375
43.60000000000035 -0.04334895478855592
43.70000000000035 -0.04334893445605743
43.80000000000035 -0.04334891994679083
43.90000000000035 -0.04334891436423166
44.00000000000036 -0.04334891335058066
44.10000000000036 -0.04334891449358725
44.20000000000036 -0.04334892042599451
44.30000000000036 -0.04334893539687655
44.40000000000036 -0.04334895568409829
44.50000000000036 -0.04334896550264405
44.60000000000036 -0.04334895478131238
44.70000000000037 -0.04334893445089501
44.80000000000037 -0.04334891994565076
44.90000000000037 -0.04334891436531547
45.00000000000037 -0.0433489133524527
45.10000000000037 -0.04334891449713827
45.20000000000037 -0.04334892043382756
45.30000000000037 -0.0433489354092336
45.40000000000038 -0.04334895569357534
45.50000000000038 -0.04334896549960588
45.60000000000038 -0.04334895476840259
45.70000000000038 -0.04334893443977018
45.80000000000038 -0.04334891994148207
45.90000000000038 -0.04334891436546396
46.00000000000038 -0.04334891335392427
46.10000000000039 -0.04334891450073683
46.20000000000039 -0.04334892044366353
46.30000000000039 -0.04334893542673188
46.40000000000039 -0.04334895570882474
46.50000000000039 -0.04334896549770378
46.60000000000039 -0.04334895475113004
46.70000000000039 -0.04334893442331319
46.8000000000004 -0.04334891993421575
46.9000000000004 -0.0433489143645126
47.0000000000004 -0.04334891335511684
47.1000000000004 -0.04334891450434565
47.2000000000004 -0.04334892045373706
47.3000000000004 -0.0433489354442938
47.4000000000004 -0.04334895572312827
47.50000000000041 -0.0433489654938969
47.60000000000041 -0.04334895473228588
47.70000000000041 -0.04334893440629772
47.80000000000041 -0.04334891992693284
47.90000000000041 -0.04334891436356014
48.00000000000041 -0.04334891335603884
48.10000000000041 -0.04334891450681976
48.20000000000041 -0.04334892046072398
48.30000000000042 -0.04334893545665004
48.40000000000042 -0.04334895573315208
48.50000000000042 -0.04334896549096974
48.60000000000042 -0.04334895471864217
48.70000000000042 -0.04334893439386885
48.80000000000042 -0.04334891992123013
48.90000000000042 -0.04334891436215098
49.00000000000043 -0.04334891335562965
49.10000000000043 -0.04334891450669672
49.20000000000043 -0.04334892046249668
49.30000000000043 -0.04334893546182207
49.40000000000043 -0.04334895573934532
49.50000000000043 -0.04334896549259411
49.60000000000043 -0.04334895471432963
49.70000000000044 -0.04334893438801005
49.80000000000044 -0.04334891991727913
49.90000000000044 -0.04334891436011563
50.00000000000044 -0.0433489133543743
50.10000000000044 -0.04334891450573315
50.20000000000044 -0.04334892046234042
50.30000000000044 -0.04334893546338405
50.40000000000045 -0.04334895574231189
50.50000000000045 -0.04334896549468962
50.60000000000045 -0.04334895471386925
50.70000000000045 -0.04334893438588881
50.80000000000045 -0.04334891991506966
50.90000000000045 -0.04334891435828885
51.00000000000045 -0.0433489133526835
51.10000000000046 -0.04334891450432041
51.20000000000046 -0.04334892046264036
51.30000000000046 -0.04334893546760067
51.40000000000046 -0.04334895574992945
51.50000000000046 -0.0433489655002911
51.60000000000046 -0.04334895471324997
51.70000000000046 -0.04334893438136805
51.80000000000047 -0.04334891991067539
51.90000000000047 -0.04334891435514515
52.00000000000047 -0.04334891335022851
52.10000000000047 -0.04334891450314819
52.20000000000047 -0.0433489204660228
52.30000000000047 -0.04334893547901911
52.40000000000047 -0.04334895576540828
52.50000000000048 -0.04334896550740224
52.60000000000048 -0.04334895470673555
52.70000000000048 -0.04334893436983282
52.80000000000048 -0.04334891990261
52.90000000000048 -0.04334891435139007
53.00000000000048 -0.04334891334888718
53.10000000000048 -0.0433489145049827
53.20000000000049 -0.04334892047534994
53.30000000000049 -0.0433489354978479
53.40000000000049 -0.04334895578347905
53.50000000000049 -0.04334896550770944
53.60000000000049 -0.04334895468936513
53.70000000000049 -0.04334893435160749
53.80000000000049 -0.04334891989332702
53.9000000000005 -0.04334891434870988
54.0000000000005 -0.04334891334849215
54.1000000000005 -0.04334891450724378
54.2000000000005 -0.04334892048546721
54.3000000000005 -0.0433489355186949
54.4000000000005 -0.04334895580400067
54.5000000000005 -0.04334896550864161
54.60000000000051 -0.04334895467017486
54.70000000000051 -0.04334893433095513
54.80000000000051 -0.04334891988262587
54.90000000000051 -0.04334891434593093
55.00000000000051 -0.0433489133490856
55.10000000000051 -0.04334891451094281
55.20000000000051 -0.04334892049561261
55.30000000000052 -0.04334893553531258
55.40000000000052 -0.04334895581603499
55.50000000000052 -0.04334896550272872
55.60000000000052 -0.04334895465097939
55.70000000000052 -0.04334893431489156
55.80000000000052 -0.04334891987642389
55.90000000000052 -0.04334891434595067
56.00000000000053 -0.04334891335119673
56.10000000000053 -0.04334891451462831
56.20000000000053 -0.04334892050241014
56.30000000000053 -0.04334893554419334
56.40000000000053 -0.04334895582006526
56.50000000000053 -0.04334896549595404
56.60000000000053 -0.04334895463858675
56.70000000000054 -0.04334893430641337
56.80000000000054 -0.04334891987421846
56.90000000000054 -0.04334891434706451
57.00000000000054 -0.04334891335320075
57.10000000000054 -0.04334891451711163
57.20000000000054 -0.04334892050566464
57.30000000000054 -0.04334893554721909
57.40000000000055 -0.04334895582006246
57.50000000000055 -0.04334896549177151
57.60000000000055 -0.04334895463348584
57.70000000000055 -0.04334893430393266
57.80000000000055 -0.04334891987443279
57.90000000000055 -0.04334891434844103
58.00000000000055 -0.04334891335491865
58.10000000000056 -0.04334891451931643
58.20000000000056 -0.0433489205086344
58.30000000000056 -0.04334893555008414
58.40000000000056 -0.04334895582044219
58.50000000000056 -0.04334896548853515
58.60000000000056 -0.0433489546292653
58.70000000000056 -0.04334893430186958
58.80000000000057 -0.0433489198747037
58.90000000000057 -0.0433489143495917
59.00000000000057 -0.04334891335616362
59.10000000000057 -0.04334891452140383
59.20000000000057 -0.04334892051350397
59.30000000000057 -0.04334893555838543
59.40000000000057 -0.04334895582771964
59.50000000000058 -0.04334896548798259
59.60000000000058 -0.04334895462159723
59.70000000000058 -0.0433489342944703
59.80000000000058 -0.04334891987138999
59.90000000000058 -0.04334891434887245
60.00000000000058 -0.04334891335603596
60.10000000000058 -0.04334891452268681
60.20000000000059 -0.04334892052018815
60.30000000000059 -0.04334893557320669
60.40000000000059 -0.04334895584364413
60.50000000000059 -0.04334896549088016
60.60000000000059 -0.04334895460954413
60.70000000000059 -0.04334893428013892
60.80000000000059 -0.04334891986341143
60.9000000000006 -0.04334891434612947
61.0000000000006 -0.04334891335529122
61.1000000000006 -0.04334891452438571
61.2000000000006 -0.04334892052883072
61.3000000000006 -0.04334893559115035
61.4000000000006 -0.04334895586109769
61.5000000000006 -0.04334896549124111
61.60000000000061 -0.04334895459273469
61.70000000000061 -0.04334893426235819
61.80000000000061 -0.04334891985412972
61.90000000000061 -0.04334891434311444
62.00000000000061 -0.04334891335425766
62.10000000000061 -0.04334891452516162
62.20000000000061 -0.04334892053552541
62.30000000000062 -0.0433489356064742
62.40000000000062 -0.04334895587708244
62.50000000000062 -0.04334896549299465
62.60000000000062 -0.04334895457895449
62.70000000000062 -0.04334893424656378
62.80000000000062 -0.04334891984503151
62.90000000000062 -0.04334891433941609
63.00000000000063 -0.04334891335237369
63.10000000000063 -0.04334891452437385
63.20000000000063 -0.04334892053841596
63.30000000000063 -0.04334893561543841
63.40000000000063 -0.04334895588799497
63.50000000000063 -0.04334896549614978
63.60000000000063 -0.0433489545718111
63.70000000000064 -0.04334893423665225
63.80000000000064 -0.0433489198384567
63.90000000000064 -0.04334891433636744
64.00000000000064 -0.04334891335109311
64.10000000000063 -0.04334891452426542
64.20000000000063 -0.04334892054028282
64.30000000000062 -0.04334893561964741
64.40000000000062 -0.04334895589199996
64.50000000000061 -0.04334896549599677
64.60000000000061 -0.04334895456757863
64.7000000000006 -0.04334893423207083
64.80000000000059 -0.04334891983565151
64.90000000000059 -0.04334891433485993
65.00000000000058 -0.04334891334989684
65.10000000000058 -0.04334891452331715
65.20000000000057 -0.04334892054097508
65.30000000000057 -0.04334893562398918
65.40000000000056 -0.04334895589921314
65.50000000000055 -0.04334896550080374
65.60000000000055 -0.04334895456633651
65.70000000000054 -0.04334893422743986
65.80000000000054 -0.04334891983164359
65.90000000000053 -0.04334891433263968
66.00000000000053 -0.04334891334911593
66.10000000000052 -0.04334891452451211
66.20000000000051 -0.04334892054617941
66.30000000000051 -0.04334893563397939
66.4000000000005 -0.04334895590862311
66.5000000000005 -0.04334896550099246
66.60000000000049 -0.043348954557478
66.70000000000049 -0.04334893421826848
66.80000000000048 -0.04334891982723102
66.90000000000047 -0.04334891433178452
67.00000000000047 -0.04334891334979322
67.10000000000046 -0.04334891452766367
67.20000000000046 -0.04334892055563236
67.30000000000045 -0.04334893565096475
67.40000000000045 -0.04334895592352721
67.50000000000044 -0.04334896549940864
67.60000000000043 -0.04334895454100358
67.70000000000043 -0.04334893420238874
67.80000000000042 -0.04334891982006561
67.90000000000042 -0.04334891433071397
68.00000000000041 -0.04334891335098959
68.10000000000041 -0.04334891453178055
68.2000000000004 -0.04334892056724304
68.3000000000004 -0.043348935671252
68.40000000000039 -0.04334895594042677
68.50000000000038 -0.04334896549593035
68.60000000000038 -0.04334895452020442
68.70000000000037 -0.043348934183278
68.80000000000037 -0.04334891981191259
68.90000000000036 -0.04334891433000432
69.00000000000036 -0.04334891335298285
69.10000000000035 -0.04334891453654439
69.20000000000034 -0.04334892057834864
69.30000000000034 -0.04334893568846432
69.40000000000033 -0.04334895595205411
69.50000000000033 -0.04334896548864178
69.60000000000032 -0.04334895449979306
69.70000000000032 -0.04334893416696849
69.80000000000031 -0.04334891980614922
69.9000000000003 -0.04334891433052968
70.0000000000003 -0.04334891335537089
70.10000000000029 -0.04334891454038795
70.20000000000029 -0.04334892058555717
70.30000000000028 -0.04334893569824166
70.40000000000028 -0.04334895595699864
70.50000000000027 -0.04334896548194587
70.60000000000026 -0.04334895448664222
70.70000000000026 -0.04334893415767539
70.80000000000025 -0.04334891980345279
70.90000000000025 -0.04334891433124013
71.00000000000024 -0.04334891335669347
71.10000000000024 -0.04334891454176454
71.20000000000023 -0.04334892058760247
71.30000000000022 -0.04334893570088908
71.40000000000022 -0.04334895595829389
71.50000000000021 -0.04334896548005028
71.60000000000021 -0.04334895448296863
71.7000000000002 -0.04334893415502403
71.8000000000002 -0.04334891980259394
71.90000000000019 -0.04334891433136492
72.00000000000018 -0.04334891335709459
72.10000000000018 -0.04334891454231098
72.20000000000017 -0.0433489205884357
72.30000000000017 -0.04334893570189374
72.40000000000016 -0.04334895595878047
72.50000000000016 -0.04334896547943921
72.60000000000015 -0.04334895448176718
72.70000000000014 -0.04334893415415032
72.80000000000014 -0.04334891980220583
72.90000000000013 -0.04334891433100509
73.00000000000013 -0.04334891335643084
73.10000000000012 -0.04334891454183463
73.20000000000012 -0.04334892058999602
73.30000000000011 -0.0433489357076295
73.40000000000011 -0.04334895596715621
73.5000000000001 -0.04334896548409246
73.60000000000009 -0.04334895447932675
73.70000000000009 -0.0433489341485235
73.80000000000008 -0.04334891979776202
73.90000000000008 -0.04334891432822995
74.00000000000007 -0.0433489133542785
74.10000000000007 -0.04334891454104638
74.20000000000006 -0.043348920594464
74.30000000000005 -0.0433489357210575
74.40000000000005 -0.04334895598428724
74.50000000000004 -0.0433489654907296
74.60000000000004 -0.04334895447065212
74.70000000000003 -0.0433489341351023
74.80000000000003 -0.04334891978885258
74.90000000000002 -0.04334891432413172
75.00000000000001 -0.0433489133524669
75.10000000000001 -0.04334891454215686
75.2 -0.04334892060324992
75.3 -0.04334893574023441
75.39999999999999 -0.04334895600372164
75.49999999999999 -0.04334896549242073
75.59999999999998 -0.04334895445362763
75.69999999999997 -0.04334893411620471
75.79999999999997 -0.04334891977848439
75.89999999999996 -0.04334891432029486
75.99999999999996 -0.04334891335075639
76.09999999999995 -0.04334891454263334
76.19999999999995 -0.04334892061100571
76.29999999999994 -0.04334893575897391
76.39999999999993 -0.04334895602423953
76.49999999999993 -0.04334896549616913
76.59999999999992 -0.04334895443786448
76.69999999999992 -0.04334893409706495
76.79999999999991 -0.04334891976725211
76.89999999999991 -0.04334891431609998
76.9999999999999 -0.04334891334969462
77.09999999999989 -0.04334891454417628
77.19999999999989 -0.04334892061799415
77.29999999999988 -0.04334893577217101
77.39999999999988 -0.0433489560353706
77.49999999999987 -0.04334896549370003
77.59999999999987 -0.04334895442375936
77.69999999999986 -0.0433489340838145
77.79999999999986 -0.04334891976098441
77.89999999999985 -0.04334891431470365
77.99999999999984 -0.04334891335007706
78.09999999999984 -0.04334891454578182
78.19999999999983 -0.04334892062211387
78.29999999999983 -0.04334893577877359
78.39999999999982 -0.04334895603998037
78.49999999999982 -0.04334896549108488
78.59999999999981 -0.04334895441589712
78.6999999999998 -0.04334893407715945
78.7999999999998 -0.04334891975816174
78.89999999999979 -0.04334891431439185
78.99999999999979 -0.04334891335076195
79.09999999999978 -0.04334891454725163
79.19999999999978 -0.04334892062492961
79.29999999999977 -0.04334893578265207
79.39999999999976 -0.04334895604238495
79.49999999999976 -0.04334896548939859
79.59999999999975 -0.04334895441153282
79.69999999999975 -0.04334893407377904
79.79999999999974 -0.04334891975713333
79.89999999999974 -0.04334891431489894
79.99999999999973 -0.04334891335210531
80.09999999999972 -0.04334891454989419
80.19999999999972 -0.04334892062996949
80.29999999999971 -0.04334893578949041
80.39999999999971 -0.04334895604644731
80.4999999999997 -0.0433489654861264
80.5999999999997 -0.04334895440371289
80.69999999999969 -0.0433489340680638
80.79999999999968 -0.04334891975571213
80.89999999999968 -0.0433489143158828
80.99999999999967 -0.04334891335395203
81.09999999999967 -0.04334891455357028
81.19999999999966 -0.04334892063830401
81.29999999999966 -0.04334893580275098
81.39999999999965 -0.04334895605664878
81.49999999999964 -0.04334896548295657
81.59999999999964 -0.0433489543900488
81.69999999999963 -0.04334893405628387
81.79999999999963 -0.04334891975123666
81.89999999999962 -0.0433489143159007
81.99999999999962 -0.04334891335530662
82.09999999999961 -0.04334891455709158
82.1999999999996 -0.0433489206482605
82.2999999999996 -0.04334893582059662
82.39999999999959 -0.04334895607214966
82.49999999999959 -0.04334896548092157
82.59999999999958 -0.04334895437245835
82.69999999999958 -0.04334893403959723
82.79999999999957 -0.04334891974385319
82.89999999999957 -0.04334891431491511
82.99999999999956 -0.04334891335658544
83.09999999999955 -0.04334891456094127
83.19999999999955 -0.04334892065856175
83.29999999999954 -0.04334893583785883
83.39999999999954 -0.04334895608528135
83.49999999999953 -0.04334896547582777
83.59999999999953 -0.043348954353317
83.69999999999952 -0.04334893402312424
83.79999999999951 -0.04334891973712097
83.89999999999951 -0.04334891431414353
83.9999999999995 -0.04334891335733475
84.0999999999995 -0.04334891456290019
84.19999999999949 -0.04334892066467823
84.29999999999949 -0.04334893584932226
84.39999999999948 -0.04334895609524732
84.49999999999947 -0.04334896547415221
84.59999999999947 -0.04334895434134221
84.69999999999946 -0.04334893401158692
84.79999999999946 -0.04334891973141085
84.89999999999945 -0.0433489143123738
84.99999999999945 -0.04334891335659962
85.09999999999944 -0.04334891456250955
85.19999999999943 -0.04334892066603212
85.29999999999943 -0.0433489358537721
85.39999999999942 -0.04334895610072671
85.49999999999942 -0.04334896547571689
85.59999999999941 -0.04334895433768467
85.69999999999941 -0.04334893400646161
85.7999999999994 -0.04334891972786622
85.89999999999939 -0.04334891431051698
85.99999999999939 -0.04334891335552672
86.09999999999938 -0.04334891456184983
86.19999999999938 -0.04334892066623107
86.29999999999937 -0.04334893585546039
86.39999999999937 -0.04334895610331944
86.49999999999936 -0.04334896547715011
86.59999999999935 -0.04334895433684625
86.69999999999935 -0.04334893400441176
86.79999999999934 -0.04334891972585344
86.89999999999934 -0.04334891430867505
86.99999999999933 -0.0433489133534509
87.09999999999933 -0.04334891455975424
87.19999999999932 -0.04334892066608207
87.29999999999932 -0.04334893586047357
87.39999999999931 -0.04334895611334548
87.4999999999993 -0.04334896548520427
87.5999999999993 -0.04334895433684989
87.69999999999929 -0.04334893399892981
87.79999999999929 -0.04334891972030618
87.89999999999928 -0.04334891430497687
87.99999999999928 -0.04334891335121963
88.09999999999927 -0.04334891455968102
88.19999999999926 -0.0433489206712939
88.29999999999926 -0.04334893587324501
88.39999999999925 -0.04334895612769248
88.49999999999925 -0.04334896548870636
88.59999999999924 -0.04334895432719409
88.69999999999924 -0.04334893398663692
88.79999999999923 -0.04334891971299915
88.89999999999922 -0.04334891430204803
88.99999999999922 -0.04334891335014669
89.09999999999921 -0.04334891456131777
89.19999999999921 -0.0433489206805146
89.2999999999992 -0.0433489358928056
89.3999999999992 -0.04334895614742842
89.49999999999919 -0.04334896549050486
89.59999999999918 -0.04334895431008035
89.69999999999918 -0.04334893396767365
89.79999999999917 -0.04334891970283617
89.89999999999917 -0.04334891429885956
89.99999999999916 -0.04334891334976189
90.09999999999916 -0.04334891456410678
90.19999999999915 -0.04334892069136604
90.29999999999914 -0.04334893591363247
90.39999999999914 -0.04334895616625609
90.49999999999913 -0.0433489654889825
90.59999999999913 -0.04334895428975968
90.69999999999912 -0.04334893394758253
90.79999999999912 -0.04334891969322154
90.89999999999911 -0.04334891429689725
90.9999999999991 -0.04334891335081928
91.0999999999991 -0.04334891456798702
91.19999999999909 -0.04334892070126195
91.29999999999909 -0.0433489359293202
91.39999999999908 -0.04334895617699607
91.49999999999908 -0.04334896548251019
91.59999999999907 -0.04334895427122473
91.69999999999906 -0.04334893393255307
91.79999999999906 -0.04334891968763471
91.89999999999905 -0.04334891429711435
91.99999999999905 -0.04334891335298022
92.09999999999904 -0.04334891457162159
92.19999999999904 -0.04334892070765353
92.29999999999903 -0.04334893593723195
92.39999999999903 -0.04334895617999696
92.49999999999902 -0.04334896547569624
92.59999999999901 -0.04334895425989974
92.69999999999901 -0.04334893392523998
92.799999999999 -0.04334891968602856
92.899999999999 -0.04334891429835535
92.99999999999899 -0.04334891335489498
93.09999999999899 -0.04334891457386832
93.19999999999898 -0.04334892071047287
93.29999999999897 -0.04334893593973803
93.39999999999897 -0.04334895617984224
93.49999999999896 -0.04334896547204465
93.59999999999896 -0.04334895425560516
93.69999999999895 -0.04334893392325091
93.79999999999895 -0.043348919686354
93.89999999999894 -0.04334891429971461
93.99999999999893 -0.04334891335667634
94.09999999999893 -0.04334891457633338
94.19999999999892 -0.04334892071391814
94.29999999999892 -0.04334893594306329
94.39999999999891 -0.04334895618019107
94.49999999999891 -0.04334896546815357
94.5999999999989 -0.0433489542506609
94.69999999999889 -0.04334893392088097
94.79999999999889 -0.04334891968663386
94.89999999999888 -0.04334891430085947
94.99999999999888 -0.04334891335770691
95.09999999999887 -0.04334891457807351
95.19999999999887 -0.04334892071875144
95.29999999999886 -0.04334893595227362
95.39999999999885 -0.0433489561892708
95.49999999999885 -0.04334896546903445
95.59999999999884 -0.04334895424303048
95.69999999999884 -0.04334893391257875
95.79999999999883 -0.04334891968239492
95.89999999999883 -0.04334891429954862
95.99999999999882 -0.04334891335729444
96.09999999999881 -0.0433489145794078
96.19999999999881 -0.04334892072595619
96.2999999999988 -0.04334893596789466
96.3999999999988 -0.04334895620545901
96.49999999999879 -0.04334896547113729
96.59999999999879 -0.04334895422983222
96.69999999999878 -0.04334893389761212
96.79999999999878 -0.04334891967431816
96.89999999999877 -0.04334891429692952
96.99999999999876 -0.04334891335676319
97.09999999999876 -0.04334891458146494
97.19999999999875 -0.04334892073508361
97.29999999999875 -0.04334893598604202
97.39999999999874 -0.04334895622226947
97.49999999999874 -0.04334896547031348
97.59999999999873 -0.04334895421235604
97.69999999999872 -0.04334893387993484
97.79999999999872 -0.04334891966531698
97.89999999999871 -0.04334891429392135
97.99999999999871 -0.04334891335533934
98.0999999999987 -0.04334891458143896
98.1999999999987 -0.04334892074073302
98.29999999999869 -0.04334893600074316
98.39999999999868 -0.0433489562389693
98.49999999999868 -0.04334896547401906
98.59999999999867 -0.04334895420031158
98.69999999999867 -0.04334893386464519
98.79999999999866 -0.04334891965587948
98.89999999999866 -0.04334891428989014
98.99999999999865 -0.04334891335364515
99.09999999999864 -0.04334891458141172
99.19999999999864 -0.04334892074436221
99.29999999999863 -0.04334893600910783
99.39999999999863 -0.04334895624716494
99.49999999999862 -0.043348965474015
99.59999999999862 -0.04334895419211136
99.69999999999861 -0.04334893385580203
99.7999999999986 -0.04334891965080562
99.8999999999986 -0.04334891428772527
99.99999999999859 -0.04334891335246674
100.0999999999986 -0.04334891458073204
