0 -0.04334891335565252
0.1 -0.0432469210653445
0.2 -0.04313735402689394
0.3 -0.04301467327236125
0.4 -0.04287752192988526
0.5 -0.04273137173614684
0.6 -0.04258702609401178
0.7 -0.04245436612244374
0.7999999999999999 -0.04233704539555432
0.8999999999999999 -0.04223244306466583
0.9999999999999999 -0.04213464529523848
1.1 -0.04203677828926106
1.2 -0.04193201167414386
1.3 -0.04181475485547121
1.4 -0.04168332431678173
1.5 -0.04154273684921724
1.6 -0.04140368031186819
1.7 -0.04127655687865891
1.8 -0.04116589315081524
1.900000000000001 -0.04106981808072206
2 -0.04098287328481649
2.100000000000001 -0.04089839215432105
2.200000000000001 -0.04080938386366276
2.300000000000001 -0.04070922063679484
2.400000000000001 -0.04059380389607847
2.500000000000001 -0.04046510319398373
2.600000000000001 -0.04033256681412115
2.700000000000001 -0.0402087535563553
2.800000000000001 -0.04010209494699082
2.900000000000001 -0.04001368095818686
3.000000000000001 -0.03993935973235871
3.100000000000001 -0.03987307207929761
3.200000000000002 -0.03980859386989116
3.300000000000002 -0.0397398638827659
3.400000000000002 -0.03966127783384464
3.500000000000002 -0.03956913081070247
3.600000000000002 -0.03946417121674013
3.700000000000002 -0.03935311143495659
3.800000000000002 -0.03924632444599628
3.900000000000002 -0.03915253482295045
4.000000000000002 -0.03907507384078931
4.100000000000001 -0.03901220187300668
4.200000000000001 -0.03895958587805391
4.300000000000001 -0.03891225647270385
4.4 -0.03886522170540915
4.5 -0.03881328549805693
4.6 -0.03875100986490552
4.699999999999999 -0.03867376297540943
4.799999999999999 -0.03858025521248237
4.899999999999999 -0.03847521156171968
4.999999999999998 -0.0383690045313819
5.099999999999998 -0.0382728981257208
5.199999999999998 -0.03819359466129606
5.299999999999997 -0.03813163559546066
5.399999999999997 -0.03808351247961864
5.499999999999996 -0.03804439255442317
5.599999999999996 -0.03800956126315849
5.699999999999996 -0.03797457314773011
5.799999999999995 -0.03793479955844868
5.899999999999995 -0.03788509292985338
5.999999999999995 -0.03782031806328341
6.099999999999994 -0.03773739312760388
6.199999999999994 -0.0376383925070508
6.299999999999994 -0.03753208290220512
6.399999999999993 -0.03743093703103459
6.499999999999993 -0.03734500529959853
6.599999999999993 -0.03727795866451085
6.699999999999992 -0.03722781304773232
6.799999999999992 -0.03718995476699424
6.899999999999991 -0.03715951358090551
6.999999999999991 -0.03713222403070265
7.099999999999991 -0.03710425666706987
7.19999999999999 -0.03707167439077119
7.29999999999999 -0.03703003077240602
7.39999999999999 -0.03697463776034007
7.499999999999989 -0.03690204593703208
7.599999999999989 -0.03681266525124948
7.699999999999989 -0.03671281415087045
7.799999999999988 -0.03661345802586918
7.899999999999988 -0.03652536287278938
7.999999999999988 -0.03645447401575221
8.099999999999987 -0.03640101038897446
8.199999999999987 -0.03636160121210827
8.299999999999986 -0.0363317658435172
8.399999999999986 -0.03630721701150199
8.499999999999986 -0.03628396801560756
8.599999999999985 -0.03625772096086177
8.699999999999985 -0.0362229914452569
8.799999999999985 -0.03617256639974096
8.899999999999984 -0.03609846062155815
8.999999999999984 -0.03599585908564571
9.099999999999984 -0.03586933812301041
9.199999999999983 -0.03573532109720847
9.299999999999983 -0.03561460035818143
9.399999999999983 -0.03552045233256874
9.499999999999982 -0.0354542436023603
9.599999999999982 -0.03540980628797238
9.699999999999982 -0.03537927278170779
9.799999999999981 -0.03535601923068928
9.899999999999981 -0.03533503007850511
9.99999999999998 -0.03531216223289744
10.09999999999998 -0.03528325382251987
10.19999999999998 -0.03524358613877576
10.29999999999998 -0.03518820830271781
10.39999999999998 -0.0351136814175982
10.49999999999998 -0.03502106030018139
10.59999999999998 -0.03491800163700309
10.69999999999998 -0.03481690423646466
10.79999999999998 -0.03472922156947575
10.89999999999998 -0.03466062101029524
10.99999999999998 -0.0346105638931872
11.09999999999998 -0.03457498779827705
11.19999999999998 -0.03454901324473453
11.29999999999998 -0.0345282466907059
11.39999999999998 -0.03450884983236816
11.49999999999998 -0.03448694143726374
11.59999999999997 -0.03445777114056308
11.69999999999997 -0.03441512873111133
11.79999999999997 -0.03435186568807869
11.89999999999997 -0.0342627876190115
11.99999999999997 -0.03414988206282785
12.09999999999997 -0.03402570510767153
12.19999999999997 -0.03390893640491687
12.29999999999997 -0.03381406509584488
12.39999999999997 -0.03374525386515546
12.49999999999997 -0.03369847080911404
12.59999999999997 -0.03366675458912524
12.69999999999997 -0.0336436884334176
12.79999999999997 -0.03362439149040401
12.89999999999997 -0.03360519024731536
12.99999999999997 -0.03358294255682814
13.09999999999997 -0.03355449083175881
13.19999999999997 -0.03351651881595828
13.29999999999997 -0.03346608362020734
13.39999999999997 -0.03340195940920842
13.49999999999997 -0.03332630075285839
13.59999999999997 -0.03324522411372184
13.69999999999997 -0.03316703742202474
13.79999999999997 -0.03309885397706362
13.89999999999997 -0.03304409302305322
13.99999999999997 -0.03300238071146196
14.09999999999997 -0.03297108105504715
14.19999999999997 -0.03294691781029753
14.29999999999997 -0.03292690000775075
14.39999999999996 -0.03290857567976271
14.49999999999996 -0.03288991547065111
14.59999999999996 -0.03286908280627986
14.69999999999996 -0.03284425422683511
14.79999999999996 -0.03281361066319417
14.89999999999996 -0.03277560377411869
14.99999999999996 -0.03272952590710099
15.09999999999996 -0.03267619816733572
15.19999999999996 -0.03261831250379662
15.29999999999996 -0.03255995040374746
15.39999999999996 -0.03250531821317145
15.49999999999996 -0.03245741051101725
15.59999999999996 -0.03241737498587621
15.69999999999996 -0.03238473515993127
15.79999999999996 -0.03235805447582808
15.89999999999996 -0.0323355633409359
15.99999999999996 -0.03231552493289103
16.09999999999996 -0.03229634509435946
16.19999999999996 -0.03227652309390423
16.29999999999996 -0.03225454634907438
16.39999999999996 -0.03222882358696474
16.49999999999996 -0.03219775501004724
16.59999999999997 -0.03216003310697106
16.69999999999997 -0.03211518908719902
16.79999999999997 -0.03206419290212337
16.89999999999997 -0.03200967427019655
16.99999999999997 -0.03195537110009352
17.09999999999997 -0.03190492595807582
17.19999999999997 -0.03186072752493854
17.29999999999998 -0.03182345956314922
17.39999999999998 -0.03179241556129229
17.49999999999998 -0.03176615516496822
17.59999999999998 -0.03174307935961258
17.69999999999998 -0.03172175565603948
17.79999999999998 -0.03170102567283262
17.89999999999998 -0.03167999287868033
17.99999999999999 -0.03165797369602566
18.09999999999999 -0.03163446096436817
18.19999999999999 -0.03160911982219011
18.29999999999999 -0.03158181450830341
18.39999999999999 -0.03155264734134284
18.49999999999999 -0.03152197938489236
18.59999999999999 -0.03149040249546579
18.7 -0.03145864984632371
18.8 -0.03142746146988591
18.9 -0.03139744579009773
19 -0.03136898064217337
19.1 -0.03134217647266865
19.2 -0.03131689544099862
19.3 -0.03129280061989319
19.40000000000001 -0.03126940635243902
19.50000000000001 -0.03124610989597989
19.60000000000001 -0.03122219852457535
19.70000000000001 -0.03119684151156062
19.80000000000001 -0.03116909313694141
19.90000000000001 -0.03113795043479793
20.00000000000001 -0.03110251765729227
20.10000000000002 -0.03106230214645111
20.20000000000002 -0.031017575176148
20.30000000000002 -0.03096960053996392
20.40000000000002 -0.03092049098510627
20.50000000000002 -0.03087263726043546
20.60000000000002 -0.03082797895208431
20.70000000000002 -0.03078752423033766
20.80000000000003 -0.03075131659897853
20.90000000000003 -0.03071872825509352
21.00000000000003 -0.03068882955201886
21.10000000000003 -0.03066066293803162
21.20000000000003 -0.03063338138715354
21.30000000000003 -0.03060628872076168
21.40000000000003 -0.03057883512602349
21.50000000000004 -0.03055060707795262
21.60000000000004 -0.03052133065856365
21.70000000000004 -0.0304908897564275
21.80000000000004 -0.0304593475077132
21.90000000000004 -0.03042695213971533
22.00000000000004 -0.03039411009111496
22.10000000000004 -0.03036132123868583
22.20000000000005 -0.03032908873857223
22.30000000000005 -0.03029782929523662
22.40000000000005 -0.03026780973888414
22.50000000000005 -0.03023912258265125
22.60000000000005 -0.03021169567590504
22.70000000000005 -0.03018531948996296
22.80000000000005 -0.03015967444096944
22.90000000000006 -0.0301343478844111
23.00000000000006 -0.03010884141370413
23.10000000000006 -0.03008258024763608
23.20000000000006 -0.03005494524309691
23.30000000000006 -0.03002535046549597
23.40000000000006 -0.02999337815610403
23.50000000000006 -0.02995895170173109
23.60000000000007 -0.02992248186863997
23.70000000000007 -0.02988489302647642
23.80000000000007 -0.02984746718590198
23.90000000000007 -0.0298115398660337
24.00000000000007 -0.02977817727793976
24.10000000000007 -0.02974797428077437
24.20000000000007 -0.0297210290232629
24.30000000000008 -0.02969705029359529
24.40000000000008 -0.02967550984741518
24.50000000000008 -0.02965576973377954
24.60000000000008 -0.02963715599157062
24.70000000000008 -0.02961898302227637
24.80000000000008 -0.02960054905396886
24.90000000000008 -0.02958112809691678
25.00000000000009 -0.02955998444808813
25.10000000000009 -0.02953643351483324
25.20000000000009 -0.02950996251942145
25.30000000000009 -0.02948039890629229
25.40000000000009 -0.02944807297509673
25.50000000000009 -0.0294138853330064
25.60000000000009 -0.02937919935826007
25.7000000000001 -0.02934555696329043
25.8000000000001 -0.02931432231825918
25.9000000000001 -0.02928640599509028
26.0000000000001 -0.02926216720815688
26.1000000000001 -0.02924148522705903
26.2000000000001 -0.02922391820481076
26.3000000000001 -0.02920886280945065
26.40000000000011 -0.0291956648264043
26.50000000000011 -0.02918366992909881
26.60000000000011 -0.0291722261939455
26.70000000000011 -0.02916065700995233
26.80000000000011 -0.02914822340530138
26.90000000000011 -0.02913409559619595
27.00000000000011 -0.02911735762566615
27.10000000000012 -0.02909707402251611
27.20000000000012 -0.02907244468202646
27.30000000000012 -0.02904304907868392
27.40000000000012 -0.02900912348687471
27.50000000000012 -0.02897174356340703
27.60000000000012 -0.02893276207826268
27.70000000000012 -0.02889444386018326
27.80000000000013 -0.02885892087526552
27.90000000000013 -0.02882771569446105
28.00000000000013 -0.02880153106747682
28.10000000000013 -0.02878032749386431
28.20000000000013 -0.02876356671384842
28.30000000000013 -0.02875047324307307
28.40000000000013 -0.02874022315154418
28.50000000000014 -0.02873203588820631
28.60000000000014 -0.02872518214258307
28.70000000000014 -0.02871892848033849
28.80000000000014 -0.0287124324006851
28.90000000000014 -0.02870459312344838
29.00000000000014 -0.02869386492292551
29.10000000000014 -0.02867806495185163
29.20000000000014 -0.02865427516821787
29.30000000000015 -0.0286190556228709
29.40000000000015 -0.02856928618090716
29.50000000000015 -0.02850379760136673
29.60000000000015 -0.02842523738429142
29.70000000000015 -0.02834064695767202
29.80000000000015 -0.02825944927990305
29.90000000000015 -0.02818974218355742
30.00000000000016 -0.0281356058839873
30.10000000000016 -0.02809699768156455
30.20000000000016 -0.02807139143233261
30.30000000000016 -0.02805553942753434
30.40000000000016 -0.02804652755828064
30.50000000000016 -0.02804213709618676
30.60000000000016 -0.02804081035384021
30.70000000000017 -0.02804145716492473
30.80000000000017 -0.02804320844907238
30.90000000000017 -0.02804512333744364
31.00000000000017 -0.02804578691423671
31.10000000000017 -0.0280426751291567
31.20000000000017 -0.02803111865019321
31.30000000000017 -0.02800278309386187
31.40000000000018 -0.02794419990985299
31.50000000000018 -0.02783777144629909
31.60000000000018 -0.02767027535960194
31.70000000000018 -0.02745019081769946
31.80000000000018 -0.02721687896215239
31.90000000000018 -0.02701908920654714
32.00000000000018 -0.02688212762779582
32.10000000000019 -0.02680209949241708
32.20000000000019 -0.02676220289772013
32.30000000000019 -0.0267464731123132
32.40000000000019 -0.02674412740342261
32.50000000000019 -0.02674899443845609
32.60000000000019 -0.0267579287723776
32.70000000000019 -0.0267695724138078
32.8000000000002 -0.02678362295822136
32.9000000000002 -0.0268004727636623
33.0000000000002 -0.02682108352600983
33.1000000000002 -0.02684699738047035
33.2000000000002 -0.0268803439441198
33.3000000000002 -0.0269233282711741
33.4000000000002 -0.02697476164837689
33.50000000000021 -0.02701126067752695
33.60000000000021 -0.02688855581675897
33.70000000000021 -0.02590917453514709
33.80000000000021 -0.02267531309738406
33.90000000000021 -0.01963719961552736
34.00000000000021 -0.01874483883133769
34.10000000000021 -0.0186569329906065
34.20000000000022 -0.01871628125112132
34.30000000000022 -0.01878344610357393
34.40000000000022 -0.01883774371040407
34.50000000000022 -0.0188797877175057
34.60000000000022 -0.01891296007581097
34.70000000000022 -0.01894024422639016
34.80000000000022 -0.01896395450910687
34.90000000000023 -0.01898596625196076
35.00000000000023 -0.0190080102601465
35.10000000000023 -0.01903200652657324
35.20000000000023 -0.01906053879698743
35.30000000000023 -0.01909771645751612
35.40000000000023 -0.0191510491499972
35.50000000000023 -0.01923615977371548
35.60000000000024 -0.01939046503058006
35.70000000000024 -0.01971820651617392
35.80000000000024 -0.02047062903046595
35.90000000000024 -0.01276292274787258
36.00000000000024 0.002212619907202673
36.10000000000024 0.003047811333775644
36.20000000000024 0.002653876869828091
36.30000000000025 0.002412175511908102
36.40000000000025 0.002275182299399839
36.50000000000025 0.002192021635022759
36.60000000000025 0.002137881119325447
36.70000000000025 0.002100511370695515
36.80000000000025 0.002073445530563794
36.90000000000025 0.002053033508309009
37.00000000000026 0.002037089532526265
37.10000000000026 0.002024234714145728
37.20000000000026 0.00201355687003496
37.30000000000026 0.002004424082280958
37.40000000000026 0.001996376769735048
37.50000000000026 0.001989061513198005
37.60000000000026 0.001982187517612519
37.70000000000027 0.001975494974751787
37.80000000000027 0.001968728515548031
37.90000000000027 0.001961610413960313
38.00000000000027 0.001953807884411615
38.10000000000027 0.00194488644533114
38.20000000000027 0.001934235477334546
38.30000000000027 0.001920938949288443
38.40000000000028 0.001903533792579959
38.50000000000028 0.001879522614762145
38.60000000000028 0.001844300179614906
38.70000000000028 0.00178851185811596
38.80000000000028 0.001690530025951036
38.90000000000028 0.001490144657734546
39.00000000000028 0.0009630396541897637
39.10000000000029 -0.001267259165294105
39.20000000000029 0.03665593153180202
39.30000000000029 0.08624104576913763
39.40000000000029 0.0841551733519664
39.50000000000029 0.08363983154098878
39.60000000000029 0.08343043881935841
39.70000000000029 0.08332365429009674
39.8000000000003 0.0832613511591396
39.9000000000003 0.08322158713181729
40.0000000000003 0.08319453596239014
40.1000000000003 0.08317525170610107
40.2000000000003 0.08316102494788949
40.3000000000003 0.08315027488122606
40.4000000000003 0.08314203471719736
40.50000000000031 0.08313569247635005
40.60000000000031 0.08313085130258982
40.70000000000031 0.0831272494969072
40.80000000000031 0.08312471193214033
40.90000000000031 0.08312311859941625
41.00000000000031 0.08312238281941285
41.10000000000031 0.08312243516747683
41.20000000000032 0.08312321113416606
41.30000000000032 0.0831246417250317
41.40000000000032 0.08312664690851412
41.50000000000032 0.08312913215693532
41.60000000000032 0.08313198832497212
41.70000000000032 0.08313509481520778
41.80000000000032 0.08313832549603975
41.90000000000033 0.08314155633501631
42.00000000000033 0.08314467338239349
42.10000000000033 0.08314757972102452
42.20000000000033 0.08315020030815773
42.30000000000033 0.0831524841673166
42.40000000000033 0.08315440396882423
42.50000000000033 0.08315595350003641
42.60000000000034 0.08315714377650871
42.70000000000034 0.08315799857677648
42.80000000000034 0.08315855005429951
42.90000000000034 0.08315883487266497
43.00000000000034 0.08315889109657097
43.10000000000034 0.08315875589675355
43.20000000000034 0.08315846400938871
43.30000000000035 0.08315804682722981
43.40000000000035 0.08315753197840381
43.50000000000035 0.08315694325456277
43.60000000000035 0.08315630077013816
43.70000000000035 0.08315562125956584
43.80000000000035 0.08315491844391226
43.90000000000035 0.08315420341949688
44.00000000000036 0.08315348503789684
44.10000000000036 0.08315277025922496
44.20000000000036 0.08315206446939345
44.30000000000036 0.0831513717579776
44.40000000000036 0.083150695157013
44.50000000000036 0.08315003684322647
44.60000000000036 0.08314939830730898
44.70000000000037 0.08314878049425961
44.80000000000037 0.08314818391882534
44.90000000000037 0.08314760875981396
45.00000000000037 0.08314705493668766
45.10000000000037 0.08314652217142876
45.20000000000037 0.0831460100382522
45.30000000000037 0.08314551800334831
45.40000000000038 0.08314504545648871
45.50000000000038 0.0831445917360181
45.60000000000038 0.08314415614849061
45.70000000000038 0.08314373798398431
45.80000000000038 0.08314333652793918
45.90000000000038 0.08314295107020725
46.00000000000038 0.08314258091187464
46.10000000000039 0.08314222537030871
46.20000000000039 0.08314188378279727
46.30000000000039 0.08314155550907509
46.40000000000039 0.08314123993297617
46.50000000000039 0.08314093646340309
46.60000000000039 0.08314064453476699
46.70000000000039 0.08314036360702058
46.8000000000004 0.08314009316538343
46.9000000000004 0.08313983271983602
47.0000000000004 0.08313958180444615
47.1000000000004 0.08313933997657569
47.2000000000004 0.08313910681600684
47.3000000000004 0.08313888192401804
47.4000000000004 0.08313866492243299
47.50000000000041 0.08313845545266077
47.60000000000041 0.08313825317474158
47.70000000000041 0.08313805776640756
47.80000000000041 0.08313786892216737
47.90000000000041 0.08313768635241908
48.00000000000041 0.08313750978259619
48.10000000000041 0.08313733895234848
48.20000000000041 0.08313717361475954
48.30000000000042 0.08313701353560157
48.40000000000042 0.08313685849262725
48.50000000000042 0.08313670827489852
48.60000000000042 0.08313656268215125
48.70000000000042 0.08313642152419476
48.80000000000042 0.08313628462034502
48.90000000000042 0.08313615179889003
49.00000000000043 0.08313602289658628
49.10000000000043 0.08313589775818413
49.20000000000043 0.08313577623598141
49.30000000000043 0.08313565818940336
49.40000000000043 0.08313554348460728
49.50000000000043 0.083135431994111
49.60000000000043 0.08313532359644335
49.70000000000044 0.0831352181758156
49.80000000000044 0.08313511562181246
49.90000000000044 0.08313501582910154
50.00000000000044 0.08313491869716025
50.10000000000044 0.0831348241300186
50.20000000000044 0.08313473203601786
50.30000000000044 0.08313464232758286
50.40000000000045 0.08313455492100803
50.50000000000045 0.08313446973625616
50.60000000000045 0.08313438669676852
50.70000000000045 0.08313430572928641
50.80000000000045 0.08313422676368287
50.90000000000045 0.08313414973280411
51.00000000000045 0.0831340745723201
51.10000000000046 0.08313400122058356
51.20000000000046 0.08313392961849718
51.30000000000046 0.08313385970938805
51.40000000000046 0.08313379143888933
51.50000000000046 0.08313372475482858
51.60000000000046 0.08313365960712199
51.70000000000046 0.08313359594767469
51.80000000000047 0.08313353373028652
51.90000000000047 0.08313347291056272
52.00000000000047 0.08313341344582968
52.10000000000047 0.08313335529505513
52.20000000000047 0.08313329841877243
52.30000000000047 0.08313324277900927
52.40000000000047 0.0831331883392197
52.50000000000048 0.08313313506421989
52.60000000000048 0.08313308292012739
52.70000000000048 0.08313303187430326
52.80000000000048 0.08313298189529725
52.90000000000048 0.08313293295279597
53.00000000000048 0.08313288501757338
53.10000000000048 0.08313283806144398
53.20000000000049 0.08313279205721828
53.30000000000049 0.08313274697866045
53.40000000000049 0.08313270280044814
53.50000000000049 0.08313265949813406
53.60000000000049 0.08313261704810981
53.70000000000049 0.08313257542757102
53.80000000000049 0.08313253461448454
53.9000000000005 0.08313249458755689
54.0000000000005 0.08313245532620443
54.1000000000005 0.08313241681052476
54.2000000000005 0.0831323790212697
54.3000000000005 0.08313234193981923
54.4000000000005 0.08313230554815673
54.5000000000005 0.08313226982884565
54.60000000000051 0.08313223476500665
54.70000000000051 0.08313220034029636
54.80000000000051 0.08313216653888679
54.90000000000051 0.08313213334544564
55.00000000000051 0.08313210074511766
55.10000000000051 0.08313206872350672
55.20000000000051 0.08313203726665863
55.30000000000052 0.08313200636104479
55.40000000000052 0.08313197599354656
55.50000000000052 0.08313194615144015
55.60000000000052 0.08313191682238237
55.70000000000052 0.08313188799439689
55.80000000000052 0.08313185965586094
55.90000000000052 0.08313183179549283
56.00000000000053 0.08313180440233985
56.10000000000053 0.08313177746576653
56.20000000000053 0.08313175097544379
56.30000000000053 0.08313172492133804
56.40000000000053 0.08313169929370114
56.50000000000053 0.08313167408306038
56.60000000000053 0.08313164928020933
56.70000000000054 0.08313162487619857
56.80000000000054 0.08313160086232721
56.90000000000054 0.08313157723013437
57.00000000000054 0.08313155397139124
57.10000000000054 0.08313153107809354
57.20000000000054 0.08313150854245382
57.30000000000054 0.08313148635689457
57.40000000000055 0.08313146451404137
57.50000000000055 0.0831314430067162
57.60000000000055 0.08313142182793115
57.70000000000055 0.08313140097088251
57.80000000000055 0.08313138042894458
57.90000000000055 0.08313136019566431
58.00000000000055 0.08313134026475572
58.10000000000056 0.08313132063009473
58.20000000000056 0.0831313012857141
58.30000000000056 0.08313128222579849
58.40000000000056 0.08313126344468
58.50000000000056 0.08313124493683342
58.60000000000056 0.08313122669687199
58.70000000000056 0.08313120871954323
58.80000000000057 0.08313119099972482
58.90000000000057 0.08313117353242079
59.00000000000057 0.08313115631275761
59.10000000000057 0.08313113933598078
59.20000000000057 0.08313112259745099
59.30000000000057 0.08313110609264115
59.40000000000057 0.08313108981713278
59.50000000000058 0.08313107376661298
59.60000000000058 0.08313105793687142
59.70000000000058 0.08313104232379731
59.80000000000058 0.08313102692337659
59.90000000000058 0.0831310117316892
60.00000000000058 0.08313099674490636
60.10000000000058 0.08313098195928809
60.20000000000059 0.08313096737118061
60.30000000000059 0.08313095297701405
60.40000000000059 0.08313093877329997
60.50000000000059 0.0831309247566293
60.60000000000059 0.08313091092367003
60.70000000000059 0.08313089727116516
60.80000000000059 0.08313088379593057
60.9000000000006 0.08313087049485314
61.0000000000006 0.08313085736488887
61.1000000000006 0.08313084440306091
61.2000000000006 0.08313083160645782
61.3000000000006 0.08313081897223182
61.4000000000006 0.08313080649759716
61.5000000000006 0.08313079417982847
61.60000000000061 0.08313078201625908
61.70000000000061 0.08313077000427961
61.80000000000061 0.08313075814133646
61.90000000000061 0.08313074642493033
62.00000000000061 0.08313073485261482
62.10000000000061 0.08313072342199512
62.20000000000061 0.08313071213072669
62.30000000000062 0.08313070097651393
62.40000000000062 0.08313068995710902
62.50000000000062 0.08313067907031063
62.60000000000062 0.08313066831396287
62.70000000000062 0.08313065768595408
62.80000000000062 0.08313064718421571
62.90000000000062 0.08313063680672132
63.00000000000063 0.08313062655148551
63.10000000000063 0.08313061641656297
63.20000000000063 0.08313060640004738
63.30000000000063 0.08313059650007061
63.40000000000063 0.08313058671480165
63.50000000000063 0.08313057704244586
63.60000000000063 0.08313056748124405
63.70000000000064 0.08313055802947147
63.80000000000064 0.08313054868543736
63.90000000000064 0.08313053944748372
64.00000000000064 0.08313053031398486
64.10000000000063 0.0831305212833465
64.20000000000063 0.08313051235400505
64.30000000000062 0.08313050352442691
64.40000000000062 0.08313049479310775
64.50000000000061 0.0831304861585719
64.60000000000061 0.08313047761937162
64.7000000000006 0.08313046917408647
64.80000000000059 0.08313046082132274
64.90000000000059 0.08313045255971274
65.00000000000058 0.08313044438791439
65.10000000000058 0.08313043630461045
65.20000000000057 0.08313042830850807
65.30000000000057 0.08313042039833821
65.40000000000056 0.08313041257285514
65.50000000000055 0.08313040483083588
65.60000000000055 0.08313039717107974
65.70000000000054 0.08313038959240779
65.80000000000054 0.08313038209366243
65.90000000000053 0.08313037467370686
66.00000000000053 0.08313036733142473
66.10000000000052 0.08313036006571957
66.20000000000051 0.08313035287551446
66.30000000000051 0.08313034575975155
66.4000000000005 0.0831303387173917
66.5000000000005 0.08313033174741402
66.60000000000049 0.08313032484881558
66.70000000000049 0.08313031802061088
66.80000000000048 0.08313031126183167
66.90000000000047 0.0831303045715264
67.00000000000047 0.08313029794876001
67.10000000000046 0.08313029139261351
67.20000000000046 0.0831302849021837
67.30000000000045 0.08313027847658275
67.40000000000045 0.08313027211493802
67.50000000000044 0.08313026581639166
67.60000000000043 0.08313025958010024
67.70000000000043 0.08313025340523471
67.80000000000042 0.0831302472909797
67.90000000000042 0.08313024123653366
68.00000000000041 0.08313023524110832
68.10000000000041 0.08313022930392852
68.2000000000004 0.08313022342423193
68.3000000000004 0.08313021760126878
68.40000000000039 0.08313021183430162
68.50000000000038 0.08313020612260512
68.60000000000038 0.0831302004654657
68.70000000000037 0.08313019486218146
68.80000000000037 0.08313018931206184
68.90000000000036 0.08313018381442745
69.00000000000036 0.08313017836860984
69.10000000000035 0.08313017297395127
69.20000000000034 0.08313016762980452
69.30000000000034 0.08313016233553271
69.40000000000033 0.08313015709050901
69.50000000000033 0.08313015189411657
69.60000000000032 0.08313014674574823
69.70000000000032 0.08313014164480648
69.80000000000031 0.08313013659070301
69.9000000000003 0.0831301315828588
70.0000000000003 0.08313012662070386
70.10000000000029 0.08313012170367695
70.20000000000029 0.08313011683122566
70.30000000000028 0.08313011200280593
70.40000000000028 0.08313010721788221
70.50000000000027 0.08313010247592702
70.60000000000026 0.08313009777642098
70.70000000000026 0.08313009311885272
70.80000000000025 0.08313008850271848
70.90000000000025 0.08313008392752218
71.00000000000024 0.08313007939277518
71.10000000000024 0.0831300748979963
71.20000000000023 0.08313007044271142
71.30000000000022 0.08313006602645358
71.40000000000022 0.08313006164876274
71.50000000000021 0.08313005730918573
71.60000000000021 0.08313005300727604
71.7000000000002 0.08313004874259371
71.8000000000002 0.08313004451470536
71.90000000000019 0.08313004032318388
72.00000000000018 0.08313003616760839
72.10000000000018 0.08313003204756421
72.20000000000017 0.08313002796264261
72.30000000000017 0.0831300239124408
72.40000000000016 0.08313001989656182
72.50000000000016 0.08313001591461444
72.60000000000015 0.08313001196621296
72.70000000000014 0.08313000805097731
72.80000000000014 0.08313000416853274
72.90000000000013 0.08313000031850988
73.00000000000013 0.08312999650054456
73.10000000000012 0.08312999271427782
73.20000000000012 0.08312998895935574
73.30000000000011 0.0831299852354293
73.40000000000011 0.08312998154215444
73.5000000000001 0.08312997787919191
73.60000000000009 0.08312997424620712
73.70000000000009 0.0831299706428702
73.80000000000008 0.08312996706885581
73.90000000000008 0.08312996352384311
74.00000000000007 0.08312996000751564
74.10000000000007 0.0831299565195614
74.20000000000006 0.08312995305967251
74.30000000000005 0.08312994962754539
74.40000000000005 0.08312994622288056
74.50000000000004 0.08312994284538258
74.60000000000004 0.08312993949476007
74.70000000000003 0.0831299361707255
74.80000000000003 0.08312993287299532
74.90000000000002 0.08312992960128968
75.00000000000001 0.08312992635533252
75.10000000000001 0.08312992313485146
75.2 0.0831299199395777
75.3 0.08312991676924612
75.39999999999999 0.08312991362359501
75.49999999999999 0.08312991050236612
75.59999999999998 0.08312990740530463
75.69999999999997 0.08312990433215905
75.79999999999997 0.08312990128268122
75.89999999999996 0.08312989825662612
75.99999999999996 0.08312989525375203
76.09999999999995 0.0831298922738203
76.19999999999995 0.0831298893165954
76.29999999999994 0.08312988638184485
76.39999999999993 0.08312988346933907
76.49999999999993 0.08312988057885155
76.59999999999992 0.08312987771015866
76.69999999999992 0.08312987486303952
76.79999999999991 0.08312987203727623
76.89999999999991 0.08312986923265352
76.9999999999999 0.08312986644895891
77.09999999999989 0.08312986368598257
77.19999999999989 0.08312986094351739
77.29999999999988 0.08312985822135877
77.39999999999988 0.08312985551930474
77.49999999999987 0.08312985283715582
77.59999999999987 0.08312985017471503
77.69999999999986 0.08312984753178787
77.79999999999986 0.0831298449081822
77.89999999999985 0.08312984230370832
77.99999999999984 0.08312983971817878
78.09999999999984 0.08312983715140855
78.19999999999983 0.08312983460321477
78.29999999999983 0.0831298320734169
78.39999999999982 0.08312982956183658
78.49999999999982 0.08312982706829757
78.59999999999981 0.08312982459262587
78.6999999999998 0.08312982213464951
78.7999999999998 0.08312981969419862
78.89999999999979 0.08312981727110544
78.99999999999979 0.0831298148652041
79.09999999999978 0.08312981247633087
79.19999999999978 0.08312981010432391
79.29999999999977 0.08312980774902327
79.39999999999976 0.08312980541027097
79.49999999999976 0.08312980308791092
79.59999999999975 0.08312980078178876
79.69999999999975 0.08312979849175217
79.79999999999974 0.08312979621765039
79.89999999999974 0.08312979395933461
79.99999999999973 0.08312979171665766
80.09999999999972 0.08312978948947418
80.19999999999972 0.08312978727764044
80.29999999999971 0.08312978508101443
80.39999999999971 0.08312978289945575
80.4999999999997 0.08312978073282566
80.5999999999997 0.083129778580987
80.69999999999969 0.08312977644380425
80.79999999999968 0.08312977432114334
80.89999999999968 0.08312977221287188
80.99999999999967 0.08312977011885891
81.09999999999967 0.08312976803897498
81.19999999999966 0.0831297659730921
81.29999999999966 0.08312976392108382
81.39999999999965 0.08312976188282498
81.49999999999964 0.08312975985819199
81.59999999999964 0.08312975784706256
81.69999999999963 0.08312975584931581
81.79999999999963 0.08312975386483218
81.89999999999962 0.08312975189349357
81.99999999999962 0.08312974993518306
82.09999999999961 0.08312974798978512
82.1999999999996 0.08312974605718547
82.2999999999996 0.0831297441372711
82.39999999999959 0.0831297422299303
82.49999999999959 0.08312974033505255
82.59999999999958 0.08312973845252856
82.69999999999958 0.08312973658225024
82.79999999999957 0.08312973472411071
82.89999999999957 0.08312973287800425
82.99999999999956 0.08312973104382629
83.09999999999955 0.08312972922147339
83.19999999999955 0.08312972741084328
83.29999999999954 0.08312972561183475
83.39999999999954 0.08312972382434775
83.49999999999953 0.08312972204828323
83.59999999999953 0.08312972028354325
83.69999999999952 0.08312971853003097
83.79999999999951 0.08312971678765051
83.89999999999951 0.08312971505630706
83.9999999999995 0.08312971333590684
84.0999999999995 0.08312971162635704
84.19999999999949 0.08312970992756587
84.29999999999949 0.08312970823944243
84.39999999999948 0.08312970656189694
84.49999999999947 0.08312970489484042
84.59999999999947 0.08312970323818492
84.69999999999946 0.08312970159184335
84.79999999999946 0.08312969995572959
84.89999999999945 0.0831296983297584
84.99999999999945 0.08312969671384546
85.09999999999944 0.08312969510790728
85.19999999999943 0.08312969351186127
85.29999999999943 0.08312969192562568
85.39999999999942 0.08312969034911967
85.49999999999942 0.08312968878226318
85.59999999999941 0.08312968722497692
85.69999999999941 0.08312968567718254
85.7999999999994 0.08312968413880248
85.89999999999939 0.08312968260975988
85.99999999999939 0.08312968108997872
86.09999999999938 0.0831296795793838
86.19999999999938 0.08312967807790064
86.29999999999937 0.08312967658545549
86.39999999999937 0.08312967510197541
86.49999999999936 0.0831296736273882
86.59999999999935 0.08312967216162236
86.69999999999935 0.0831296707046071
86.79999999999934 0.08312966925627238
86.89999999999934 0.08312966781654882
86.99999999999933 0.08312966638536777
87.09999999999933 0.08312966496266128
87.19999999999932 0.08312966354836203
87.29999999999932 0.08312966214240339
87.39999999999931 0.08312966074471945
87.4999999999993 0.08312965935524488
87.5999999999993 0.083129657973915
87.69999999999929 0.0831296566006658
87.79999999999929 0.08312965523543392
87.89999999999928 0.08312965387815659
87.99999999999928 0.08312965252877166
88.09999999999927 0.08312965118721759
88.19999999999926 0.08312964985343343
88.29999999999926 0.08312964852735891
88.39999999999925 0.08312964720893419
88.49999999999925 0.08312964589810018
88.59999999999924 0.08312964459479821
88.69999999999924 0.08312964329897032
88.79999999999923 0.08312964201055903
88.89999999999922 0.08312964072950742
88.99999999999922 0.08312963945575912
89.09999999999921 0.08312963818925831
89.19999999999921 0.08312963692994972
89.2999999999992 0.0831296356777786
89.3999999999992 0.08312963443269068
89.49999999999919 0.08312963319463232
89.59999999999918 0.08312963196355024
89.69999999999918 0.08312963073939178
89.79999999999917 0.08312962952210473
89.89999999999917 0.08312962831163738
89.99999999999916 0.08312962710793856
90.09999999999916 0.08312962591095747
90.19999999999915 0.08312962472064386
90.29999999999914 0.08312962353694801
90.39999999999914 0.08312962235982055
90.49999999999913 0.08312962118921263
90.59999999999913 0.08312962002507586
90.69999999999912 0.0831296188673623
90.79999999999912 0.0831296177160244
90.89999999999911 0.08312961657101517
90.9999999999991 0.08312961543228793
91.0999999999991 0.08312961429979648
91.19999999999909 0.08312961317349508
91.29999999999909 0.08312961205333839
91.39999999999908 0.08312961093928146
91.49999999999908 0.08312960983127976
91.59999999999907 0.08312960872928922
91.69999999999906 0.08312960763326609
91.79999999999906 0.08312960654316709
91.89999999999905 0.08312960545894928
91.99999999999905 0.08312960438057017
92.09999999999904 0.0831296033079876
92.19999999999904 0.08312960224115983
92.29999999999903 0.08312960118004545
92.39999999999903 0.08312960012460349
92.49999999999902 0.08312959907479331
92.59999999999901 0.08312959803057461
92.69999999999901 0.08312959699190751
92.799999999999 0.08312959595875244
92.899999999999 0.08312959493107022
92.99999999999899 0.08312959390882201
93.09999999999899 0.08312959289196926
93.19999999999898 0.08312959188047385
93.29999999999897 0.08312959087429794
93.39999999999897 0.08312958987340406
93.49999999999896 0.08312958887775503
93.59999999999896 0.08312958788731405
93.69999999999895 0.08312958690204461
93.79999999999895 0.08312958592191053
93.89999999999894 0.08312958494687592
93.99999999999893 0.08312958397690527
94.09999999999893 0.08312958301196331
94.19999999999892 0.08312958205201511
94.29999999999892 0.08312958109702608
94.39999999999891 0.08312958014696185
94.49999999999891 0.08312957920178846
94.5999999999989 0.08312957826147209
94.69999999999889 0.08312957732597932
94.79999999999889 0.08312957639527707
94.89999999999888 0.08312957546933239
94.99999999999888 0.08312957454811272
95.09999999999887 0.0831295736315858
95.19999999999887 0.08312957271971956
95.29999999999886 0.08312957181248225
95.39999999999885 0.08312957090984238
95.49999999999885 0.08312957001176879
95.59999999999884 0.08312956911823048
95.69999999999884 0.08312956822919682
95.79999999999883 0.08312956734463738
95.89999999999883 0.08312956646452191
95.99999999999882 0.08312956558882061
96.09999999999881 0.08312956471750378
96.19999999999881 0.08312956385054197
96.2999999999988 0.08312956298790609
96.3999999999988 0.08312956212956718
96.49999999999879 0.0831295612754966
96.59999999999879 0.08312956042566591
96.69999999999878 0.08312955958004689
96.79999999999878 0.08312955873861164
96.89999999999877 0.08312955790133236
96.99999999999876 0.08312955706818159
97.09999999999876 0.08312955623913205
97.19999999999875 0.08312955541415673
97.29999999999875 0.08312955459322879
97.39999999999874 0.0831295537763216
97.49999999999874 0.08312955296340885
97.59999999999873 0.08312955215446431
97.69999999999872 0.08312955134946209
97.79999999999872 0.08312955054837645
97.89999999999871 0.08312954975118184
97.99999999999871 0.08312954895785295
98.0999999999987 0.08312954816836471
98.1999999999987 0.08312954738269217
98.29999999999869 0.08312954660081066
98.39999999999868 0.08312954582269567
98.49999999999868 0.08312954504832291
98.59999999999867 0.08312954427766828
98.69999999999867 0.08312954351070782
98.79999999999866 0.08312954274741792
98.89999999999866 0.08312954198777492
98.99999999999865 0.08312954123175559
99.09999999999864 0.08312954047933672
99.19999999999864 0.0831295397304954
99.29999999999863 0.08312953898520881
99.39999999999863 0.08312953824345436
99.49999999999862 0.0831295375052096
99.59999999999862 0.08312953677045234
99.69999999999861 0.08312953603916051
99.7999999999986 0.08312953531131222
99.8999999999986 0.08312953458688571
99.99999999999859 0.08312953386585953
100.0999999999986 0.08312953314821221
