0 -0.04334891335565252
0.1 -0.04334722744865396
0.2 -0.04334288242402651
0.3 -0.04333662200367329
0.4 -0.04333049846698938
0.5 -0.04332731258879866
0.6 -0.04332851501894856
0.7 -0.04333286889188173
0.7999999999999999 -0.04333774979779639
0.8999999999999999 -0.0433411470669381
0.9999999999999999 -0.04334217034092008
1.1 -0.0433405271682366
1.2 -0.0433362360321525
1.3 -0.04333003410216073
1.4 -0.04332395424804855
1.5 -0.04332077762915355
1.6 -0.04332196256670454
1.7 -0.04332630564114002
1.8 -0.04333120717934959
1.900000000000001 -0.04333465900507086
2 -0.04333576640293066
2.100000000000001 -0.04333423440202777
2.200000000000001 -0.04333006617121257
2.300000000000001 -0.04332394605660586
2.400000000000001 -0.04331782693457104
2.500000000000001 -0.04331446673982217
2.600000000000001 -0.04331542568331808
2.700000000000001 -0.04331963900749913
2.800000000000001 -0.04332454926202395
2.900000000000001 -0.04332810553966736
3.000000000000001 -0.04332937057477879
3.100000000000001 -0.0433280344389428
3.200000000000002 -0.04332407441253146
3.300000000000002 -0.04331808543488044
3.400000000000002 -0.04331188305832187
3.500000000000002 -0.04330818398128786
3.600000000000002 -0.04330872223806009
3.700000000000002 -0.04331267298307419
3.800000000000002 -0.04331755218783243
3.900000000000002 -0.04332123024602581
4.000000000000002 -0.04332268634161204
4.100000000000001 -0.04332157695333384
4.200000000000001 -0.04331784818056629
4.300000000000001 -0.0433119997466129
4.4 -0.04330569996800643
4.5 -0.04330162002303748
4.6 -0.04330168345512815
4.699999999999999 -0.04330533356538559
4.799999999999999 -0.04331017144168284
4.899999999999999 -0.04331397574588528
4.999999999999998 -0.04331562142307785
5.099999999999998 -0.04331471676387532
5.199999999999998 -0.04331117555774581
5.299999999999997 -0.04330542393776252
5.399999999999997 -0.0432990257337981
5.499999999999996 -0.04329463436175628
5.599999999999996 -0.04329433382840293
5.699999999999996 -0.04329777314489061
5.799999999999995 -0.04330260513486526
5.899999999999995 -0.04330652529650098
5.999999999999995 -0.0433083251557554
6.099999999999994 -0.04330758146573696
6.199999999999994 -0.04330419857474097
6.299999999999994 -0.04329857221183039
6.399999999999993 -0.04329220579071456
6.499999999999993 -0.04328771717294951
6.599999999999993 -0.0432872496432308
6.699999999999992 -0.04329056826663566
6.799999999999992 -0.04329538394068987
6.899999999999991 -0.04329936719531932
6.999999999999991 -0.04330126180813094
7.099999999999991 -0.04330061148659817
7.19999999999999 -0.04329729667512578
7.29999999999999 -0.04329168640947701
7.39999999999999 -0.04328526676764058
7.499999999999989 -0.04328068257000724
7.599999999999989 -0.04328015077309713
7.699999999999989 -0.0432834908603697
7.799999999999988 -0.04328840103117524
7.899999999999988 -0.0432925076610271
7.999999999999988 -0.04329452729300581
8.099999999999987 -0.04329399948752243
8.199999999999987 -0.04329080499143029
8.299999999999986 -0.04328529616894791
8.399999999999986 -0.04327891795035118
8.499999999999986 -0.04327428285797972
8.599999999999985 -0.04327364262380196
8.699999999999985 -0.04327690688322208
8.799999999999985 -0.04328183002448732
8.899999999999984 -0.04328602619799422
8.999999999999984 -0.04328817701587073
9.099999999999984 -0.04328779939379698
9.199999999999983 -0.04328475148343388
9.299999999999983 -0.0432793301638797
9.399999999999983 -0.04327289170549817
9.499999999999982 -0.04326801177166539
9.599999999999982 -0.04326705766450262
9.699999999999982 -0.04327013225419727
9.799999999999981 -0.04327506834881042
9.899999999999981 -0.04327941651778006
9.99999999999998 -0.04328177513697137
10.09999999999998 -0.04328162600838097
10.19999999999998 -0.04327880882978411
10.29999999999998 -0.04327355156580257
10.39999999999998 -0.04326707155819743
10.49999999999998 -0.04326185219451003
10.59999999999998 -0.04326039390791786
10.69999999999998 -0.043263094844591
10.79999999999998 -0.04326794789023367
10.89999999999998 -0.0432724358270873
10.99999999999998 -0.0432750295884347
11.09999999999998 -0.04327514567671469
11.19999999999998 -0.04327259656421946
11.29999999999998 -0.04326753835177378
11.39999999999998 -0.04326103745708809
11.49999999999998 -0.04325546305879154
11.59999999999997 -0.04325344127984085
11.69999999999997 -0.04325569481670273
11.79999999999997 -0.04326041374087679
11.89999999999997 -0.0432650184158015
11.99999999999997 -0.0432678344621952
12.09999999999997 -0.04326819890733642
12.19999999999997 -0.04326589958843548
12.29999999999997 -0.04326104345783946
12.39999999999997 -0.04325457894671388
12.49999999999997 -0.04324876677503454
12.59999999999997 -0.04324630603351097
12.69999999999997 -0.04324817665992404
12.79999999999997 -0.04325275436462485
12.89999999999997 -0.04325743133561893
12.99999999999997 -0.04326041612151126
13.09999999999997 -0.0432609716044591
13.19999999999997 -0.04325886000362618
13.29999999999997 -0.04325415678191791
13.39999999999997 -0.04324773934242783
13.49999999999997 -0.04324180204198686
13.59999999999997 -0.04323908759422714
13.69999999999997 -0.04324073571263463
13.79999999999997 -0.04324524142908559
13.89999999999997 -0.0432499830421896
13.99999999999997 -0.04325309751717178
14.09999999999997 -0.04325380275362435
14.19999999999997 -0.04325184908758091
14.29999999999997 -0.04324729991760484
14.39999999999996 -0.04324099195357629
14.49999999999996 -0.0432350625793226
14.59999999999996 -0.04323224754798914
14.69999999999996 -0.04323376812893927
14.79999999999996 -0.04323821475981122
14.89999999999996 -0.04324299009556021
14.99999999999996 -0.0432462021123801
15.09999999999996 -0.04324704109430389
15.19999999999996 -0.04324524569791073
15.29999999999996 -0.04324086093778676
15.39999999999996 -0.04323467028554649
15.49999999999996 -0.04322873590868254
15.59999999999996 -0.04322577877752241
15.69999999999996 -0.04322712256873706
15.79999999999996 -0.0432314862296013
15.89999999999996 -0.04323630852568333
15.99999999999996 -0.0432396578043976
16.09999999999996 -0.04324068418779293
16.19999999999996 -0.04323910633255918
16.29999999999996 -0.04323493336626894
16.39999999999996 -0.04322885485160261
16.49999999999996 -0.04322281224477105
16.59999999999997 -0.04321952250571735
16.69999999999997 -0.0432205036098836
16.79999999999997 -0.04322469169459529
16.89999999999997 -0.04322956612218273
16.99999999999997 -0.04323310871578632
17.09999999999997 -0.04323439689110858
17.19999999999997 -0.04323312599468363
17.29999999999998 -0.04322926977164923
17.39999999999998 -0.04322339390948698
17.49999999999998 -0.04321724915022389
17.59999999999998 -0.04321349582424714
17.69999999999998 -0.04321389708559595
17.79999999999998 -0.04321773042443466
17.89999999999998 -0.04322258321641038
17.99999999999999 -0.04322632482222516
18.09999999999999 -0.0432279056781752
18.19999999999999 -0.04322696026027253
18.29999999999999 -0.04322340510959521
18.39999999999999 -0.04321766764019553
18.49999999999999 -0.04321130868053775
18.59999999999999 -0.04320696311155053
18.7 -0.04320669387595626
18.8 -0.04321015471257308
18.9 -0.04321502317694786
19 -0.04321901132303167
19.1 -0.04322091415692267
19.2 -0.0432203069583364
19.3 -0.04321707663884648
19.40000000000001 -0.04321155428058479
19.50000000000001 -0.04320512978614154
19.60000000000001 -0.04320035896269314
19.70000000000001 -0.0431995072596988
19.80000000000001 -0.0432025731503201
19.90000000000001 -0.04320737869791553
20.00000000000001 -0.04321153364290187
20.10000000000002 -0.04321368806181727
20.20000000000002 -0.04321334282134253
20.30000000000002 -0.04321034663129607
20.40000000000002 -0.04320495859865812
20.50000000000002 -0.04319845798136215
20.60000000000002 -0.04319336679307676
20.70000000000002 -0.04319211425916662
20.80000000000003 -0.0431949454034484
20.90000000000003 -0.04319976764634302
21.00000000000003 -0.04320409792784294
21.10000000000003 -0.04320647423364065
21.20000000000003 -0.04320634670083646
21.30000000000003 -0.04320354619919857
21.40000000000003 -0.04319829381788836
21.50000000000004 -0.04319179763346637
21.60000000000004 -0.04318654297202371
21.70000000000004 -0.04318504908651048
21.80000000000004 -0.04318772862898973
21.90000000000004 -0.04319256897915765
22.00000000000004 -0.04319704054703755
22.10000000000004 -0.04319960664348626
22.20000000000005 -0.04319967831849526
22.30000000000005 -0.04319706809317544
22.40000000000005 -0.04319195729645488
22.50000000000005 -0.04318547793594295
22.60000000000005 -0.04318006506079627
22.70000000000005 -0.04317831573524433
22.80000000000005 -0.04318081844445112
22.90000000000006 -0.04318566099635224
23.00000000000006 -0.04319027653724547
23.10000000000006 -0.04319305219235289
23.20000000000006 -0.04319336130692543
23.30000000000006 -0.04319100315771096
23.40000000000006 -0.04318611111520783
23.50000000000006 -0.04317969799675148
23.60000000000007 -0.04317408260294286
23.70000000000007 -0.04317192353654783
23.80000000000007 -0.04317406603458454
23.90000000000007 -0.04317879698672376
24.00000000000007 -0.04318353471065441
24.10000000000007 -0.04318655566771915
24.20000000000007 -0.04318716324483857
24.30000000000008 -0.04318512807159178
24.40000000000008 -0.04318051488817684
24.50000000000008 -0.04317417017047093
24.60000000000008 -0.043168242566654
24.70000000000008 -0.04316546218717175
24.80000000000008 -0.0431670340845964
24.90000000000008 -0.04317154363537232
25.00000000000009 -0.04317639860625807
25.10000000000009 -0.04317971162409605
25.20000000000009 -0.04318067823143069
25.30000000000009 -0.04317903699610746
25.40000000000009 -0.04317479531184716
25.50000000000009 -0.04316862603731444
25.60000000000009 -0.04316245424794557
25.7000000000001 -0.04315901189571907
25.8000000000001 -0.04315987069797986
25.9000000000001 -0.04316400822263684
26.0000000000001 -0.04316889132960459
26.1000000000001 -0.04317246238960749
26.2000000000001 -0.04317377300281909
26.3000000000001 -0.04317250870550207
26.40000000000011 -0.04316862601799851
26.50000000000011 -0.04316265149657382
26.60000000000011 -0.04315630383339189
26.70000000000011 -0.04315228463972655
26.80000000000011 -0.04315247505598512
26.90000000000011 -0.04315623338575511
27.00000000000011 -0.04316111647869005
27.10000000000012 -0.04316491621728155
27.20000000000012 -0.04316653611615148
27.30000000000012 -0.04316560092655498
27.40000000000012 -0.04316202832196052
27.50000000000012 -0.04315624305190498
27.60000000000012 -0.04314980903858357
27.70000000000012 -0.04314538733851697
27.80000000000013 -0.04314507696795411
27.90000000000013 -0.04314853750984285
28.00000000000013 -0.0431534184078708
28.10000000000013 -0.04315740498213547
28.20000000000013 -0.04315928389499825
28.30000000000013 -0.04315863324132515
28.40000000000013 -0.04315535167762904
28.50000000000014 -0.04314980183426613
28.60000000000014 -0.0431434254168187
28.70000000000014 -0.04313880594756691
28.80000000000014 -0.04313815389685349
28.90000000000014 -0.04314136388217284
29.00000000000014 -0.04314621082468506
29.10000000000014 -0.04315033596125824
29.20000000000014 -0.04315243626785772
29.30000000000015 -0.0431520365686255
29.40000000000015 -0.04314899977022516
29.50000000000015 -0.04314361727311035
29.60000000000015 -0.04313721872091688
29.70000000000015 -0.04313233985079669
29.80000000000015 -0.04313133172684338
29.90000000000015 -0.04313432696058165
30.00000000000016 -0.04313920231426238
30.10000000000016 -0.04314352944014382
30.20000000000016 -0.04314590830452563
30.30000000000016 -0.04314582184711668
30.40000000000016 -0.04314311489874686
30.50000000000016 -0.0431380087581997
30.60000000000016 -0.04313167725063327
30.70000000000017 -0.04312652759956891
30.80000000000017 -0.04312501955257664
30.90000000000017 -0.0431276063914754
31.00000000000017 -0.04313237885921549
31.10000000000017 -0.04313687064773152
31.20000000000017 -0.04313955098784039
31.30000000000017 -0.04313982361666101
31.40000000000018 -0.04313749143616284
31.50000000000018 -0.04313267731019358
31.60000000000018 -0.04312635470013727
31.70000000000018 -0.04312077023726327
31.80000000000018 -0.04311853307695965
31.90000000000018 -0.04312052873502298
32.00000000000018 -0.04312513692543336
32.10000000000019 -0.04312982852724946
32.20000000000019 -0.0431328778069174
32.30000000000019 -0.04313357431982288
32.40000000000019 -0.04313168153691939
32.50000000000019 -0.04312723819234269
32.60000000000019 -0.04312100766059169
32.70000000000019 -0.04311501805191413
32.8000000000002 -0.04311196663320632
32.9000000000002 -0.04311320306543647
33.0000000000002 -0.04311750268146384
33.1000000000002 -0.04312232941308284
33.2000000000002 -0.04312573741972214
33.3000000000002 -0.04312685889399254
33.4000000000002 -0.04312540009435392
33.50000000000021 -0.04312132936219101
33.60000000000021 -0.04311522980403845
33.70000000000021 -0.04310891567476214
33.80000000000021 -0.04310512139660601
33.90000000000021 -0.0431056081821993
34.00000000000021 -0.04310956047733788
34.10000000000021 -0.0431144766713006
34.20000000000022 -0.04311820321222289
34.30000000000022 -0.04311970584538387
34.40000000000022 -0.04311863329953027
34.50000000000022 -0.04311491274503469
34.60000000000022 -0.04310900451282591
34.70000000000022 -0.04310254333787394
34.80000000000022 -0.04309823644627277
34.90000000000023 -0.04309812643735
35.00000000000023 -0.04310175222793144
35.10000000000023 -0.043106698882213
35.20000000000023 -0.04311066881084345
35.30000000000023 -0.04311248232895493
35.40000000000023 -0.04311172618500686
35.50000000000023 -0.04310829097831734
35.60000000000024 -0.04310254905343819
35.70000000000024 -0.04309600358993877
35.80000000000024 -0.04309133389624069
35.90000000000024 -0.04309078673765222
36.00000000000024 -0.04309417789973619
36.10000000000024 -0.04309917251107148
36.20000000000024 -0.04310336642229965
36.30000000000025 -0.04310546702420354
36.40000000000025 -0.04310501806345945
36.50000000000025 -0.04310189300529151
36.60000000000025 -0.04309639880051606
36.70000000000025 -0.0430899042953836
36.80000000000025 -0.04308499878277817
36.90000000000025 -0.04308405173573351
37.00000000000026 -0.04308715078002473
37.10000000000026 -0.04309211051812827
37.20000000000026 -0.04309647562496988
37.30000000000026 -0.04309885002522178
37.40000000000026 -0.04309872457307614
37.50000000000026 -0.04309594473955759
37.60000000000026 -0.04309073357446017
37.70000000000027 -0.04308428717614746
37.80000000000027 -0.04307906300756614
37.90000000000027 -0.0430775640254409
38.00000000000027 -0.04308023027817968
38.10000000000027 -0.04308509589379179
38.20000000000027 -0.04308965206142762
38.30000000000027 -0.04309236058669768
38.40000000000028 -0.04309263496127205
38.50000000000028 -0.04309028729907727
38.60000000000028 -0.04308544429852114
38.70000000000028 -0.04307908194715851
38.80000000000028 -0.04307345603719848
38.90000000000028 -0.04307119312253345
39.00000000000028 -0.04307319087115809
39.10000000000029 -0.04307782337954076
39.20000000000029 -0.04308254692146021
39.30000000000029 -0.04308562874901715
39.40000000000029 -0.04308636380503318
39.50000000000029 -0.04308452693430029
39.60000000000029 -0.04308016094230344
39.70000000000029 -0.04307400849273774
39.8000000000003 -0.04306804914316203
39.9000000000003 -0.04306494411881204
40.0000000000003 -0.04306607245935045
40.1000000000003 -0.04307028204069513
40.2000000000003 -0.04307507941048482
40.3000000000003 -0.04307851559940049
40.4000000000003 -0.04307971004410101
40.50000000000031 -0.04307836677249153
40.60000000000031 -0.04307444654760698
40.70000000000031 -0.04306848561436893
40.80000000000031 -0.0430622054417226
40.90000000000031 -0.04305827712926936
41.00000000000031 -0.04305852808460613
41.10000000000031 -0.04306229309267493
41.20000000000032 -0.0430671546408339
41.30000000000032 -0.04307094265416118
41.40000000000032 -0.04307258362050444
41.50000000000032 -0.04307171241524775
41.60000000000032 -0.04306824568944195
41.70000000000032 -0.04306257901105873
41.80000000000032 -0.04305620434015188
41.90000000000033 -0.04305171105683962
42.00000000000033 -0.04305122126651416
42.10000000000033 -0.04305451633202038
42.20000000000033 -0.04305934136210573
42.30000000000033 -0.04306338385682926
42.40000000000033 -0.04306539084595065
42.50000000000033 -0.04306491043237306
42.60000000000034 -0.04306181062535192
42.70000000000034 -0.0430563802903856
42.80000000000034 -0.04304994080907017
42.90000000000034 -0.04304501669286495
43.00000000000034 -0.04304395566213177
43.10000000000034 -0.04304690000760042
43.20000000000034 -0.04305173643069879
43.30000000000035 -0.04305603587985024
43.40000000000035 -0.0430583916659667
43.50000000000035 -0.04305828042031991
43.60000000000035 -0.0430555396110803
43.70000000000035 -0.04305037973659031
43.80000000000035 -0.04304396836756769
43.90000000000035 -0.04303872886524655
44.00000000000036 -0.04303715932651619
44.10000000000036 -0.04303973702740639
44.20000000000036 -0.04304453728503467
44.30000000000036 -0.04304906234290733
44.40000000000036 -0.0430517621511002
44.50000000000036 -0.04305203409946586
44.60000000000036 -0.04304967850766012
44.70000000000037 -0.04304481955772693
44.80000000000037 -0.04303844666773683
44.90000000000037 -0.04303284139780673
45.00000000000037 -0.04303064123829059
45.10000000000037 -0.04303271822253359
45.20000000000037 -0.04303740979935174
45.30000000000037 -0.04304216038267068
45.40000000000038 -0.04304524423321603
45.50000000000038 -0.04304595841381175
45.60000000000038 -0.04304406988437157
45.70000000000038 -0.04303962076785817
45.80000000000038 -0.04303338655244401
45.90000000000038 -0.04302741614062041
46.00000000000038 -0.04302441968156889
46.10000000000039 -0.04302573662076772
46.20000000000039 -0.043030121280657
46.30000000000039 -0.04303502800463161
46.40000000000039 -0.04303851463988134
46.50000000000039 -0.04303972013684779
46.60000000000039 -0.04303835286506527
46.70000000000039 -0.04303437011149977
46.8000000000004 -0.04302832044124246
46.9000000000004 -0.04302197052381161
47.0000000000004 -0.04301804977051721
47.1000000000004 -0.04301840176519622
47.2000000000004 -0.04302231666398144
47.3000000000004 -0.04302732178517266
47.4000000000004 -0.04303122396716104
47.50000000000041 -0.0430329514298492
47.60000000000041 -0.04303214201999009
47.70000000000041 -0.04302870087117414
47.80000000000041 -0.04302299319350812
47.90000000000041 -0.04301648269132978
48.00000000000041 -0.04301178639397694
48.10000000000041 -0.04301113264334389
48.20000000000041 -0.04301440213451922
48.30000000000042 -0.04301933720544021
48.40000000000042 -0.04302355304859091
48.50000000000042 -0.04302574079899157
48.60000000000042 -0.04302543278224339
48.70000000000042 -0.04302248434882516
48.80000000000042 -0.04301712475304675
48.90000000000042 -0.0430105658063033
49.00000000000043 -0.04300528097890628
49.10000000000043 -0.04300376447487828
49.20000000000043 -0.04300641812473489
49.30000000000043 -0.04301124077360811
49.40000000000043 -0.04301571532566977
49.50000000000043 -0.04301831195064051
49.60000000000043 -0.04301845162126761
49.70000000000044 -0.04301595039078823
49.80000000000044 -0.04301094903984187
49.90000000000044 -0.04300446662932472
50.00000000000044 -0.0429988199000422
50.10000000000044 -0.04299664689008315
50.20000000000044 -0.04299876249971052
50.30000000000044 -0.04300343865233604
50.40000000000045 -0.04300810200906566
50.50000000000045 -0.04301104668244791
50.60000000000045 -0.0430115921628848
50.70000000000045 -0.04300952403592425
50.80000000000045 -0.04300492279386151
50.90000000000045 -0.04299864336999191
51.00000000000045 -0.04299281508696811
51.10000000000046 -0.04299011400064551
51.20000000000046 -0.04299169678085461
51.30000000000046 -0.04299615450547073
51.40000000000046 -0.04300093998833017
51.50000000000046 -0.04300420235913878
51.60000000000046 -0.04300514842738062
51.70000000000046 -0.04300351539571432
51.80000000000047 -0.04299931107535372
51.90000000000047 -0.04299321330473315
52.00000000000047 -0.04298714437657113
52.10000000000047 -0.04298381069587563
52.20000000000047 -0.04298474927575375
52.30000000000047 -0.04298893156579651
52.40000000000047 -0.04299385288497577
52.50000000000048 -0.04299748791915362
52.60000000000048 -0.04299890601622818
52.70000000000048 -0.04299779959204934
52.80000000000048 -0.04299412011248386
52.90000000000048 -0.0429883556647407
53.00000000000048 -0.04298213774103854
53.10000000000048 -0.04297808862136616
53.20000000000049 -0.04297812966617307
53.30000000000049 -0.04298177219971026
53.40000000000049 -0.0429866877366759
53.50000000000049 -0.04299067416308421
53.60000000000049 -0.04299259855617626
53.70000000000049 -0.04299206400289283
53.80000000000049 -0.04298895335152784
53.9000000000005 -0.04298355892933505
54.0000000000005 -0.04297718814313798
54.1000000000005 -0.04297232048021581
54.2000000000005 -0.04297126149082584
54.3000000000005 -0.04297417109195872
54.4000000000005 -0.04297899558271955
54.5000000000005 -0.04298334339556153
54.60000000000051 -0.04298581372065351
54.70000000000051 -0.04298588458609642
54.80000000000051 -0.04298338562100634
54.90000000000051 -0.04297845782036355
55.00000000000051 -0.04297209601259448
55.10000000000051 -0.04296654597096318
55.20000000000051 -0.04296436757171697
55.30000000000052 -0.04296638105228798
55.40000000000052 -0.04297094716860692
55.50000000000052 -0.04297556558684891
55.60000000000052 -0.04297854348684656
55.70000000000052 -0.04297918640074665
55.80000000000052 -0.04297726039445074
55.90000000000052 -0.04297279626507056
56.00000000000053 -0.04296653711674708
56.10000000000053 -0.04296048753798896
56.20000000000053 -0.04295734498059066
56.30000000000053 -0.04295849388496724
56.40000000000053 -0.04296274440196352
56.50000000000053 -0.04296756348181357
56.60000000000053 -0.04297098958217133
56.70000000000054 -0.0429721449022062
56.80000000000054 -0.04297073562319302
56.90000000000054 -0.04296672802628691
57.00000000000054 -0.04296068600890759
57.10000000000054 -0.04295438692381139
57.20000000000054 -0.04295054358263344
57.30000000000054 -0.0429509495672108
57.40000000000055 -0.04295485260743431
57.50000000000055 -0.04295978373529979
57.60000000000055 -0.04296357971143684
57.70000000000055 -0.04296518556513767
57.80000000000055 -0.04296423553118993
57.90000000000055 -0.04296063836448313
58.00000000000055 -0.04295481314122267
58.10000000000056 -0.04294833686226233
58.20000000000056 -0.04294390297981997
58.30000000000056 -0.0429436404216036
58.40000000000056 -0.04294721113506592
58.50000000000056 -0.04295224309242446
58.60000000000056 -0.04295639988514304
58.70000000000056 -0.04295845840622671
58.80000000000057 -0.04295799159830332
58.90000000000057 -0.04295487530442127
59.00000000000057 -0.04294940522096198
59.10000000000057 -0.04294292462273919
59.20000000000057 -0.04293799354833627
59.30000000000057 -0.04293698583259896
59.40000000000057 -0.04294003989502174
59.50000000000058 -0.04294501748472978
59.60000000000058 -0.04294946787552976
59.70000000000058 -0.04295197798325956
59.80000000000058 -0.0429520276617464
59.90000000000058 -0.04294944661741967
60.00000000000058 -0.04294439511450757
60.10000000000058 -0.04293793904325675
60.20000000000059 -0.04293243018322437
60.30000000000059 -0.04293046675122972
60.40000000000059 -0.0429327702759591
60.50000000000059 -0.04293756502570206
60.60000000000059 -0.04294230335788387
60.70000000000059 -0.04294532267868159
60.80000000000059 -0.04294596566044356
60.9000000000006 -0.04294401596607872
61.0000000000006 -0.04293951636281616
61.1000000000006 -0.04293323439906749
61.2000000000006 -0.04292720780347283
61.3000000000006 -0.04292414622096882
61.4000000000006 -0.04292540829592342
61.5000000000006 -0.04292976915412106
61.60000000000061 -0.04293468455230992
61.70000000000061 -0.04293820342654459
61.80000000000061 -0.04293946548933431
61.90000000000061 -0.04293819134478732
62.00000000000061 -0.04293434001872793
62.10000000000061 -0.04292841567663118
62.20000000000061 -0.04292208560249673
62.30000000000062 -0.04291800407880774
62.40000000000062 -0.04291807877723684
62.50000000000062 -0.04292176416947856
62.60000000000062 -0.0429266845185434
62.70000000000062 -0.04293062801934353
62.80000000000062 -0.04293247261661171
62.90000000000062 -0.0429318314023674
63.00000000000063 -0.042928591610331
63.10000000000063 -0.04292305466766858
63.20000000000063 -0.04291655806772483
63.30000000000063 -0.04291162799205885
63.40000000000063 -0.04291058728403817
63.50000000000063 -0.04291354982186143
63.60000000000063 -0.04291839602564796
63.70000000000064 -0.0429227068133116
63.80000000000064 -0.04292508963709622
63.90000000000064 -0.04292503722740236
64.00000000000064 -0.0429223939602596
64.10000000000063 -0.04291733603658755
64.20000000000063 -0.04291093127951011
64.30000000000062 -0.0429054962732108
64.40000000000062 -0.04290355970152991
64.50000000000061 -0.04290579238803105
64.60000000000061 -0.0429104314495659
64.7000000000006 -0.04291497896491158
64.80000000000059 -0.04291780832985333
64.90000000000059 -0.04291827147191263
65.00000000000058 -0.04291615614480242
65.10000000000058 -0.04291153822948051
65.20000000000057 -0.04290526630555806
65.30000000000057 -0.0428994548640173
65.40000000000056 -0.04289675829690896
65.50000000000055 -0.04289832384416774
65.60000000000055 -0.04290275570191535
65.70000000000054 -0.04290752626364661
65.80000000000054 -0.04291079538539842
65.90000000000053 -0.04291177402351695
66.00000000000053 -0.04291020164708318
66.10000000000052 -0.0429060791584952
66.20000000000051 -0.04290005173188757
66.30000000000051 -0.04289398430597016
66.4000000000005 -0.04289055231495244
66.5000000000005 -0.04289134486732776
66.60000000000049 -0.0428954282615366
66.70000000000049 -0.04290034207570724
66.80000000000048 -0.04290404208321507
66.90000000000047 -0.04290556505508605
67.00000000000047 -0.04290458175378643
67.10000000000046 -0.04290101692077439
67.20000000000046 -0.04289530187913787
67.30000000000045 -0.04288899559421712
67.40000000000045 -0.04288471500007836
67.50000000000044 -0.04288450474028932
67.60000000000043 -0.04288802963269132
67.70000000000043 -0.04289299846271304
67.80000000000042 -0.04289714345360399
67.90000000000042 -0.04289926577556833
68.00000000000041 -0.04289894282258737
68.10000000000041 -0.04289604087381457
68.2000000000004 -0.04289079430331837
68.3000000000004 -0.04288440086378522
68.40000000000039 -0.04287927305887075
68.50000000000038 -0.04287783032009744
68.60000000000038 -0.04288047420454945
68.70000000000037 -0.04288528344239879
68.80000000000037 -0.04288981226481033
68.90000000000036 -0.04289255186398942
69.00000000000036 -0.04289291960741579
69.10000000000035 -0.04289071419403589
69.20000000000034 -0.0428860041248133
69.30000000000034 -0.04287963547609052
69.40000000000033 -0.04287373254143016
69.50000000000033 -0.04287097115005058
69.60000000000032 -0.04287252074882594
69.70000000000032 -0.04287698888878637
69.80000000000031 -0.04288182818297447
69.9000000000003 -0.0428851759314844
70.0000000000003 -0.0428862346548027
70.10000000000029 -0.04288474067873673
70.20000000000029 -0.04288066635181423
70.30000000000028 -0.04287457793781844
70.40000000000028 -0.04286825119188233
70.50000000000027 -0.04286438925254718
70.60000000000026 -0.0428647792882356
70.70000000000026 -0.04286867685574392
70.80000000000025 -0.04287362304011333
70.90000000000025 -0.04287745593828664
71.00000000000024 -0.04287912131071776
71.10000000000024 -0.04287825834435158
71.20000000000023 -0.04287476675922386
71.30000000000022 -0.04286900888429096
71.40000000000022 -0.04286245599229668
71.50000000000021 -0.04285774245410275
71.60000000000021 -0.04285710627943583
71.7000000000002 -0.0428604158452261
71.8000000000002 -0.04286539315073008
71.90000000000019 -0.04286964475944829
72.00000000000018 -0.04287186395501702
72.10000000000018 -0.04287158596392313
72.20000000000017 -0.0428686649167925
72.30000000000017 -0.04286332487224806
72.40000000000016 -0.04285677201836906
72.50000000000016 -0.04285148208750425
72.60000000000015 -0.04284996612514941
72.70000000000014 -0.04285264785914265
72.80000000000014 -0.04285753477812938
72.90000000000013 -0.0428621040687545
73.00000000000013 -0.04286481956933641
73.10000000000012 -0.0428651027851925
73.20000000000012 -0.04286276945507118
73.30000000000011 -0.04285793665437687
73.40000000000011 -0.04285155495884894
73.5000000000001 -0.04284585864783787
73.60000000000009 -0.04284349480232438
73.70000000000009 -0.04284542379108441
73.80000000000008 -0.04285006457720695
73.90000000000008 -0.04285486514841545
74.00000000000007 -0.04285806099147173
74.10000000000007 -0.04285892474418507
74.20000000000006 -0.04285721616674652
74.30000000000005 -0.04285294648764979
74.40000000000005 -0.04284679679287274
74.50000000000004 -0.04284069445679317
74.60000000000004 -0.04283734811586647
74.70000000000003 -0.04283829563324914
74.80000000000003 -0.04284251073439429
74.90000000000002 -0.04284748812937338
75.00000000000001 -0.04285119890675296
75.10000000000001 -0.04285271310366413
75.2 -0.04285172653520089
75.3 -0.04284817503327721
75.39999999999999 -0.04284248067329632
75.49999999999999 -0.04283616810313165
75.59999999999998 -0.04283181925026969
75.69999999999997 -0.04283149272655051
75.79999999999997 -0.04283491634122789
75.89999999999996 -0.04283984464644092
75.99999999999996 -0.04284400674782031
76.09999999999995 -0.04284618410506048
76.19999999999995 -0.04284594644129337
76.29999999999994 -0.04284315493883892
76.39999999999993 -0.04283800823750039
76.49999999999993 -0.04283162013705517
76.59999999999992 -0.04282632639605369
76.69999999999992 -0.04282458831594842
76.79999999999991 -0.04282696760984001
76.89999999999991 -0.04283166116042882
76.9999999999999 -0.04283621285591857
77.09999999999989 -0.04283905176529482
77.19999999999989 -0.04283956321144648
77.29999999999988 -0.04283754554323779
77.39999999999988 -0.04283304968028448
77.49999999999987 -0.04282683686400347
77.59999999999987 -0.042820899206942
77.69999999999986 -0.04281786844940483
77.79999999999986 -0.04281905945534827
77.89999999999985 -0.0428232825992924
77.99999999999984 -0.04282806038001079
78.09999999999984 -0.04283147857987155
78.19999999999983 -0.04283267959020041
78.29999999999983 -0.04283137502947031
78.39999999999982 -0.04282751604494219
78.49999999999982 -0.04282160057525828
78.59999999999981 -0.04281528786652768
78.6999999999998 -0.04281122046779777
78.7999999999998 -0.04281129403216789
78.89999999999979 -0.04281495926362145
78.99999999999979 -0.04281984880562839
79.09999999999978 -0.04282376352764399
79.19999999999978 -0.04282558853262807
79.29999999999977 -0.04282493805180501
79.39999999999976 -0.04282170254438394
79.49999999999976 -0.04281619716315883
79.59999999999975 -0.0428097786282095
79.69999999999975 -0.04280497088006449
79.79999999999974 -0.04280405400158394
79.89999999999974 -0.04280709390005953
79.99999999999973 -0.04281196792833362
80.09999999999972 -0.04281628842287266
80.19999999999972 -0.04281868605446225
80.29999999999971 -0.0428186522611738
80.39999999999971 -0.04281601561176007
80.4999999999997 -0.04281093902820712
80.5999999999997 -0.04280449677755406
80.69999999999969 -0.04279903961721014
80.79999999999968 -0.04279713776999769
80.89999999999968 -0.04279947241637866
80.99999999999967 -0.04280425451107159
81.09999999999967 -0.04280895667978594
81.19999999999966 -0.0428119411795216
81.29999999999966 -0.04281256164304957
81.39999999999965 -0.04281060372702085
81.49999999999964 -0.04280611577425313
81.59999999999964 -0.04279987898435696
81.69999999999963 -0.04279393857724106
81.79999999999963 -0.04279098267844354
81.89999999999962 -0.04279232834458572
81.99999999999962 -0.04279673281205851
82.09999999999961 -0.04280167131588152
82.1999999999996 -0.04280521868243713
82.2999999999996 -0.04280652299908808
82.39999999999959 -0.04280529628748474
82.49999999999959 -0.04280147950095904
82.59999999999958 -0.04279555573145395
82.69999999999958 -0.0427891822409433
82.79999999999957 -0.04278503746316734
82.89999999999957 -0.04278508708238584
82.99999999999956 -0.04278883037628663
83.09999999999955 -0.04279388642183204
83.19999999999955 -0.04279801081053561
83.29999999999954 -0.04280005907886552
83.39999999999954 -0.04279963796476434
83.49999999999953 -0.04279661860254402
83.59999999999953 -0.0427912373016377
83.69999999999952 -0.04278471188165366
83.79999999999951 -0.04277949692906113
83.89999999999951 -0.04277804505377959
83.9999999999995 -0.04278074368959547
84.0999999999995 -0.04278562307346744
84.19999999999949 -0.04279020172248884
84.29999999999949 -0.04279296632200996
84.39999999999948 -0.04279334755154851
84.49999999999947 -0.04279115762043047
84.59999999999947 -0.0427864649851285
84.69999999999946 -0.04278009329489206
84.79999999999946 -0.04277413392623444
84.89999999999945 -0.04277126158644112
84.99999999999945 -0.04277269891561111
85.09999999999944 -0.04277711100987908
85.19999999999943 -0.0427819583095021
85.29999999999943 -0.04278535207963459
85.39999999999942 -0.04278647426243469
85.49999999999942 -0.04278505403364736
85.59999999999941 -0.04278105023979836
85.69999999999941 -0.04277498820401365
85.7999999999994 -0.04276858852174718
85.89999999999939 -0.04276455084443134
85.99999999999939 -0.04276475332279502
86.09999999999938 -0.04276855871477005
86.19999999999938 -0.04277353011862809
86.29999999999937 -0.04277746117757034
86.39999999999937 -0.04277926055501603
86.49999999999936 -0.04277856280980428
86.59999999999935 -0.04277526941355867
86.69999999999935 -0.04276970528305437
86.79999999999934 -0.04276324235441965
86.89999999999934 -0.04275842021283208
86.99999999999933 -0.0427575192972288
87.09999999999933 -0.04276058625288622
87.19999999999932 -0.04276547790162988
87.29999999999932 -0.04276980094089682
87.39999999999931 -0.04277219360096843
87.4999999999993 -0.04277216030323701
87.5999999999993 -0.04276954209788667
87.69999999999929 -0.04276450583393282
87.79999999999929 -0.04275810949558722
87.89999999999928 -0.04275266742161327
87.99999999999928 -0.04275072466295564
88.09999999999927 -0.04275298216140427
88.19999999999926 -0.0427576955223261
88.29999999999926 -0.04276236243709012
88.39999999999925 -0.04276534577456329
88.49999999999925 -0.0427659967919771
88.59999999999924 -0.04276410465571712
88.69999999999924 -0.04275971462176525
88.79999999999923 -0.04275357570737688
88.89999999999922 -0.04274766952465897
88.99999999999922 -0.04274464059645196
89.09999999999921 -0.04274584390116019
89.19999999999921 -0.04275012512506314
89.2999999999992 -0.042755011429973
89.3999999999992 -0.04275857521649933
89.49999999999919 -0.04275994962800383
89.59999999999918 -0.04275884474161658
89.69999999999918 -0.04275520031736815
89.79999999999917 -0.0427494637594098
89.89999999999917 -0.04274320123659459
89.99999999999916 -0.04273899962831556
90.09999999999916 -0.04273884501279009
90.19999999999915 -0.04274237301353122
90.29999999999914 -0.04274731620995839
90.39999999999914 -0.04275144549539876
90.49999999999913 -0.04275358617145769
90.59999999999913 -0.04275332764352602
90.69999999999912 -0.04275053619232266
90.79999999999912 -0.04274541222446156
90.89999999999911 -0.04273906546385842
90.9999999999991 -0.04273381343894564
91.0999999999991 -0.0427320947811674
91.19999999999909 -0.04273447156419672
91.29999999999909 -0.04273916629590063
91.39999999999908 -0.04274374495915414
91.49999999999908 -0.04274664060688403
91.59999999999907 -0.0427472323419682
91.69999999999906 -0.04274530606078394
91.79999999999906 -0.04274088275586352
91.89999999999905 -0.04273466658385733
91.99999999999905 -0.04272859706204001
92.09999999999904 -0.04272533726076014
92.19999999999904 -0.04272633556082685
92.29999999999903 -0.04273051656014656
92.39999999999903 -0.04273539901425688
92.49999999999902 -0.04273899978774101
92.59999999999901 -0.04274041348027317
92.69999999999901 -0.04273933811540325
92.799999999999 -0.04273570048193626
92.899999999999 -0.04272991067353935
92.99999999999899 -0.04272348981930611
93.09999999999899 -0.0427190372436962
93.19999999999898 -0.04271864046519223
93.29999999999897 -0.04272203541262404
93.39999999999897 -0.04272695470927881
93.49999999999896 -0.04273110002612444
93.59999999999896 -0.04273323611509461
93.69999999999895 -0.04273292158295094
93.79999999999895 -0.04273000739505068
93.89999999999894 -0.04272469698750857
93.99999999999893 -0.04271815281290099
94.09999999999893 -0.04271280120060649
94.19999999999892 -0.04271115521789555
94.29999999999892 -0.0427137123430161
94.39999999999891 -0.04271855195271448
94.49999999999891 -0.0427231596227465
94.5999999999989 -0.04272597049584351
94.69999999999889 -0.04272638358108118
94.79999999999889 -0.04272419760345143
94.89999999999888 -0.04271948292446855
94.99999999999888 -0.04271309104154595
95.09999999999887 -0.04270716609299859
95.19999999999887 -0.04270441370465736
95.29999999999886 -0.04270601492759037
95.39999999999885 -0.04271055880546317
95.49999999999885 -0.04271547448980619
95.59999999999884 -0.04271889108832472
95.69999999999884 -0.04272001293127627
95.79999999999883 -0.04271857811690794
95.89999999999883 -0.04271455825374278
95.99999999999882 -0.04270851798012439
96.09999999999881 -0.04270223256153274
96.19999999999881 -0.04269840956904766
96.2999999999988 -0.04269884962624618
96.3999999999988 -0.04270282567952441
96.49999999999879 -0.04270788803552261
96.59999999999879 -0.04271187436203472
96.69999999999878 -0.04271373028737618
96.79999999999878 -0.04271309866403971
96.89999999999877 -0.0427098685885526
96.99999999999876 -0.04270433846393887
97.09999999999876 -0.04269784793532654
97.19999999999875 -0.04269293128078659
97.29999999999875 -0.04269192816117639
97.39999999999874 -0.04269497613365816
97.49999999999874 -0.04269996912075714
97.59999999999873 -0.04270448266811356
97.69999999999872 -0.04270711556012158
97.79999999999872 -0.04270736123025453
97.89999999999871 -0.04270505381297399
97.99999999999871 -0.04270029177757213
98.0999999999987 -0.04269395841576511
98.1999999999987 -0.04268818754046003
98.29999999999869 -0.0426855947013965
98.39999999999868 -0.04268725869761104
98.49999999999868 -0.04269175952626111
98.59999999999867 -0.04269659503991784
98.69999999999867 -0.04269995664089546
98.79999999999866 -0.04270107734448719
98.89999999999866 -0.04269970519961289
98.99999999999865 -0.04269579919174598
99.09999999999864 -0.04268985720103717
99.19999999999864 -0.04268353033779074
99.29999999999863 -0.04267944613420657
99.39999999999863 -0.04267950023703482
99.49999999999862 -0.04268316902639749
99.59999999999862 -0.04268810806199769
99.69999999999861 -0.04269211893287585
99.7999999999986 -0.04269408280956156
99.8999999999986 -0.04269361936095796
99.99999999999859 -0.04269060988156343
100.0999999999986 -0.04268529035065273
