0 -0.04334891335565252
0.1 -0.04323446477364924
0.2 -0.04311174076821524
0.3 -0.04297434822139276
0.4 -0.04282053869223004
0.5 -0.0426562248082142
0.6 -0.04249349054131682
0.7 -0.04234370098006111
0.7999999999999999 -0.04221137842830486
0.8999999999999999 -0.04209386944245497
0.9999999999999999 -0.04198460236202074
1.1 -0.04187579273134519
1.2 -0.04175965785841376
1.3 -0.04162975077931262
1.4 -0.04148388139051649
1.5 -0.04132729560592922
1.6 -0.04117181627203274
1.7 -0.04102941752876244
1.8 -0.04090577188431508
1.900000000000001 -0.04079926037725643
2 -0.04070396191032612
2.100000000000001 -0.04061241964065809
2.200000000000001 -0.04051673028106969
2.300000000000001 -0.04040922267044558
2.400000000000001 -0.04028462695367358
2.500000000000001 -0.04014399839585252
2.600000000000001 -0.03999697583770902
2.700000000000001 -0.03985785336720812
2.800000000000001 -0.03973742228349311
2.900000000000001 -0.03963830095660889
3.000000000000001 -0.03955656206964075
3.100000000000001 -0.0394855934904047
3.200000000000002 -0.03941846958931111
3.300000000000002 -0.03934851299810754
3.400000000000002 -0.03926940448410168
3.500000000000002 -0.03917621412468188
3.600000000000002 -0.0390678138845543
3.700000000000002 -0.03894920105202149
3.800000000000002 -0.03883071293349996
3.900000000000002 -0.03872321517037185
4.000000000000002 -0.03863296163463125
4.100000000000001 -0.03856020753224787
4.200000000000001 -0.03850124278506401
4.300000000000001 -0.03845092902804529
4.4 -0.03840398896672801
4.5 -0.03835508900667231
4.6 -0.03829850874852325
4.699999999999999 -0.03822834185747594
4.799999999999999 -0.03814011142519964
4.899999999999999 -0.03803385798476901
4.999999999999998 -0.03791662638164174
5.099999999999998 -0.03780090144265413
5.199999999999998 -0.03769870332744223
5.299999999999997 -0.03761619191962511
5.399999999999997 -0.03755292220163391
5.499999999999996 -0.03750457663668044
5.599999999999996 -0.03746581985525333
5.699999999999996 -0.03743165117061235
5.799999999999995 -0.03739745399474592
5.899999999999995 -0.03735846276065369
5.999999999999995 -0.03730931415196079
6.099999999999994 -0.03724437198217984
6.199999999999994 -0.03715952600882384
6.299999999999994 -0.03705538264115845
6.399999999999993 -0.03693968810200744
6.499999999999993 -0.03682558914175846
6.599999999999993 -0.03672558878640929
6.699999999999992 -0.03664610704397041
6.799999999999992 -0.03658676615845934
6.899999999999991 -0.03654321689553117
6.999999999999991 -0.03651013492384793
7.099999999999991 -0.03648272551341227
7.19999999999999 -0.03645690153914941
7.29999999999999 -0.03642880263455352
7.39999999999999 -0.03639418159375522
7.499999999999989 -0.03634808684630866
7.599999999999989 -0.03628537803580511
7.699999999999989 -0.03620261912995087
7.799999999999988 -0.03610108164378967
7.899999999999988 -0.0359887314768729
7.999999999999988 -0.03587829311433989
8.099999999999987 -0.03578163683196287
8.199999999999987 -0.03570493937512768
8.299999999999986 -0.03564807882182075
8.399999999999986 -0.03560715911365687
8.499999999999986 -0.0355772264965156
8.599999999999985 -0.03555366697847365
8.699999999999985 -0.03553233342324529
8.799999999999985 -0.03550890534959039
8.899999999999984 -0.03547788639181593
8.999999999999984 -0.03543168406068132
9.099999999999984 -0.03536076865781825
9.199999999999983 -0.03525673769943201
9.299999999999983 -0.03511925554901536
9.399999999999983 -0.03496244911333842
9.499999999999982 -0.03481130122248609
9.599999999999982 -0.03468744985523743
9.699999999999982 -0.03459854561093487
9.799999999999981 -0.03453996275880553
9.899999999999981 -0.03450235893574612
9.99999999999998 -0.03447701244015877
10.09999999999998 -0.03445740617788172
10.19999999999998 -0.03443876436161297
10.29999999999998 -0.03441701625120246
10.39999999999998 -0.03438785321135317
10.49999999999998 -0.03434623250691238
10.59999999999998 -0.03428679896030109
10.69999999999998 -0.03420578825658248
10.79999999999998 -0.03410423114554612
10.89999999999998 -0.03399030289688719
10.99999999999998 -0.03387756683943439
11.09999999999998 -0.0337790168671901
11.19999999999998 -0.0337016370660852
11.29999999999998 -0.03364552377288215
11.39999999999998 -0.03360658297716284
11.49999999999998 -0.0335795659028798
11.59999999999997 -0.03355971236088719
11.69999999999997 -0.03354304135590225
11.79999999999997 -0.03352585783645781
11.89999999999997 -0.03350389152845935
11.99999999999997 -0.03347134957564475
12.09999999999997 -0.03342040242267522
12.19999999999997 -0.0333423068915379
12.29999999999997 -0.03323174215726993
12.39999999999997 -0.03309362381705871
12.49999999999997 -0.03294599503438188
12.59999999999997 -0.03281221776777974
12.69999999999997 -0.03270789977968053
12.79999999999997 -0.03263545885428836
12.89999999999997 -0.03258850004480513
12.99999999999997 -0.03255835403617503
13.09999999999997 -0.03253768930950406
13.19999999999997 -0.03252126100971868
13.29999999999997 -0.03250537647743895
13.39999999999997 -0.03248711277992618
13.49999999999997 -0.03246369234622221
13.59999999999997 -0.03243217598784857
13.69999999999997 -0.03238962863367354
13.79999999999997 -0.03233391944113012
13.89999999999997 -0.03226507286158257
13.99999999999997 -0.03218647190330688
14.09999999999997 -0.03210471749297737
14.19999999999997 -0.03202757137835163
14.29999999999997 -0.03196109496664068
14.39999999999996 -0.03190792595339592
14.49999999999996 -0.03186748463616577
14.59999999999996 -0.03183731834419114
14.69999999999996 -0.03181443763175594
14.79999999999996 -0.03179609381455285
14.89999999999996 -0.03178002079307497
14.99999999999996 -0.03176436298091583
15.09999999999996 -0.03174748151237049
15.19999999999996 -0.03172775840654692
15.29999999999996 -0.03170348120759608
15.39999999999996 -0.03167289161829559
15.49999999999996 -0.03163448329017806
15.59999999999996 -0.03158756873378227
15.69999999999996 -0.03153294548115033
15.79999999999996 -0.03147324673076274
15.89999999999996 -0.03141253897972086
15.99999999999996 -0.03135516239600103
16.09999999999996 -0.03130441730539577
16.19999999999996 -0.03126183163316146
16.29999999999996 -0.0312272486660665
16.39999999999996 -0.03119941908501437
16.49999999999996 -0.03117664296113649
16.59999999999997 -0.03115720107700063
16.69999999999997 -0.0311395388692663
16.79999999999997 -0.03112227554161133
16.89999999999997 -0.03110412630980313
16.99999999999997 -0.03108380908590648
17.09999999999997 -0.0310599956095466
17.19999999999997 -0.03103136777088813
17.29999999999998 -0.03099683471322445
17.39999999999998 -0.03095591842080638
17.49999999999998 -0.03090919540326099
17.59999999999998 -0.03085853312730642
17.69999999999998 -0.03080684014811469
17.79999999999998 -0.03075729995525692
17.89999999999998 -0.03071244383277555
17.99999999999999 -0.03067355717366462
18.09999999999999 -0.03064064897127899
18.19999999999999 -0.0306128337168534
18.29999999999999 -0.03058881787930729
18.39999999999999 -0.0305672727199488
18.49999999999999 -0.03054703281701005
18.59999999999999 -0.03052715790727533
18.7 -0.03050692101015702
18.8 -0.03048577341414627
18.9 -0.03046331635808253
19 -0.03043929185916009
19.1 -0.03041359230021964
19.2 -0.03038627869754566
19.3 -0.03035759124997945
19.40000000000001 -0.03032793521869694
19.50000000000001 -0.03029783261451795
19.60000000000001 -0.03026784405713643
19.70000000000001 -0.03023847899972896
19.80000000000001 -0.03021011827739505
19.90000000000001 -0.03018296719556612
20.00000000000001 -0.030157044004451
20.10000000000002 -0.03013219545162807
20.20000000000002 -0.03010812410129881
20.30000000000002 -0.03008441236138381
20.40000000000002 -0.0300605334072993
20.50000000000002 -0.03003584700245851
20.60000000000002 -0.03000958800539144
20.70000000000002 -0.02998086802677851
20.80000000000003 -0.02994872558143604
20.90000000000003 -0.02991226902363717
21.00000000000003 -0.02987093854523214
21.10000000000003 -0.02982484305140566
21.20000000000003 -0.02977501462035046
21.30000000000003 -0.029723360888713
21.40000000000003 -0.02967221409562276
21.50000000000004 -0.02962365392993442
21.60000000000004 -0.02957896787443346
21.70000000000004 -0.02953850070054583
21.80000000000004 -0.02950185863904801
21.90000000000004 -0.02946825497929809
22.00000000000004 -0.0294368073552364
22.10000000000004 -0.02940671267814361
22.20000000000005 -0.0293773146558059
22.30000000000005 -0.02934810934994586
22.40000000000005 -0.02931872815285504
22.50000000000005 -0.02928892078121953
22.60000000000005 -0.02925854620822422
22.70000000000005 -0.02922756993585324
22.80000000000005 -0.02919606119065801
22.90000000000006 -0.02916418277396916
23.00000000000006 -0.02913216886653389
23.10000000000006 -0.02910029100799129
23.20000000000006 -0.02906881767127663
23.30000000000006 -0.02903797582846112
23.40000000000006 -0.02900792211583843
23.50000000000006 -0.02897872712807786
23.60000000000007 -0.02895037121919211
23.70000000000007 -0.02892274650964601
23.80000000000007 -0.02889565912853194
23.90000000000007 -0.0288688282252571
24.00000000000007 -0.02884188327910604
24.10000000000007 -0.02881436768774256
24.20000000000007 -0.02878576290002352
24.30000000000008 -0.02875555017435458
24.40000000000008 -0.02872332069330155
24.50000000000008 -0.02868892346491823
24.60000000000008 -0.02865260613484252
24.70000000000008 -0.02861507562899063
24.80000000000008 -0.02857741558188577
24.90000000000008 -0.02854086095979934
25.00000000000009 -0.02850651311412388
25.10000000000009 -0.02847511473229159
25.20000000000009 -0.02844696257368139
25.30000000000009 -0.02842195480874459
25.40000000000009 -0.02839971255346688
25.50000000000009 -0.02837970855316661
25.60000000000009 -0.02836136234424528
25.7000000000001 -0.02834409162888814
25.8000000000001 -0.02832732859074034
25.9000000000001 -0.02831051689115934
26.0000000000001 -0.0282931054671779
26.1000000000001 -0.02827455347333483
26.2000000000001 -0.02825435812535846
26.3000000000001 -0.02823211239120919
26.40000000000011 -0.02820758979558163
26.50000000000011 -0.02818083808587596
26.60000000000011 -0.02815224669611124
26.70000000000011 -0.0281225464637471
26.80000000000011 -0.02809271647391786
26.90000000000011 -0.02806381203273151
27.00000000000011 -0.02803676851303261
27.10000000000012 -0.02801224915010872
27.20000000000012 -0.027990580431913
27.30000000000012 -0.02797177530889597
27.40000000000012 -0.0279556112933277
27.50000000000012 -0.02794172230017337
27.60000000000012 -0.0279296742848462
27.70000000000012 -0.02791901164939138
27.80000000000013 -0.02790927427241039
27.90000000000013 -0.02789999135075976
28.00000000000013 -0.02789065997534804
28.10000000000013 -0.02788071654745045
28.20000000000013 -0.02786951018937604
28.30000000000013 -0.02785629049068771
28.40000000000013 -0.02784022699155271
28.50000000000014 -0.02782048188741145
28.60000000000014 -0.02779635381378442
28.70000000000014 -0.02776748953861457
28.80000000000014 -0.02773411684651035
28.90000000000014 -0.02769720043876365
29.00000000000014 -0.02765840598363824
29.10000000000014 -0.02761982021115466
29.20000000000014 -0.02758350456175492
29.30000000000015 -0.02755106481202051
29.40000000000015 -0.02752340770557569
29.50000000000015 -0.02750073872879549
29.60000000000015 -0.02748273296027038
29.70000000000015 -0.02746876336686518
29.80000000000015 -0.02745809662599694
29.90000000000015 -0.02745001776856846
30.00000000000016 -0.02744388352573756
30.10000000000016 -0.02743912000639174
30.20000000000016 -0.02743517966704361
30.30000000000016 -0.02743146458532568
30.40000000000016 -0.02742721393628266
30.50000000000016 -0.02742134722629741
30.60000000000016 -0.0274122567657757
30.70000000000017 -0.02739756538557168
30.80000000000017 -0.02737393201487252
30.90000000000017 -0.0273371239518815
31.00000000000017 -0.02728275006761069
31.10000000000017 -0.02720804148826779
31.20000000000017 -0.02711441596363123
31.30000000000017 -0.02700918728252873
31.40000000000018 -0.02690417134161793
31.50000000000018 -0.02681112715978833
31.60000000000018 -0.02673727929503744
31.70000000000018 -0.02668405398475275
31.80000000000018 -0.02664882121555977
31.90000000000018 -0.02662740828509393
32.00000000000018 -0.02661582609102694
32.10000000000019 -0.02661098022385908
32.20000000000019 -0.02661074740364969
32.30000000000019 -0.026613795148603
32.40000000000019 -0.02661934869661018
32.50000000000019 -0.0266269701712035
32.60000000000019 -0.02663633181104414
32.70000000000019 -0.0266468978661444
32.8000000000002 -0.02665732058647609
32.9000000000002 -0.02666411495327316
33.0000000000002 -0.02665866455550562
33.1000000000002 -0.02662082141975664
33.2000000000002 -0.02650785554975632
33.3000000000002 -0.02624762718849644
33.4000000000002 -0.02577794595691257
33.50000000000021 -0.02516392904607244
33.60000000000021 -0.024615419623729
33.70000000000021 -0.02427202022616784
33.80000000000021 -0.02411004113950332
33.90000000000021 -0.02405191920276903
34.00000000000021 -0.02404173629495201
34.10000000000021 -0.02405114865781111
34.20000000000022 -0.02406782031591484
34.30000000000022 -0.02408693968293442
34.40000000000022 -0.02410702315640254
34.50000000000022 -0.02412811267771073
34.60000000000022 -0.02415110732686159
34.70000000000022 -0.02417766799297724
34.80000000000022 -0.02421054888211278
34.90000000000023 -0.02425453946660694
35.00000000000023 -0.02431878029336645
35.10000000000023 -0.02442297744708632
35.20000000000023 -0.02461708802112247
35.30000000000023 -0.02506069091771901
35.40000000000023 -0.02646087566324816
35.50000000000023 -0.02567603760572586
35.60000000000024 0.06981955011145845
35.70000000000024 0.06885662619069775
35.80000000000024 0.06795170728555111
35.90000000000024 0.06759307356408562
36.00000000000024 0.06741822919807425
36.10000000000024 0.06731716490579283
36.20000000000024 0.06724996032993633
36.30000000000025 0.06719925187792949
36.40000000000025 0.06715620346084246
36.50000000000025 0.06711561908058394
36.60000000000025 0.0670741506366027
36.70000000000025 0.06703013666997987
36.80000000000025 0.06698560573764746
36.90000000000025 0.06695360174260717
37.00000000000026 0.06697872123067795
37.10000000000026 0.06717492217661729
37.20000000000026 0.06770186597448377
37.30000000000026 0.06847829093766569
37.40000000000026 0.06908399474630889
37.50000000000026 0.06934738104968804
37.60000000000026 0.06940456129814307
37.70000000000027 0.06938634274949934
37.80000000000027 0.06935010250390283
37.90000000000027 0.06931451089546391
38.00000000000027 0.06928420080916886
38.10000000000027 0.06925945901896167
38.20000000000027 0.06923945517589462
38.30000000000027 0.06922323016076687
38.40000000000028 0.06920995928613208
38.50000000000028 0.0691989920916803
38.60000000000028 0.06918983059508993
38.70000000000028 0.06918209657169323
38.80000000000028 0.0691755022396128
38.90000000000028 0.06916982722602219
39.00000000000028 0.06916490132558557
39.10000000000029 0.06916059182788246
39.20000000000029 0.06915679424619814
39.30000000000029 0.06915342552035177
39.40000000000029 0.06915041900519145
39.50000000000029 0.06914772074795043
39.60000000000029 0.0691452866997537
39.70000000000029 0.06914308060852947
39.8000000000003 0.06914107241274921
39.9000000000003 0.06913923700629432
40.0000000000003 0.0691375532806546
40.1000000000003 0.06913600337611472
40.2000000000003 0.06913457209173302
40.3000000000003 0.0691332464169476
40.4000000000003 0.06913201515707107
40.50000000000031 0.06913086863180629
40.60000000000031 0.06912979843096495
40.70000000000031 0.06912879721530715
40.80000000000031 0.06912785855320827
40.90000000000031 0.06912697678595438
41.00000000000031 0.06912614691605259
41.10000000000031 0.06912536451415077
41.20000000000032 0.06912462564108811
41.30000000000032 0.06912392678231334
41.40000000000032 0.06912326479246363
41.50000000000032 0.06912263684833114
41.60000000000032 0.06912204040878639
41.70000000000032 0.06912147318049697
41.80000000000032 0.06912093308849469
41.90000000000033 0.06912041825081627
42.00000000000033 0.06911992695657852
42.10000000000033 0.06911945764696197
42.20000000000033 0.06911900889866485
42.30000000000033 0.0691185794094635
42.40000000000033 0.06911816798557453
42.50000000000033 0.06911777353056331
42.60000000000034 0.06911739503558356
42.70000000000034 0.06911703157076596
42.80000000000034 0.06911668227760219
42.90000000000034 0.06911634636219266
43.00000000000034 0.06911602308924676
43.10000000000034 0.06911571177673941
43.20000000000034 0.0691154117911422
43.30000000000035 0.06911512254315869
43.40000000000035 0.06911484348390214
43.50000000000035 0.06911457410146438
43.60000000000035 0.06911431391782855
43.70000000000035 0.06911406248608763
43.80000000000035 0.06911381938793293
43.90000000000035 0.06911358423138309
44.00000000000036 0.069113356648727
44.10000000000036 0.06911313629465751
44.20000000000036 0.06911292284457556
44.30000000000036 0.06911271599304675
44.40000000000036 0.06911251545239494
44.50000000000036 0.06911232095141841
44.60000000000036 0.06911213223421668
44.70000000000037 0.06911194905911662
44.80000000000037 0.06911177119768865
44.90000000000037 0.06911159843384371
45.00000000000037 0.06911143056300395
45.10000000000037 0.06911126739133977
45.20000000000037 0.06911110873506726
45.30000000000037 0.06911095441980034
45.40000000000038 0.06911080427995309
45.50000000000038 0.06911065815818726
45.60000000000038 0.06911051590490128
45.70000000000038 0.06911037737775722
45.80000000000038 0.06911024244124213
45.90000000000038 0.06911011096626135
46.00000000000038 0.06910998282976059
46.10000000000039 0.06910985791437468
46.20000000000039 0.06910973610810084
46.30000000000039 0.0691096173039944
46.40000000000039 0.06910950139988502
46.50000000000039 0.06910938829811225
46.60000000000039 0.06910927790527843
46.70000000000039 0.06910917013201777
46.8000000000004 0.06910906489278064
46.9000000000004 0.06910896210563142
47.0000000000004 0.06910886169205931
47.1000000000004 0.069108763576801
47.2000000000004 0.06910866768767432
47.3000000000004 0.06910857395542201
47.4000000000004 0.06910848231356514
47.50000000000041 0.06910839269826512
47.60000000000041 0.06910830504819419
47.70000000000041 0.06910821930441315
47.80000000000041 0.06910813541025658
47.90000000000041 0.06910805331122449
48.00000000000041 0.06910797295488
48.10000000000041 0.06910789429075313
48.20000000000041 0.06910781727024976
48.30000000000042 0.06910774184656555
48.40000000000042 0.0691076679746048
48.50000000000042 0.06910759561090359
48.60000000000042 0.06910752471355699
48.70000000000042 0.06910745524215031
48.80000000000042 0.06910738715769381
48.90000000000042 0.06910732042256099
49.00000000000043 0.06910725500042986
49.10000000000043 0.06910719085622746
49.20000000000043 0.06910712795607714
49.30000000000043 0.0691070662672482
49.40000000000043 0.0691070057581086
49.50000000000043 0.06910694639807952
49.60000000000043 0.06910688815759244
49.70000000000044 0.06910683100804814
49.80000000000044 0.06910677492177784
49.90000000000044 0.06910671987200599
50.00000000000044 0.06910666583281508
50.10000000000044 0.0691066127791119
50.20000000000044 0.06910656068659554
50.30000000000044 0.06910650953172659
50.40000000000045 0.06910645929169823
50.50000000000045 0.0691064099444081
50.60000000000045 0.06910636146843194
50.70000000000045 0.06910631384299792
50.80000000000045 0.06910626704796265
50.90000000000045 0.06910622106378772
51.00000000000045 0.06910617587151767
51.10000000000046 0.06910613145275878
51.20000000000046 0.06910608778965865
51.30000000000046 0.0691060448648869
51.40000000000046 0.06910600266161647
51.50000000000046 0.06910596116350587
51.60000000000046 0.06910592035468206
51.70000000000046 0.06910588021972418
51.80000000000047 0.06910584074364774
51.90000000000047 0.06910580191188972
52.00000000000047 0.06910576371029403
52.10000000000047 0.06910572612509781
52.20000000000047 0.06910568914291797
52.30000000000047 0.06910565275073868
52.40000000000047 0.06910561693589884
52.50000000000048 0.06910558168608058
52.60000000000048 0.06910554698929784
52.70000000000048 0.06910551283388552
52.80000000000048 0.06910547920848907
52.90000000000048 0.06910544610205444
53.00000000000048 0.06910541350381838
53.10000000000048 0.06910538140329929
53.20000000000049 0.06910534979028811
53.30000000000049 0.06910531865483986
53.40000000000049 0.06910528798726526
53.50000000000049 0.06910525777812287
53.60000000000049 0.06910522801821124
53.70000000000049 0.06910519869856174
53.80000000000049 0.06910516981043119
53.9000000000005 0.06910514134529515
54.0000000000005 0.06910511329484123
54.1000000000005 0.06910508565096279
54.2000000000005 0.06910505840575258
54.3000000000005 0.06910503155149703
54.4000000000005 0.06910500508067036
54.5000000000005 0.06910497898592909
54.60000000000051 0.06910495326010671
54.70000000000051 0.06910492789620851
54.80000000000051 0.06910490288740662
54.90000000000051 0.06910487822703514
55.00000000000051 0.06910485390858555
55.10000000000051 0.0691048299257022
55.20000000000051 0.06910480627217799
55.30000000000052 0.06910478294195013
55.40000000000052 0.06910475992909612
55.50000000000052 0.06910473722782982
55.60000000000052 0.06910471483249767
55.70000000000052 0.06910469273757495
55.80000000000052 0.06910467093766237
55.90000000000052 0.06910464942748251
56.00000000000053 0.06910462820187656
56.10000000000053 0.06910460725580105
56.20000000000053 0.06910458658432481
56.30000000000053 0.06910456618262589
56.40000000000053 0.0691045460459887
56.50000000000053 0.06910452616980108
56.60000000000053 0.06910450654955166
56.70000000000054 0.06910448718082718
56.80000000000054 0.06910446805930993
56.90000000000054 0.06910444918077514
57.00000000000054 0.06910443054108877
57.10000000000054 0.06910441213620497
57.20000000000054 0.06910439396216388
57.30000000000054 0.06910437601508955
57.40000000000055 0.06910435829118752
57.50000000000055 0.06910434078674305
57.60000000000055 0.0691043234981189
57.70000000000055 0.06910430642175351
57.80000000000055 0.069104289554159
57.90000000000055 0.06910427289191934
58.00000000000055 0.06910425643168867
58.10000000000056 0.06910424017018953
58.20000000000056 0.06910422410421103
58.30000000000056 0.06910420823060739
58.40000000000056 0.06910419254629632
58.50000000000056 0.06910417704825744
58.60000000000056 0.06910416173353079
58.70000000000056 0.06910414659921531
58.80000000000057 0.06910413164246758
58.90000000000057 0.06910411686050037
59.00000000000057 0.06910410225058125
59.10000000000057 0.06910408781003133
59.20000000000057 0.06910407353622397
59.30000000000057 0.06910405942658369
59.40000000000057 0.06910404547858476
59.50000000000058 0.06910403168975021
59.60000000000058 0.06910401805765061
59.70000000000058 0.069104004579903
59.80000000000058 0.0691039912541698
59.90000000000058 0.06910397807815785
60.00000000000058 0.0691039650496173
60.10000000000058 0.0691039521663406
60.20000000000059 0.06910393942616168
60.30000000000059 0.06910392682695496
60.40000000000059 0.06910391436663427
60.50000000000059 0.06910390204315228
60.60000000000059 0.06910388985449936
60.70000000000059 0.0691038777987029
60.80000000000059 0.06910386587382641
60.9000000000006 0.06910385407796879
61.0000000000006 0.06910384240926348
61.1000000000006 0.06910383086587779
61.2000000000006 0.06910381944601204
61.3000000000006 0.06910380814789896
61.4000000000006 0.06910379696980298
61.5000000000006 0.06910378591001948
61.60000000000061 0.06910377496687414
61.70000000000061 0.06910376413872234
61.80000000000061 0.06910375342394851
61.90000000000061 0.06910374282096546
62.00000000000061 0.06910373232821386
62.10000000000061 0.0691037219441616
62.20000000000061 0.06910371166730324
62.30000000000062 0.06910370149615945
62.40000000000062 0.06910369142927644
62.50000000000062 0.06910368146522544
62.60000000000062 0.06910367160260229
62.70000000000062 0.0691036618400267
62.80000000000062 0.06910365217614195
62.90000000000062 0.06910364260961444
63.00000000000063 0.06910363313913297
63.10000000000063 0.06910362376340859
63.20000000000063 0.06910361448117391
63.30000000000063 0.06910360529118285
63.40000000000063 0.06910359619221
63.50000000000063 0.06910358718305043
63.60000000000063 0.06910357826251914
63.70000000000064 0.06910356942945071
63.80000000000064 0.06910356068269889
63.90000000000064 0.06910355202113623
64.00000000000064 0.06910354344365377
64.10000000000063 0.06910353494916051
64.20000000000063 0.06910352653658325
64.30000000000062 0.06910351820486618
64.40000000000062 0.06910350995297045
64.50000000000061 0.06910350177987395
64.60000000000061 0.06910349368457096
64.7000000000006 0.06910348566607181
64.80000000000059 0.06910347772340263
64.90000000000059 0.06910346985560489
65.00000000000058 0.06910346206173536
65.10000000000058 0.06910345434086561
65.20000000000057 0.06910344669208182
65.30000000000057 0.06910343911448451
65.40000000000056 0.06910343160718817
65.50000000000055 0.06910342416932115
65.60000000000055 0.06910341680002527
65.70000000000054 0.0691034094984557
65.80000000000054 0.06910340226378053
65.90000000000053 0.06910339509518076
66.00000000000053 0.06910338799184983
66.10000000000052 0.06910338095299354
66.20000000000051 0.06910337397782979
66.30000000000051 0.06910336706558837
66.4000000000005 0.0691033602155107
66.5000000000005 0.06910335342684965
66.60000000000049 0.06910334669886929
66.70000000000049 0.06910334003084481
66.80000000000048 0.06910333342206215
66.90000000000047 0.06910332687181796
67.00000000000047 0.06910332037941926
67.10000000000046 0.06910331394418341
67.20000000000046 0.06910330756543777
67.30000000000045 0.06910330124251972
67.40000000000045 0.06910329497477624
67.50000000000044 0.06910328876156396
67.60000000000043 0.06910328260224885
67.70000000000043 0.06910327649620608
67.80000000000042 0.06910327044281998
67.90000000000042 0.06910326444148369
68.00000000000041 0.06910325849159912
68.10000000000041 0.06910325259257684
68.2000000000004 0.06910324674383578
68.3000000000004 0.0691032409448032
68.40000000000039 0.06910323519491458
68.50000000000038 0.06910322949361336
68.60000000000038 0.06910322384035092
68.70000000000037 0.06910321823458629
68.80000000000037 0.06910321267578624
68.90000000000036 0.06910320716342495
69.00000000000036 0.06910320169698404
69.10000000000035 0.06910319627595227
69.20000000000034 0.06910319089982558
69.30000000000034 0.06910318556810695
69.40000000000033 0.06910318028030618
69.50000000000033 0.06910317503593984
69.60000000000032 0.06910316983453119
69.70000000000032 0.06910316467561002
69.80000000000031 0.06910315955871259
69.9000000000003 0.0691031544833814
70.0000000000003 0.0691031494491653
70.10000000000029 0.0691031444556192
70.20000000000029 0.06910313950230405
70.30000000000028 0.06910313458878672
70.40000000000028 0.06910312971463994
70.50000000000027 0.06910312487944216
70.60000000000026 0.06910312008277748
70.70000000000026 0.06910311532423555
70.80000000000025 0.06910311060341151
70.90000000000025 0.06910310591990583
71.00000000000024 0.06910310127332432
71.10000000000024 0.06910309666327803
71.20000000000023 0.06910309208938303
71.30000000000022 0.06910308755126056
71.40000000000022 0.06910308304853673
71.50000000000021 0.06910307858084255
71.60000000000021 0.0691030741478139
71.7000000000002 0.06910306974909135
71.8000000000002 0.06910306538432015
71.90000000000019 0.06910306105315012
72.00000000000018 0.06910305675523563
72.10000000000018 0.06910305249023548
72.20000000000017 0.06910304825781281
72.30000000000017 0.06910304405763514
72.40000000000016 0.0691030398893742
72.50000000000016 0.06910303575270593
72.60000000000015 0.06910303164731034
72.70000000000014 0.06910302757287153
72.80000000000014 0.06910302352907755
72.90000000000013 0.06910301951562046
73.00000000000013 0.06910301553219611
73.10000000000012 0.06910301157850422
73.20000000000012 0.06910300765424822
73.30000000000011 0.06910300375913526
73.40000000000011 0.0691029998928762
73.5000000000001 0.06910299605518536
73.60000000000009 0.06910299224578073
73.70000000000009 0.06910298846438369
73.80000000000008 0.06910298471071906
73.90000000000008 0.06910298098451509
74.00000000000007 0.06910297728550338
74.10000000000007 0.06910297361341869
74.20000000000006 0.06910296996799914
74.30000000000005 0.06910296634898602
74.40000000000005 0.0691029627561237
74.50000000000004 0.06910295918915967
74.60000000000004 0.06910295564784451
74.70000000000003 0.06910295213193172
74.80000000000003 0.06910294864117787
74.90000000000002 0.06910294517534239
75.00000000000001 0.06910294173418756
75.10000000000001 0.06910293831747856
75.2 0.06910293492498336
75.3 0.06910293155647261
75.39999999999999 0.06910292821171976
75.49999999999999 0.06910292489050086
75.59999999999998 0.06910292159259475
75.69999999999997 0.06910291831778265
75.79999999999997 0.06910291506584854
75.89999999999996 0.06910291183657882
75.99999999999996 0.06910290862976246
76.09999999999995 0.06910290544519078
76.19999999999995 0.06910290228265767
76.29999999999994 0.06910289914195925
76.39999999999993 0.06910289602289413
76.49999999999993 0.0691028929252632
76.59999999999992 0.06910288984886966
76.69999999999992 0.06910288679351889
76.79999999999991 0.0691028837590186
76.89999999999991 0.06910288074517863
76.9999999999999 0.06910287775181105
77.09999999999989 0.06910287477873001
77.19999999999989 0.06910287182575181
77.29999999999988 0.06910286889269482
77.39999999999988 0.06910286597937947
77.49999999999987 0.06910286308562816
77.59999999999987 0.0691028602112654
77.69999999999986 0.06910285735611756
77.79999999999986 0.06910285452001302
77.89999999999985 0.06910285170278206
77.99999999999984 0.06910284890425683
78.09999999999984 0.06910284612427137
78.19999999999983 0.06910284336266158
78.29999999999983 0.06910284061926512
78.39999999999982 0.06910283789392151
78.49999999999982 0.06910283518647201
78.59999999999981 0.06910283249675962
78.6999999999998 0.06910282982462906
78.7999999999998 0.06910282716992679
78.89999999999979 0.06910282453250086
78.99999999999979 0.06910282191220112
79.09999999999978 0.06910281930887888
79.19999999999978 0.0691028167223872
79.29999999999977 0.06910281415258068
79.39999999999976 0.06910281159931549
79.49999999999976 0.06910280906244934
79.59999999999975 0.06910280654184149
79.69999999999975 0.06910280403735274
79.79999999999974 0.06910280154884534
79.89999999999974 0.069102799076183
79.99999999999973 0.06910279661923092
80.09999999999972 0.0691027941778557
80.19999999999972 0.06910279175192541
80.29999999999971 0.06910278934130948
80.39999999999971 0.06910278694587871
80.4999999999997 0.0691027845655053
80.5999999999997 0.06910278220006277
80.69999999999969 0.06910277984942594
80.79999999999968 0.06910277751347105
80.89999999999968 0.06910277519207549
80.99999999999967 0.06910277288511807
81.09999999999967 0.06910277059247874
81.19999999999966 0.06910276831403879
81.29999999999966 0.06910276604968067
81.39999999999965 0.06910276379928812
81.49999999999964 0.06910276156274604
81.59999999999964 0.06910275933994051
81.69999999999963 0.06910275713075879
81.79999999999963 0.0691027549350893
81.89999999999962 0.06910275275282163
81.99999999999962 0.06910275058384645
82.09999999999961 0.06910274842805553
82.1999999999996 0.06910274628534188
82.2999999999996 0.06910274415559939
82.39999999999959 0.06910274203872319
82.49999999999959 0.06910273993460943
82.59999999999958 0.06910273784315527
82.69999999999958 0.06910273576425893
82.79999999999957 0.06910273369781966
82.89999999999957 0.06910273164373772
82.99999999999956 0.06910272960191437
83.09999999999955 0.06910272757225183
83.19999999999955 0.06910272555465333
83.29999999999954 0.06910272354902304
83.39999999999954 0.06910272155526612
83.49999999999953 0.06910271957328863
83.59999999999953 0.06910271760299758
83.69999999999952 0.06910271564430089
83.79999999999951 0.06910271369710735
83.89999999999951 0.06910271176132676
83.9999999999995 0.06910270983686966
84.0999999999995 0.0691027079236476
84.19999999999949 0.06910270602157292
84.29999999999949 0.06910270413055881
84.39999999999948 0.06910270225051933
84.49999999999947 0.06910270038136938
84.59999999999947 0.0691026985230247
84.69999999999946 0.06910269667540175
84.79999999999946 0.06910269483841795
84.89999999999945 0.06910269301199139
84.99999999999945 0.069102691196041
85.09999999999944 0.06910268939048651
85.19999999999943 0.06910268759524836
85.29999999999943 0.0691026858102478
85.39999999999942 0.06910268403540686
85.49999999999942 0.06910268227064818
85.59999999999941 0.0691026805158953
85.69999999999941 0.06910267877107239
85.7999999999994 0.06910267703610434
85.89999999999939 0.06910267531091682
85.99999999999939 0.06910267359543613
86.09999999999938 0.06910267188958931
86.19999999999938 0.06910267019330402
86.29999999999937 0.06910266850650865
86.39999999999937 0.06910266682913231
86.49999999999936 0.06910266516110466
86.59999999999935 0.06910266350235612
86.69999999999935 0.06910266185281769
86.79999999999934 0.06910266021242101
86.89999999999934 0.06910265858109842
86.99999999999933 0.06910265695878286
87.09999999999933 0.06910265534540783
87.19999999999932 0.06910265374090754
87.29999999999932 0.06910265214521671
87.39999999999931 0.06910265055827072
87.4999999999993 0.06910264898000557
87.5999999999993 0.06910264741035775
87.69999999999929 0.06910264584926443
87.79999999999929 0.06910264429666327
87.89999999999928 0.0691026427524926
87.99999999999928 0.0691026412166912
88.09999999999927 0.06910263968919848
88.19999999999926 0.06910263816995436
88.29999999999926 0.06910263665889933
88.39999999999925 0.06910263515597441
88.49999999999925 0.06910263366112114
88.59999999999924 0.06910263217428159
88.69999999999924 0.06910263069539833
88.79999999999923 0.06910262922441451
88.89999999999922 0.06910262776127374
88.99999999999922 0.06910262630592014
89.09999999999921 0.06910262485829831
89.19999999999921 0.06910262341835337
89.2999999999992 0.06910262198603091
89.3999999999992 0.06910262056127704
89.49999999999919 0.0691026191440383
89.59999999999918 0.06910261773426173
89.69999999999918 0.06910261633189481
89.79999999999917 0.06910261493688551
89.89999999999917 0.06910261354918223
89.99999999999916 0.06910261216873388
90.09999999999916 0.06910261079548977
90.19999999999915 0.06910260942939959
90.29999999999914 0.06910260807041364
90.39999999999914 0.06910260671848246
90.49999999999913 0.06910260537355721
90.59999999999913 0.06910260403558931
90.69999999999912 0.06910260270453067
90.79999999999912 0.06910260138033364
90.89999999999911 0.06910260006295094
90.9999999999991 0.06910259875233568
91.0999999999991 0.06910259744844145
91.19999999999909 0.06910259615122219
91.29999999999909 0.06910259486063224
91.39999999999908 0.06910259357662629
91.49999999999908 0.06910259229915951
91.59999999999907 0.06910259102818736
91.69999999999906 0.06910258976366575
91.79999999999906 0.0691025885055509
91.89999999999905 0.06910258725379946
91.99999999999905 0.06910258600836842
92.09999999999904 0.0691025847692151
92.19999999999904 0.06910258353629727
92.29999999999903 0.06910258230957296
92.39999999999903 0.06910258108900062
92.49999999999902 0.06910257987453901
92.59999999999901 0.06910257866614726
92.69999999999901 0.06910257746378481
92.799999999999 0.06910257626741152
92.899999999999 0.06910257507698747
92.99999999999899 0.06910257389247312
93.09999999999899 0.0691025727138293
93.19999999999898 0.06910257154101712
93.29999999999897 0.06910257037399803
93.39999999999897 0.06910256921273379
93.49999999999896 0.06910256805718649
93.59999999999896 0.06910256690731847
93.69999999999895 0.06910256576309252
93.79999999999895 0.06910256462447159
93.89999999999894 0.06910256349141897
93.99999999999893 0.06910256236389831
94.09999999999893 0.06910256124187353
94.19999999999892 0.06910256012530878
94.29999999999892 0.06910255901416862
94.39999999999891 0.06910255790841778
94.49999999999891 0.06910255680802138
94.5999999999989 0.06910255571294474
94.69999999999889 0.06910255462315351
94.79999999999889 0.06910255353861358
94.89999999999888 0.06910255245929117
94.99999999999888 0.06910255138515271
95.09999999999887 0.06910255031616494
95.19999999999887 0.06910254925229486
95.29999999999886 0.06910254819350972
95.39999999999885 0.06910254713977707
95.49999999999885 0.06910254609106468
95.59999999999884 0.06910254504734055
95.69999999999884 0.06910254400857303
95.79999999999883 0.06910254297473065
95.89999999999883 0.06910254194578219
95.99999999999882 0.06910254092169672
96.09999999999881 0.06910253990244351
96.19999999999881 0.06910253888799209
96.2999999999988 0.06910253787831225
96.3999999999988 0.06910253687337396
96.49999999999879 0.06910253587314752
96.59999999999879 0.06910253487760337
96.69999999999878 0.06910253388671224
96.79999999999878 0.06910253290044507
96.89999999999877 0.06910253191877302
96.99999999999876 0.06910253094166748
97.09999999999876 0.06910252996910007
97.19999999999875 0.06910252900104262
97.29999999999875 0.06910252803746719
97.39999999999874 0.06910252707834603
97.49999999999874 0.06910252612365167
97.59999999999873 0.06910252517335679
97.69999999999872 0.06910252422743426
97.79999999999872 0.06910252328585724
97.89999999999871 0.06910252234859907
97.99999999999871 0.06910252141563321
98.0999999999987 0.06910252048693347
98.1999999999987 0.06910251956247375
98.29999999999869 0.06910251864222819
98.39999999999868 0.06910251772617108
98.49999999999868 0.06910251681427701
98.59999999999867 0.06910251590652068
98.69999999999867 0.06910251500287698
98.79999999999866 0.06910251410332102
98.89999999999866 0.06910251320782811
98.99999999999865 0.06910251231637371
99.09999999999864 0.06910251142893348
99.19999999999864 0.06910251054548328
99.29999999999863 0.06910250966599914
99.39999999999863 0.06910250879045725
99.49999999999862 0.06910250791883399
99.59999999999862 0.06910250705110597
99.69999999999861 0.06910250618724989
99.7999999999986 0.06910250532724267
99.8999999999986 0.06910250447106141
99.99999999999859 0.06910250361868336
100.0999999999986 0.06910250277008595
