0 -0.04334891335565252
0.1 -0.04312176337207982
0.2 -0.04288136998064164
0.3 -0.04261412891987166
0.4 -0.04231441861242845
0.5 -0.04199128352159216
0.6 -0.04166757422370082
0.7 -0.0413674163480552
0.7999999999999999 -0.04110260883224762
0.8999999999999999 -0.04087001885294828
0.9999999999999999 -0.04065765383587875
1.1 -0.04045056953682339
1.2 -0.04023345771022051
1.3 -0.03999264781506829
1.4 -0.03972106238268363
1.5 -0.03942519398534896
1.6 -0.03912635621088519
1.7 -0.0388502239192994
1.8 -0.03861251145464738
1.900000000000001 -0.03841388466083366
2 -0.03824474695494372
2.100000000000001 -0.03809144192830326
2.200000000000001 -0.03793898706216682
2.300000000000001 -0.03777145811938638
2.400000000000001 -0.03757371988737025
2.500000000000001 -0.03733764638131248
2.600000000000001 -0.03707105027312577
2.700000000000001 -0.03679966309252723
2.800000000000001 -0.03655458659770139
2.900000000000001 -0.03635488674907402
3.000000000000001 -0.03620174016233929
3.100000000000001 -0.03608489940259702
3.200000000000002 -0.03599098937729765
3.300000000000002 -0.03590756857575271
3.400000000000002 -0.03582351479756306
3.500000000000002 -0.0357281943259519
3.600000000000002 -0.03561140991029334
3.700000000000002 -0.03546543635733378
3.800000000000002 -0.03528920291847451
3.900000000000002 -0.03509208364623212
4.000000000000002 -0.03489276369368978
4.100000000000001 -0.03471167196071218
4.200000000000001 -0.03456221585294212
4.300000000000001 -0.03444744768379996
4.4 -0.03436274823535644
4.5 -0.03430037224640758
4.6 -0.03425254699716367
4.699999999999999 -0.03421249751960605
4.799999999999999 -0.03417409850224692
4.899999999999999 -0.03413090449521656
4.999999999999998 -0.03407507886476135
5.099999999999998 -0.03399678176524573
5.199999999999998 -0.03388497642354825
5.299999999999997 -0.03373090931235339
5.399999999999997 -0.033534375715736
5.499999999999996 -0.03330922043897634
5.599999999999996 -0.03308153708800114
5.699999999999996 -0.03287873973309234
5.799999999999995 -0.03271769445065947
5.899999999999995 -0.03260117646916028
5.999999999999995 -0.03252241777105047
6.099999999999994 -0.03247145488500766
6.199999999999994 -0.03243912639746255
6.299999999999994 -0.03241838836639016
6.399999999999993 -0.03240409129534086
6.499999999999993 -0.03239215678588088
6.599999999999993 -0.03237855326778751
6.699999999999992 -0.03235811851773496
6.799999999999992 -0.03232316959863334
6.899999999999991 -0.03226202859653442
6.999999999999991 -0.03215829570648786
7.099999999999991 -0.03199308726142147
7.19999999999999 -0.03175341860898052
7.29999999999999 -0.03144635166074718
7.39999999999999 -0.03110780667987312
7.499999999999989 -0.03079048078245684
7.599999999999989 -0.03053597663742866
7.699999999999989 -0.03035768315736586
7.799999999999988 -0.03024598927167835
7.899999999999988 -0.03018261727157737
7.999999999999988 -0.03015060905590407
8.099999999999987 -0.03013771877980618
8.199999999999987 -0.03013618793260394
8.299999999999986 -0.03014147233822059
8.399999999999986 -0.0301510244257353
8.499999999999986 -0.03016336664386415
8.599999999999985 -0.03017735553676225
8.699999999999985 -0.03019140732064349
8.799999999999985 -0.03020232191129988
8.899999999999984 -0.0302030646840152
8.999999999999984 -0.0301783543983254
9.099999999999984 -0.03009642856226412
9.199999999999983 -0.02989707076624061
9.299999999999983 -0.02948757077655873
9.399999999999983 -0.02878686953645875
9.499999999999982 -0.027847477657124
9.599999999999982 -0.02691224282715418
9.699999999999982 -0.02622162141952762
9.799999999999981 -0.02582466061730113
9.899999999999981 -0.02563907977304052
9.99999999999998 -0.02557232599093467
10.09999999999998 -0.02556473994868524
10.19999999999998 -0.0255853645953991
10.29999999999998 -0.02562010812154189
10.39999999999998 -0.02566376642500709
10.49999999999998 -0.02571607444448159
10.59999999999998 -0.02578038226696291
10.69999999999998 -0.02586431948411763
10.79999999999998 -0.02598314844021928
10.89999999999998 -0.02616946926094071
10.99999999999998 -0.02650361995308628
11.09999999999998 -0.02723343381875891
11.19999999999998 -0.02947096344606967
11.29999999999998 -0.04243256750552528
11.39999999999998 0.263324455800335
11.49999999999998 0.2629832533969905
11.59999999999997 0.2593504012857602
11.69999999999997 0.2583546977923386
11.79999999999997 0.2578956084571867
11.89999999999997 0.2575655525325985
11.99999999999997 0.2572040363886725
12.09999999999997 0.2566350725890701
12.19999999999997 0.2553894851391114
12.29999999999997 0.2512733090240529
12.39999999999997 0.2440507929476003
12.49999999999997 0.3485320059547283
12.59999999999997 0.3421923513726584
12.69999999999997 0.3403618477861849
12.79999999999997 0.339697369715174
12.89999999999997 0.3393861243711308
12.99999999999997 0.3392143078047799
13.09999999999997 0.3391081848434324
13.19999999999997 0.339037074536354
13.29999999999997 0.3389863983703421
13.39999999999997 0.3389485133708176
13.49999999999997 0.3389190966743195
13.59999999999997 0.3388955504546549
13.69999999999997 0.3388762337559929
13.79999999999997 0.3388600656064077
13.89999999999997 0.3388463077873747
13.99999999999997 0.3388344400652086
14.09999999999997 0.3388240855326988
14.19999999999997 0.3388149643276589
14.29999999999997 0.3388068640404888
14.39999999999996 0.33879962026583
14.49999999999996 0.3387931035019585
14.59999999999996 0.3387872101265743
14.69999999999996 0.3387818560521866
14.79999999999996 0.3387769721806744
14.89999999999996 0.3387725010896197
14.99999999999996 0.3387683945772362
15.09999999999996 0.3387646118158584
15.19999999999996 0.3387611179435495
15.29999999999996 0.3387578829757696
15.39999999999996 0.3387548809540937
15.49999999999996 0.3387520892727844
15.59999999999996 0.3387494881404409
15.69999999999996 0.3387470601454213
15.79999999999996 0.3387447899018526
15.89999999999996 0.3387426637588645
15.99999999999996 0.3387406695599004
16.09999999999996 0.3387387964420483
16.19999999999996 0.3387370346676262
16.29999999999996 0.338735375481968
16.39999999999996 0.3387338109926498
16.49999999999996 0.3387323340663817
16.59999999999997 0.3387309382405534
16.69999999999997 0.3387296176470005
16.79999999999997 0.33872836694603
16.89999999999997 0.338727181269095
16.99999999999997 0.3387260561688043
17.09999999999997 0.3387249875751752
17.19999999999997 0.3387239717572278
17.29999999999998 0.3387230052891659
17.39999999999998 0.3387220850205115
17.49999999999998 0.3387212080496584
17.59999999999998 0.3387203717003969
17.69999999999998 0.3387195735010214
17.79999999999998 0.3387188111656985
17.89999999999998 0.3387180825778108
17.99999999999999 0.3387173857750397
18.09999999999999 0.3387167189359761
18.19999999999999 0.3387160803680829
18.29999999999999 0.3387154684968504
18.39999999999999 0.3387148818560117
18.49999999999999 0.3387143190786989
18.59999999999999 0.3387137788894363
18.7 0.3387132600968823
18.8 0.3387127615872383
18.9 0.3387122823182551
19 0.3387118213137765
19.1 0.3387113776587636
19.2 0.3387109504947528
19.3 0.3387105390157044
19.40000000000001 0.3387101424642032
19.50000000000001 0.3387097601279773
19.60000000000001 0.3387093913367057
19.70000000000001 0.338709035459086
19.80000000000001 0.3387086919001392
19.90000000000001 0.3387083600987302
20.00000000000001 0.3387080395252831
20.10000000000002 0.3387077296796749
20.20000000000002 0.3387074300892923
20.30000000000002 0.3387071403072353
20.40000000000002 0.3387068599106573
20.50000000000002 0.338706588499229
20.60000000000002 0.3387063256937147
20.70000000000002 0.3387060711346539
20.80000000000003 0.3387058244811367
20.90000000000003 0.3387055854096678
21.00000000000003 0.3387053536131108
21.10000000000003 0.3387051287997055
21.20000000000003 0.3387049106921544
21.30000000000003 0.3387046990267714
21.40000000000003 0.3387044935526888
21.50000000000004 0.3387042940311171
21.60000000000004 0.3387041002346543
21.70000000000004 0.3387039119466413
21.80000000000004 0.3387037289605592
21.90000000000004 0.3387035510794651
22.00000000000004 0.3387033781154653
22.10000000000004 0.3387032098892208
22.20000000000005 0.3387030462294851
22.30000000000005 0.33870288697267
22.40000000000005 0.3387027319624387
22.50000000000005 0.3387025810493239
22.60000000000005 0.3387024340903694
22.70000000000005 0.3387022909487926
22.80000000000005 0.3387021514936673
22.90000000000006 0.3387020155996268
23.00000000000006 0.3387018831465823
23.10000000000006 0.338701754019459
23.20000000000006 0.3387016281079476
23.30000000000006 0.3387015053062687
23.40000000000006 0.3387013855129532
23.50000000000006 0.3387012686306317
23.60000000000007 0.3387011545658384
23.70000000000007 0.3387010432288255
23.80000000000007 0.3387009345333862
23.90000000000007 0.338700828396689
24.00000000000007 0.3387007247391207
24.10000000000007 0.3387006234841375
24.20000000000007 0.3387005245581242
24.30000000000008 0.3387004278902606
24.40000000000008 0.3387003334123957
24.50000000000008 0.338700241058928
24.60000000000008 0.3387001507666916
24.70000000000008 0.3387000624748487
24.80000000000008 0.3386999761247878
24.90000000000008 0.3386998916600264
25.00000000000009 0.338699809026119
25.10000000000009 0.3386997281705698
25.20000000000009 0.3386996490427495
25.30000000000009 0.3386995715938164
25.40000000000009 0.3386994957766408
25.50000000000009 0.3386994215457344
25.60000000000009 0.3386993488571813
25.7000000000001 0.3386992776685739
25.8000000000001 0.3386992079389511
25.9000000000001 0.3386991396287393
26.0000000000001 0.3386990726996967
26.1000000000001 0.3386990071148598
26.2000000000001 0.3386989428384924
26.3000000000001 0.3386988798360375
26.40000000000011 0.3386988180740702
26.50000000000011 0.3386987575202541
26.60000000000011 0.3386986981432991
26.70000000000011 0.3386986399129207
26.80000000000011 0.3386985827998017
26.90000000000011 0.3386985267755553
27.00000000000011 0.3386984718126901
27.10000000000012 0.3386984178845762
27.20000000000012 0.3386983649654132
27.30000000000012 0.3386983130301994
27.40000000000012 0.3386982620547023
27.50000000000012 0.3386982120154302
27.60000000000012 0.3386981628896055
27.70000000000012 0.338698114655139
27.80000000000013 0.3386980672906043
27.90000000000013 0.3386980207752147
28.00000000000013 0.3386979750888008
28.10000000000013 0.3386979302117877
28.20000000000013 0.3386978861251748
28.30000000000013 0.3386978428105155
28.40000000000013 0.3386978002498978
28.50000000000014 0.3386977584259261
28.60000000000014 0.3386977173217035
28.70000000000014 0.338697676920814
28.80000000000014 0.3386976372073073
28.90000000000014 0.3386975981656823
29.00000000000014 0.3386975597808722
29.10000000000014 0.3386975220382299
29.20000000000014 0.3386974849235143
29.30000000000015 0.3386974484228766
29.40000000000015 0.3386974125228477
29.50000000000015 0.3386973772103254
29.60000000000015 0.338697342472563
29.70000000000015 0.3386973082971571
29.80000000000015 0.338697274672037
29.90000000000015 0.3386972415854544
30.00000000000016 0.3386972090259725
30.10000000000016 0.3386971769824563
30.20000000000016 0.3386971454440632
30.30000000000016 0.338697114400234
30.40000000000016 0.3386970838406838
30.50000000000016 0.3386970537553933
30.60000000000016 0.3386970241346012
30.70000000000017 0.3386969949687959
30.80000000000017 0.3386969662487081
30.90000000000017 0.3386969379653028
31.00000000000017 0.3386969101097733
31.10000000000017 0.3386968826735332
31.20000000000017 0.3386968556482106
31.30000000000017 0.3386968290256417
31.40000000000018 0.3386968027978638
31.50000000000018 0.3386967769571104
31.60000000000018 0.3386967514958049
31.70000000000018 0.338696726406555
31.80000000000018 0.3386967016821477
31.90000000000018 0.3386966773155438
32.00000000000018 0.3386966532998729
32.10000000000019 0.338696629628429
32.20000000000019 0.3386966062946651
32.30000000000019 0.3386965832921893
32.40000000000019 0.3386965606147602
32.50000000000019 0.3386965382562825
32.60000000000019 0.3386965162108033
32.70000000000019 0.3386964944725076
32.8000000000002 0.3386964730357151
32.9000000000002 0.3386964518948761
33.0000000000002 0.3386964310445677
33.1000000000002 0.338696410479491
33.2000000000002 0.338696390194467
33.3000000000002 0.338696370184434
33.4000000000002 0.3386963504444438
33.50000000000021 0.3386963309696592
33.60000000000021 0.3386963117553509
33.70000000000021 0.3386962927968942
33.80000000000021 0.3386962740897668
33.90000000000021 0.3386962556295459
34.00000000000021 0.3386962374119054
34.10000000000021 0.3386962194326135
34.20000000000022 0.3386962016875305
34.30000000000022 0.3386961841726059
34.40000000000022 0.3386961668838764
34.50000000000022 0.3386961498174638
34.60000000000022 0.3386961329695727
34.70000000000022 0.3386961163364879
34.80000000000022 0.3386960999145734
34.90000000000023 0.3386960837002694
35.00000000000023 0.3386960676900909
35.10000000000023 0.3386960518806257
35.20000000000023 0.3386960362685327
35.30000000000023 0.3386960208505397
35.40000000000023 0.3386960056234425
35.50000000000023 0.3386959905841023
35.60000000000024 0.3386959757294448
35.70000000000024 0.3386959610564584
35.80000000000024 0.3386959465621924
35.90000000000024 0.3386959322437559
36.00000000000024 0.338695918098316
36.10000000000024 0.3386959041230972
36.20000000000024 0.3386958903153787
36.30000000000025 0.3386958766724944
36.40000000000025 0.3386958631918306
36.50000000000025 0.3386958498708257
36.60000000000025 0.338695836706968
36.70000000000025 0.3386958236977952
36.80000000000025 0.3386958108408929
36.90000000000025 0.3386957981338938
37.00000000000026 0.3386957855744764
37.10000000000026 0.3386957731603639
37.20000000000026 0.338695760889323
37.30000000000026 0.3386957487591637
37.40000000000026 0.3386957367677372
37.50000000000026 0.338695724912936
37.60000000000026 0.3386957131926918
37.70000000000027 0.338695701604976
37.80000000000027 0.3386956901477977
37.90000000000027 0.3386956788192033
38.00000000000027 0.3386956676172755
38.10000000000027 0.3386956565401329
38.20000000000027 0.3386956455859287
38.30000000000027 0.3386956347528501
38.40000000000028 0.3386956240391177
38.50000000000028 0.3386956134429846
38.60000000000028 0.3386956029627357
38.70000000000028 0.3386955925966873
38.80000000000028 0.3386955823431856
38.90000000000028 0.3386955722006074
39.00000000000028 0.338695562167358
39.10000000000029 0.3386955522418715
39.20000000000029 0.3386955424226102
39.30000000000029 0.3386955327080633
39.40000000000029 0.3386955230967469
39.50000000000029 0.3386955135872035
39.60000000000029 0.3386955041780009
39.70000000000029 0.3386954948677322
39.8000000000003 0.3386954856550151
39.9000000000003 0.3386954765384914
40.0000000000003 0.3386954675168261
40.1000000000003 0.3386954585887075
40.2000000000003 0.3386954497528469
40.3000000000003 0.3386954410079771
40.4000000000003 0.338695432352853
40.50000000000031 0.3386954237862503
40.60000000000031 0.3386954153069659
40.70000000000031 0.3386954069138171
40.80000000000031 0.3386953986056406
40.90000000000031 0.3386953903812933
41.00000000000031 0.338695382239651
41.10000000000031 0.3386953741796082
41.20000000000032 0.3386953662000781
41.30000000000032 0.3386953582999916
41.40000000000032 0.3386953504782974
41.50000000000032 0.3386953427339617
41.60000000000032 0.3386953350659674
41.70000000000032 0.3386953274733145
41.80000000000032 0.3386953199550187
41.90000000000033 0.3386953125101121
42.00000000000033 0.3386953051376427
42.10000000000033 0.3386952978366735
42.20000000000033 0.3386952906062826
42.30000000000033 0.3386952834455631
42.40000000000033 0.3386952763536228
42.50000000000033 0.3386952693295833
42.60000000000034 0.3386952623725804
42.70000000000034 0.3386952554817638
42.80000000000034 0.3386952486562961
42.90000000000034 0.3386952418953537
43.00000000000034 0.3386952351981257
43.10000000000034 0.3386952285638136
43.20000000000034 0.338695221991632
43.30000000000035 0.3386952154808071
43.40000000000035 0.3386952090305773
43.50000000000035 0.3386952026401931
43.60000000000035 0.3386951963089163
43.70000000000035 0.3386951900360199
43.80000000000035 0.3386951838207883
43.90000000000035 0.3386951776625165
44.00000000000036 0.3386951715605109
44.10000000000036 0.3386951655140876
44.20000000000036 0.3386951595225736
44.30000000000036 0.3386951535853059
44.40000000000036 0.3386951477016316
44.50000000000036 0.3386951418709073
44.60000000000036 0.3386951360924996
44.70000000000037 0.3386951303657841
44.80000000000037 0.3386951246901462
44.90000000000037 0.3386951190649801
45.00000000000037 0.3386951134896888
45.10000000000037 0.3386951079636846
45.20000000000037 0.338695102486388
45.30000000000037 0.3386950970572279
45.40000000000038 0.3386950916756422
45.50000000000038 0.3386950863410763
45.60000000000038 0.338695081052984
45.70000000000038 0.3386950758108268
45.80000000000038 0.3386950706140743
45.90000000000038 0.3386950654622035
46.00000000000038 0.3386950603546989
46.10000000000039 0.3386950552910524
46.20000000000039 0.3386950502707631
46.30000000000039 0.3386950452933375
46.40000000000039 0.3386950403582889
46.50000000000039 0.3386950354651374
46.60000000000039 0.3386950306134098
46.70000000000039 0.3386950258026402
46.8000000000004 0.3386950210323685
46.9000000000004 0.3386950163021413
47.0000000000004 0.3386950116115116
47.1000000000004 0.3386950069600385
47.2000000000004 0.3386950023472874
47.3000000000004 0.3386949977728295
47.4000000000004 0.338694993236242
47.50000000000041 0.338694988737108
47.60000000000041 0.3386949842750163
47.70000000000041 0.3386949798495612
47.80000000000041 0.3386949754603427
47.90000000000041 0.3386949711069661
48.00000000000041 0.3386949667890422
48.10000000000041 0.3386949625061869
48.20000000000041 0.3386949582580215
48.30000000000042 0.3386949540441722
48.40000000000042 0.3386949498642703
48.50000000000042 0.3386949457179523
48.60000000000042 0.3386949416048591
48.70000000000042 0.3386949375246364
48.80000000000042 0.3386949334769351
48.90000000000042 0.3386949294614103
49.00000000000043 0.3386949254777218
49.10000000000043 0.3386949215255338
49.20000000000043 0.3386949176045151
49.30000000000043 0.3386949137143387
49.40000000000043 0.3386949098546818
49.50000000000043 0.338694906025226
49.60000000000043 0.338694902225657
49.70000000000044 0.3386948984556644
49.80000000000044 0.338694894714942
49.90000000000044 0.3386948910031876
50.00000000000044 0.3386948873201027
50.10000000000044 0.3386948836653929
50.20000000000044 0.3386948800387672
50.30000000000044 0.3386948764399386
50.40000000000045 0.3386948728686237
50.50000000000045 0.3386948693245427
50.60000000000045 0.3386948658074193
50.70000000000045 0.3386948623169806
50.80000000000045 0.3386948588529576
50.90000000000045 0.338694855415084
51.00000000000045 0.3386948520030974
51.10000000000046 0.3386948486167385
51.20000000000046 0.3386948452557511
51.30000000000046 0.3386948419198825
51.40000000000046 0.3386948386088829
51.50000000000046 0.3386948353225054
51.60000000000046 0.3386948320605068
51.70000000000046 0.3386948288226463
51.80000000000047 0.3386948256086863
51.90000000000047 0.338694822418392
52.00000000000047 0.3386948192515318
52.10000000000047 0.3386948161078765
52.20000000000047 0.3386948129871999
52.30000000000047 0.3386948098892786
52.40000000000047 0.3386948068138919
52.50000000000048 0.3386948037608217
52.60000000000048 0.3386948007298525
52.70000000000048 0.3386947977207713
52.80000000000048 0.3386947947333681
52.90000000000048 0.338694791767435
53.00000000000048 0.3386947888227666
53.10000000000048 0.3386947858991602
53.20000000000049 0.3386947829964153
53.30000000000049 0.3386947801143338
53.40000000000049 0.3386947772527201
53.50000000000049 0.3386947744113807
53.60000000000049 0.3386947715901246
53.70000000000049 0.3386947687887628
53.80000000000049 0.3386947660071087
53.9000000000005 0.3386947632449779
54.0000000000005 0.3386947605021879
54.1000000000005 0.3386947577785588
54.2000000000005 0.3386947550739122
54.3000000000005 0.3386947523880722
54.4000000000005 0.3386947497208648
54.5000000000005 0.3386947470721181
54.60000000000051 0.3386947444416619
54.70000000000051 0.3386947418293282
54.80000000000051 0.3386947392349509
54.90000000000051 0.3386947366583659
55.00000000000051 0.3386947340994105
55.10000000000051 0.3386947315579245
55.20000000000051 0.338694729033749
55.30000000000052 0.3386947265267273
55.40000000000052 0.3386947240367043
55.50000000000052 0.3386947215635264
55.60000000000052 0.3386947191070421
55.70000000000052 0.3386947166671015
55.80000000000052 0.3386947142435563
55.90000000000052 0.3386947118362598
56.00000000000053 0.3386947094450673
56.10000000000053 0.3386947070698352
56.20000000000053 0.3386947047104218
56.30000000000053 0.338694702366687
56.40000000000053 0.3386947000384919
56.50000000000053 0.3386946977256998
56.60000000000053 0.3386946954281748
56.70000000000054 0.3386946931457829
56.80000000000054 0.3386946908783914
56.90000000000054 0.338694688625869
57.00000000000054 0.3386946863880862
57.10000000000054 0.3386946841649144
57.20000000000054 0.3386946819562268
57.30000000000054 0.338694679761898
57.40000000000055 0.3386946775818033
57.50000000000055 0.3386946754158202
57.60000000000055 0.338694673263827
57.70000000000055 0.3386946711257035
57.80000000000055 0.3386946690013307
57.90000000000055 0.338694666890591
58.00000000000055 0.3386946647933677
58.10000000000056 0.338694662709546
58.20000000000056 0.3386946606390117
58.30000000000056 0.3386946585816519
58.40000000000056 0.3386946565373554
58.50000000000056 0.3386946545060115
58.60000000000056 0.3386946524875113
58.70000000000056 0.3386946504817465
58.80000000000057 0.3386946484886102
58.90000000000057 0.3386946465079965
59.00000000000057 0.3386946445398008
59.10000000000057 0.3386946425839195
59.20000000000057 0.33869464064025
59.30000000000057 0.3386946387086909
59.40000000000057 0.3386946367891416
59.50000000000058 0.3386946348815029
59.60000000000058 0.3386946329856764
59.70000000000058 0.3386946311015647
59.80000000000058 0.3386946292290716
59.90000000000058 0.3386946273681015
60.00000000000058 0.3386946255185601
60.10000000000058 0.3386946236803542
60.20000000000059 0.3386946218533911
60.30000000000059 0.3386946200375793
60.40000000000059 0.3386946182328283
60.50000000000059 0.3386946164390485
60.60000000000059 0.3386946146561509
60.70000000000059 0.3386946128840478
60.80000000000059 0.3386946111226521
60.9000000000006 0.3386946093718778
61.0000000000006 0.3386946076316397
61.1000000000006 0.3386946059018532
61.2000000000006 0.3386946041824349
61.3000000000006 0.3386946024733021
61.4000000000006 0.3386946007743729
61.5000000000006 0.338694599085566
61.60000000000061 0.3386945974068014
61.70000000000061 0.3386945957379995
61.80000000000061 0.3386945940790817
61.90000000000061 0.3386945924299701
62.00000000000061 0.3386945907905873
62.10000000000061 0.3386945891608571
62.20000000000061 0.3386945875407039
62.30000000000062 0.3386945859300527
62.40000000000062 0.3386945843288293
62.50000000000062 0.3386945827369602
62.60000000000062 0.3386945811543728
62.70000000000062 0.338694579580995
62.80000000000062 0.3386945780167555
62.90000000000062 0.3386945764615835
63.00000000000063 0.3386945749154093
63.10000000000063 0.3386945733781633
63.20000000000063 0.3386945718497771
63.30000000000063 0.3386945703301826
63.40000000000063 0.3386945688193127
63.50000000000063 0.3386945673171005
63.60000000000063 0.33869456582348
63.70000000000064 0.3386945643383859
63.80000000000064 0.3386945628617532
63.90000000000064 0.3386945613935179
64.00000000000064 0.3386945599336165
64.10000000000063 0.3386945584819858
64.20000000000063 0.3386945570385635
64.30000000000062 0.338694555603288
64.40000000000062 0.3386945541760979
64.50000000000061 0.3386945527569326
64.60000000000061 0.3386945513457321
64.7000000000006 0.3386945499424368
64.80000000000059 0.3386945485469879
64.90000000000059 0.3386945471593267
65.00000000000058 0.3386945457793957
65.10000000000058 0.3386945444071375
65.20000000000057 0.3386945430424951
65.30000000000057 0.3386945416854124
65.40000000000056 0.3386945403358337
65.50000000000055 0.3386945389937036
65.60000000000055 0.3386945376589674
65.70000000000054 0.3386945363315711
65.80000000000054 0.3386945350114607
65.90000000000053 0.3386945336985832
66.00000000000053 0.3386945323928856
66.10000000000052 0.3386945310943157
66.20000000000051 0.3386945298028218
66.30000000000051 0.3386945285183525
66.4000000000005 0.338694527240857
66.5000000000005 0.3386945259702847
66.60000000000049 0.3386945247065859
66.70000000000049 0.338694523449711
66.80000000000048 0.3386945221996109
66.90000000000047 0.3386945209562371
67.00000000000047 0.3386945197195413
67.10000000000046 0.3386945184894758
67.20000000000046 0.3386945172659932
67.30000000000045 0.3386945160490468
67.40000000000045 0.3386945148385899
67.50000000000044 0.3386945136345766
67.60000000000043 0.338694512436961
67.70000000000043 0.3386945112456982
67.80000000000042 0.338694510060743
67.90000000000042 0.3386945088820511
68.00000000000041 0.3386945077095784
68.10000000000041 0.3386945065432812
68.2000000000004 0.3386945053831162
68.3000000000004 0.3386945042290405
68.40000000000039 0.3386945030810116
68.50000000000038 0.3386945019389871
68.60000000000038 0.3386945008029255
68.70000000000037 0.3386944996727851
68.80000000000037 0.338694498548525
68.90000000000036 0.3386944974301043
69.00000000000036 0.3386944963174827
69.10000000000035 0.3386944952106201
69.20000000000034 0.338694494109477
69.30000000000034 0.3386944930140138
69.40000000000033 0.3386944919241917
69.50000000000033 0.3386944908399719
69.60000000000032 0.3386944897613162
69.70000000000032 0.3386944886881865
69.80000000000031 0.338694487620545
69.9000000000003 0.3386944865583544
70.0000000000003 0.3386944855015778
70.10000000000029 0.3386944844501783
70.20000000000029 0.3386944834041195
70.30000000000028 0.3386944823633653
70.40000000000028 0.3386944813278798
70.50000000000027 0.3386944802976277
70.60000000000026 0.3386944792725735
70.70000000000026 0.3386944782526825
70.80000000000025 0.3386944772379201
70.90000000000025 0.3386944762282517
71.00000000000024 0.3386944752236435
71.10000000000024 0.3386944742240617
71.20000000000023 0.3386944732294728
71.30000000000022 0.3386944722398436
71.40000000000022 0.338694471255141
71.50000000000021 0.3386944702753326
71.60000000000021 0.3386944693003858
71.7000000000002 0.3386944683302687
71.8000000000002 0.3386944673649492
71.90000000000019 0.3386944664043959
72.00000000000018 0.3386944654485775
72.10000000000018 0.3386944644974628
72.20000000000017 0.3386944635510208
72.30000000000017 0.3386944626092214
72.40000000000016 0.3386944616720339
72.50000000000016 0.3386944607394284
72.60000000000015 0.3386944598113749
72.70000000000014 0.3386944588878441
72.80000000000014 0.3386944579688064
72.90000000000013 0.3386944570542328
73.00000000000013 0.3386944561440944
73.10000000000012 0.3386944552383626
73.20000000000012 0.338694454337009
73.30000000000011 0.3386944534400053
73.40000000000011 0.3386944525473238
73.5000000000001 0.3386944516589366
73.60000000000009 0.3386944507748161
73.70000000000009 0.3386944498949352
73.80000000000008 0.3386944490192666
73.90000000000008 0.3386944481477837
74.00000000000007 0.3386944472804597
74.10000000000007 0.3386944464172684
74.20000000000006 0.3386944455581832
74.30000000000005 0.3386944447031785
74.40000000000005 0.3386944438522282
74.50000000000004 0.3386944430053068
74.60000000000004 0.3386944421623889
74.70000000000003 0.3386944413234493
74.80000000000003 0.338694440488463
74.90000000000002 0.3386944396574052
75.00000000000001 0.3386944388302512
75.10000000000001 0.3386944380069767
75.2 0.3386944371875575
75.3 0.3386944363719694
75.39999999999999 0.3386944355601886
75.49999999999999 0.3386944347521916
75.59999999999998 0.3386944339479547
75.69999999999997 0.3386944331474547
75.79999999999997 0.3386944323506685
75.89999999999996 0.3386944315575732
75.99999999999996 0.3386944307681458
76.09999999999995 0.338694429982364
76.19999999999995 0.3386944292002052
76.29999999999994 0.3386944284216473
76.39999999999993 0.3386944276466681
76.49999999999993 0.3386944268752456
76.59999999999992 0.3386944261073583
76.69999999999992 0.3386944253429846
76.79999999999991 0.3386944245821029
76.89999999999991 0.3386944238246921
76.9999999999999 0.3386944230707311
77.09999999999989 0.338694422320199
77.19999999999989 0.3386944215730749
77.29999999999988 0.3386944208293384
77.39999999999988 0.3386944200889688
77.49999999999987 0.3386944193519462
77.59999999999987 0.33869441861825
77.69999999999986 0.3386944178878604
77.79999999999986 0.3386944171607577
77.89999999999985 0.3386944164369218
77.99999999999984 0.3386944157163336
78.09999999999984 0.3386944149989736
78.19999999999983 0.3386944142848223
78.29999999999983 0.3386944135738608
78.39999999999982 0.33869441286607
78.49999999999982 0.3386944121614312
78.59999999999981 0.3386944114599257
78.6999999999998 0.3386944107615348
78.7999999999998 0.3386944100662402
78.89999999999979 0.3386944093740236
78.99999999999979 0.3386944086848669
79.09999999999978 0.338694407998752
79.19999999999978 0.3386944073156611
79.29999999999977 0.3386944066355764
79.39999999999976 0.3386944059584803
79.49999999999976 0.3386944052843552
79.59999999999975 0.338694404613184
79.69999999999975 0.3386944039449492
79.79999999999974 0.3386944032796338
79.89999999999974 0.3386944026172209
79.99999999999973 0.3386944019576935
80.09999999999972 0.3386944013010348
80.19999999999972 0.3386944006472286
80.29999999999971 0.3386943999962579
80.39999999999971 0.3386943993481065
80.4999999999997 0.3386943987027582
80.5999999999997 0.3386943980601969
80.69999999999969 0.3386943974204064
80.79999999999968 0.3386943967833708
80.89999999999968 0.3386943961490744
80.99999999999967 0.3386943955175016
81.09999999999967 0.3386943948886367
81.19999999999966 0.3386943942624642
81.29999999999966 0.3386943936389689
81.39999999999965 0.3386943930181354
81.49999999999964 0.3386943923999486
81.59999999999964 0.3386943917843935
81.69999999999963 0.3386943911714553
81.79999999999963 0.338694390561119
81.89999999999962 0.33869438995337
81.99999999999962 0.3386943893481936
82.09999999999961 0.3386943887455753
82.1999999999996 0.3386943881455008
82.2999999999996 0.3386943875479558
82.39999999999959 0.338694386952926
82.49999999999959 0.3386943863603974
82.59999999999958 0.3386943857703559
82.69999999999958 0.3386943851827876
82.79999999999957 0.3386943845976787
82.89999999999957 0.3386943840150157
82.99999999999956 0.3386943834347848
83.09999999999955 0.3386943828569724
83.19999999999955 0.3386943822815651
83.29999999999954 0.3386943817085497
83.39999999999954 0.3386943811379128
83.49999999999953 0.3386943805696416
83.59999999999953 0.3386943800037226
83.69999999999952 0.3386943794401429
83.79999999999951 0.3386943788788899
83.89999999999951 0.3386943783199508
83.9999999999995 0.3386943777633125
84.0999999999995 0.3386943772089627
84.19999999999949 0.3386943766568888
84.29999999999949 0.3386943761070784
84.39999999999948 0.338694375559519
84.49999999999947 0.3386943750141986
84.59999999999947 0.3386943744711046
84.69999999999946 0.3386943739302252
84.79999999999946 0.3386943733915484
84.89999999999945 0.338694372855062
84.99999999999945 0.3386943723207543
85.09999999999944 0.3386943717886136
85.19999999999943 0.338694371258628
85.29999999999943 0.338694370730786
85.39999999999942 0.338694370205076
85.49999999999942 0.3386943696814866
85.59999999999941 0.3386943691600064
85.69999999999941 0.3386943686406241
85.7999999999994 0.3386943681233283
85.89999999999939 0.3386943676081079
85.99999999999939 0.338694367094952
86.09999999999938 0.3386943665838493
86.19999999999938 0.3386943660747891
86.29999999999937 0.3386943655677604
86.39999999999937 0.3386943650627524
86.49999999999936 0.3386943645597544
86.59999999999935 0.3386943640587557
86.69999999999935 0.3386943635597459
86.79999999999934 0.3386943630627142
86.89999999999934 0.3386943625676504
86.99999999999933 0.3386943620745441
87.09999999999933 0.3386943615833848
87.19999999999932 0.3386943610941624
87.29999999999932 0.3386943606068667
87.39999999999931 0.3386943601214877
87.4999999999993 0.3386943596380151
87.5999999999993 0.3386943591564393
87.69999999999929 0.33869435867675
87.79999999999929 0.3386943581989376
87.89999999999928 0.3386943577229922
87.99999999999928 0.3386943572489042
88.09999999999927 0.3386943567766639
88.19999999999926 0.3386943563062617
88.29999999999926 0.338694355837688
88.39999999999925 0.3386943553709334
88.49999999999925 0.3386943549059885
88.59999999999924 0.338694354442844
88.69999999999924 0.3386943539814905
88.79999999999923 0.3386943535219188
88.89999999999922 0.3386943530641198
88.99999999999922 0.3386943526080843
89.09999999999921 0.3386943521538035
89.19999999999921 0.338694351701268
89.2999999999992 0.3386943512504692
89.3999999999992 0.3386943508013981
89.49999999999919 0.3386943503540459
89.59999999999918 0.3386943499084038
89.69999999999918 0.3386943494644631
89.79999999999917 0.3386943490222152
89.89999999999917 0.3386943485816515
89.99999999999916 0.3386943481427634
90.09999999999916 0.3386943477055425
90.19999999999915 0.3386943472699803
90.29999999999914 0.3386943468360684
90.39999999999914 0.3386943464037986
90.49999999999913 0.3386943459731624
90.59999999999913 0.3386943455441517
90.69999999999912 0.3386943451167584
90.79999999999912 0.3386943446909742
90.89999999999911 0.3386943442667913
90.9999999999991 0.3386943438442014
91.0999999999991 0.3386943434231967
91.19999999999909 0.3386943430037692
91.29999999999909 0.338694342585911
91.39999999999908 0.3386943421696144
91.49999999999908 0.3386943417548715
91.59999999999907 0.3386943413416747
91.69999999999906 0.3386943409300163
91.79999999999906 0.3386943405198885
91.89999999999905 0.338694340111284
91.99999999999905 0.338694339704195
92.09999999999904 0.3386943392986141
92.19999999999904 0.338694338894534
92.29999999999903 0.3386943384919472
92.39999999999903 0.3386943380908463
92.49999999999902 0.338694337691224
92.59999999999901 0.3386943372930731
92.69999999999901 0.3386943368963864
92.799999999999 0.3386943365011566
92.899999999999 0.3386943361073767
92.99999999999899 0.3386943357150396
93.09999999999899 0.3386943353241383
93.19999999999898 0.3386943349346656
93.29999999999897 0.3386943345466147
93.39999999999897 0.3386943341599788
93.49999999999896 0.3386943337747508
93.59999999999896 0.3386943333909239
93.69999999999895 0.3386943330084914
93.79999999999895 0.3386943326274467
93.89999999999894 0.3386943322477828
93.99999999999893 0.3386943318694931
94.09999999999893 0.3386943314925711
94.19999999999892 0.3386943311170101
94.29999999999892 0.3386943307428038
94.39999999999891 0.3386943303699452
94.49999999999891 0.3386943299984282
94.5999999999989 0.3386943296282465
94.69999999999889 0.3386943292593934
94.79999999999889 0.3386943288918625
94.89999999999888 0.3386943285256477
94.99999999999888 0.3386943281607427
95.09999999999887 0.3386943277971413
95.19999999999887 0.3386943274348372
95.29999999999886 0.3386943270738241
95.39999999999885 0.3386943267140962
95.49999999999885 0.3386943263556471
95.59999999999884 0.3386943259984709
95.69999999999884 0.3386943256425616
95.79999999999883 0.3386943252879131
95.89999999999883 0.3386943249345196
95.99999999999882 0.338694324582375
96.09999999999881 0.3386943242314737
96.19999999999881 0.3386943238818095
96.2999999999988 0.3386943235333769
96.3999999999988 0.3386943231861699
96.49999999999879 0.3386943228401829
96.59999999999879 0.3386943224954101
96.69999999999878 0.338694322151846
96.79999999999878 0.3386943218094846
96.89999999999877 0.3386943214683206
96.99999999999876 0.3386943211283483
97.09999999999876 0.3386943207895622
97.19999999999875 0.3386943204519568
97.29999999999875 0.3386943201155266
97.39999999999874 0.3386943197802661
97.49999999999874 0.33869431944617
97.59999999999873 0.3386943191132327
97.69999999999872 0.3386943187814491
97.79999999999872 0.3386943184508137
97.89999999999871 0.3386943181213213
97.99999999999871 0.3386943177929666
98.0999999999987 0.3386943174657444
98.1999999999987 0.3386943171396493
98.29999999999869 0.3386943168146765
98.39999999999868 0.3386943164908206
98.49999999999868 0.3386943161680765
98.59999999999867 0.3386943158464392
98.69999999999867 0.3386943155259036
98.79999999999866 0.3386943152064645
98.89999999999866 0.3386943148881172
98.99999999999865 0.3386943145708566
99.09999999999864 0.3386943142546778
99.19999999999864 0.3386943139395758
99.29999999999863 0.3386943136255458
99.39999999999863 0.3386943133125829
99.49999999999862 0.3386943130006821
99.59999999999862 0.338694312689839
99.69999999999861 0.3386943123800485
99.7999999999986 0.338694312071306
99.8999999999986 0.3386943117636066
99.99999999999859 0.338694311456946
100.0999999999986 0.3386943111513189
