0 -0.04334891335565252
0.1 -0.04289654274306438
0.2 -0.04242290955526983
0.3 -0.04189971429791998
0.4 -0.04131334444847392
0.5 -0.04067916503352217
0.6 -0.0400419510444809
0.7 -0.03945175239555268
0.7999999999999999 -0.03893514853845445
0.8999999999999999 -0.03848831860948453
0.9999999999999999 -0.03808897456079671
1.1 -0.03770862328816663
1.2 -0.03731755984330985
1.3 -0.03688752124143688
1.4 -0.03639982045678987
1.5 -0.03585987685385344
1.6 -0.03530485015925437
1.7 -0.03478809292887236
1.8 -0.03434911483053707
1.900000000000001 -0.03399740951059589
2 -0.03371887992867645
2.100000000000001 -0.03348939650646687
2.200000000000001 -0.03328230554646049
2.300000000000001 -0.0330688217595206
2.400000000000001 -0.03281636913414122
2.500000000000001 -0.03249174750293335
2.600000000000001 -0.03207531101407557
2.700000000000001 -0.03158276218537688
2.800000000000001 -0.03107234958198933
2.900000000000001 -0.03061719663174015
3.000000000000001 -0.03026367390563355
3.100000000000001 -0.03001644937307225
3.200000000000002 -0.0298536862843465
3.300000000000002 -0.02974726515307483
3.400000000000002 -0.02967324736400365
3.500000000000002 -0.02961360098806449
3.600000000000002 -0.02955419486794602
3.700000000000002 -0.02948220399055639
3.800000000000002 -0.0293842759147251
3.900000000000002 -0.02924627016265233
4.000000000000002 -0.02905545709536926
4.100000000000001 -0.02880563711962981
4.200000000000001 -0.02850359412664097
4.300000000000001 -0.02817217969469633
4.4 -0.02784512242271047
4.5 -0.02755474339321978
4.6 -0.02732080351796665
4.699999999999999 -0.02714748051361498
4.799999999999999 -0.02702774175836504
4.899999999999999 -0.02694983026863816
4.999999999999998 -0.02690198925010694
5.099999999999998 -0.02687462225285251
5.199999999999998 -0.02686068657330575
5.299999999999997 -0.02685526423710375
5.399999999999997 -0.02685488708540424
5.499999999999996 -0.02685684777943586
5.599999999999996 -0.02685852407822061
5.699999999999996 -0.02685663978720331
5.799999999999995 -0.02684633112803005
5.899999999999995 -0.02681986672309862
5.999999999999995 -0.02676493200501993
6.099999999999994 -0.02666269988823615
6.199999999999994 -0.02648679308861868
6.299999999999994 -0.02620594751682365
6.399999999999993 -0.02579468809814286
6.499999999999993 -0.02525331673817799
6.599999999999993 -0.02462620704089005
6.699999999999992 -0.02399586725904754
6.799999999999992 -0.02344634191587741
6.899999999999991 -0.0230254388315822
6.999999999999991 -0.02273664862664069
7.099999999999991 -0.02255630749099511
7.19999999999999 -0.02245370544545194
7.29999999999999 -0.02240234871585618
7.39999999999999 -0.02238311678814017
7.499999999999989 -0.0223835082110922
7.599999999999989 -0.02239585972585648
7.699999999999989 -0.02241573756144858
7.799999999999988 -0.02244078974431672
7.899999999999988 -0.02247001833325988
7.999999999999988 -0.02250336238764163
8.099999999999987 -0.02254150111635997
8.199999999999987 -0.0225858239360475
8.299999999999986 -0.02263855105089898
8.399999999999986 -0.02270302266201895
8.499999999999986 -0.02278420478330772
8.599999999999985 -0.02288945470226943
8.699999999999985 -0.02302937711458621
8.799999999999985 -0.02321730537692038
8.899999999999984 -0.02345897264183606
8.999999999999984 -0.02368583782022729
9.099999999999984 -0.02337701589180882
9.199999999999983 -0.01983812088140464
9.299999999999983 -0.007147733141559379
9.399999999999983 0.006331179660708841
9.499999999999982 0.01025737759256769
9.599999999999982 0.01045333496166664
9.699999999999982 0.01005226728853678
9.799999999999981 0.009677266712894775
9.899999999999981 0.009397651973947041
9.99999999999998 0.009195285147472997
10.09999999999998 0.009046885902310189
10.19999999999998 0.008935305175254947
10.29999999999998 0.008849007017391566
10.39999999999998 0.008780303611335104
10.49999999999998 0.008723988411630593
10.59999999999998 0.008676438896242547
10.69999999999998 0.008635046641577326
10.79999999999998 0.008597851939012073
10.89999999999998 0.008563301709339985
10.99999999999998 0.008530079621089252
11.09999999999998 0.008496975447728754
11.19999999999998 0.008462770292250996
11.29999999999998 0.008426117844286984
11.39999999999998 0.008385400183571159
11.49999999999998 0.008338528966152906
11.59999999999997 0.008282646079155104
11.69999999999997 0.008213645580278824
11.79999999999997 0.008125379674317264
11.89999999999997 0.008008313144992223
11.99999999999997 0.007847283866008595
12.09999999999997 0.007618297591358042
12.19999999999997 0.007287753844104364
12.29999999999997 0.006844154341686892
12.39999999999997 0.006589624933232591
12.49999999999997 0.009165666091155822
12.59999999999997 0.02435051086878581
12.69999999999997 0.0429938641558376
12.79999999999997 0.04729623904756546
12.89999999999997 0.04711932979885332
12.99999999999997 0.04652363022440457
13.09999999999997 0.04606707225779158
13.19999999999997 0.04575402384130223
13.29999999999997 0.04553873503816065
13.39999999999997 0.04538677897921108
13.49999999999997 0.04527633413095816
13.59999999999997 0.04519382238217619
13.69999999999997 0.04513065203426029
13.79999999999997 0.04508124326279782
13.89999999999997 0.04504187162991102
13.99999999999997 0.04500998527398298
14.09999999999997 0.04498379312428966
14.19999999999997 0.04496201028070935
14.29999999999997 0.04494369654796784
14.39999999999996 0.04492815154104934
14.49999999999996 0.04491484498805259
14.59999999999996 0.0449033694458922
14.69999999999996 0.0448934076018228
14.79999999999996 0.04488470926102643
14.89999999999996 0.04487707488799777
14.99999999999996 0.04487034365976068
15.09999999999996 0.04486438467524123
15.19999999999996 0.04485909040537962
15.29999999999996 0.04485437175603769
15.39999999999996 0.04485015430660198
15.49999999999996 0.04484637541584603
15.59999999999996 0.04484298197461881
15.69999999999996 0.04483992864593286
15.79999999999996 0.04483717647585607
15.89999999999996 0.04483469178903476
15.99999999999996 0.04483244530453151
16.09999999999996 0.04483041142352204
16.19999999999996 0.04482856765202473
16.29999999999996 0.04482689413043833
16.39999999999996 0.04482537324808684
16.49999999999996 0.04482398932580393
16.59999999999997 0.04482272835326005
16.69999999999997 0.04482157777054099
16.79999999999997 0.04482052628564988
16.89999999999997 0.04481956372128378
16.99999999999997 0.04481868088554818
17.09999999999997 0.04481786946230646
17.19999999999997 0.04481712191767921
17.29999999999998 0.04481643141986152
17.39999999999998 0.04481579176994932
17.49999999999998 0.04481519734188848
17.59999999999998 0.04481464303000195
17.69999999999998 0.0448141242028295
17.79999999999998 0.04481363666224231
17.89999999999998 0.04481317660698093
17.99999999999999 0.04481274059991948
18.09999999999999 0.04481232553848478
18.19999999999999 0.04481192862776365
18.29999999999999 0.04481154735591683
18.39999999999999 0.04481117947158906
18.49999999999999 0.04481082296306227
18.59999999999999 0.04481047603894609
18.7 0.04481013711023869
18.8 0.0448098047736215
18.9 0.04480947779587705
19 0.04480915509933845
19.1 0.04480883574829515
19.2 0.04480851893629191
19.3 0.04480820397426716
19.40000000000001 0.04480789027948442
19.50000000000001 0.0448075773652158
19.60000000000001 0.0448072648311402
19.70000000000001 0.04480695235442271
19.80000000000001 0.04480663968144231
19.90000000000001 0.04480632662013784
20.00000000000001 0.04480601303294218
20.10000000000002 0.04480569883027564
20.20000000000002 0.04480538396457032
20.30000000000002 0.04480506842479691
20.40000000000002 0.04480475223146668
20.50000000000002 0.0448044354320809
20.60000000000002 0.04480411809700106
20.70000000000002 0.04480380031571356
20.80000000000003 0.0448034821934628
20.90000000000003 0.04480316384822785
21.00000000000003 0.04480284540801825
21.10000000000003 0.0448025270084654
21.20000000000003 0.04480220879068696
21.30000000000003 0.04480189089940263
21.40000000000003 0.04480157348128062
21.50000000000004 0.04480125668349534
21.60000000000004 0.04480094065247744
21.70000000000004 0.04480062553283919
21.80000000000004 0.0448003114664584
21.90000000000004 0.04479999859170559
22.00000000000004 0.0447996870428004
22.10000000000004 0.04479937694928349
22.20000000000005 0.04479906843559193
22.30000000000005 0.04479876162072677
22.40000000000005 0.04479845661800189
22.50000000000005 0.04479815353486513
22.60000000000005 0.04479785247278254
22.70000000000005 0.04479755352717791
22.80000000000005 0.04479725678742014
22.90000000000006 0.04479696233685224
23.00000000000006 0.04479667025285566
23.10000000000006 0.04479638060694466
23.20000000000006 0.04479609346488616
23.30000000000006 0.04479580888684041
23.40000000000006 0.04479552692751906
23.50000000000006 0.0447952476363567
23.60000000000007 0.04479497105769352
23.70000000000007 0.04479469723096575
23.80000000000007 0.0447944261909021
23.90000000000007 0.0447941579677238
24.00000000000007 0.04479389258734674
24.10000000000007 0.04479363007158386
24.20000000000007 0.0447933704383468
24.30000000000008 0.04479311370184549
24.40000000000008 0.04479285987278485
24.50000000000008 0.04479260895855763
24.60000000000008 0.04479236096343291
24.70000000000008 0.04479211588873969
24.80000000000008 0.04479187373304507
24.90000000000008 0.04479163449232669
25.00000000000009 0.04479139816013936
25.10000000000009 0.04479116472777543
25.20000000000009 0.04479093418441894
25.30000000000009 0.04479070651729353
25.40000000000009 0.04479048171180404
25.50000000000009 0.04479025975167176
25.60000000000009 0.04479004061906351
25.7000000000001 0.04478982429471461
25.8000000000001 0.04478961075804574
25.9000000000001 0.04478939998727414
26.0000000000001 0.04478919195951873
26.1000000000001 0.04478898665090011
26.2000000000001 0.04478878403663478
26.3000000000001 0.04478858409112431
26.40000000000011 0.04478838678803961
26.50000000000011 0.04478819210040011
26.60000000000011 0.04478800000064852
26.70000000000011 0.04478781046072099
26.80000000000011 0.04478762345211312
26.90000000000011 0.0447874389459418
27.00000000000011 0.0447872569130032
27.10000000000012 0.0447870773238271
27.20000000000012 0.04478690014872759
27.30000000000012 0.04478672535785051
27.40000000000012 0.04478655292121757
27.50000000000012 0.04478638280876767
27.60000000000012 0.04478621499039503
27.70000000000012 0.04478604943598492
27.80000000000013 0.04478588611544657
27.90000000000013 0.04478572499874377
28.00000000000013 0.04478556605592318
28.10000000000013 0.04478540925714044
28.20000000000013 0.04478525457268411
28.30000000000013 0.04478510197299793
28.40000000000013 0.04478495142870108
28.50000000000014 0.04478480291060675
28.60000000000014 0.04478465638973918
28.70000000000014 0.04478451183734906
28.80000000000014 0.0447843692249277
28.90000000000014 0.0447842285242196
29.00000000000014 0.0447840897072341
29.10000000000014 0.04478395274625554
29.20000000000014 0.04478381761385254
29.30000000000015 0.04478368428288618
29.40000000000015 0.04478355272651718
29.50000000000015 0.04478342291821226
29.60000000000015 0.04478329483174969
29.70000000000015 0.04478316844122385
29.80000000000015 0.04478304372104941
29.90000000000015 0.04478292064596448
30.00000000000016 0.04478279919103337
30.10000000000016 0.04478267933164865
30.20000000000016 0.04478256104353281
30.30000000000016 0.04478244430273913
30.40000000000016 0.04478232908565243
30.50000000000016 0.04478221536898913
30.60000000000016 0.04478210312979707
30.70000000000017 0.04478199234545484
30.80000000000017 0.0447818829936709
30.90000000000017 0.04478177505248226
31.00000000000017 0.04478166850025298
31.10000000000017 0.04478156331567231
31.20000000000017 0.04478145947775275
31.30000000000017 0.04478135696582766
31.40000000000018 0.04478125575954889
31.50000000000018 0.04478115583888406
31.60000000000018 0.0447810571841139
31.70000000000018 0.0447809597758291
31.80000000000018 0.0447808635949274
31.90000000000018 0.04478076862261027
32.00000000000018 0.04478067484037969
32.10000000000019 0.0447805822300347
32.20000000000019 0.04478049077366793
32.30000000000019 0.04478040045366209
32.40000000000019 0.04478031125268626
32.50000000000019 0.04478022315369237
32.60000000000019 0.04478013613991138
32.70000000000019 0.04478005019484957
32.8000000000002 0.04477996530228481
32.9000000000002 0.04477988144626269
33.0000000000002 0.04477979861109283
33.1000000000002 0.04477971678134499
33.2000000000002 0.0447796359418452
33.3000000000002 0.0447795560776721
33.4000000000002 0.04477947717415301
33.50000000000021 0.04477939921686015
33.60000000000021 0.04477932219160687
33.70000000000021 0.04477924608444389
33.80000000000021 0.04477917088165555
33.90000000000021 0.04477909656975607
34.00000000000021 0.04477902313548585
34.10000000000021 0.04477895056580782
34.20000000000022 0.04477887884790382
34.30000000000022 0.04477880796917093
34.40000000000022 0.04477873791721799
34.50000000000022 0.04477866867986198
34.60000000000022 0.0447786002451246
34.70000000000022 0.04477853260122873
34.80000000000022 0.04477846573659511
34.90000000000023 0.04477839963983891
35.00000000000023 0.04477833429976638
35.10000000000023 0.04477826970537161
35.20000000000023 0.04477820584583327
35.30000000000023 0.04477814271051134
35.40000000000023 0.04477808028894408
35.50000000000023 0.04477801857084483
35.60000000000024 0.04477795754609897
35.70000000000024 0.04477789720476083
35.80000000000024 0.04477783753705084
35.90000000000024 0.04477777853335251
36.00000000000024 0.04477772018420956
36.10000000000024 0.04477766248032305
36.20000000000024 0.04477760541254868
36.30000000000025 0.04477754897189393
36.40000000000025 0.04477749314951544
36.50000000000025 0.04477743793671625
36.60000000000025 0.04477738332494328
36.70000000000025 0.0447773293057847
36.80000000000025 0.04477727587096744
36.90000000000025 0.04477722301235464
37.00000000000026 0.04477717072194326
37.10000000000026 0.04477711899186168
37.20000000000026 0.04477706781436729
37.30000000000026 0.04477701718184422
37.40000000000026 0.04477696708680106
37.50000000000026 0.04477691752186858
37.60000000000026 0.04477686847979754
37.70000000000027 0.04477681995345659
37.80000000000027 0.04477677193583011
37.90000000000027 0.04477672442001609
38.00000000000027 0.04477667739922415
38.10000000000027 0.04477663086677353
38.20000000000027 0.04477658481609105
38.30000000000027 0.04477653924070926
38.40000000000028 0.0447764941342645
38.50000000000028 0.04477644949049504
38.60000000000028 0.04477640530323927
38.70000000000028 0.04477636156643387
38.80000000000028 0.04477631827411209
38.90000000000028 0.04477627542040198
39.00000000000028 0.04477623299952475
39.10000000000029 0.04477619100579303
39.20000000000029 0.04477614943360932
39.30000000000029 0.04477610827746431
39.40000000000029 0.04477606753193539
39.50000000000029 0.04477602719168502
39.60000000000029 0.04477598725145926
39.70000000000029 0.04477594770608631
39.8000000000003 0.04477590855047501
39.9000000000003 0.04477586977961345
40.0000000000003 0.04477583138856749
40.1000000000003 0.04477579337247949
40.2000000000003 0.04477575572656688
40.3000000000003 0.04477571844612091
40.4000000000003 0.04477568152650525
40.50000000000031 0.04477564496315481
40.60000000000031 0.04477560875157443
40.70000000000031 0.04477557288733767
40.80000000000031 0.04477553736608565
40.90000000000031 0.0447755021835258
41.00000000000031 0.04477546733543074
41.10000000000031 0.04477543281763714
41.20000000000032 0.0447753986260446
41.30000000000032 0.04477536475661456
41.40000000000032 0.04477533120536924
41.50000000000032 0.04477529796839057
41.60000000000032 0.04477526504181917
41.70000000000032 0.04477523242185329
41.80000000000032 0.04477520010474791
41.90000000000033 0.04477516808681369
42.00000000000033 0.04477513636441603
42.10000000000033 0.04477510493397414
42.20000000000033 0.04477507379196013
42.30000000000033 0.0447750429348981
42.40000000000033 0.04477501235936321
42.50000000000033 0.04477498206198086
42.60000000000034 0.04477495203942588
42.70000000000034 0.04477492228842157
42.80000000000034 0.04477489280573897
42.90000000000034 0.04477486358819603
43.00000000000034 0.04477483463265683
43.10000000000034 0.0447748059360308
43.20000000000034 0.04477477749527192
43.30000000000035 0.04477474930737801
43.40000000000035 0.04477472136939004
43.50000000000035 0.04477469367839129
43.60000000000035 0.04477466623150678
43.70000000000035 0.04477463902590247
43.80000000000035 0.04477461205878466
43.90000000000035 0.04477458532739923
44.00000000000036 0.04477455882903109
44.10000000000036 0.04477453256100346
44.20000000000036 0.04477450652067729
44.30000000000036 0.04477448070545056
44.40000000000036 0.04477445511275781
44.50000000000036 0.04477442974006936
44.60000000000036 0.04477440458489092
44.70000000000037 0.04477437964476284
44.80000000000037 0.04477435491725969
44.90000000000037 0.04477433039998957
45.00000000000037 0.04477430609059369
45.10000000000037 0.04477428198674575
45.20000000000037 0.04477425808615144
45.30000000000037 0.04477423438654798
45.40000000000038 0.04477421088570351
45.50000000000038 0.04477418758141665
45.60000000000038 0.04477416447151603
45.70000000000038 0.0447741415538598
45.80000000000038 0.04477411882633512
45.90000000000038 0.04477409628685776
46.00000000000038 0.04477407393337158
46.10000000000039 0.04477405176384814
46.20000000000039 0.04477402977628625
46.30000000000039 0.0447740079687115
46.40000000000039 0.04477398633917593
46.50000000000039 0.04477396488575749
46.60000000000039 0.04477394360655972
46.70000000000039 0.04477392249971138
46.8000000000004 0.04477390156336591
46.9000000000004 0.04477388079570124
47.0000000000004 0.04477386019491924
47.1000000000004 0.04477383975924547
47.2000000000004 0.04477381948692871
47.3000000000004 0.0447737993762407
47.4000000000004 0.04477377942547573
47.50000000000041 0.0447737596329503
47.60000000000041 0.04477373999700276
47.70000000000041 0.04477372051599308
47.80000000000041 0.04477370118830232
47.90000000000041 0.04477368201233254
48.00000000000041 0.0447736629865063
48.10000000000041 0.04477364410926642
48.20000000000041 0.04477362537907571
48.30000000000042 0.0447736067944166
48.40000000000042 0.04477358835379088
48.50000000000042 0.04477357005571939
48.60000000000042 0.04477355189874176
48.70000000000042 0.04477353388141611
48.80000000000042 0.04477351600231877
48.90000000000042 0.04477349826004402
49.00000000000043 0.04477348065320381
49.10000000000043 0.04477346318042755
49.20000000000043 0.04477344584036175
49.30000000000043 0.04477342863166982
49.40000000000043 0.04477341155303187
49.50000000000043 0.04477339460314442
49.60000000000043 0.0447733777807201
49.70000000000044 0.04477336108448752
49.80000000000044 0.04477334451319097
49.90000000000044 0.04477332806559021
50.00000000000044 0.04477331174046025
50.10000000000044 0.04477329553659112
50.20000000000044 0.04477327945278765
50.30000000000044 0.04477326348786925
50.40000000000045 0.04477324764066971
50.50000000000045 0.04477323191003701
50.60000000000045 0.04477321629483308
50.70000000000045 0.04477320079393359
50.80000000000045 0.04477318540622786
50.90000000000045 0.04477317013061849
51.00000000000045 0.04477315496602132
51.10000000000046 0.04477313991136519
51.20000000000046 0.04477312496559172
51.30000000000046 0.04477311012765517
51.40000000000046 0.04477309539652227
51.50000000000046 0.04477308077117201
51.60000000000046 0.0447730662505955
51.70000000000046 0.04477305183379575
51.80000000000047 0.04477303751978756
51.90000000000047 0.04477302330759733
52.00000000000047 0.04477300919626291
52.10000000000047 0.04477299518483338
52.20000000000047 0.04477298127236901
52.30000000000047 0.04477296745794098
52.40000000000047 0.04477295374063135
52.50000000000048 0.04477294011953276
52.60000000000048 0.04477292659374844
52.70000000000048 0.04477291316239197
52.80000000000048 0.04477289982458718
52.90000000000048 0.04477288657946794
53.00000000000048 0.04477287342617816
53.10000000000048 0.04477286036387147
53.20000000000049 0.04477284739171127
53.30000000000049 0.04477283450887046
53.40000000000049 0.04477282171453139
53.50000000000049 0.04477280900788567
53.60000000000049 0.04477279638813413
53.70000000000049 0.04477278385448662
53.80000000000049 0.04477277140616191
53.9000000000005 0.04477275904238757
54.0000000000005 0.0447727467623999
54.1000000000005 0.04477273456544371
54.2000000000005 0.0447727224507723
54.3000000000005 0.04477271041764731
54.4000000000005 0.04477269846533863
54.5000000000005 0.04477268659312424
54.60000000000051 0.04477267480029017
54.70000000000051 0.04477266308613031
54.80000000000051 0.04477265144994641
54.90000000000051 0.04477263989104792
55.00000000000051 0.04477262840875185
55.10000000000051 0.04477261700238275
55.20000000000051 0.04477260567127258
55.30000000000052 0.04477259441476057
55.40000000000052 0.04477258323219317
55.50000000000052 0.04477257212292401
55.60000000000052 0.04477256108631366
55.70000000000052 0.0447725501217297
55.80000000000052 0.04477253922854652
55.90000000000052 0.04477252840614524
56.00000000000053 0.04477251765391372
56.10000000000053 0.04477250697124634
56.20000000000053 0.04477249635754404
56.30000000000053 0.04477248581221413
56.40000000000053 0.04477247533467029
56.50000000000053 0.04477246492433243
56.60000000000053 0.04477245458062666
56.70000000000054 0.04477244430298516
56.80000000000054 0.04477243409084616
56.90000000000054 0.04477242394365381
57.00000000000054 0.04477241386085815
57.10000000000054 0.04477240384191501
57.20000000000054 0.04477239388628593
57.30000000000054 0.04477238399343811
57.40000000000055 0.04477237416284433
57.50000000000055 0.04477236439398289
57.60000000000055 0.04477235468633754
57.70000000000055 0.04477234503939736
57.80000000000055 0.04477233545265678
57.90000000000055 0.04477232592561547
58.00000000000055 0.04477231645777827
58.10000000000056 0.04477230704865511
58.20000000000056 0.044772297697761
58.30000000000056 0.04477228840461594
58.40000000000056 0.04477227916874483
58.50000000000056 0.04477226998967746
58.60000000000056 0.04477226086694843
58.70000000000056 0.04477225180009708
58.80000000000057 0.04477224278866743
58.90000000000057 0.04477223383220814
59.00000000000057 0.0447722249302725
59.10000000000057 0.04477221608241823
59.20000000000057 0.04477220728820758
59.30000000000057 0.0447721985472072
59.40000000000057 0.0447721898589881
59.50000000000058 0.0447721812231256
59.60000000000058 0.04477217263919928
59.70000000000058 0.04477216410679289
59.80000000000058 0.04477215562549441
59.90000000000058 0.04477214719489585
60.00000000000058 0.04477213881459334
60.10000000000058 0.04477213048418697
60.20000000000059 0.04477212220328083
60.30000000000059 0.04477211397148288
60.40000000000059 0.04477210578840501
60.50000000000059 0.04477209765366287
60.60000000000059 0.04477208956687594
60.70000000000059 0.04477208152766741
60.80000000000059 0.04477207353566413
60.9000000000006 0.04477206559049667
61.0000000000006 0.04477205769179914
61.1000000000006 0.04477204983920925
61.2000000000006 0.0447720420323682
61.3000000000006 0.0447720342709207
61.4000000000006 0.04477202655451489
61.5000000000006 0.04477201888280231
61.60000000000061 0.04477201125543782
61.70000000000061 0.04477200367207969
61.80000000000061 0.04477199613238939
61.90000000000061 0.04477198863603169
62.00000000000061 0.04477198118267454
62.10000000000061 0.04477197377198907
62.20000000000061 0.04477196640364955
62.30000000000062 0.04477195907733337
62.40000000000062 0.04477195179272093
62.50000000000062 0.04477194454949571
62.60000000000062 0.04477193734734417
62.70000000000062 0.04477193018595573
62.80000000000062 0.04477192306502274
62.90000000000062 0.04477191598424045
63.00000000000063 0.04477190894330697
63.10000000000063 0.04477190194192324
63.20000000000063 0.044771894979793
63.30000000000063 0.04477188805662276
63.40000000000063 0.04477188117212175
63.50000000000063 0.04477187432600195
63.60000000000063 0.04477186751797797
63.70000000000064 0.04477186074776708
63.80000000000064 0.04477185401508919
63.90000000000064 0.04477184731966676
64.00000000000064 0.04477184066122487
64.10000000000063 0.04477183403949105
64.20000000000063 0.0447718274541954
64.30000000000062 0.04477182090507045
64.40000000000062 0.04477181439185121
64.50000000000061 0.04477180791427512
64.60000000000061 0.04477180147208201
64.7000000000006 0.04477179506501402
64.80000000000059 0.04477178869281571
64.90000000000059 0.04477178235523396
65.00000000000058 0.04477177605201788
65.10000000000058 0.04477176978291889
65.20000000000057 0.04477176354769063
65.30000000000057 0.04477175734608902
65.40000000000056 0.04477175117787209
65.50000000000055 0.04477174504280011
65.60000000000055 0.04477173894063546
65.70000000000054 0.04477173287114267
65.80000000000054 0.04477172683408836
65.90000000000053 0.04477172082924123
66.00000000000053 0.04477171485637203
66.10000000000052 0.04477170891525357
66.20000000000051 0.04477170300566066
66.30000000000051 0.04477169712737011
66.4000000000005 0.04477169128016068
66.5000000000005 0.04477168546381313
66.60000000000049 0.04477167967811008
66.70000000000049 0.04477167392283614
66.80000000000048 0.04477166819777775
66.90000000000047 0.04477166250272325
67.00000000000047 0.04477165683746281
67.10000000000046 0.04477165120178846
67.20000000000046 0.04477164559549401
67.30000000000045 0.0447716400183751
67.40000000000045 0.04477163447022911
67.50000000000044 0.04477162895085521
67.60000000000043 0.04477162346005428
67.70000000000043 0.04477161799762891
67.80000000000042 0.04477161256338345
67.90000000000042 0.04477160715712386
68.00000000000041 0.04477160177865785
68.10000000000041 0.0447715964277947
68.2000000000004 0.04477159110434537
68.3000000000004 0.04477158580812242
68.40000000000039 0.04477158053894004
68.50000000000038 0.04477157529661395
68.60000000000038 0.04477157008096148
68.70000000000037 0.04477156489180151
68.80000000000037 0.04477155972895443
68.90000000000036 0.04477155459224216
69.00000000000036 0.04477154948148815
69.10000000000035 0.04477154439651731
69.20000000000034 0.04477153933715602
69.30000000000034 0.04477153430323217
69.40000000000033 0.04477152929457503
69.50000000000033 0.04477152431101535
69.60000000000032 0.04477151935238526
69.70000000000032 0.0447715144185183
69.80000000000031 0.04477150950924944
69.9000000000003 0.04477150462441497
70.0000000000003 0.04477149976385255
70.10000000000029 0.04477149492740122
70.20000000000029 0.04477149011490132
70.30000000000028 0.04477148532619453
70.40000000000028 0.04477148056112382
70.50000000000027 0.04477147581953346
70.60000000000026 0.04477147110126901
70.70000000000026 0.04477146640617731
70.80000000000025 0.04477146173410642
70.90000000000025 0.04477145708490567
71.00000000000024 0.04477145245842561
71.10000000000024 0.04477144785451802
71.20000000000023 0.0447714432730359
71.30000000000022 0.04477143871383341
71.40000000000022 0.04477143417676591
71.50000000000021 0.04477142966168996
71.60000000000021 0.04477142516846324
71.7000000000002 0.04477142069694462
71.8000000000002 0.04477141624699407
71.90000000000019 0.04477141181847271
72.00000000000018 0.04477140741124277
72.10000000000018 0.0447714030251676
72.20000000000017 0.04477139866011163
72.30000000000017 0.04477139431594039
72.40000000000016 0.04477138999252047
72.50000000000016 0.04477138568971953
72.60000000000015 0.04477138140740628
72.70000000000014 0.04477137714545049
72.80000000000014 0.04477137290372296
72.90000000000013 0.0447713686820955
73.00000000000013 0.04477136448044093
73.10000000000012 0.04477136029863313
73.20000000000012 0.04477135613654689
73.30000000000011 0.04477135199405805
73.40000000000011 0.0447713478710434
73.5000000000001 0.04477134376738073
73.60000000000009 0.04477133968294873
73.70000000000009 0.0447713356176271
73.80000000000008 0.04477133157129645
73.90000000000008 0.04477132754383832
74.00000000000007 0.04477132353513519
74.10000000000007 0.04477131954507043
74.20000000000006 0.04477131557352834
74.30000000000005 0.04477131162039412
74.40000000000005 0.04477130768555383
74.50000000000004 0.04477130376889444
74.60000000000004 0.04477129987030377
74.70000000000003 0.04477129598967052
74.80000000000003 0.04477129212688425
74.90000000000002 0.04477128828183535
75.00000000000001 0.04477128445441509
75.10000000000001 0.04477128064451553
75.2 0.04477127685202954
75.3 0.04477127307685091
75.39999999999999 0.04477126931887412
75.49999999999999 0.04477126557799452
75.59999999999998 0.04477126185410824
75.69999999999997 0.04477125814711219
75.79999999999997 0.04477125445690407
75.89999999999996 0.04477125078338238
75.99999999999996 0.04477124712644635
76.09999999999995 0.04477124348599595
76.19999999999995 0.044771239861932
76.29999999999994 0.04477123625415595
76.39999999999993 0.04477123266257006
76.49999999999993 0.04477122908707731
76.59999999999992 0.0447712255275814
76.69999999999992 0.04477122198398676
76.79999999999991 0.04477121845619852
76.89999999999991 0.04477121494412252
76.9999999999999 0.04477121144766531
77.09999999999989 0.04477120796673414
77.19999999999989 0.04477120450123694
77.29999999999988 0.04477120105108228
77.39999999999988 0.0447711976161795
77.49999999999987 0.04477119419643855
77.59999999999987 0.04477119079177002
77.69999999999986 0.04477118740208522
77.79999999999986 0.04477118402729607
77.89999999999985 0.04477118066731516
77.99999999999984 0.04477117732205571
78.09999999999984 0.04477117399143159
78.19999999999983 0.04477117067535727
78.29999999999983 0.04477116737374787
78.39999999999982 0.04477116408651911
78.49999999999982 0.04477116081358736
78.59999999999981 0.04477115755486956
78.6999999999998 0.04477115431028326
78.7999999999998 0.04477115107974663
78.89999999999979 0.04477114786317842
78.99999999999979 0.04477114466049794
79.09999999999978 0.04477114147162514
79.19999999999978 0.04477113829648048
79.29999999999977 0.04477113513498504
79.39999999999976 0.04477113198706047
79.49999999999976 0.04477112885262895
79.59999999999975 0.04477112573161324
79.69999999999975 0.04477112262393665
79.79999999999974 0.04477111952952301
79.89999999999974 0.04477111644829677
79.99999999999973 0.04477111338018283
80.09999999999972 0.04477111032510668
80.19999999999972 0.04477110728299431
80.29999999999971 0.04477110425377224
80.39999999999971 0.04477110123736751
80.4999999999997 0.04477109823370772
80.5999999999997 0.04477109524272092
80.69999999999969 0.0447710922643357
80.79999999999968 0.04477108929848114
80.89999999999968 0.04477108634508683
80.99999999999967 0.04477108340408283
81.09999999999967 0.04477108047539975
81.19999999999966 0.04477107755896861
81.29999999999966 0.04477107465472097
81.39999999999965 0.04477107176258883
81.49999999999964 0.04477106888250471
81.59999999999964 0.04477106601440155
81.69999999999963 0.04477106315821278
81.79999999999963 0.04477106031387228
81.89999999999962 0.04477105748131444
81.99999999999962 0.04477105466047401
82.09999999999961 0.04477105185128628
82.1999999999996 0.04477104905368695
82.2999999999996 0.04477104626761216
82.39999999999959 0.04477104349299849
82.49999999999959 0.04477104072978298
82.59999999999958 0.04477103797790308
82.69999999999958 0.04477103523729667
82.79999999999957 0.04477103250790205
82.89999999999957 0.04477102978965797
82.99999999999956 0.04477102708250359
83.09999999999955 0.04477102438637845
83.19999999999955 0.04477102170122253
83.29999999999954 0.04477101902697624
83.39999999999954 0.04477101636358034
83.49999999999953 0.04477101371097605
83.59999999999953 0.04477101106910495
83.69999999999952 0.04477100843790904
83.79999999999951 0.04477100581733068
83.89999999999951 0.04477100320731265
83.9999999999995 0.04477100060779811
84.0999999999995 0.04477099801873059
84.19999999999949 0.04477099544005398
84.29999999999949 0.04477099287171263
84.39999999999948 0.04477099031365115
84.49999999999947 0.04477098776581462
84.59999999999947 0.04477098522814843
84.69999999999946 0.04477098270059834
84.79999999999946 0.04477098018311048
84.89999999999945 0.04477097767563135
84.99999999999945 0.04477097517810779
85.09999999999944 0.04477097269048701
85.19999999999943 0.04477097021271654
85.29999999999943 0.04477096774474427
85.39999999999942 0.04477096528651846
85.49999999999942 0.0447709628379877
85.59999999999941 0.04477096039910088
85.69999999999941 0.0447709579698073
85.7999999999994 0.04477095555005652
85.89999999999939 0.04477095313979847
85.99999999999939 0.0447709507389834
86.09999999999938 0.04477094834756191
86.19999999999938 0.04477094596548487
86.29999999999937 0.04477094359270353
86.39999999999937 0.0447709412291694
86.49999999999936 0.04477093887483437
86.59999999999935 0.04477093652965059
86.69999999999935 0.04477093419357056
86.79999999999934 0.04477093186654706
86.89999999999934 0.04477092954853317
86.99999999999933 0.04477092723948231
87.09999999999933 0.04477092493934819
87.19999999999932 0.04477092264808479
87.29999999999932 0.04477092036564642
87.39999999999931 0.04477091809198767
87.4999999999993 0.04477091582706341
87.5999999999993 0.04477091357082883
87.69999999999929 0.0447709113232394
87.79999999999929 0.04477090908425084
87.89999999999928 0.0447709068538192
87.99999999999928 0.0447709046319008
88.09999999999927 0.04477090241845221
88.19999999999926 0.04477090021343032
88.29999999999926 0.04477089801679225
88.39999999999925 0.04477089582849544
88.49999999999925 0.04477089364849755
88.59999999999924 0.04477089147675654
88.69999999999924 0.04477088931323064
88.79999999999923 0.04477088715787834
88.89999999999922 0.04477088501065838
88.99999999999922 0.04477088287152977
89.09999999999921 0.04477088074045175
89.19999999999921 0.04477087861738389
89.2999999999992 0.04477087650228594
89.3999999999992 0.04477087439511793
89.49999999999919 0.04477087229584015
89.59999999999918 0.04477087020441312
89.69999999999918 0.04477086812079763
89.79999999999917 0.04477086604495469
89.89999999999917 0.04477086397684556
89.99999999999916 0.04477086191643177
90.09999999999916 0.04477085986367504
90.19999999999915 0.04477085781853736
90.29999999999914 0.04477085578098096
90.39999999999914 0.04477085375096829
90.49999999999913 0.04477085172846205
90.59999999999913 0.04477084971342514
90.69999999999912 0.0447708477058207
90.79999999999912 0.04477084570561213
90.89999999999911 0.04477084371276301
90.9999999999991 0.04477084172723717
91.0999999999991 0.04477083974899866
91.19999999999909 0.04477083777801175
91.29999999999909 0.04477083581424092
91.39999999999908 0.04477083385765089
91.49999999999908 0.04477083190820656
91.59999999999907 0.04477082996587306
91.69999999999906 0.04477082803061577
91.79999999999906 0.04477082610240022
91.89999999999905 0.04477082418119219
91.99999999999905 0.04477082226695765
92.09999999999904 0.04477082035966279
92.19999999999904 0.044770818459274
92.29999999999903 0.04477081656575786
92.39999999999903 0.04477081467908117
92.49999999999902 0.04477081279921093
92.59999999999901 0.04477081092611433
92.69999999999901 0.04477080905975877
92.799999999999 0.04477080720011183
92.899999999999 0.04477080534714129
92.99999999999899 0.04477080350081514
93.09999999999899 0.04477080166110153
93.19999999999898 0.04477079982796884
93.29999999999897 0.0447707980013856
93.39999999999897 0.04477079618132056
93.49999999999896 0.04477079436774264
93.59999999999896 0.04477079256062096
93.69999999999895 0.04477079075992479
93.79999999999895 0.04477078896562364
93.89999999999894 0.04477078717768711
93.99999999999893 0.0447707853960851
94.09999999999893 0.0447707836207876
94.19999999999892 0.0447707818517648
94.29999999999892 0.04477078008898708
94.39999999999891 0.04477077833242498
94.49999999999891 0.04477077658204921
94.5999999999989 0.04477077483783067
94.69999999999889 0.04477077309974042
94.79999999999889 0.0447707713677497
94.89999999999888 0.0447707696418299
94.99999999999888 0.04477076792195261
95.09999999999887 0.04477076620808955
95.19999999999887 0.04477076450021262
95.29999999999886 0.04477076279829389
95.39999999999885 0.04477076110230561
95.49999999999885 0.04477075941222013
95.59999999999884 0.04477075772801002
95.69999999999884 0.04477075604964801
95.79999999999883 0.04477075437710695
95.89999999999883 0.04477075271035987
95.99999999999882 0.04477075104937996
96.09999999999881 0.04477074939414055
96.19999999999881 0.04477074774461513
96.2999999999988 0.04477074610077737
96.3999999999988 0.04477074446260104
96.49999999999879 0.0447707428300601
96.59999999999879 0.04477074120312867
96.69999999999878 0.04477073958178096
96.79999999999878 0.0447707379659914
96.89999999999877 0.04477073635573451
96.99999999999876 0.044770734750985
97.09999999999876 0.04477073315171767
97.19999999999875 0.04477073155790754
97.29999999999875 0.0447707299695297
97.39999999999874 0.04477072838655943
97.49999999999874 0.04477072680897212
97.59999999999873 0.04477072523674333
97.69999999999872 0.04477072366984872
97.79999999999872 0.04477072210826415
97.89999999999871 0.04477072055196551
97.99999999999871 0.04477071900092896
98.0999999999987 0.0447707174551307
98.1999999999987 0.04477071591454709
98.29999999999869 0.04477071437915465
98.39999999999868 0.04477071284892998
98.49999999999868 0.04477071132384987
98.59999999999867 0.04477070980389117
98.69999999999867 0.04477070828903095
98.79999999999866 0.04477070677924633
98.89999999999866 0.04477070527451461
98.99999999999865 0.04477070377481317
99.09999999999864 0.04477070228011956
99.19999999999864 0.04477070079041143
99.29999999999863 0.04477069930566658
99.39999999999863 0.0447706978258629
99.49999999999862 0.04477069635097841
99.59999999999862 0.04477069488099129
99.69999999999861 0.0447706934158798
99.7999999999986 0.04477069195562232
99.8999999999986 0.04477069050019739
99.99999999999859 0.04477068904958362
100.0999999999986 0.04477068760375976
