0 -0.04334891335565252
0.1 -0.04325203859337178
0.2 -0.04319096484005932
0.3 -0.04318933708996461
0.4 -0.04325211453594396
0.5 -0.04335635169951326
0.6 -0.04345730031117132
0.7 -0.043512336048425
0.7999999999999999 -0.04350266336831068
0.8999999999999999 -0.0434356661886194
0.9999999999999999 -0.0433340668434935
1.1 -0.04322586678490091
1.2 -0.04313972974936576
1.3 -0.04310191225348011
1.4 -0.04312916883412896
1.5 -0.04321717090272234
1.6 -0.04333442584635987
1.7 -0.04343454572716429
1.8 -0.04348153658514604
1.900000000000001 -0.04346558940898036
2 -0.04339947112721334
2.100000000000001 -0.0433063923561991
2.200000000000001 -0.04321106263204883
2.300000000000001 -0.04313573221574293
2.400000000000001 -0.04309747553763772
2.500000000000001 -0.04310353905933716
2.600000000000001 -0.04314582449689253
2.700000000000001 -0.04320039490884687
2.800000000000001 -0.04323673929253852
2.900000000000001 -0.04323213403051796
3.000000000000001 -0.04318044489171534
3.100000000000001 -0.04309134487893095
3.200000000000002 -0.04298508566205236
3.300000000000002 -0.04288847257777502
3.400000000000002 -0.04283218887110148
3.500000000000002 -0.04284455351507015
3.600000000000002 -0.04293682266146701
3.700000000000002 -0.0430859885544894
3.800000000000002 -0.04323659191420852
3.900000000000002 -0.04333197239706596
4.000000000000002 -0.04334717307227003
4.100000000000001 -0.04329332824732741
4.200000000000001 -0.043201239442516
4.300000000000001 -0.04310603511421054
4.4 -0.04303944178357834
4.5 -0.0430239456992491
4.6 -0.04306407156541298
4.699999999999999 -0.04313942564382811
4.799999999999999 -0.04321115633240036
4.899999999999999 -0.04324330453586597
4.999999999999998 -0.04322202193332315
5.099999999999998 -0.04315843835714811
5.199999999999998 -0.04308000229031615
5.299999999999997 -0.0430208387683428
5.399999999999997 -0.04301272274577587
5.499999999999996 -0.04307192825111007
5.599999999999996 -0.04318387562347498
5.699999999999996 -0.04330215279131065
5.799999999999995 -0.04337398360450111
5.899999999999995 -0.04337217867311897
5.999999999999995 -0.04330451362889907
6.099999999999994 -0.04320232134894794
6.199999999999994 -0.0431074433217882
6.299999999999994 -0.04306404452109757
6.399999999999993 -0.04310701283298851
6.499999999999993 -0.04324000972112726
6.599999999999993 -0.04341826380745057
6.699999999999992 -0.04356745075334073
6.799999999999992 -0.04363257756910877
6.899999999999991 -0.04360582292804585
6.999999999999991 -0.04351450808763298
7.099999999999991 -0.04339767603917586
7.19999999999999 -0.04329283704328932
7.29999999999999 -0.0432308378606535
7.39999999999999 -0.04322982097789346
7.499999999999989 -0.04328571964700616
7.599999999999989 -0.04336809640167284
7.699999999999989 -0.04343269696555562
7.799999999999988 -0.04344527506452384
7.899999999999988 -0.04339641079099035
7.999999999999988 -0.04329896204178618
8.099999999999987 -0.04317829735257533
8.199999999999987 -0.04306584308832136
8.299999999999986 -0.04299643498294531
8.399999999999986 -0.04300256198402545
8.499999999999986 -0.04309842232028515
8.599999999999985 -0.04325953032242207
8.699999999999985 -0.04342339217162985
8.799999999999985 -0.04352513442414186
8.899999999999984 -0.043535504693194
8.999999999999984 -0.04346515172862733
9.099999999999984 -0.04334514256030134
9.199999999999983 -0.04321034928253792
9.299999999999983 -0.04309387045511712
9.399999999999983 -0.04302605843011083
9.499999999999982 -0.04302952563985879
9.599999999999982 -0.04310661990282087
9.699999999999982 -0.04322813279941232
9.799999999999981 -0.0433412541416044
9.899999999999981 -0.04339849755405785
9.99999999999998 -0.04338167695332559
10.09999999999998 -0.04330200048698035
10.19999999999998 -0.04318637442240313
10.29999999999998 -0.04306647927477168
10.39999999999998 -0.04297448718876006
10.49999999999998 -0.04293961802148406
10.59999999999998 -0.04297857633747743
10.69999999999998 -0.04308061445585454
10.79999999999998 -0.04320243020906779
10.89999999999998 -0.04328846801796676
10.99999999999998 -0.0433033849229575
11.09999999999998 -0.04324627177465948
11.19999999999998 -0.04314142272809561
11.29999999999998 -0.04302386193990359
11.39999999999998 -0.04293104293153705
11.49999999999998 -0.04289737223239645
11.59999999999997 -0.04294315096495965
11.69999999999997 -0.043057514198972
11.79999999999997 -0.04319265775934847
11.89999999999997 -0.04328780501791363
11.99999999999997 -0.04330654017166819
12.09999999999997 -0.04325158322569225
12.19999999999997 -0.04315298140160113
12.29999999999997 -0.04305173025472804
12.39999999999997 -0.04298999612441765
12.49999999999997 -0.04300189883671535
12.59999999999997 -0.04309692872479291
12.69999999999997 -0.04324414273621859
12.79999999999997 -0.04338197498556878
12.89999999999997 -0.0434570943606721
12.99999999999997 -0.04345467710228518
13.09999999999997 -0.04339503234364418
13.19999999999997 -0.04331370462475621
13.29999999999997 -0.04324622033677235
13.39999999999997 -0.0432193971199634
13.49999999999997 -0.04324329685514454
13.59999999999997 -0.04330440011396715
13.69999999999997 -0.04336904811378491
13.79999999999997 -0.04340116367984322
13.89999999999997 -0.04338172729220241
13.99999999999997 -0.04331505218796355
14.09999999999997 -0.04322289486213653
14.19999999999997 -0.04313655349325004
14.29999999999997 -0.04309102817569324
14.39999999999996 -0.04311657226592241
14.49999999999996 -0.04322236188108593
14.59999999999996 -0.04338013874153665
14.69999999999996 -0.04353082885126096
14.79999999999996 -0.04361967092169956
14.89999999999996 -0.04362662826315439
14.99999999999996 -0.0435657808898364
15.09999999999996 -0.04346705086732205
15.19999999999996 -0.04336185554959895
15.29999999999996 -0.04327738674821824
15.39999999999996 -0.04323390046331797
15.49999999999996 -0.04324009195168488
15.59999999999996 -0.0432874154522206
15.69999999999996 -0.0433500823094311
15.79999999999996 -0.04339579285006046
15.89999999999996 -0.04340130039701832
15.99999999999996 -0.04336093440375816
16.09999999999996 -0.04328450543268381
16.19999999999996 -0.04319074281878423
16.29999999999996 -0.04310224314159496
16.39999999999996 -0.04304242593418484
16.49999999999996 -0.04303121920145281
16.59999999999997 -0.0430766410987839
16.69999999999997 -0.04316527024499711
16.79999999999997 -0.04326212734939301
16.89999999999997 -0.04332661270371649
16.99999999999997 -0.04333344947597426
17.09999999999997 -0.04328114935744679
17.19999999999997 -0.04318618184923955
17.29999999999998 -0.04307378419259484
17.39999999999998 -0.04297276361864256
17.49999999999998 -0.04291300653162257
17.59999999999998 -0.04291979108679454
17.69999999999998 -0.04300070907793373
17.79999999999998 -0.04313180493147131
17.89999999999998 -0.04326161673517918
17.99999999999999 -0.04333953667830778
18.09999999999999 -0.04334360988362095
18.19999999999999 -0.04328373979584087
18.29999999999999 -0.04318762179643143
18.39999999999999 -0.04308761450087821
18.49999999999999 -0.04301401877046643
18.59999999999999 -0.04298975603246943
18.7 -0.04302167698197593
18.8 -0.04309209694096207
18.9 -0.04316239036407674
19 -0.04319310904489493
19.1 -0.04316540866781823
19.2 -0.04308699602096892
19.3 -0.04298502453887122
19.40000000000001 -0.04289751657661618
19.50000000000001 -0.04286619083505645
19.60000000000001 -0.04292316229158881
19.70000000000001 -0.04306693543314484
19.80000000000001 -0.0432464515663302
19.90000000000001 -0.0433852449072091
20.00000000000001 -0.04343299396643528
20.10000000000002 -0.04338992041451316
20.20000000000002 -0.04329128683193104
20.30000000000002 -0.04318415227877465
20.40000000000002 -0.04311454411585541
20.50000000000002 -0.04311799643270283
20.60000000000002 -0.04320354766594606
20.70000000000002 -0.04333902602954971
20.80000000000003 -0.04346211077187435
20.90000000000003 -0.04351935076125134
21.00000000000003 -0.04349573444266889
21.10000000000003 -0.04341145245605656
21.20000000000003 -0.04330340195719826
21.30000000000003 -0.04321184966868433
21.40000000000003 -0.0431728094473308
21.50000000000004 -0.04320734893667435
21.60000000000004 -0.04330638677046554
21.70000000000004 -0.04342621034603061
21.80000000000004 -0.04351054539831936
21.90000000000004 -0.04352419735498633
22.00000000000004 -0.04346662595240749
22.10000000000004 -0.04336161533397337
22.20000000000005 -0.04324255255207654
22.30000000000005 -0.04314473142356089
22.40000000000005 -0.04310134204656226
22.50000000000005 -0.04313481381591699
22.60000000000005 -0.04324121720824212
22.70000000000005 -0.04338098995715646
22.80000000000005 -0.04349527668930983
22.90000000000006 -0.0435403946681307
23.00000000000006 -0.04350742570798688
23.10000000000006 -0.04341499089064177
23.20000000000006 -0.04329306490008673
23.30000000000006 -0.04317337637545536
23.40000000000006 -0.0430866858347311
23.50000000000006 -0.04305989187065067
23.60000000000007 -0.04310681728657241
23.70000000000007 -0.04321475584110883
23.80000000000007 -0.04334146770702977
23.90000000000007 -0.0434350988336126
24.00000000000007 -0.04346310483054779
24.10000000000007 -0.04342368890501094
24.20000000000007 -0.04333652673258867
24.30000000000008 -0.04322904593701676
24.40000000000008 -0.04312866073719443
24.50000000000008 -0.04305972358252811
24.60000000000008 -0.04303985421241872
24.70000000000008 -0.04307275677256656
24.80000000000008 -0.04314137987469301
24.90000000000008 -0.04321094381288274
25.00000000000009 -0.04324521194718815
25.10000000000009 -0.04322429079038303
25.20000000000009 -0.0431503397899503
25.30000000000009 -0.04304205279619601
25.40000000000009 -0.04292752873699222
25.50000000000009 -0.04284039838935576
25.60000000000009 -0.04281574545755127
25.7000000000001 -0.04287820162732147
25.8000000000001 -0.04302097193590016
25.9000000000001 -0.04319459885591563
26.0000000000001 -0.04333054825868912
26.1000000000001 -0.04338487915817407
26.2000000000001 -0.0433572733174034
26.3000000000001 -0.04327684008926833
26.40000000000011 -0.04318125101033926
26.50000000000011 -0.04310496575375673
26.60000000000011 -0.04307311837034339
26.70000000000011 -0.04309438022877259
26.80000000000011 -0.0431542853113719
26.90000000000011 -0.04321878867153305
27.00000000000011 -0.04325221913769915
27.10000000000012 -0.04323687412987617
27.20000000000012 -0.04317917377316599
27.30000000000012 -0.04310338804637829
27.40000000000012 -0.04304261673761717
27.50000000000012 -0.04303014182013212
27.60000000000012 -0.04308682737238813
27.70000000000012 -0.04320439971529103
27.80000000000013 -0.04333975540625224
27.90000000000013 -0.04343685324775287
28.00000000000013 -0.04346139162098173
28.10000000000013 -0.04341515724678298
28.20000000000013 -0.0433255337100705
28.30000000000013 -0.04323013457912579
28.40000000000013 -0.04316747740122598
28.50000000000014 -0.0431690857067499
28.60000000000014 -0.04324599638846478
28.70000000000014 -0.04337484269962669
28.80000000000014 -0.04350288498232008
28.90000000000014 -0.04357840710350121
29.00000000000014 -0.04357954211490106
29.10000000000014 -0.04351677422321858
29.20000000000014 -0.04341795522453629
29.30000000000015 -0.04331496141362581
29.40000000000015 -0.04323731734902594
29.50000000000015 -0.04320771324139787
29.60000000000015 -0.04323457728217756
29.70000000000015 -0.04330415388953816
29.80000000000015 -0.04338209291864328
29.90000000000015 -0.04342978233303753
30.00000000000016 -0.04342396802271751
30.10000000000016 -0.04336392903966638
30.20000000000016 -0.04326571642303571
30.30000000000016 -0.04315380487272209
30.40000000000016 -0.04305649649332462
30.50000000000016 -0.04300338166223698
30.60000000000016 -0.04301897447560336
30.70000000000017 -0.04310882966392191
30.80000000000017 -0.04324594313046102
30.90000000000017 -0.04337660744820862
31.00000000000017 -0.04345009856877951
31.10000000000017 -0.04344544037610375
31.20000000000017 -0.0433727556854426
31.30000000000017 -0.04325864439379572
31.40000000000018 -0.04313404889776395
31.50000000000018 -0.04302987198363027
31.60000000000018 -0.04297513951570364
31.70000000000018 -0.04299053642660867
31.80000000000018 -0.04307517171235846
31.90000000000018 -0.04319678241227467
32.00000000000018 -0.04330260365316085
32.10000000000019 -0.04334889722914784
32.20000000000019 -0.04332219369217572
32.30000000000019 -0.04323697844523747
32.40000000000019 -0.04312203339403779
32.50000000000019 -0.0430104988718369
32.60000000000019 -0.04293549114946946
32.70000000000019 -0.04292451767955089
32.8000000000002 -0.04298688114286223
32.9000000000002 -0.04309958490502529
33.0000000000002 -0.04321073699401056
33.1000000000002 -0.04326839066367884
33.2000000000002 -0.04325006629733682
33.3000000000002 -0.04316732793070063
33.4000000000002 -0.04305232953361749
33.50000000000021 -0.04294523108600791
33.60000000000021 -0.0428871377338233
33.70000000000021 -0.04291031356626712
33.80000000000021 -0.04301902073098628
33.90000000000021 -0.04317334106904497
34.00000000000021 -0.04330412947507745
34.10000000000021 -0.04335741540919099
34.20000000000022 -0.04332368508599822
34.30000000000022 -0.04323049494707173
34.40000000000022 -0.04312177661478074
34.50000000000022 -0.04304441311245286
34.60000000000022 -0.04303885740420015
34.70000000000022 -0.04312272359582447
34.80000000000022 -0.04327117754134277
34.90000000000023 -0.04342081309098132
35.00000000000023 -0.04350933686295638
35.10000000000023 -0.04351371779030585
35.20000000000023 -0.04345150715110953
35.30000000000023 -0.04335965049149026
35.40000000000023 -0.04327700334925304
35.50000000000023 -0.04323512563899571
35.60000000000024 -0.04325004004404619
35.70000000000024 -0.04331311426687284
35.80000000000024 -0.04339055568804559
35.90000000000024 -0.04344011470887826
36.00000000000024 -0.0434346396366465
36.10000000000024 -0.04337279752963379
36.20000000000024 -0.04327382239441215
36.30000000000025 -0.04316810162329214
36.40000000000025 -0.04309124395464713
36.50000000000025 -0.04307855116589643
36.60000000000025 -0.04315211021695347
36.70000000000025 -0.0433006886067963
36.80000000000025 -0.04347243688626628
36.90000000000025 -0.04360143733582442
37.00000000000026 -0.0436483985287975
37.10000000000026 -0.04361465207946009
37.20000000000026 -0.04352668531680905
37.30000000000026 -0.04341696359885473
37.40000000000026 -0.04331456694897411
37.50000000000026 -0.04324255762075489
37.60000000000026 -0.04321554745805251
37.70000000000027 -0.04323488709723786
37.80000000000027 -0.04328492787575357
37.90000000000027 -0.04333702512319756
38.00000000000027 -0.04336238343281228
38.10000000000027 -0.04334495073742579
38.20000000000027 -0.04328541328241455
38.30000000000027 -0.04319708711458096
38.40000000000028 -0.04310020446742015
38.50000000000028 -0.04301829303216491
38.60000000000028 -0.04297530238702246
38.70000000000028 -0.04298959567474952
38.80000000000028 -0.0430631420038792
38.90000000000028 -0.04317252180264396
39.00000000000028 -0.04327478066170835
39.10000000000029 -0.04332976240933195
39.20000000000029 -0.0433201995559864
39.30000000000029 -0.04325391280446341
39.40000000000029 -0.04315375056364703
39.50000000000029 -0.04304811219103701
39.60000000000029 -0.042966318436763
39.70000000000029 -0.04293490077848115
39.8000000000003 -0.04296934605612597
39.9000000000003 -0.04306178515290413
40.0000000000003 -0.04317642042612136
40.1000000000003 -0.04326534056718334
40.2000000000003 -0.04329562566375745
40.3000000000003 -0.04326334528160422
40.4000000000003 -0.04318758962656
40.50000000000031 -0.04309782338504051
40.60000000000031 -0.043024912286108
40.70000000000031 -0.04299481951536974
40.80000000000031 -0.04302009371890269
40.90000000000031 -0.04309011759093657
41.00000000000031 -0.04317065253081766
41.10000000000031 -0.04322080285734442
41.20000000000032 -0.04321625642341679
41.30000000000032 -0.04315936822365663
41.40000000000032 -0.0430736302188843
41.50000000000032 -0.04299389290955491
41.60000000000032 -0.04295818034937842
41.70000000000032 -0.04299641059538378
41.80000000000032 -0.04311155689969043
41.90000000000033 -0.04326542583224468
42.00000000000033 -0.04339388430524322
42.10000000000033 -0.0434477811468186
42.20000000000033 -0.0434189149478595
42.30000000000033 -0.04333286842134679
42.40000000000033 -0.04323000495938401
42.50000000000033 -0.04315296810228612
42.60000000000034 -0.04313826340966546
42.70000000000034 -0.04320269770442856
42.80000000000034 -0.04332708063662064
42.90000000000034 -0.0434576944306047
43.00000000000034 -0.04353725915450726
43.10000000000034 -0.04353886369969853
43.20000000000034 -0.04347193958417429
43.30000000000035 -0.04336689045049422
43.40000000000035 -0.04326031685077812
43.50000000000035 -0.04318757560800983
43.60000000000035 -0.04317622062899457
43.70000000000035 -0.04323423990188388
43.80000000000035 -0.04333857120930058
43.90000000000035 -0.04344055913921154
44.00000000000036 -0.0434928190601999
44.10000000000036 -0.0434744600151402
44.20000000000036 -0.04339395293753121
44.30000000000036 -0.04327690554725574
44.40000000000036 -0.04315528462898869
44.50000000000036 -0.04306309813138487
44.60000000000036 -0.04303295471156027
44.70000000000037 -0.04308552723494055
44.80000000000037 -0.04321165885562567
44.90000000000037 -0.04336426150381453
45.00000000000037 -0.04348004549365524
45.10000000000037 -0.04351714876373377
45.20000000000037 -0.04347176837096363
45.30000000000037 -0.04336679193903499
45.40000000000038 -0.04323457578303131
45.50000000000038 -0.04310846158189123
45.60000000000038 -0.04302113827475497
45.70000000000038 -0.04300146678138288
45.80000000000038 -0.04306306505846948
45.90000000000038 -0.04318828490649367
46.00000000000038 -0.04332652584733492
46.10000000000039 -0.04342026156039202
46.20000000000039 -0.04343796886533488
46.30000000000039 -0.0433831690494685
46.40000000000039 -0.04328102396572373
46.50000000000039 -0.04316315861000957
46.60000000000039 -0.0430604024361169
46.70000000000039 -0.04299981856206718
46.8000000000004 -0.04299920946504595
46.9000000000004 -0.04305695218102201
47.0000000000004 -0.04314502741813032
47.1000000000004 -0.04321819270643365
47.2000000000004 -0.04323792516390472
47.3000000000004 -0.04319091063819146
47.4000000000004 -0.04308937024367104
47.50000000000041 -0.04296160597095625
47.60000000000041 -0.04284495872708465
47.70000000000041 -0.04278243066041276
47.80000000000041 -0.04281394136886015
47.90000000000041 -0.0429527985752321
48.00000000000041 -0.04315907275230189
48.10000000000041 -0.04334969306742568
48.20000000000041 -0.04345415094481282
48.30000000000042 -0.04345628886841948
48.40000000000042 -0.04338484684271456
48.50000000000042 -0.04328366675761211
48.60000000000042 -0.04319302469998508
48.70000000000042 -0.04314233200190289
48.80000000000042 -0.04314434335484562
48.90000000000042 -0.04318896314602229
49.00000000000043 -0.04324497711602641
49.10000000000043 -0.0432758878256645
49.20000000000043 -0.04326016505244894
49.30000000000043 -0.04320014649233974
49.40000000000043 -0.04311775539191494
49.50000000000043 -0.04304619520934121
49.60000000000043 -0.04302201438223763
49.70000000000044 -0.04307304141217547
49.80000000000044 -0.04319907123332247
49.90000000000044 -0.04335915442373289
50.00000000000044 -0.04348940961915043
50.10000000000044 -0.04354378941198949
50.20000000000044 -0.0435168653290704
50.30000000000044 -0.04343423855414172
50.40000000000045 -0.04333317668674926
50.50000000000045 -0.04325083250562643
50.60000000000045 -0.04321809693332274
50.70000000000045 -0.04325121719955959
50.80000000000045 -0.04334073811674827
50.90000000000045 -0.04344959150114796
51.00000000000045 -0.04353101611396817
51.10000000000046 -0.04355466928773768
51.20000000000046 -0.04351792482314593
51.30000000000046 -0.04343863778723132
51.40000000000046 -0.04334302296684531
51.50000000000046 -0.04325795824094513
51.60000000000046 -0.04320681115495981
51.70000000000046 -0.04320431339300278
51.80000000000047 -0.04324921491097691
51.90000000000047 -0.04332022121787485
52.00000000000047 -0.04338321241324485
52.10000000000047 -0.04340813969527448
52.20000000000047 -0.04338243697923486
52.30000000000047 -0.04331214172485874
52.40000000000047 -0.04321515409082612
52.50000000000048 -0.04311487419391909
52.60000000000048 -0.0430369206519068
52.70000000000048 -0.043006021644155
52.80000000000048 -0.04303856338935942
52.90000000000048 -0.04313052087232544
53.00000000000048 -0.04325056629868405
53.10000000000048 -0.04335163133451982
53.20000000000049 -0.04339644582912015
53.30000000000049 -0.04337430985728999
53.40000000000049 -0.0432981893992115
53.50000000000049 -0.04319284762728203
53.60000000000049 -0.04308622868182334
53.70000000000049 -0.04300588442849455
53.80000000000049 -0.04297562466533057
53.9000000000005 -0.04300761637487961
54.0000000000005 -0.04309151796220706
54.1000000000005 -0.04319196400299619
54.2000000000005 -0.04326437513735647
54.3000000000005 -0.043279201892666
54.4000000000005 -0.0432335489801268
54.5000000000005 -0.04314561501288029
54.60000000000051 -0.04304394076424062
54.70000000000051 -0.04296019401227789
54.80000000000051 -0.04292389299977606
54.90000000000051 -0.04295315444591229
55.00000000000051 -0.04304100201957826
55.10000000000051 -0.04314977495895938
55.20000000000051 -0.0432283283779905
55.30000000000052 -0.04324228775328201
55.40000000000052 -0.04318966861070515
55.50000000000052 -0.04309445270575184
55.60000000000052 -0.04299351205382915
55.70000000000052 -0.04292750556182519
55.80000000000052 -0.0429318915912164
55.90000000000052 -0.04302021848685415
56.00000000000053 -0.04316552571102474
56.10000000000053 -0.04330525754650008
56.20000000000053 -0.04337956282460758
56.30000000000053 -0.04336720490481571
56.40000000000053 -0.04328712340654003
56.50000000000053 -0.04317969453565418
56.60000000000053 -0.04309168443578909
56.70000000000054 -0.04306690087767028
56.80000000000054 -0.04313143097677114
56.90000000000054 -0.04327193255501953
57.00000000000054 -0.04343048162340702
57.10000000000054 -0.04353813925018252
57.20000000000054 -0.04355958379668814
57.30000000000054 -0.04350398425386093
57.40000000000055 -0.04340584164476088
57.50000000000055 -0.04330523567175842
57.60000000000055 -0.04323782118381939
57.70000000000055 -0.04322766309273276
57.80000000000055 -0.04327714889169355
57.90000000000055 -0.04336012047504226
58.00000000000055 -0.04343146747002105
58.10000000000056 -0.04345208008225596
58.20000000000056 -0.0434080582943308
58.30000000000056 -0.04331089707237529
58.40000000000056 -0.04318751486396883
58.50000000000056 -0.04307286479652988
58.60000000000056 -0.04300682058239685
58.70000000000056 -0.04302724661543787
58.80000000000057 -0.043150200310448
58.90000000000057 -0.04334490801439486
59.00000000000057 -0.04353697706523257
59.10000000000057 -0.04365459503168649
59.20000000000057 -0.04367152758818355
59.30000000000057 -0.04360572167059121
59.40000000000057 -0.04349325691958212
59.50000000000058 -0.04336952505536472
59.60000000000058 -0.04326349606699141
59.70000000000058 -0.04319691982382304
59.80000000000058 -0.04318154155752422
59.90000000000058 -0.04321345105513394
60.00000000000058 -0.04327033579735048
60.10000000000058 -0.04331885352655629
60.20000000000059 -0.04333022216492705
60.30000000000059 -0.04329229643184482
60.40000000000059 -0.04321066554969384
60.50000000000059 -0.04310287266038093
60.60000000000059 -0.04299312433478562
60.70000000000059 -0.04290978270867552
60.80000000000059 -0.0428821929911261
60.9000000000006 -0.04293099943459073
61.0000000000006 -0.04305117576472611
61.1000000000006 -0.04320190732946937
61.2000000000006 -0.04332331842331695
61.3000000000006 -0.04337202135336531
61.4000000000006 -0.04334097372933512
61.5000000000006 -0.04325155120675565
61.60000000000061 -0.04313665408625149
61.70000000000061 -0.04303051177546986
61.80000000000061 -0.04296462422232376
61.90000000000061 -0.0429622659223934
62.00000000000061 -0.04302728640476462
62.10000000000061 -0.0431342362572715
62.20000000000061 -0.04323566368176284
62.30000000000062 -0.04328857568016771
62.40000000000062 -0.04327715274259337
62.50000000000062 -0.04321388031005952
62.60000000000062 -0.04312713787926819
62.70000000000062 -0.04304969478933197
62.80000000000062 -0.04301106825330613
62.90000000000062 -0.04302890170207033
63.00000000000063 -0.0430980630083098
63.10000000000063 -0.04318687115667998
63.20000000000063 -0.04325171376905765
63.30000000000063 -0.04326248290707857
63.40000000000063 -0.04321681546849532
63.50000000000063 -0.04313606597925765
63.60000000000063 -0.04305447716345932
63.70000000000064 -0.04301022541810146
63.80000000000064 -0.04303527630545246
63.90000000000064 -0.04313840408035187
64.00000000000064 -0.04328943732987364
64.10000000000063 -0.04342817041175732
64.20000000000063 -0.04350156388994221
64.30000000000062 -0.04349368296857792
64.40000000000062 -0.0434236226949204
64.50000000000061 -0.04332713620009088
64.60000000000061 -0.04324268914435018
64.7000000000006 -0.04320378670541904
64.80000000000059 -0.04322997902096154
64.90000000000059 -0.04331477899693263
65.00000000000058 -0.04342200433450941
65.10000000000058 -0.04350312273069181
65.20000000000057 -0.04352521011646124
65.30000000000057 -0.0434844897144056
65.40000000000056 -0.04339973627118828
65.50000000000055 -0.04329977079666154
65.60000000000055 -0.04321533089899752
65.70000000000054 -0.04317401879950739
65.80000000000054 -0.04319274275370171
65.90000000000053 -0.04326683266185038
66.00000000000053 -0.04336526967304591
66.10000000000052 -0.04344351085137819
66.20000000000051 -0.04346775245471865
66.30000000000051 -0.04342948746068383
66.4000000000005 -0.0433420875747792
66.5000000000005 -0.04323009996238097
66.60000000000049 -0.04312199020425803
66.70000000000049 -0.04304720546265693
66.80000000000048 -0.04303216838763201
66.90000000000047 -0.04308989505816405
67.00000000000047 -0.04320594241960983
67.10000000000046 -0.0433360511448029
67.20000000000046 -0.04342744715416112
67.30000000000045 -0.04344814646772495
67.40000000000045 -0.04339750242265721
67.50000000000044 -0.04329629933351903
67.60000000000043 -0.04317351948390083
67.70000000000043 -0.0430598311977091
67.80000000000042 -0.04298566244438266
67.90000000000042 -0.04297682016097611
68.00000000000041 -0.04304267113668496
68.10000000000041 -0.04316223686010308
68.2000000000004 -0.04328608631379245
68.3000000000004 -0.04336257677358248
68.40000000000039 -0.04336642098453253
68.50000000000038 -0.04330428495684115
68.60000000000038 -0.04320190148122662
68.70000000000037 -0.0430908673994556
68.80000000000037 -0.04300212821215153
68.90000000000036 -0.04296179891761837
69.00000000000036 -0.04298324053385266
69.10000000000035 -0.04305602280159755
69.20000000000034 -0.04314322546406579
69.30000000000034 -0.04319795330972724
69.40000000000033 -0.0431891514331082
69.50000000000033 -0.04311448294332078
69.60000000000032 -0.0429955361682722
69.70000000000032 -0.04286848987238431
69.80000000000031 -0.04277904746367243
69.9000000000003 -0.04277642257164019
70.0000000000003 -0.0428928371573154
70.10000000000029 -0.04310818580235092
70.20000000000029 -0.04333962607044482
70.30000000000028 -0.04349406772882353
70.40000000000028 -0.04353291341156848
70.50000000000027 -0.04347785627928602
70.60000000000026 -0.04337635298484752
70.70000000000026 -0.04327465211885681
70.80000000000025 -0.04320754798170223
70.90000000000025 -0.04319299376714895
71.00000000000024 -0.04322584020860901
71.10000000000024 -0.04327744652586787
71.20000000000023 -0.04330951217069154
71.30000000000022 -0.04329548786452606
71.40000000000022 -0.04323272312876626
71.50000000000021 -0.04314029962835998
71.60000000000021 -0.04305137698673608
71.7000000000002 -0.04300627269919065
71.8000000000002 -0.04304186517498958
71.90000000000019 -0.04317010282543558
72.00000000000018 -0.04335556344733113
72.10000000000018 -0.043524705013333
72.20000000000017 -0.04361367668150264
72.30000000000017 -0.0436055307632305
72.40000000000016 -0.0435242401641561
72.50000000000016 -0.04340978928938411
72.60000000000015 -0.04330208820608285
72.70000000000014 -0.04323523442607623
72.80000000000014 -0.04323224981549523
72.90000000000013 -0.04329514099345556
73.00000000000013 -0.04339740724909165
73.10000000000012 -0.0434931082952083
73.20000000000012 -0.04354193638491264
73.30000000000011 -0.04352874998880737
73.40000000000011 -0.04346331759896054
73.5000000000001 -0.04336872660861834
73.60000000000009 -0.04327153289157813
73.70000000000009 -0.04319690160407652
73.80000000000008 -0.04316495774031207
73.90000000000008 -0.04318457606255059
74.00000000000007 -0.04324608146505567
74.10000000000007 -0.04332075255549855
74.20000000000006 -0.0433730322780127
74.30000000000005 -0.04337819220588323
74.40000000000005 -0.04333137811772945
74.50000000000004 -0.04324446955330561
74.60000000000004 -0.04313854228940683
74.70000000000003 -0.04303881899221056
74.80000000000003 -0.04297228088280503
74.90000000000002 -0.04296355527395982
75.00000000000001 -0.04302473037904764
75.10000000000001 -0.04314192913158481
75.2 -0.0432730485274741
75.3 -0.04336785736468939
75.39999999999999 -0.04339590176846082
75.49999999999999 -0.04335687968869627
75.59999999999998 -0.04327129119925067
75.69999999999997 -0.04316723231218705
75.79999999999997 -0.04307292828944423
75.89999999999996 -0.04301333031785719
75.99999999999996 -0.04300539656399389
76.09999999999995 -0.04304993134536192
76.19999999999995 -0.04312560579413867
76.29999999999994 -0.0431953216452028
76.39999999999993 -0.0432252395082746
76.49999999999993 -0.04320147567551688
76.59999999999992 -0.04313253055439076
76.69999999999992 -0.04304174134883771
76.79999999999991 -0.04295932708030555
76.89999999999991 -0.04291634752549121
76.9999999999999 -0.04293607857199048
77.09999999999989 -0.04302004588845264
77.19999999999989 -0.04313791338010162
77.29999999999988 -0.04323852574617982
77.39999999999988 -0.04328033595575166
77.49999999999987 -0.04325337979958848
77.59999999999987 -0.04317698757781863
77.69999999999986 -0.04308582373710009
77.79999999999986 -0.04301865811946722
77.89999999999985 -0.04300959436709655
77.99999999999984 -0.0430747613793537
78.09999999999984 -0.04319661713349346
78.19999999999983 -0.04332447213901053
78.29999999999983 -0.04340310035136961
78.39999999999982 -0.04340590781914452
78.49999999999982 -0.04334256368626303
78.59999999999981 -0.04324552479088071
78.6999999999998 -0.04315587810215003
78.7999999999998 -0.043114397594987
78.89999999999979 -0.04315007726772378
78.99999999999979 -0.04326171596154035
79.09999999999978 -0.04340719076906851
79.19999999999978 -0.04352335212764576
79.29999999999977 -0.0435662031590857
79.39999999999976 -0.04353139609618777
79.49999999999976 -0.04344383007133627
79.59999999999975 -0.04333895572562274
79.69999999999975 -0.04325158674104361
79.79999999999974 -0.04320999941498171
79.89999999999974 -0.04322820026818201
79.99999999999973 -0.04329623334345672
80.09999999999972 -0.04337899426410828
80.19999999999972 -0.04343253764021255
80.29999999999971 -0.04342763128992785
80.39999999999971 -0.04336065729277208
80.4999999999997 -0.04324843588779553
80.5999999999997 -0.04311905802259739
80.69999999999969 -0.04300739828219065
80.79999999999968 -0.04295331469304099
80.89999999999968 -0.04299321797081656
80.99999999999967 -0.04313721959128695
81.09999999999967 -0.04334466755777956
81.19999999999966 -0.04353500915533084
81.29999999999966 -0.04363984880812369
81.39999999999965 -0.04364120522936361
81.49999999999964 -0.0435627658679326
81.59999999999964 -0.04344232218868865
81.69999999999963 -0.0433150115727353
81.79999999999963 -0.04320927121340799
81.89999999999962 -0.04314634964471618
81.99999999999962 -0.04313687889220826
82.09999999999961 -0.04317450922044229
82.1999999999996 -0.04323354804354435
82.2999999999996 -0.04327809338246282
82.39999999999959 -0.04327913049039373
82.49999999999959 -0.04322633397019737
82.59999999999958 -0.04312794672631688
82.69999999999958 -0.04300455502102007
82.79999999999957 -0.04288454922438523
82.89999999999957 -0.04280256213791814
82.99999999999956 -0.04279521595290045
83.09999999999955 -0.04288558933561763
83.19999999999955 -0.04305771384962598
83.29999999999954 -0.04324781644325947
83.39999999999954 -0.04337903762682842
83.49999999999953 -0.04341092397186011
83.59999999999953 -0.04335210725656624
83.69999999999952 -0.04323882172987323
83.79999999999951 -0.04311323574287771
83.89999999999951 -0.04301451674109727
83.9999999999995 -0.04297476689119418
84.0999999999995 -0.04300992713510236
84.19999999999949 -0.04310638304689621
84.29999999999949 -0.04321929208772204
84.39999999999948 -0.04329576354965917
84.49999999999947 -0.04330607498014317
84.59999999999947 -0.04325438531400297
84.69999999999946 -0.04316788488026069
84.79999999999946 -0.04308228089236973
84.89999999999945 -0.04303205781326493
84.99999999999945 -0.04304125535642712
85.09999999999944 -0.04311083701935781
85.19999999999943 -0.04321081444310929
85.29999999999943 -0.04329244285473349
85.39999999999942 -0.04331730423015331
85.49999999999942 -0.04327736140275869
85.59999999999941 -0.04319267054381901
85.69999999999941 -0.04309893289459646
85.7999999999994 -0.04303754304480877
85.89999999999939 -0.04304635853504522
85.99999999999939 -0.0431429870236726
86.09999999999938 -0.0433044480972295
86.19999999999938 -0.04346868626492593
86.29999999999937 -0.04357201985969018
86.39999999999937 -0.04358806788521322
86.49999999999936 -0.04353122265061745
86.59999999999935 -0.0434361900452066
86.69999999999935 -0.04334042560246747
86.79999999999934 -0.04327599045814388
86.89999999999934 -0.04326387405638858
86.99999999999933 -0.04330612973673434
87.09999999999933 -0.04338086771931192
87.19999999999932 -0.04345021299068896
87.29999999999932 -0.04348037456547599
87.39999999999931 -0.04345781095611551
87.4999999999993 -0.04339040158745047
87.5999999999993 -0.04329918308241133
87.69999999999929 -0.04321052082937687
87.79999999999929 -0.04315132388319298
87.89999999999928 -0.04314368328561077
87.99999999999928 -0.04319548046289393
88.09999999999927 -0.04329066808072466
88.19999999999926 -0.04339108528913219
88.29999999999926 -0.04345536025606661
88.39999999999925 -0.0434605118883921
88.49999999999925 -0.04340826256268202
88.59999999999924 -0.04331698981398968
88.69999999999924 -0.04321168524583489
88.79999999999923 -0.04311854675271012
88.89999999999922 -0.04306237458994967
88.99999999999922 -0.04306188478883321
89.09999999999921 -0.04312053263276419
89.19999999999921 -0.04321814781578627
89.2999999999992 -0.0433150899338923
89.3999999999992 -0.0433718623576627
89.49999999999919 -0.04336864540298341
89.59999999999918 -0.04330935277103576
89.69999999999918 -0.04321331407945396
89.79999999999917 -0.04310625856608351
89.89999999999917 -0.04301573580492689
89.99999999999916 -0.04296822907866345
90.09999999999916 -0.04298262895593281
90.19999999999915 -0.04305849437924539
90.29999999999914 -0.04316775274383629
90.39999999999914 -0.04326412977623264
90.49999999999913 -0.04330869699531929
90.59999999999913 -0.04328900502439399
90.69999999999912 -0.0432180225770582
90.79999999999912 -0.04312218915154523
90.89999999999911 -0.04303146825902313
90.9999999999991 -0.0429736065820974
91.0999999999991 -0.04296788739022585
91.19999999999909 -0.04301557121519317
91.29999999999909 -0.04309294450174128
91.39999999999908 -0.04315867747988674
91.49999999999908 -0.04317579464863845
91.59999999999907 -0.04313056345267437
91.69999999999906 -0.04303508691755638
91.79999999999906 -0.04291982554909276
91.89999999999905 -0.04282708210601251
91.99999999999905 -0.04280540446850441
92.09999999999904 -0.04289361886788443
92.19999999999904 -0.04308824883616795
92.29999999999903 -0.04332234126731659
92.39999999999903 -0.04350129483797684
92.49999999999902 -0.04357057210624026
92.59999999999901 -0.04353813003763282
92.69999999999901 -0.04344647004955501
92.799999999999 -0.04334230478741635
92.899999999999 -0.04326307342034173
92.99999999999899 -0.04323130134590369
93.09999999999899 -0.04324857076439911
93.19999999999898 -0.0432927001845007
93.29999999999897 -0.04332714745502105
93.39999999999897 -0.04332089265671561
93.49999999999896 -0.04326374896358339
93.59999999999896 -0.04316800208012535
93.69999999999895 -0.04306240492811184
93.79999999999895 -0.04298664591273199
93.89999999999894 -0.04298455832414934
93.99999999999893 -0.04308610223990156
94.09999999999893 -0.04327711464213341
94.19999999999892 -0.04348754114865509
94.29999999999892 -0.0436319257165069
94.39999999999891 -0.04366726244799218
94.49999999999891 -0.04360544226189218
94.5999999999989 -0.04348647735770272
94.69999999999889 -0.04335400660337879
94.79999999999889 -0.04324659493996006
94.89999999999888 -0.04319528649214474
94.99999999999888 -0.04321689031371754
95.09999999999887 -0.04330236733089006
95.19999999999887 -0.04341316031848196
95.29999999999886 -0.04349860042624536
95.39999999999885 -0.04352396693715119
95.49999999999885 -0.04348394000837665
95.59999999999884 -0.04339561309958553
95.69999999999884 -0.0432855677225054
95.79999999999883 -0.04318199782492967
95.89999999999883 -0.04311145758875209
95.99999999999882 -0.04309473866415867
96.09999999999881 -0.04313823150877537
96.19999999999881 -0.04322473055291676
96.2999999999988 -0.04331544510620534
96.3999999999988 -0.04336859262195419
96.49999999999879 -0.04336062962217771
96.59999999999879 -0.04329270693056585
96.69999999999878 -0.04318324237223511
96.79999999999878 -0.04305880180970192
96.89999999999877 -0.04294993719097689
96.99999999999876 -0.04288960372496658
97.09999999999876 -0.04290699342033626
97.19999999999875 -0.04301132872316725
97.29999999999875 -0.04317377038938627
97.39999999999874 -0.04333226015508945
97.49999999999874 -0.04342764522735035
97.59999999999873 -0.04343703906503159
97.69999999999872 -0.04337444568737093
97.79999999999872 -0.04327148794183789
97.89999999999871 -0.04316185835709314
97.99999999999871 -0.04307502966611103
98.0999999999987 -0.0430329703332672
98.1999999999987 -0.04304423177819745
98.29999999999869 -0.04309689794973478
98.39999999999868 -0.04315937907836822
98.49999999999868 -0.04319499363938324
98.59999999999867 -0.04318119685660791
98.69999999999867 -0.04311832472040193
98.79999999999866 -0.0430256590307086
98.89999999999866 -0.0429336759119244
98.99999999999865 -0.04287775627355521
99.09999999999864 -0.04288982254447789
99.19999999999864 -0.04298214958511493
99.29999999999863 -0.04312953688825052
99.39999999999863 -0.04327332540659491
99.49999999999862 -0.04335673735027389
99.59999999999862 -0.04335891230067553
99.69999999999861 -0.04329688932184263
99.7999999999986 -0.04320722048692278
99.8999999999986 -0.04313012539893679
99.99999999999859 -0.04310025156279453
100.0999999999986 -0.04313660918792317
