0 -0.04334891335565252
0.1 -0.04334891081505537
0.2 -0.04334890040661124
0.3 -0.04334887993611511
0.4 -0.04334885604186113
0.5 -0.04334884742054959
0.6 -0.04334886510776749
0.7 -0.04334889579932014
0.7999999999999999 -0.04334892021583786
0.8999999999999999 -0.0433489326083573
0.9999999999999999 -0.0433489363045386
1.1 -0.04334893376357991
1.2 -0.04334892335336663
1.3 -0.04334890287992917
1.4 -0.04334887898442794
1.5 -0.04334887036681704
1.6 -0.04334888806028234
1.7 -0.04334891875523253
1.8 -0.04334894317167386
1.900000000000001 -0.04334895556309792
2 -0.04334895925804032
2.100000000000001 -0.04334895671437051
2.200000000000001 -0.04334894629796834
2.300000000000001 -0.04334892581596664
2.400000000000001 -0.04334890191811386
2.500000000000001 -0.0433488933126003
2.600000000000001 -0.04334891102371803
2.700000000000001 -0.0433489417262951
2.800000000000001 -0.04334896613996451
2.900000000000001 -0.04334897852618731
3.000000000000001 -0.04334898221683128
3.100000000000001 -0.04334897966779769
3.200000000000002 -0.0433489692416152
3.300000000000002 -0.0433489487470808
3.400000000000002 -0.04334892484706807
3.500000000000002 -0.04334891626134987
3.600000000000002 -0.0433489339989914
3.700000000000002 -0.04334896471109521
3.800000000000002 -0.04334898911815296
3.900000000000002 -0.04334900149444965
4.000000000000002 -0.04334900517700645
4.100000000000001 -0.04334900261971689
4.200000000000001 -0.0433489921827673
4.300000000000001 -0.04334897167952451
4.4 -0.04334894778663248
4.5 -0.04334893922770109
4.6 -0.04334895698809425
4.699999999999999 -0.04334898769963729
4.799999999999999 -0.04334901209315786
4.899999999999999 -0.04334902445831477
4.999999999999998 -0.04334902813523218
5.099999999999998 -0.04334902557362187
5.199999999999998 -0.04334901512894375
5.299999999999997 -0.04334899461524005
5.399999999999997 -0.0433489707207065
5.499999999999996 -0.04334896217949944
5.599999999999996 -0.04334897996351162
5.699999999999996 -0.04334901068320741
5.799999999999995 -0.04334903507007165
5.899999999999995 -0.04334904742554495
5.999999999999995 -0.04334905109509447
6.099999999999994 -0.04334904852780723
6.199999999999994 -0.04334903807841354
6.299999999999994 -0.04334901756416196
6.399999999999993 -0.04334899367865573
6.499999999999993 -0.04334898515215055
6.599999999999993 -0.04334900294178844
6.699999999999992 -0.0433490336539737
6.799999999999992 -0.04334905803074647
6.899999999999991 -0.0433490703808783
6.999999999999991 -0.04334907404914566
7.099999999999991 -0.04334907148147954
7.19999999999999 -0.04334906103040639
7.29999999999999 -0.04334904051362379
7.39999999999999 -0.04334901662876004
7.499999999999989 -0.04334900810884645
7.599999999999989 -0.04334902590584253
7.699999999999989 -0.04334905661973
7.799999999999988 -0.0433490809937731
7.899999999999988 -0.04334909334079993
7.999999999999988 -0.04334909700685839
8.099999999999987 -0.04334909443692578
8.199999999999987 -0.04334908398269457
8.299999999999986 -0.04334906346355077
8.399999999999986 -0.04334903958156285
8.499999999999986 -0.04334903107021966
8.599999999999985 -0.04334904887346432
8.699999999999985 -0.04334907958613733
8.799999999999985 -0.04334910395564889
8.899999999999984 -0.04334911629920998
8.999999999999984 -0.04334911996274172
9.099999999999984 -0.04334911738907157
9.199999999999983 -0.04334910692888286
9.299999999999983 -0.04334908640525299
9.399999999999983 -0.04334906252892728
9.499999999999982 -0.04334905403447695
9.599999999999982 -0.04334907185044505
9.699999999999982 -0.04334910256121885
9.799999999999981 -0.04334912692185669
9.899999999999981 -0.04334913925848927
9.99999999999998 -0.04334914291762872
10.09999999999998 -0.04334914033852012
10.19999999999998 -0.04334912986926008
10.29999999999998 -0.04334910933695166
10.39999999999998 -0.04334908546539098
10.49999999999998 -0.04334907699432796
10.59999999999998 -0.04334909483199011
10.69999999999998 -0.04334912554417912
10.79999999999998 -0.04334914989357624
10.89999999999998 -0.04334916221957442
10.99999999999998 -0.04334916587152644
11.09999999999998 -0.04334916328527882
11.19999999999998 -0.0433491528062365
11.29999999999998 -0.04334913226592495
11.39999999999998 -0.04334910840146727
11.49999999999998 -0.04334909995613347
11.59999999999997 -0.04334911781521066
11.69999999999997 -0.04334914852627763
11.79999999999997 -0.04334917286211024
11.89999999999997 -0.04334918517648465
11.99999999999997 -0.04334918882142157
12.09999999999997 -0.04334918622926982
12.19999999999997 -0.04334917574285888
12.29999999999997 -0.0433491551972212
12.39999999999997 -0.04334913133983347
12.49999999999997 -0.04334912291573147
12.59999999999997 -0.04334914079117567
12.69999999999997 -0.04334917149998558
12.79999999999997 -0.04334919582411909
12.89999999999997 -0.04334920812920559
12.99999999999997 -0.04334921176937021
13.09999999999997 -0.04334920917409806
13.19999999999997 -0.04334919868370769
13.29999999999997 -0.04334917813436472
13.39999999999997 -0.04334915427953351
13.49999999999997 -0.04334914586689478
13.59999999999997 -0.04334916375301857
13.69999999999997 -0.04334919446258917
13.79999999999997 -0.04334921878127593
13.89999999999997 -0.04334923108157464
13.99999999999997 -0.0433492347195496
14.09999999999997 -0.04334923212327886
14.19999999999997 -0.04334922163091828
14.29999999999997 -0.04334920107776223
14.39999999999996 -0.04334917722043628
14.49999999999996 -0.04334916881162272
14.59999999999996 -0.04334918670582463
14.69999999999996 -0.04334921742031016
14.79999999999996 -0.0433492417389283
14.89999999999996 -0.04334925403724751
14.99999999999996 -0.0433492576732228
15.09999999999996 -0.04334925507459878
15.19999999999996 -0.04334924457877067
15.29999999999996 -0.04334922402234226
15.39999999999996 -0.04334920016647535
15.49999999999996 -0.04334919176585822
15.59999999999996 -0.04334920966810361
15.69999999999996 -0.04334924038391173
15.79999999999996 -0.04334926469975701
15.89999999999996 -0.0433492769959984
15.99999999999996 -0.04334928063134434
16.09999999999996 -0.04334927803092056
16.19999999999996 -0.04334926752820297
16.29999999999996 -0.04334924695926463
16.39999999999996 -0.04334922309578539
16.49999999999996 -0.04334921470697167
16.59999999999997 -0.04334923263343519
16.69999999999997 -0.04334926336372635
16.79999999999997 -0.04334928767901421
16.89999999999997 -0.04334929996858498
16.99999999999997 -0.04334930359666778
17.09999999999997 -0.04334930098765364
17.19999999999997 -0.04334929047339141
17.29999999999998 -0.04334926989499699
17.39999999999998 -0.04334924603843526
17.49999999999998 -0.0433492376767785
17.59999999999998 -0.04334925562633411
17.69999999999998 -0.04334928635619163
17.79999999999998 -0.04334931065812745
17.89999999999998 -0.04334932293659201
17.99999999999999 -0.04334932655813459
18.09999999999999 -0.04334932394210102
18.19999999999999 -0.04334931341570988
18.29999999999999 -0.04334929282397625
18.39999999999999 -0.04334926897048529
18.49999999999999 -0.04334926063867453
18.59999999999999 -0.04334927862006191
18.7 -0.04334930935589197
18.8 -0.04334933364470022
18.9 -0.04334934590890726
19 -0.04334934952063413
19.1 -0.04334934689594763
19.2 -0.04334933635892935
19.3 -0.04334931575932163
19.40000000000001 -0.04334929191474611
19.50000000000001 -0.04334928361107603
19.60000000000001 -0.04334930161422287
19.70000000000001 -0.04334933234698396
19.80000000000001 -0.04334935662012348
19.90000000000001 -0.04334936887162451
20.00000000000001 -0.04334937247610478
20.10000000000002 -0.0433493698458841
20.20000000000002 -0.04334935930285902
20.30000000000002 -0.04334933870079343
20.40000000000002 -0.04334931486616779
20.50000000000002 -0.04334930658291089
20.60000000000002 -0.04334932459758654
20.70000000000002 -0.04334935532379983
20.80000000000003 -0.04334937958405442
20.90000000000003 -0.04334939182695149
21.00000000000003 -0.04334939542761444
21.10000000000003 -0.04334939279507084
21.20000000000003 -0.04334938224928482
21.30000000000003 -0.043349361645939
21.40000000000003 -0.04334933781646969
21.50000000000004 -0.04334932954415969
21.60000000000004 -0.04334934756532045
21.70000000000004 -0.04334937828839489
21.80000000000004 -0.04334940254197862
21.90000000000004 -0.04334941478031856
22.00000000000004 -0.04334941837873669
22.10000000000004 -0.04334941574432565
22.20000000000005 -0.04334940519599195
22.30000000000005 -0.04334938459118856
22.40000000000005 -0.04334936076552263
22.50000000000005 -0.04334935250196223
22.60000000000005 -0.0433493705286012
22.70000000000005 -0.04334940124959183
22.80000000000005 -0.04334942549831312
22.90000000000006 -0.04334943773334182
23.00000000000006 -0.04334944132970803
23.10000000000006 -0.04334943869226843
23.20000000000006 -0.04334942813858798
23.30000000000006 -0.04334940752891661
23.40000000000006 -0.04334938370685092
23.50000000000006 -0.04334937545788135
23.60000000000007 -0.0433493934973179
23.70000000000007 -0.04334942421868633
23.80000000000007 -0.04334944846073205
23.90000000000007 -0.04334946068996349
24.00000000000007 -0.04334946428240437
24.10000000000007 -0.04334946163973292
24.20000000000007 -0.04334945107668677
24.30000000000008 -0.04334943045684927
24.40000000000008 -0.04334940663708484
24.50000000000008 -0.04334939841036508
24.60000000000008 -0.04334941647341718
24.70000000000008 -0.04334944719942545
24.80000000000008 -0.04334947143240604
24.90000000000008 -0.04334948365192718
25.00000000000009 -0.04334948723755837
25.10000000000009 -0.04334948458758072
25.20000000000009 -0.04334947401294862
25.30000000000009 -0.04334945338070662
25.40000000000009 -0.04334942956353202
25.50000000000009 -0.04334942136375557
25.60000000000009 -0.04334943945563463
25.7000000000001 -0.043349470187183
25.8000000000001 -0.04334949440856805
25.9000000000001 -0.04334950661543224
26.0000000000001 -0.04334951019209651
26.1000000000001 -0.04334950753364455
26.2000000000001 -0.04334949694809835
26.3000000000001 -0.04334947630730539
26.40000000000011 -0.04334945249838196
26.50000000000011 -0.04334944432711434
26.60000000000011 -0.04334946244245088
26.70000000000011 -0.04334949317276663
26.80000000000011 -0.04334951737967059
26.90000000000011 -0.04334952957490526
27.00000000000011 -0.04334953314592312
27.10000000000012 -0.0433495304834314
27.20000000000012 -0.04334951989040508
27.30000000000012 -0.04334949923888715
27.40000000000012 -0.04334947542735976
27.50000000000012 -0.04334946727293566
27.60000000000012 -0.04334948541213896
27.70000000000012 -0.04334951615179784
27.80000000000013 -0.04334954035321795
27.90000000000013 -0.04334955253952023
28.00000000000013 -0.04334955610362892
28.10000000000013 -0.04334955343561843
28.20000000000013 -0.04334954283724582
28.30000000000013 -0.04334952218319825
28.40000000000013 -0.04334949837827855
28.50000000000014 -0.04334949023852652
28.60000000000014 -0.0433495083866261
28.70000000000014 -0.04334953912241944
28.80000000000014 -0.04334956331551296
28.90000000000014 -0.04334957549682335
29.00000000000014 -0.04334957905949554
29.10000000000014 -0.04334957639026118
29.20000000000014 -0.04334956578749741
29.30000000000015 -0.04334954512595569
29.40000000000015 -0.04334952131811969
29.50000000000015 -0.04334951318857512
29.60000000000015 -0.04334953135302503
29.70000000000015 -0.0433495620966849
29.80000000000015 -0.04334958628774732
29.90000000000015 -0.04334959846417903
30.00000000000016 -0.043349602022544
30.10000000000016 -0.04334959934831213
30.20000000000016 -0.04334958873783144
30.30000000000016 -0.04334956806849395
30.40000000000016 -0.04334954426299856
30.50000000000016 -0.04334953615094628
30.60000000000016 -0.04334955433295015
30.70000000000017 -0.04334958507916313
30.80000000000017 -0.04334960926280498
30.90000000000017 -0.0433496214318282
31.00000000000017 -0.04334962498473001
31.10000000000017 -0.04334962230363845
31.20000000000017 -0.04334961168224317
31.30000000000017 -0.0433495910029681
31.40000000000018 -0.0433495672038498
31.50000000000018 -0.04334955911973798
31.60000000000018 -0.0433495773266952
31.70000000000018 -0.0433496080737657
31.80000000000018 -0.04334963224402165
31.90000000000018 -0.04334964440098231
32.00000000000018 -0.04334964794592596
32.10000000000019 -0.04334964525623367
32.20000000000019 -0.04334963462180227
32.30000000000019 -0.04334961393080463
32.40000000000019 -0.04334959013958178
32.50000000000019 -0.04334958208912727
32.60000000000019 -0.04334960032582719
32.70000000000019 -0.04334963107341602
32.8000000000002 -0.04334965522693078
32.9000000000002 -0.04334966736872456
33.0000000000002 -0.04334967090388186
33.1000000000002 -0.04334966820511797
33.2000000000002 -0.04334965755894487
33.3000000000002 -0.04334963685948848
33.4000000000002 -0.04334961307931254
33.50000000000021 -0.04334960506149799
33.60000000000021 -0.04334962332264009
33.70000000000021 -0.04334965406606411
33.80000000000021 -0.04334967820142215
33.90000000000021 -0.04334969032870446
34.00000000000021 -0.04334969385549796
34.10000000000021 -0.04334969114997207
34.20000000000022 -0.04334968049593298
34.30000000000022 -0.04334965979234322
34.40000000000022 -0.04334963602318812
34.50000000000022 -0.04334962803048341
34.60000000000022 -0.04334964630739442
34.70000000000022 -0.04334967704454878
34.80000000000022 -0.04334970116489252
34.90000000000023 -0.04334971328157511
35.00000000000023 -0.04334971680329451
35.10000000000023 -0.04334971409437884
35.20000000000023 -0.04334970343608729
35.30000000000023 -0.04334968272958802
35.40000000000023 -0.04334965896575982
35.50000000000023 -0.04334965098733268
35.60000000000024 -0.04334966927458692
35.70000000000024 -0.04334970000969733
35.80000000000024 -0.04334972412225137
35.90000000000024 -0.04334973623312315
36.00000000000024 -0.04334973975206353
36.10000000000024 -0.04334973704113608
36.20000000000024 -0.04334972637953469
36.30000000000025 -0.04334970566923972
36.40000000000025 -0.04334968190642399
36.50000000000025 -0.0433496739370665
36.60000000000025 -0.04334969223398757
36.70000000000025 -0.04334972297105499
36.80000000000025 -0.04334974708003388
36.90000000000025 -0.04334975918706501
37.00000000000026 -0.04334976270306519
37.10000000000026 -0.04334975998836428
37.20000000000026 -0.04334974932073472
37.30000000000026 -0.0433497286049344
37.40000000000026 -0.04334970484556861
37.50000000000026 -0.04334969689158179
37.60000000000026 -0.04334971520250834
37.70000000000027 -0.04334974594073823
37.80000000000027 -0.04334977004343658
37.90000000000027 -0.04334978214529864
38.00000000000027 -0.04334978565854432
38.10000000000027 -0.04334978293974227
38.20000000000027 -0.04334977226192298
38.30000000000027 -0.04334975153084764
38.40000000000028 -0.04334972776616944
38.50000000000028 -0.04334971983252709
38.60000000000028 -0.04334973817477227
38.70000000000028 -0.04334976892723007
38.80000000000028 -0.04334979302514444
38.90000000000028 -0.04334980511674252
39.00000000000028 -0.04334980862057121
39.10000000000029 -0.04334980589128962
39.20000000000029 -0.04334979519930232
39.30000000000029 -0.04334977445636058
39.40000000000029 -0.04334975070003086
39.50000000000029 -0.04334974280023494
39.60000000000029 -0.04334976117178307
39.70000000000029 -0.04334979192441908
39.8000000000003 -0.04334981600610494
39.9000000000003 -0.04334982808395231
40.0000000000003 -0.04334983157985862
40.1000000000003 -0.04334982884266649
40.2000000000003 -0.04334981813697882
40.3000000000003 -0.04334979737819972
40.4000000000003 -0.043349773623772
40.50000000000031 -0.04334976575674671
40.60000000000031 -0.0433497841651866
40.70000000000031 -0.04334981492654344
40.80000000000031 -0.04334983899486856
40.90000000000031 -0.04334985105726076
41.00000000000031 -0.0433498545424766
41.10000000000031 -0.0433498517960775
41.20000000000032 -0.04334984107889766
41.30000000000032 -0.04334982031068661
41.40000000000032 -0.04334979656394426
41.50000000000032 -0.04334978872600291
41.60000000000032 -0.04334980715898828
41.70000000000032 -0.04334983791952372
41.80000000000032 -0.04334986197290697
41.90000000000033 -0.04334987402259452
42.00000000000033 -0.04334987750056198
42.10000000000033 -0.04334987474845192
42.20000000000033 -0.04334986402402104
42.30000000000033 -0.04334984325046599
42.40000000000033 -0.04334981951095403
42.50000000000033 -0.04334981169456514
42.60000000000034 -0.04334983014404793
42.70000000000034 -0.04334986090233417
42.80000000000034 -0.04334988494415482
42.90000000000034 -0.04334989698481354
43.00000000000034 -0.04334990045808143
43.10000000000034 -0.04334989770219786
43.20000000000034 -0.04334988697218486
43.30000000000035 -0.04334986619363052
43.40000000000035 -0.04334984245832536
43.50000000000035 -0.04334983465800121
43.60000000000035 -0.04334985312121703
43.70000000000035 -0.04334988387938842
43.80000000000035 -0.04334990791334694
43.90000000000035 -0.04334991994726051
44.00000000000036 -0.04334992341631511
44.10000000000036 -0.04334992065595541
44.20000000000036 -0.04334990991913946
44.30000000000036 -0.04334988913487998
44.40000000000036 -0.04334986540489049
44.50000000000036 -0.04334985762319027
44.60000000000036 -0.04334987610156886
44.70000000000037 -0.04334990685888451
44.80000000000037 -0.04334993088360782
44.90000000000037 -0.04334994290979521
45.00000000000037 -0.0433499463735936
45.10000000000037 -0.04334994360674212
45.20000000000037 -0.04334993285985023
45.30000000000037 -0.04334991206732956
45.40000000000038 -0.04334988834532471
45.50000000000038 -0.04334988059091108
45.60000000000038 -0.04334989909134958
45.70000000000038 -0.04334992984729392
45.80000000000038 -0.04334995385839528
45.90000000000038 -0.04334996587325397
46.00000000000038 -0.04334996932977435
46.10000000000039 -0.04334996655466486
46.20000000000039 -0.04334995579479725
46.30000000000039 -0.0433499349904587
46.40000000000039 -0.04334991127622824
46.50000000000039 -0.04334990355538782
46.60000000000039 -0.0433499220856471
46.70000000000039 -0.04334995284252157
46.8000000000004 -0.04334997683748051
46.9000000000004 -0.04334998883767302
47.0000000000004 -0.04334999228464606
47.1000000000004 -0.04334998950016703
47.2000000000004 -0.04334997872712416
47.3000000000004 -0.04334995791159785
47.4000000000004 -0.04334993420643631
47.50000000000041 -0.04334992652018329
47.60000000000041 -0.04334994507982609
47.70000000000041 -0.04334997583607793
47.80000000000041 -0.04334999981345924
47.90000000000041 -0.04335001179817838
48.00000000000041 -0.04335001523540087
48.10000000000041 -0.04335001244227695
48.20000000000041 -0.04335000165858927
48.30000000000042 -0.04334998083620071
48.40000000000042 -0.04334995714268566
48.50000000000042 -0.04334994948720002
48.60000000000042 -0.04334996806859021
48.70000000000042 -0.04334999881998947
48.80000000000042 -0.04335002278059541
48.90000000000042 -0.04335003475307195
49.00000000000043 -0.04335003818471308
49.10000000000043 -0.0433500353877362
49.20000000000043 -0.04335002459705364
49.30000000000043 -0.04335000376526872
49.40000000000043 -0.04334998007103642
49.50000000000043 -0.0433499724328539
49.60000000000043 -0.04334999103613039
49.70000000000044 -0.04335002179456772
49.80000000000044 -0.04335004574890432
49.90000000000044 -0.04335005771278305
50.00000000000044 -0.04335006113797543
50.10000000000044 -0.0433500583355086
50.20000000000044 -0.04335004753891257
50.30000000000044 -0.04335002670380229
50.40000000000045 -0.04335000301624416
50.50000000000045 -0.04334999539430276
50.60000000000045 -0.04335001400834422
50.70000000000045 -0.04335004476370133
50.80000000000045 -0.04335006870962704
50.90000000000045 -0.04335008066828111
51.00000000000045 -0.04335008409173312
51.10000000000046 -0.04335008128703843
51.20000000000046 -0.04335007048341147
51.30000000000046 -0.04335004963684029
51.40000000000046 -0.04335002594480944
51.50000000000046 -0.04335001833789616
51.60000000000046 -0.04335003697601891
51.70000000000046 -0.04335006774306696
51.80000000000047 -0.04335009168627029
51.90000000000047 -0.04335010363796668
52.00000000000047 -0.04335010705512925
52.10000000000047 -0.04335010424295681
52.20000000000047 -0.0433500934275458
52.30000000000047 -0.04335007256854895
52.40000000000047 -0.04335004887891569
52.50000000000048 -0.04335004129785313
52.60000000000048 -0.04335005996338644
52.70000000000048 -0.04335009073589206
52.80000000000048 -0.04335011466892889
52.90000000000048 -0.04335012660979188
53.00000000000048 -0.04335013001909988
53.10000000000048 -0.04335012719762445
53.20000000000049 -0.04335011636718068
53.30000000000049 -0.04335009549317767
53.40000000000049 -0.04335007180946202
53.50000000000049 -0.04335006426486831
53.60000000000049 -0.04335008296612105
53.70000000000049 -0.04335011374315642
53.80000000000049 -0.04335013766015634
53.9000000000005 -0.04335014958520927
54.0000000000005 -0.04335015298388912
54.1000000000005 -0.04335015015152825
54.2000000000005 -0.04335013930491372
54.3000000000005 -0.04335011841588304
54.4000000000005 -0.04335009474062616
54.5000000000005 -0.04335008723644443
54.60000000000051 -0.04335010597468393
54.70000000000051 -0.04335013675385459
54.80000000000051 -0.04335016065160527
54.90000000000051 -0.04335017255873941
55.00000000000051 -0.04335017594594001
55.10000000000051 -0.04335017310322937
55.20000000000051 -0.0433501622431451
55.30000000000052 -0.04335014134393317
55.40000000000052 -0.04335011768040724
55.50000000000052 -0.04335011021299652
55.60000000000052 -0.04335012897968152
55.70000000000052 -0.04335015975531267
55.80000000000052 -0.0433501836333274
55.90000000000052 -0.04335019552437827
56.00000000000053 -0.04335019890224275
56.10000000000053 -0.0433501960518907
56.20000000000053 -0.04335018518270885
56.30000000000053 -0.043350164278467
56.40000000000053 -0.04335014062719487
56.50000000000053 -0.04335013318826417
56.60000000000053 -0.04335015197306355
56.70000000000054 -0.04335018274202355
56.80000000000054 -0.04335020660347348
56.90000000000054 -0.04335021848277971
57.00000000000054 -0.04335022185483036
57.10000000000054 -0.04335021900001327
57.20000000000054 -0.04335020812476316
57.30000000000054 -0.04335018721622841
57.40000000000055 -0.04335016357206097
57.50000000000055 -0.04335015615247809
57.60000000000055 -0.04335017495121125
57.70000000000055 -0.04335020571741625
57.80000000000055 -0.04335022956845579
57.90000000000055 -0.04335024143982595
58.00000000000055 -0.04335024480743513
58.10000000000056 -0.04335024194837767
58.20000000000056 -0.04335023106682442
58.30000000000056 -0.04335021015317004
58.40000000000056 -0.04335018651456191
58.50000000000056 -0.04335017911312287
58.60000000000056 -0.04335019792623982
58.70000000000056 -0.04335022869129497
58.80000000000057 -0.04335025253329991
58.90000000000057 -0.0433502643972131
59.00000000000057 -0.04335026775974643
59.10000000000057 -0.04335026489442392
59.20000000000057 -0.04335025400327841
59.30000000000057 -0.04335023308203304
59.40000000000057 -0.04335020945151227
59.50000000000058 -0.04335020207620822
59.60000000000058 -0.04335022090999962
59.70000000000058 -0.04335025167361296
59.80000000000058 -0.04335027550311971
59.90000000000058 -0.04335028735722169
60.00000000000058 -0.04335029071409785
60.10000000000058 -0.04335028784187134
60.20000000000059 -0.04335027693734755
60.30000000000059 -0.04335025599993401
60.40000000000059 -0.04335023237002546
60.50000000000059 -0.04335022502557119
60.60000000000059 -0.04335024389527613
60.70000000000059 -0.04335027466858662
60.80000000000059 -0.04335029848655723
60.9000000000006 -0.04335031032617779
61.0000000000006 -0.04335031367157127
61.1000000000006 -0.04335031078730786
61.2000000000006 -0.04335029986711327
61.3000000000006 -0.04335027891810483
61.4000000000006 -0.04335025530100457
61.5000000000006 -0.04335024799674183
61.60000000000061 -0.04335026689753768
61.70000000000061 -0.04335029766747321
61.80000000000061 -0.04335032146503683
61.90000000000061 -0.04335033328867775
62.00000000000061 -0.04335033662543469
62.10000000000061 -0.04335033373306564
62.20000000000061 -0.04335032279899997
62.30000000000062 -0.04335030183425582
62.40000000000062 -0.04335027822007928
62.50000000000062 -0.04335027095004636
62.60000000000062 -0.04335028988811468
62.70000000000062 -0.04335032066607503
62.80000000000062 -0.04335034444961193
62.90000000000062 -0.04335035625756838
63.00000000000063 -0.04335035958370569
63.10000000000063 -0.04335035668234431
63.20000000000063 -0.04335034573699118
63.30000000000063 -0.0433503247627878
63.40000000000063 -0.04335030115586021
63.50000000000063 -0.04335029391426033
63.60000000000063 -0.04335031287672061
63.70000000000064 -0.04335034365459205
63.80000000000064 -0.04335036742428756
63.90000000000064 -0.04335037922048261
64.00000000000064 -0.04335038254006186
64.10000000000063 -0.04335037963322111
64.20000000000063 -0.04335036867964616
64.30000000000062 -0.04335034769727814
64.40000000000062 -0.0433503240944558
64.50000000000061 -0.0433503168747793
64.60000000000061 -0.04335033585829459
64.7000000000006 -0.04335036663856196
64.80000000000059 -0.04335039039868976
64.90000000000059 -0.04335040218593465
65.00000000000058 -0.04335040550017495
65.10000000000058 -0.04335040258813801
65.20000000000057 -0.04335039162581915
65.30000000000057 -0.0433503706337717
65.40000000000056 -0.04335034703303858
65.50000000000055 -0.04335033983445732
65.60000000000055 -0.04335035884036149
65.70000000000054 -0.04335038962519093
65.80000000000054 -0.04335041337712883
65.90000000000053 -0.04335042515562702
66.00000000000053 -0.04335042846366205
66.10000000000052 -0.04335042554444565
66.20000000000051 -0.04335041457054192
66.30000000000051 -0.04335039356709179
66.4000000000005 -0.04335036997138597
66.5000000000005 -0.04335036280110757
66.60000000000049 -0.04335038183396828
66.70000000000049 -0.04335041262168568
66.80000000000048 -0.04335043636129561
66.90000000000047 -0.04335044812788133
67.00000000000047 -0.04335045142741465
67.10000000000046 -0.04335044849823822
67.20000000000046 -0.04335043750918836
67.30000000000045 -0.04335041649272449
67.40000000000045 -0.04335039290725941
67.50000000000044 -0.04335038577605008
67.60000000000043 -0.04335040484191505
67.70000000000043 -0.04335043562926055
67.80000000000042 -0.0433504593500483
67.90000000000042 -0.04335047110031438
68.00000000000041 -0.04335047438932313
68.10000000000041 -0.04335047144896625
68.2000000000004 -0.04335046044319375
68.3000000000004 -0.04335043941224807
68.40000000000039 -0.04335041583811123
68.50000000000038 -0.04335040875052924
68.60000000000038 -0.04335042785339077
68.70000000000037 -0.0433504586402764
68.80000000000037 -0.04335048233958545
68.90000000000036 -0.04335049407091583
69.00000000000036 -0.04335049734781998
69.10000000000035 -0.04335049439608154
69.20000000000034 -0.04335048337536285
69.30000000000034 -0.04335046233370057
69.40000000000033 -0.04335043877386851
69.50000000000033 -0.04335043172777558
69.60000000000032 -0.04335045086130311
69.70000000000032 -0.0433504816429703
69.80000000000031 -0.04335050531984833
69.9000000000003 -0.04335051703327094
70.0000000000003 -0.04335052029959351
70.10000000000029 -0.04335051733873074
70.20000000000029 -0.04335050630706188
70.30000000000028 -0.04335048525963416
70.40000000000028 -0.04335046171489988
70.50000000000027 -0.04335045470278491
70.60000000000026 -0.0433504738573486
70.70000000000026 -0.04335050463079281
70.80000000000025 -0.04335052828828016
70.90000000000025 -0.04335053998839168
71.00000000000024 -0.04335054324866228
71.10000000000024 -0.04335054028333808
71.20000000000023 -0.04335052924422513
71.30000000000022 -0.04335050818864877
71.40000000000022 -0.04335048464708139
71.50000000000021 -0.04335047765571057
71.60000000000021 -0.04335049683103356
71.7000000000002 -0.04335052760746117
71.8000000000002 -0.04335055125576198
71.90000000000019 -0.04335056294631247
72.00000000000018 -0.04335056619978457
72.10000000000018 -0.04335056322809638
72.20000000000017 -0.04335055218165135
72.30000000000017 -0.04335053112249423
72.40000000000016 -0.04335050759085815
72.50000000000016 -0.04335050062102543
72.60000000000015 -0.0433505198091713
72.70000000000014 -0.04335055058019779
72.80000000000014 -0.04335057421696045
72.90000000000013 -0.0433505859004366
73.00000000000013 -0.04335058915102517
73.10000000000012 -0.04335058617538484
73.20000000000012 -0.04335057511900056
73.30000000000011 -0.04335055404601057
73.40000000000011 -0.04335053051233865
73.5000000000001 -0.04335052356539457
73.60000000000009 -0.04335054278363474
73.70000000000009 -0.04335057356573555
73.80000000000008 -0.04335059719594844
73.90000000000008 -0.04335060886927292
74.00000000000007 -0.04335061211136534
74.10000000000007 -0.04335060912581606
74.20000000000006 -0.04335059805433902
74.30000000000005 -0.04335057696665019
74.40000000000005 -0.04335055343863591
74.50000000000004 -0.04335054652642635
74.60000000000004 -0.04335056577833422
74.70000000000003 -0.04335059656473967
74.80000000000003 -0.04335062018039149
74.90000000000002 -0.04335063183955451
75.00000000000001 -0.04335063507196329
75.10000000000001 -0.04335063207544404
75.2 -0.04335062098629449
75.3 -0.04335059988086362
75.39999999999999 -0.04335057635975325
75.49999999999999 -0.04335056949045293
75.59999999999998 -0.04335058878443727
75.69999999999997 -0.04335061957650867
75.79999999999997 -0.04335064317377218
75.89999999999996 -0.04335065481467476
75.99999999999996 -0.04335065803495452
76.09999999999995 -0.04335065502643241
76.19999999999995 -0.04335064391954251
76.29999999999994 -0.04335062279725489
76.39999999999993 -0.04335059928459958
76.49999999999993 -0.04335059245888614
76.59999999999992 -0.04335061179359183
76.69999999999992 -0.04335064258915939
76.79999999999991 -0.04335066616660988
76.89999999999991 -0.04335067778875327
76.9999999999999 -0.04335068099713313
77.09999999999989 -0.04335067797798315
77.19999999999989 -0.04335066685672935
77.29999999999988 -0.0433506457223715
77.39999999999988 -0.04335062221986672
77.49999999999987 -0.04335061543186647
77.59999999999987 -0.04335063479820013
77.69999999999986 -0.04335066559300543
77.79999999999986 -0.04335068915178822
77.89999999999985 -0.04335070075788023
77.99999999999984 -0.04335070395670504
78.09999999999984 -0.04335070092937272
78.19999999999983 -0.04335068979747328
78.29999999999983 -0.04335066865543136
78.39999999999982 -0.04335064516349771
78.49999999999982 -0.04335063840600489
78.59999999999981 -0.04335065779500415
78.6999999999998 -0.04335068858634755
78.7999999999998 -0.04335071212926323
78.89999999999979 -0.04335072372312074
78.99999999999979 -0.04335072691533898
79.09999999999978 -0.04335072388203906
79.19999999999978 -0.04335071274097633
79.29999999999977 -0.04335069159070085
79.39999999999976 -0.04335066810528647
79.49999999999976 -0.04335066137309475
79.59999999999975 -0.04335068078370813
79.69999999999975 -0.04335071157514851
79.79999999999974 -0.04335073510613497
79.89999999999974 -0.04335074668956466
79.99999999999973 -0.04335074987501144
80.09999999999972 -0.04335074683441036
80.19999999999972 -0.04335073568252382
80.29999999999971 -0.04335071452351402
80.39999999999971 -0.04335069104693506
80.4999999999997 -0.04335068434397051
80.5999999999997 -0.04335070377769112
80.69999999999969 -0.04335073456738224
80.79999999999968 -0.0433507580840121
80.89999999999968 -0.04335076965551327
80.99999999999967 -0.04335077283290541
81.09999999999967 -0.04335076978274201
81.19999999999966 -0.04335075861658953
81.29999999999966 -0.04335073744670528
81.39999999999965 -0.04335071398284745
81.49999999999964 -0.04335070731869987
81.59999999999964 -0.04335072678197438
81.69999999999963 -0.04335075756835005
81.79999999999963 -0.0433507810657516
81.89999999999962 -0.04335079262202292
81.99999999999962 -0.04335079579024403
82.09999999999961 -0.04335079272989142
82.1999999999996 -0.04335078154685894
82.2999999999996 -0.04335076036025551
82.39999999999959 -0.04335073690424052
82.49999999999959 -0.04335073028255516
82.59999999999958 -0.04335074978589303
82.69999999999958 -0.04335078057615759
82.79999999999957 -0.04335080405440005
82.89999999999957 -0.04335081559165684
82.99999999999956 -0.04335081874622904
83.09999999999955 -0.04335081567224872
83.19999999999955 -0.04335080447237283
83.29999999999954 -0.04335078327571423
83.39999999999954 -0.04335075983878085
83.49999999999953 -0.04335075326389368
83.59999999999953 -0.043350772798027
83.69999999999952 -0.04335080357910832
83.79999999999951 -0.04335082703187557
83.89999999999951 -0.04335083855091903
83.9999999999995 -0.04335084169622604
84.0999999999995 -0.04335083861394044
84.19999999999949 -0.04335082740045999
84.29999999999949 -0.04335080618991571
84.39999999999948 -0.04335078275951253
84.49999999999947 -0.04335077622089303
84.59999999999947 -0.04335079578992457
84.69999999999946 -0.04335082657503878
84.79999999999946 -0.04335085001163816
84.89999999999945 -0.04335086151466987
84.99999999999945 -0.04335086464956347
85.09999999999944 -0.04335086155846535
85.19999999999943 -0.04335085033418831
85.29999999999943 -0.04335082911575436
85.39999999999942 -0.04335080569489121
85.49999999999942 -0.04335079918520223
85.59999999999941 -0.0433508187762526
85.69999999999941 -0.0433508495587517
85.7999999999994 -0.0433508729808477
85.89999999999939 -0.04335088447268142
85.99999999999939 -0.04335088760165317
86.09999999999938 -0.04335088450510498
86.19999999999938 -0.04335087327165398
86.29999999999937 -0.04335085204344873
86.39999999999937 -0.04335082862615151
86.49999999999936 -0.04335082214039532
86.59999999999935 -0.04335084175555794
86.69999999999935 -0.04335087254213908
86.79999999999934 -0.04335089595480485
86.89999999999934 -0.04335090743722442
86.99999999999933 -0.04335091056011499
87.09999999999933 -0.04335090745683804
87.19999999999932 -0.04335089621160353
87.29999999999932 -0.04335087497005642
87.39999999999931 -0.04335085155464616
87.4999999999993 -0.04335084509600623
87.5999999999993 -0.04335086474084134
87.69999999999929 -0.04335089553447982
87.79999999999929 -0.04335091893747876
87.89999999999928 -0.04335093040898851
87.99999999999928 -0.04335093352385598
88.09999999999927 -0.04335093041097442
88.19999999999926 -0.04335091914986366
88.29999999999926 -0.0433508978919594
88.39999999999925 -0.04335087448174336
88.49999999999925 -0.04335086806035832
88.59999999999924 -0.04335088774245256
88.69999999999924 -0.0433509185420155
88.79999999999923 -0.04335094192994907
88.89999999999922 -0.0433509533860167
88.99999999999922 -0.04335095648974971
89.09999999999921 -0.04335095336415003
89.19999999999921 -0.04335094208365291
89.2999999999992 -0.04335092080829007
89.3999999999992 -0.04335089740925743
89.49999999999919 -0.04335089103607893
89.59999999999918 -0.0433509107606853
89.69999999999918 -0.04335094156197698
89.79999999999917 -0.04335096492793569
89.89999999999917 -0.04335097636417996
89.99999999999916 -0.04335097945507098
90.09999999999916 -0.04335097631622171
90.19999999999915 -0.04335096501597548
90.29999999999914 -0.04335094372302748
90.39999999999914 -0.04335092033622344
90.49999999999913 -0.04335091401337181
90.59999999999913 -0.04335093378162037
90.69999999999912 -0.04335096458372067
90.79999999999912 -0.04335098792585037
90.89999999999911 -0.04335099934061937
90.9999999999991 -0.04335100241770212
91.0999999999991 -0.04335099926602669
91.19999999999909 -0.0433509879491397
91.29999999999909 -0.04335096664452882
91.39999999999908 -0.04335094327406872
91.49999999999908 -0.04335093699716903
91.59999999999907 -0.04335095679865406
91.69999999999906 -0.04335098759463354
91.79999999999906 -0.04335101091234329
91.89999999999905 -0.04335102230794265
91.99999999999905 -0.0433510253738759
92.09999999999904 -0.04335102221243082
92.19999999999904 -0.04335101088335917
92.29999999999903 -0.04335098957190412
92.39999999999903 -0.04335096621757828
92.49999999999902 -0.04335095997793445
92.59999999999901 -0.04335097980292802
92.69999999999901 -0.04335101059066114
92.799999999999 -0.04335103388776172
92.899999999999 -0.04335104526892025
92.99999999999899 -0.04335104832775433
93.09999999999899 -0.04335104516029512
93.19999999999898 -0.0433510338216988
93.29999999999897 -0.04335101250136453
93.39999999999897 -0.04335098915370111
93.49999999999896 -0.0433509829409704
93.59999999999896 -0.04335100278928293
93.69999999999895 -0.04335103357744124
93.79999999999895 -0.04335105686178161
93.89999999999894 -0.04335106823120676
93.99999999999893 -0.04335107128180678
94.09999999999893 -0.04335106810588155
94.19999999999892 -0.04335105675692259
94.29999999999892 -0.04335103543166616
94.39999999999891 -0.04335101209865394
94.49999999999891 -0.04335100591668105
94.5999999999989 -0.04335102578256096
94.69999999999889 -0.04335105656240214
94.79999999999889 -0.04335107982999491
94.89999999999888 -0.04335109118876154
94.99999999999888 -0.04335109423413669
95.09999999999887 -0.04335109105144255
95.19999999999887 -0.04335107968876681
95.29999999999886 -0.04335105834796107
95.39999999999885 -0.0433510350186479
95.49999999999885 -0.04335102887095529
95.59999999999884 -0.04335104877273784
95.69999999999884 -0.0433510795598236
95.79999999999883 -0.04335110281419036
95.89999999999883 -0.0433511141582372
95.99999999999882 -0.04335111719232756
96.09999999999881 -0.04335111399697072
96.19999999999881 -0.04335110261625424
96.2999999999988 -0.04335108126066143
96.3999999999988 -0.04335105794391492
96.49999999999879 -0.04335105184122194
96.59999999999879 -0.04335107177979666
96.69999999999878 -0.04335110256574952
96.79999999999878 -0.0433511257989855
96.89999999999877 -0.04335113712518092
96.99999999999876 -0.04335114014794301
97.09999999999876 -0.0433511369403231
97.19999999999875 -0.04335112554052212
97.29999999999875 -0.04335110416732175
97.39999999999874 -0.04335108086153974
97.49999999999874 -0.0433510748075186
97.59999999999873 -0.04335109478968482
97.69999999999872 -0.04335112557818806
97.79999999999872 -0.0433511487895449
97.89999999999871 -0.04335116009561836
97.99999999999871 -0.04335116310553329
98.0999999999987 -0.04335115988557606
98.1999999999987 -0.04335114846793593
98.29999999999869 -0.04335112707861437
98.39999999999868 -0.04335110378319955
98.49999999999868 -0.04335109777413215
98.59999999999867 -0.04335111779611894
98.69999999999867 -0.04335114858642621
98.79999999999866 -0.04335117177728358
98.89999999999866 -0.04335118306482162
98.99999999999865 -0.04335118606335135
99.09999999999864 -0.04335118283321131
99.19999999999864 -0.0433511714012714
99.29999999999863 -0.04335114999928823
99.39999999999863 -0.04335112671298987
99.49999999999862 -0.04335112074102102
99.59999999999862 -0.04335114079525131
99.69999999999861 -0.04335117158640631
99.7999999999986 -0.0433511947601418
99.8999999999986 -0.04335120603255958
99.99999999999859 -0.04335120902194109
100.0999999999986 -0.04335120578341351
