0 -0.04334891335565252
0.1 -0.04323434537992037
0.2 -0.04311168590419832
0.3 -0.04297463733490957
0.4 -0.04282138973580165
0.5 -0.04265769180858272
0.6 -0.04249546884255591
0.7 -0.04234596042916179
0.7999999999999999 -0.04221357831339234
0.8999999999999999 -0.04209561933241289
0.9999999999999999 -0.04198557787279341
1.1 -0.04187582773991402
1.2 -0.04175875176266952
1.3 -0.04162799539081762
1.4 -0.04148137555591151
1.5 -0.04132412052140376
1.6 -0.04116803022257014
1.7 -0.04102496586613683
1.8 -0.04090037915591331
1.900000000000001 -0.04079246001710045
2 -0.04069523852893499
2.100000000000001 -0.04060132516443114
2.200000000000001 -0.04050292044769954
2.300000000000001 -0.04039248932646065
2.400000000000001 -0.04026505145327317
2.500000000000001 -0.0401222011505593
2.600000000000001 -0.03997411103868934
2.700000000000001 -0.03983506114290932
2.800000000000001 -0.03971516282814869
2.900000000000001 -0.0396162248488696
3.000000000000001 -0.03953386527234384
3.100000000000001 -0.03946136729986567
3.200000000000002 -0.03939179799486059
3.300000000000002 -0.03931840068402183
3.400000000000002 -0.03923477236605556
3.500000000000002 -0.03913622310244267
3.600000000000002 -0.03902255996958387
3.700000000000002 -0.03890025996305695
3.800000000000002 -0.03878072583325558
3.900000000000002 -0.03867458426935864
4.000000000000002 -0.03858680920565391
4.100000000000001 -0.03851633463928487
4.200000000000001 -0.03845868860599277
4.300000000000001 -0.03840845802288666
4.4 -0.03836025054846397
4.5 -0.03830855385378146
4.6 -0.03824743746962804
4.699999999999999 -0.03817111047572987
4.799999999999999 -0.03807611846434161
4.899999999999999 -0.03796465783925627
4.999999999999998 -0.03784610193222849
5.099999999999998 -0.03773364946164322
5.199999999999998 -0.0376377811619393
5.299999999999997 -0.03756219298761058
5.399999999999997 -0.03750466499375235
5.499999999999996 -0.03746023534441242
5.599999999999996 -0.03742360466079766
5.699999999999996 -0.03738992448821436
5.799999999999995 -0.03735450286067554
5.899999999999995 -0.0373121616522086
5.999999999999995 -0.03725693305790381
6.099999999999994 -0.03718291189554532
6.199999999999994 -0.0370869567274426
6.299999999999994 -0.03697246582816139
6.399999999999993 -0.03685079121275558
6.499999999999993 -0.03673699670478962
6.599999999999993 -0.03664241262408439
6.699999999999992 -0.03657051741452125
6.799999999999992 -0.03651840705856631
6.899999999999991 -0.03648053231046394
6.999999999999991 -0.0364513707182819
7.099999999999991 -0.03642630764584326
7.19999999999999 -0.03640138667706445
7.29999999999999 -0.03637263642067792
7.39999999999999 -0.03633543608610215
7.499999999999989 -0.03628436387431828
7.599999999999989 -0.03621415267056282
7.699999999999989 -0.0361222453656812
7.799999999999988 -0.03601213937750988
7.899999999999988 -0.03589454948437926
7.999999999999988 -0.03578368590416497
8.099999999999987 -0.03569068828058951
8.199999999999987 -0.03561969535639013
8.299999999999986 -0.03556876017500928
8.399999999999986 -0.03553306732203228
8.499999999999986 -0.03550748476560583
8.599999999999985 -0.03548754004275861
8.699999999999985 -0.03546920465816157
8.799999999999985 -0.03544799644656936
8.899999999999984 -0.03541770133819511
8.999999999999984 -0.03536913192920611
9.099999999999984 -0.03529021763983723
9.199999999999983 -0.03517013246574358
9.299999999999983 -0.03500909704606854
9.399999999999983 -0.03482705288242748
9.499999999999982 -0.03465694886346385
9.599999999999982 -0.03452413830779182
9.699999999999982 -0.03443434769848388
9.799999999999981 -0.0343791393221247
9.899999999999981 -0.03434643967918004
9.99999999999998 -0.03432630639101732
10.09999999999998 -0.03431189828053583
10.19999999999998 -0.03429843194825552
10.29999999999998 -0.03428176895367446
10.39999999999998 -0.03425715317041119
10.49999999999998 -0.03421832694144913
10.59999999999998 -0.03415759109494621
10.69999999999998 -0.03406792557079612
10.79999999999998 -0.03394786621200799
10.89999999999998 -0.03380671151096466
10.99999999999998 -0.03366384235692912
11.09999999999998 -0.03353954468853855
11.19999999999998 -0.03344505016991901
11.29999999999998 -0.03338051768614535
11.39999999999998 -0.03333969873718305
11.49999999999998 -0.03331507085957568
11.59999999999997 -0.03330039347848213
11.69999999999997 -0.03329107299906898
11.79999999999997 -0.03328345398736569
11.89999999999997 -0.03327362902096181
11.99999999999997 -0.03325584417414385
12.09999999999997 -0.03322049985251077
12.19999999999997 -0.03315256432841682
12.29999999999997 -0.03303363537800518
12.39999999999997 -0.03285319835706248
12.49999999999997 -0.03262714011035917
12.59999999999997 -0.03240061992926036
12.69999999999997 -0.03221889633291036
12.79999999999997 -0.03209836179531881
12.89999999999997 -0.03202924987519559
12.99999999999997 -0.03199366958236375
13.09999999999997 -0.03197678931796217
13.19999999999997 -0.03196908941976689
13.29999999999997 -0.03196496403790576
13.39999999999997 -0.03196086346438378
13.49999999999997 -0.03195381241814952
13.59999999999997 -0.0319402571733432
13.69999999999997 -0.03191511654117637
13.79999999999997 -0.03187122381021524
13.89999999999997 -0.03179997893955638
13.99999999999997 -0.03169460588126699
14.09999999999997 -0.03155632702077955
14.19999999999997 -0.03139936543650609
14.29999999999997 -0.03124741216460497
14.39999999999996 -0.03112150611824014
14.49999999999996 -0.03103049096313371
14.59999999999996 -0.03097158689441697
14.69999999999996 -0.03093667472722803
14.79999999999996 -0.03091750001431611
14.89999999999996 -0.03090779658744234
14.99999999999996 -0.03090341905517455
15.09999999999996 -0.03090176841336552
15.19999999999996 -0.03090114158023601
15.29999999999996 -0.0309001679257671
15.39999999999996 -0.03089729624294277
15.49999999999996 -0.03089023606300625
15.59999999999996 -0.03087526944045254
15.69999999999996 -0.03084646772566409
15.79999999999996 -0.0307952175530715
15.89999999999996 -0.03071122481806177
15.99999999999996 -0.03058682911108566
16.09999999999996 -0.03042478791150142
16.19999999999996 -0.03024373440768011
16.29999999999996 -0.03007224569388631
16.39999999999996 -0.02993353405863394
16.49999999999996 -0.02983555835740317
16.59999999999997 -0.02977355028885575
16.69999999999997 -0.0297378106766768
16.79999999999997 -0.0297192222330764
16.89999999999997 -0.02971115381166405
16.99999999999997 -0.02970936985941678
17.09999999999997 -0.02971135256567064
17.19999999999997 -0.02971563955518913
17.29999999999998 -0.02972130097988352
17.39999999999998 -0.0297274875920164
17.49999999999998 -0.02973289326062529
17.59999999999998 -0.02973486785395303
17.69999999999998 -0.0297277148713549
17.79999999999998 -0.02969944123383639
17.89999999999998 -0.02962647778372773
17.99999999999999 -0.02946924926218231
18.09999999999999 -0.02918283336940863
18.19999999999999 -0.02876477565144193
18.29999999999999 -0.02830554027694001
18.39999999999999 -0.02793302460639703
18.49999999999999 -0.02770104725874405
18.59999999999999 -0.02758356156727081
18.7 -0.02753441454310199
18.8 -0.02751986352362817
18.9 -0.02752122010077013
19 -0.02752936795392868
19.1 -0.02754019465505934
19.2 -0.02755201961048087
19.3 -0.02756432690930247
19.40000000000001 -0.02757718191887213
19.50000000000001 -0.02759098580113348
19.60000000000001 -0.02760640293174929
19.70000000000001 -0.02762439195503438
19.80000000000001 -0.02764631987148421
19.90000000000001 -0.02767415653564984
20.00000000000001 -0.02771069962873906
20.10000000000002 -0.02775942065312809
20.20000000000002 -0.02782141761544706
20.30000000000002 -0.0278740150525234
20.40000000000002 -0.0277284391874586
20.50000000000002 -0.02617038163704123
20.60000000000002 -0.0202823465507424
20.70000000000002 -0.01603219722574645
20.80000000000003 -0.01513137098354062
20.90000000000003 -0.01511869264700439
21.00000000000003 -0.01521828016037476
21.10000000000003 -0.01530486489277087
21.20000000000003 -0.01536832363642195
21.30000000000003 -0.0154139735606211
21.40000000000003 -0.01544724357756629
21.50000000000004 -0.01547196790191046
21.60000000000004 -0.0154906839445186
21.70000000000004 -0.01550505726323231
21.80000000000004 -0.01551618241350208
21.90000000000004 -0.01552476957265778
22.00000000000004 -0.01553125230228267
22.10000000000004 -0.01553584127788336
22.20000000000005 -0.01553853660548617
22.30000000000005 -0.01553910156607442
22.40000000000005 -0.01553699247208307
22.50000000000005 -0.01553123223291573
22.60000000000005 -0.01552021111978123
22.70000000000005 -0.01550140515208272
22.80000000000005 -0.01547104179025494
22.90000000000006 -0.01542385638965187
23.00000000000006 -0.01535331908786403
23.10000000000006 -0.01525301477408449
23.20000000000006 -0.01511979891892987
23.30000000000006 -0.01495805168527365
23.40000000000006 -0.0147818314413517
23.50000000000006 -0.0146112167860895
23.60000000000007 -0.01446399023905767
23.70000000000007 -0.01434914667293242
23.80000000000007 -0.01426652160621099
23.90000000000007 -0.0142105794601181
24.00000000000007 -0.01417436474191273
24.10000000000007 -0.01415173604696796
24.20000000000007 -0.01413806324232195
24.30000000000008 -0.01413013771192196
24.40000000000008 -0.01412583729701297
24.50000000000008 -0.01412379369477066
24.60000000000008 -0.0141231363192427
24.70000000000008 -0.01412331493134004
24.80000000000008 -0.01412398303065231
24.90000000000008 -0.01412492314256522
25.00000000000009 -0.01412599949937354
25.10000000000009 -0.01412712817697936
25.20000000000009 -0.01412825822867032
25.30000000000009 -0.01412935972518381
25.40000000000009 -0.01413041613896095
25.50000000000009 -0.01413141947293343
25.60000000000009 -0.01413236713346807
25.7000000000001 -0.01413325991912865
25.8000000000001 -0.01413410072828072
25.9000000000001 -0.01413489373312385
26.0000000000001 -0.01413564385864455
26.1000000000001 -0.01413635646259699
26.2000000000001 -0.01413703714945265
26.3000000000001 -0.01413769167505022
26.40000000000011 -0.01413832591423445
26.50000000000011 -0.01413894587412246
26.60000000000011 -0.01413955774270219
26.70000000000011 -0.01414016796749683
26.80000000000011 -0.01414078336285907
26.90000000000011 -0.01414141124767984
27.00000000000011 -0.01414205961836779
27.10000000000012 -0.01414273736529128
27.20000000000012 -0.01414345454490712
27.30000000000012 -0.01414422272506535
27.40000000000012 -0.01414505542820741
27.50000000000012 -0.01414596870743658
27.60000000000012 -0.01414698190537444
27.70000000000012 -0.01414811866790541
27.80000000000013 -0.0141494083185284
27.90000000000013 -0.01415088775098449
28.00000000000013 -0.01415260407981746
28.10000000000013 -0.01415461842090775
28.20000000000013 -0.01415701139321875
28.30000000000013 -0.01415989130621815
28.40000000000013 -0.01416340665309855
28.50000000000014 -0.01416776572312575
28.60000000000014 -0.01417326840687382
28.70000000000014 -0.01418035975263076
28.80000000000014 -0.01418972421980222
28.90000000000014 -0.01420246050973341
29.00000000000014 -0.0142204272171033
29.10000000000014 -0.014246982485107
29.20000000000014 -0.01428873518416791
29.30000000000015 -0.01436028696331543
29.40000000000015 -0.01449973979623276
29.50000000000015 -0.01483641400955508
29.60000000000015 -0.01608828310619889
29.70000000000015 -0.034922760408065
29.80000000000015 0.8288286778823692
29.90000000000015 0.8288400525862848
30.00000000000016 0.8288506926451498
30.10000000000016 0.8288516781726444
30.20000000000016 0.8288418540876695
30.30000000000016 0.8288252786536955
30.40000000000016 0.8288072559124233
30.50000000000016 0.8287937870676408
30.60000000000016 0.8287928152225841
30.70000000000017 0.8288133781112386
30.80000000000017 0.8288584929053445
30.90000000000017 0.8289158667231346
31.00000000000017 0.828963432887433
31.10000000000017 0.8289883545716558
31.20000000000017 0.8289930327992207
31.30000000000017 0.8289859929909098
31.40000000000018 0.8289742465204213
31.50000000000018 0.8289616764828536
31.60000000000018 0.8289499633446613
31.70000000000018 0.8289396433918869
31.80000000000018 0.8289307529194667
31.90000000000018 0.8289231451241346
32.00000000000018 0.8289166283292703
32.10000000000019 0.8289110197039656
32.20000000000019 0.8289061622018558
32.30000000000019 0.828901926710694
32.40000000000019 0.8288982089815724
32.50000000000019 0.8288949252759361
32.60000000000019 0.8288920082143226
32.70000000000019 0.828889403282619
32.8000000000002 0.8288870660469997
32.9000000000002 0.8288849599891217
33.0000000000002 0.8288830548412098
33.1000000000002 0.8288813253086241
33.2000000000002 0.8288797500872075
33.3000000000002 0.8288783111031397
33.4000000000002 0.8288769929205474
33.50000000000021 0.8288757822759339
33.60000000000021 0.828874667709029
33.70000000000021 0.8288736392674584
33.80000000000021 0.8288726882684014
33.90000000000021 0.8288718071046226
34.00000000000021 0.8288709890853715
34.10000000000021 0.8288702283049121
34.20000000000022 0.828869519533143
34.30000000000022 0.8288688581240238
34.40000000000022 0.8288682399384598
34.50000000000022 0.82886766127902
34.60000000000022 0.8288671188343945
34.70000000000022 0.8288666096319361
34.80000000000022 0.8288661309969276
34.90000000000023 0.8288656805174953
35.00000000000023 0.8288652560142742
35.10000000000023 0.8288648555140928
35.20000000000023 0.828864477227077
35.30000000000023 0.8288641195266659
35.40000000000023 0.8288637809321239
35.50000000000023 0.8288634600931956
35.60000000000024 0.8288631557766093
35.70000000000024 0.8288628668541751
35.80000000000024 0.8288625922922696
35.90000000000024 0.8288623311425221
36.00000000000024 0.8288620825335505
36.10000000000024 0.8288618456636131
36.20000000000024 0.8288616197940607
36.30000000000025 0.8288614042434954
36.40000000000025 0.8288611983825448
36.50000000000025 0.8288610016291843
36.60000000000025 0.8288608134445407
36.70000000000025 0.828860633329118
36.80000000000025 0.8288604608194061
36.90000000000025 0.8288602954848208
37.00000000000026 0.8288601369249413
37.10000000000026 0.8288599847670168
37.20000000000026 0.8288598386637051
37.30000000000026 0.8288596982910261
37.40000000000026 0.8288595633465037
37.50000000000026 0.8288594335474756
37.60000000000026 0.8288593086295587
37.70000000000027 0.8288591883452471
37.80000000000027 0.8288590724626379
37.90000000000027 0.8288589607642637
38.00000000000027 0.8288588530460279
38.10000000000027 0.8288587491162294
38.20000000000027 0.8288586487946688
38.30000000000027 0.8288585519118291
38.40000000000028 0.8288584583081245
38.50000000000028 0.8288583678332083
38.60000000000028 0.8288582803453373
38.70000000000028 0.8288581957107868
38.80000000000028 0.8288581138033101
38.90000000000028 0.8288580345036425
39.00000000000028 0.8288579576990402
39.10000000000029 0.8288578832828561
39.20000000000029 0.8288578111541477
39.30000000000029 0.8288577412173135
39.40000000000029 0.8288576733817553
39.50000000000029 0.8288576075615666
39.60000000000029 0.8288575436752424
39.70000000000029 0.8288574816454117
39.8000000000003 0.8288574213985845
39.9000000000003 0.8288573628649224
40.0000000000003 0.8288573059780193
40.1000000000003 0.8288572506747018
40.2000000000003 0.8288571968948399
40.3000000000003 0.8288571445811727
40.4000000000003 0.8288570936791441
40.50000000000031 0.8288570441367503
40.60000000000031 0.828856995904397
40.70000000000031 0.8288569489347655
40.80000000000031 0.8288569031826877
40.90000000000031 0.8288568586050301
41.00000000000031 0.8288568151605824
41.10000000000031 0.8288567728099565
41.20000000000032 0.8288567315154883
41.30000000000032 0.8288566912411487
41.40000000000032 0.8288566519524574
41.50000000000032 0.8288566136164042
41.60000000000032 0.8288565762013723
41.70000000000032 0.8288565396770696
41.80000000000032 0.8288565040144605
41.90000000000033 0.8288564691857045
42.00000000000033 0.8288564351640965
42.10000000000033 0.8288564019240107
42.20000000000033 0.8288563694408501
42.30000000000033 0.8288563376909944
42.40000000000033 0.8288563066517559
42.50000000000033 0.828856276301333
42.60000000000034 0.8288562466187702
42.70000000000034 0.8288562175839177
42.80000000000034 0.828856189177395
42.90000000000034 0.8288561613805546
43.00000000000034 0.8288561341754493
43.10000000000034 0.8288561075448005
43.20000000000034 0.8288560814719681
43.30000000000035 0.8288560559409219
43.40000000000035 0.828856030936215
43.50000000000035 0.828856006442958
43.60000000000035 0.8288559824467957
43.70000000000035 0.8288559589338824
43.80000000000035 0.828855935890861
43.90000000000035 0.8288559133048428
44.00000000000036 0.8288558911633864
44.10000000000036 0.8288558694544805
44.20000000000036 0.8288558481665241
44.30000000000036 0.8288558272883115
44.40000000000036 0.8288558068090148
44.50000000000036 0.8288557867181695
44.60000000000036 0.8288557670056582
44.70000000000037 0.8288557476616989
44.80000000000037 0.8288557286768298
44.90000000000037 0.8288557100418973
45.00000000000037 0.8288556917480445
45.10000000000037 0.828855673786698
45.20000000000037 0.8288556561495584
45.30000000000037 0.8288556388285897
45.40000000000038 0.8288556218160082
45.50000000000038 0.8288556051042736
45.60000000000038 0.8288555886860794
45.70000000000038 0.8288555725543454
45.80000000000038 0.828855556702207
45.90000000000038 0.828855541123009
46.00000000000038 0.8288555258102983
46.10000000000039 0.8288555107578143
46.20000000000039 0.8288554959594838
46.30000000000039 0.828855481409414
46.40000000000039 0.8288554671018853
46.50000000000039 0.8288554530313453
46.60000000000039 0.8288554391924039
46.70000000000039 0.8288554255798264
46.8000000000004 0.8288554121885278
46.9000000000004 0.8288553990135696
47.0000000000004 0.8288553860501526
47.1000000000004 0.8288553732936129
47.2000000000004 0.8288553607394175
47.3000000000004 0.8288553483831598
47.4000000000004 0.828855336220555
47.50000000000041 0.8288553242474364
47.60000000000041 0.8288553124597507
47.70000000000041 0.8288553008535564
47.80000000000041 0.8288552894250166
47.90000000000041 0.8288552781703989
48.00000000000041 0.82885526708607
48.10000000000041 0.8288552561684936
48.20000000000041 0.8288552454142265
48.30000000000042 0.8288552348199157
48.40000000000042 0.8288552243822965
48.50000000000042 0.828855214098188
48.60000000000042 0.8288552039644923
48.70000000000042 0.8288551939781905
48.80000000000042 0.8288551841363407
48.90000000000042 0.8288551744360768
49.00000000000043 0.8288551648746034
49.10000000000043 0.8288551554491964
49.20000000000043 0.8288551461571997
49.30000000000043 0.8288551369960224
49.40000000000043 0.8288551279631386
49.50000000000043 0.8288551190560839
49.60000000000043 0.8288551102724541
49.70000000000044 0.8288551016099035
49.80000000000044 0.8288550930661439
49.90000000000044 0.8288550846389404
50.00000000000044 0.8288550763261131
50.10000000000044 0.8288550681255341
50.20000000000044 0.8288550600351248
50.30000000000044 0.8288550520528558
50.40000000000045 0.8288550441767458
50.50000000000045 0.8288550364048597
50.60000000000045 0.8288550287353068
50.70000000000045 0.8288550211662402
50.80000000000045 0.8288550136958557
50.90000000000045 0.8288550063223897
51.00000000000045 0.8288549990441197
51.10000000000046 0.8288549918593614
51.20000000000046 0.8288549847664687
51.30000000000046 0.828854977763832
51.40000000000046 0.8288549708498781
51.50000000000046 0.8288549640230685
51.60000000000046 0.8288549572818984
51.70000000000046 0.8288549506248967
51.80000000000047 0.8288549440506237
51.90000000000047 0.8288549375576717
52.00000000000047 0.828854931144663
52.10000000000047 0.8288549248102499
52.20000000000047 0.8288549185531133
52.30000000000047 0.8288549123719626
52.40000000000047 0.8288549062655349
52.50000000000048 0.8288549002325929
52.60000000000048 0.8288548942719264
52.70000000000048 0.8288548883823504
52.80000000000048 0.8288548825627042
52.90000000000048 0.8288548768118517
53.00000000000048 0.8288548711286799
53.10000000000048 0.8288548655120987
53.20000000000049 0.828854859961041
53.30000000000049 0.8288548544744607
53.40000000000049 0.8288548490513331
53.50000000000049 0.8288548436906548
53.60000000000049 0.8288548383914414
53.70000000000049 0.8288548331527295
53.80000000000049 0.828854827973574
53.9000000000005 0.8288548228530493
54.0000000000005 0.8288548177902476
54.1000000000005 0.8288548127842794
54.2000000000005 0.8288548078342723
54.3000000000005 0.8288548029393706
54.4000000000005 0.8288547980987362
54.5000000000005 0.8288547933115461
54.60000000000051 0.8288547885769942
54.70000000000051 0.8288547838942895
54.80000000000051 0.8288547792626558
54.90000000000051 0.8288547746813318
55.00000000000051 0.828854770149571
55.10000000000051 0.8288547656666403
55.20000000000051 0.8288547612318218
55.30000000000052 0.828854756844409
55.40000000000052 0.8288547525037101
55.50000000000052 0.8288547482090458
55.60000000000052 0.8288547439597488
55.70000000000052 0.8288547397551651
55.80000000000052 0.8288547355946518
55.90000000000052 0.8288547314775784
56.00000000000053 0.828854727403325
56.10000000000053 0.828854723371284
56.20000000000053 0.8288547193808582
56.30000000000053 0.8288547154314609
56.40000000000053 0.8288547115225164
56.50000000000053 0.8288547076534594
56.60000000000053 0.8288547038237337
56.70000000000054 0.8288547000327943
56.80000000000054 0.8288546962801048
56.90000000000054 0.8288546925651384
57.00000000000054 0.8288546888873779
57.10000000000054 0.8288546852463146
57.20000000000054 0.828854681641449
57.30000000000054 0.8288546780722903
57.40000000000055 0.8288546745383559
57.50000000000055 0.8288546710391719
57.60000000000055 0.8288546675742715
57.70000000000055 0.828854664143197
57.80000000000055 0.8288546607454985
57.90000000000055 0.8288546573807324
58.00000000000055 0.828854654048464
58.10000000000056 0.8288546507482649
58.20000000000056 0.8288546474797146
58.30000000000056 0.8288546442423993
58.40000000000056 0.8288546410359121
58.50000000000056 0.8288546378598527
58.60000000000056 0.8288546347138277
58.70000000000056 0.8288546315974497
58.80000000000057 0.8288546285103381
58.90000000000057 0.8288546254521183
59.00000000000057 0.8288546224224219
59.10000000000057 0.8288546194208863
59.20000000000057 0.8288546164471552
59.30000000000057 0.8288546135008772
59.40000000000057 0.8288546105817071
59.50000000000058 0.8288546076893053
59.60000000000058 0.8288546048233374
59.70000000000058 0.8288546019834744
59.80000000000058 0.8288545991693923
59.90000000000058 0.8288545963807726
60.00000000000058 0.8288545936173014
60.10000000000058 0.8288545908786695
60.20000000000059 0.8288545881645735
60.30000000000059 0.8288545854747135
60.40000000000059 0.8288545828087952
60.50000000000059 0.828854580166529
60.60000000000059 0.8288545775476281
60.70000000000059 0.8288545749518121
60.80000000000059 0.8288545723788037
60.9000000000006 0.8288545698283303
61.0000000000006 0.8288545673001231
61.1000000000006 0.8288545647939175
61.2000000000006 0.8288545623094534
61.3000000000006 0.8288545598464738
61.4000000000006 0.828854557404726
61.5000000000006 0.8288545549839607
61.60000000000061 0.8288545525839329
61.70000000000061 0.8288545502044009
61.80000000000061 0.8288545478451265
61.90000000000061 0.8288545455058751
62.00000000000061 0.8288545431864158
62.10000000000061 0.8288545408865206
62.20000000000061 0.8288545386059654
62.30000000000062 0.8288545363445285
62.40000000000062 0.8288545341019924
62.50000000000062 0.8288545318781421
62.60000000000062 0.8288545296727657
62.70000000000062 0.828854527485655
62.80000000000062 0.8288545253166044
62.90000000000062 0.8288545231654105
63.00000000000063 0.8288545210318741
63.10000000000063 0.8288545189157975
63.20000000000063 0.8288545168169871
63.30000000000063 0.8288545147352515
63.40000000000063 0.8288545126704013
63.50000000000063 0.8288545106222508
63.60000000000063 0.8288545085906163
63.70000000000064 0.8288545065753172
63.80000000000064 0.8288545045761745
63.90000000000064 0.8288545025930124
64.00000000000064 0.8288545006256576
64.10000000000063 0.8288544986739387
64.20000000000063 0.8288544967376869
64.30000000000062 0.8288544948167356
64.40000000000062 0.8288544929109207
64.50000000000061 0.82885449102008
64.60000000000061 0.8288544891440542
64.7000000000006 0.8288544872826852
64.80000000000059 0.8288544854358175
64.90000000000059 0.8288544836032979
65.00000000000058 0.828854481784975
65.10000000000058 0.8288544799806997
65.20000000000057 0.8288544781903237
65.30000000000057 0.8288544764137027
65.40000000000056 0.8288544746506926
65.50000000000055 0.8288544729011522
65.60000000000055 0.8288544711649417
65.70000000000054 0.8288544694419233
65.80000000000054 0.8288544677319606
65.90000000000053 0.8288544660349195
66.00000000000053 0.8288544643506678
66.10000000000052 0.8288544626790741
66.20000000000051 0.8288544610200101
66.30000000000051 0.8288544593733477
66.4000000000005 0.8288544577389613
66.5000000000005 0.8288544561167267
66.60000000000049 0.8288544545065212
66.70000000000049 0.8288544529082241
66.80000000000048 0.8288544513217159
66.90000000000047 0.8288544497468781
67.00000000000047 0.8288544481835948
67.10000000000046 0.8288544466317509
67.20000000000046 0.8288544450912326
67.30000000000045 0.8288544435619281
67.40000000000045 0.8288544420437265
67.50000000000044 0.8288544405365185
67.60000000000043 0.8288544390401964
67.70000000000043 0.8288544375546532
67.80000000000042 0.8288544360797836
67.90000000000042 0.828854434615484
68.00000000000041 0.8288544331616512
68.10000000000041 0.8288544317181845
68.2000000000004 0.8288544302849827
68.3000000000004 0.8288544288619476
68.40000000000039 0.8288544274489813
68.50000000000038 0.8288544260459869
68.60000000000038 0.8288544246528694
68.70000000000037 0.8288544232695344
68.80000000000037 0.8288544218958885
68.90000000000036 0.8288544205318398
69.00000000000036 0.8288544191772979
69.10000000000035 0.8288544178321727
69.20000000000034 0.8288544164963755
69.30000000000034 0.8288544151698186
69.40000000000033 0.8288544138524153
69.50000000000033 0.8288544125440803
69.60000000000032 0.8288544112447287
69.70000000000032 0.8288544099542771
69.80000000000031 0.8288544086726432
69.9000000000003 0.8288544073997446
70.0000000000003 0.8288544061355012
70.10000000000029 0.8288544048798332
70.20000000000029 0.8288544036326619
70.30000000000028 0.8288544023939094
70.40000000000028 0.8288544011634983
70.50000000000027 0.8288543999413531
70.60000000000026 0.8288543987273982
70.70000000000026 0.8288543975215594
70.80000000000025 0.8288543963237632
70.90000000000025 0.828854395133937
71.00000000000024 0.8288543939520092
71.10000000000024 0.8288543927779084
71.20000000000023 0.8288543916115645
71.30000000000022 0.8288543904529082
71.40000000000022 0.8288543893018708
71.50000000000021 0.8288543881583846
71.60000000000021 0.8288543870223827
71.7000000000002 0.8288543858937986
71.8000000000002 0.8288543847725666
71.90000000000019 0.8288543836586219
72.00000000000018 0.8288543825519004
72.10000000000018 0.8288543814523387
72.20000000000017 0.8288543803598744
72.30000000000017 0.8288543792744452
72.40000000000016 0.8288543781959898
72.50000000000016 0.8288543771244479
72.60000000000015 0.8288543760597588
72.70000000000014 0.8288543750018638
72.80000000000014 0.828854373950704
72.90000000000013 0.8288543729062217
73.00000000000013 0.8288543718683591
73.10000000000012 0.8288543708370595
73.20000000000012 0.8288543698122668
73.30000000000011 0.8288543687939254
73.40000000000011 0.8288543677819806
73.5000000000001 0.8288543667763779
73.60000000000009 0.8288543657770632
73.70000000000009 0.8288543647839838
73.80000000000008 0.8288543637970868
73.90000000000008 0.8288543628163204
74.00000000000007 0.8288543618416326
74.10000000000007 0.8288543608729729
74.20000000000006 0.8288543599102909
74.30000000000005 0.8288543589535361
74.40000000000005 0.8288543580026598
74.50000000000004 0.828854357057613
74.60000000000004 0.8288543561183473
74.70000000000003 0.8288543551848149
74.80000000000003 0.8288543542569683
74.90000000000002 0.8288543533347609
75.00000000000001 0.8288543524181464
75.10000000000001 0.8288543515070786
75.2 0.8288543506015122
75.3 0.8288543497014028
75.39999999999999 0.8288543488067053
75.49999999999999 0.828854347917376
75.59999999999998 0.8288543470333714
75.69999999999997 0.8288543461546481
75.79999999999997 0.8288543452811639
75.89999999999996 0.8288543444128761
75.99999999999996 0.8288543435497436
76.09999999999995 0.8288543426917245
76.19999999999995 0.8288543418387778
76.29999999999994 0.8288543409908635
76.39999999999993 0.8288543401479408
76.49999999999993 0.8288543393099701
76.59999999999992 0.8288543384769125
76.69999999999992 0.8288543376487288
76.79999999999991 0.8288543368253806
76.89999999999991 0.8288543360068292
76.9999999999999 0.8288543351930374
77.09999999999989 0.8288543343839677
77.19999999999989 0.8288543335795833
77.29999999999988 0.828854332779847
77.39999999999988 0.828854331984723
77.49999999999987 0.8288543311941751
77.59999999999987 0.8288543304081679
77.69999999999986 0.8288543296266658
77.79999999999986 0.8288543288496345
77.89999999999985 0.8288543280770388
77.99999999999984 0.828854327308845
78.09999999999984 0.8288543265450189
78.19999999999983 0.8288543257855272
78.29999999999983 0.8288543250303365
78.39999999999982 0.8288543242794141
78.49999999999982 0.8288543235327274
78.59999999999981 0.8288543227902436
78.6999999999998 0.8288543220519314
78.7999999999998 0.8288543213177589
78.89999999999979 0.8288543205876949
78.99999999999979 0.8288543198617081
79.09999999999978 0.8288543191397676
79.19999999999978 0.8288543184218435
79.29999999999977 0.8288543177079053
79.39999999999976 0.8288543169979231
79.49999999999976 0.8288543162918673
79.59999999999975 0.8288543155897088
79.69999999999975 0.8288543148914181
79.79999999999974 0.828854314196967
79.89999999999974 0.8288543135063267
79.99999999999973 0.8288543128194689
80.09999999999972 0.8288543121363657
80.19999999999972 0.8288543114569894
80.29999999999971 0.8288543107813126
80.39999999999971 0.8288543101093079
80.4999999999997 0.8288543094409488
80.5999999999997 0.8288543087762082
80.69999999999969 0.8288543081150597
80.79999999999968 0.8288543074574773
80.89999999999968 0.8288543068034346
80.99999999999967 0.8288543061529067
81.09999999999967 0.8288543055058674
81.19999999999966 0.8288543048622917
81.29999999999966 0.8288543042221543
81.39999999999965 0.8288543035854309
81.49999999999964 0.8288543029520966
81.59999999999964 0.8288543023221271
81.69999999999963 0.8288543016954985
81.79999999999963 0.8288543010721864
81.89999999999962 0.8288543004521675
81.99999999999962 0.8288542998354183
82.09999999999961 0.8288542992219152
82.1999999999996 0.8288542986116356
82.2999999999996 0.8288542980045565
82.39999999999959 0.8288542974006552
82.49999999999959 0.828854296799909
82.59999999999958 0.8288542962022961
82.69999999999958 0.8288542956077942
82.79999999999957 0.8288542950163815
82.89999999999957 0.8288542944280366
82.99999999999956 0.8288542938427378
83.09999999999955 0.8288542932604637
83.19999999999955 0.8288542926811933
83.29999999999954 0.8288542921049059
83.39999999999954 0.8288542915315804
83.49999999999953 0.8288542909611966
83.59999999999953 0.828854290393734
83.69999999999952 0.8288542898291724
83.79999999999951 0.8288542892674919
83.89999999999951 0.8288542887086727
83.9999999999995 0.828854288152695
84.0999999999995 0.8288542875995394
84.19999999999949 0.8288542870491864
84.29999999999949 0.8288542865016171
84.39999999999948 0.8288542859568123
84.49999999999947 0.8288542854147533
84.59999999999947 0.8288542848754216
84.69999999999946 0.8288542843387985
84.79999999999946 0.8288542838048656
84.89999999999945 0.8288542832736048
84.99999999999945 0.8288542827449978
85.09999999999944 0.8288542822190273
85.19999999999943 0.8288542816956754
85.29999999999943 0.828854281174924
85.39999999999942 0.8288542806567563
85.49999999999942 0.8288542801411547
85.59999999999941 0.8288542796281021
85.69999999999941 0.8288542791175816
85.7999999999994 0.8288542786095764
85.89999999999939 0.8288542781040693
85.99999999999939 0.8288542776010442
86.09999999999938 0.828854277100485
86.19999999999938 0.8288542766023747
86.29999999999937 0.8288542761066975
86.39999999999937 0.8288542756134372
86.49999999999936 0.828854275122578
86.59999999999935 0.8288542746341044
86.69999999999935 0.8288542741480005
86.79999999999934 0.828854273664251
86.89999999999934 0.8288542731828403
86.99999999999933 0.8288542727037533
87.09999999999933 0.8288542722269748
87.19999999999932 0.8288542717524899
87.29999999999932 0.8288542712802834
87.39999999999931 0.8288542708103411
87.4999999999993 0.8288542703426481
87.5999999999993 0.8288542698771898
87.69999999999929 0.8288542694139519
87.79999999999929 0.8288542689529202
87.89999999999928 0.8288542684940805
87.99999999999928 0.8288542680374189
88.09999999999927 0.8288542675829209
88.19999999999926 0.8288542671305733
88.29999999999926 0.8288542666803619
88.39999999999925 0.8288542662322738
88.49999999999925 0.8288542657862946
88.59999999999924 0.8288542653424118
88.69999999999924 0.8288542649006114
88.79999999999923 0.8288542644608807
88.89999999999922 0.8288542640232067
88.99999999999922 0.8288542635875762
89.09999999999921 0.8288542631539763
89.19999999999921 0.8288542627223943
89.2999999999992 0.8288542622928178
89.3999999999992 0.8288542618652338
89.49999999999919 0.8288542614396301
89.59999999999918 0.8288542610159946
89.69999999999918 0.8288542605943146
89.79999999999917 0.828854260174578
89.89999999999917 0.8288542597567727
89.99999999999916 0.8288542593408871
90.09999999999916 0.828854258926909
90.19999999999915 0.8288542585148267
90.29999999999914 0.8288542581046284
90.39999999999914 0.8288542576963028
90.49999999999913 0.8288542572898383
90.59999999999913 0.828854256885223
90.69999999999912 0.8288542564824463
90.79999999999912 0.8288542560814965
90.89999999999911 0.8288542556823625
90.9999999999991 0.8288542552850332
91.0999999999991 0.8288542548894977
91.19999999999909 0.8288542544957451
91.29999999999909 0.8288542541037643
91.39999999999908 0.8288542537135453
91.49999999999908 0.8288542533250766
91.59999999999907 0.828854252938348
91.69999999999906 0.8288542525533489
91.79999999999906 0.8288542521700689
91.89999999999905 0.8288542517884976
91.99999999999905 0.828854251408625
92.09999999999904 0.8288542510304411
92.19999999999904 0.8288542506539351
92.29999999999903 0.8288542502790974
92.39999999999903 0.8288542499059179
92.49999999999902 0.8288542495343869
92.59999999999901 0.8288542491644946
92.69999999999901 0.828854248796231
92.799999999999 0.8288542484295868
92.899999999999 0.8288542480645521
92.99999999999899 0.8288542477011175
93.09999999999899 0.8288542473392738
93.19999999999898 0.8288542469790112
93.29999999999897 0.8288542466203205
93.39999999999897 0.8288542462631924
93.49999999999896 0.8288542459076182
93.59999999999896 0.8288542455535884
93.69999999999895 0.8288542452010944
93.79999999999895 0.8288542448501264
93.89999999999894 0.8288542445006764
93.99999999999893 0.8288542441527349
94.09999999999893 0.8288542438062938
94.19999999999892 0.8288542434613436
94.29999999999892 0.828854243117876
94.39999999999891 0.8288542427758825
94.49999999999891 0.8288542424353548
94.5999999999989 0.8288542420962841
94.69999999999889 0.8288542417586621
94.79999999999889 0.8288542414224803
94.89999999999888 0.8288542410877308
94.99999999999888 0.8288542407544052
95.09999999999887 0.8288542404224956
95.19999999999887 0.8288542400919933
95.29999999999886 0.8288542397628907
95.39999999999885 0.82885423943518
95.49999999999885 0.8288542391088529
95.59999999999884 0.8288542387839017
95.69999999999884 0.8288542384603184
95.79999999999883 0.8288542381380957
95.89999999999883 0.8288542378172252
95.99999999999882 0.8288542374977
96.09999999999881 0.8288542371795119
96.19999999999881 0.8288542368626538
96.2999999999988 0.828854236547118
96.3999999999988 0.8288542362328972
96.49999999999879 0.828854235919984
96.59999999999879 0.8288542356083712
96.69999999999878 0.828854235298051
96.79999999999878 0.8288542349890168
96.89999999999877 0.8288542346812612
96.99999999999876 0.8288542343747771
97.09999999999876 0.8288542340695574
97.19999999999875 0.8288542337655952
97.29999999999875 0.8288542334628833
97.39999999999874 0.8288542331614148
97.49999999999874 0.8288542328611831
97.59999999999873 0.8288542325621813
97.69999999999872 0.8288542322644025
97.79999999999872 0.8288542319678399
97.89999999999871 0.8288542316724868
97.99999999999871 0.8288542313783368
98.0999999999987 0.8288542310853833
98.1999999999987 0.8288542307936194
98.29999999999869 0.828854230503039
98.39999999999868 0.8288542302136357
98.49999999999868 0.8288542299254023
98.59999999999867 0.8288542296383334
98.69999999999867 0.8288542293524223
98.79999999999866 0.8288542290676627
98.89999999999866 0.8288542287840485
98.99999999999865 0.8288542285015732
99.09999999999864 0.8288542282202305
99.19999999999864 0.8288542279400152
99.29999999999863 0.8288542276609202
99.39999999999863 0.8288542273829399
99.49999999999862 0.8288542271060688
99.59999999999862 0.8288542268303001
99.69999999999861 0.8288542265556283
99.7999999999986 0.8288542262820473
99.8999999999986 0.8288542260095516
99.99999999999859 0.8288542257381352
100.0999999999986 0.8288542254677924
