0 -0.04334891335565252
0.1 -0.04334746752374418
0.2 -0.04334335880162701
0.3 -0.04333755778980309
0.4 -0.04333219014056533
0.5 -0.04332994638254054
0.6 -0.04333214195935148
0.7 -0.04333748379923002
0.7999999999999999 -0.04334328496676096
0.8999999999999999 -0.04334741068105478
0.9999999999999999 -0.04334888197155119
1.1 -0.04334746491177482
1.2 -0.04334337972328099
1.3 -0.04333757966318295
1.4 -0.04333217182191125
1.5 -0.04332985077830239
1.6 -0.04333196812466947
1.7 -0.04333726719021747
1.8 -0.04334306746814435
1.900000000000001 -0.04334722245595735
2 -0.04334874749813937
2.100000000000001 -0.0433474143033967
2.200000000000001 -0.04334344554779084
2.300000000000001 -0.04333776773040353
2.400000000000001 -0.04333242065162023
2.500000000000001 -0.04333004041888258
2.600000000000001 -0.04333201107825689
2.700000000000001 -0.04333718379920563
2.800000000000001 -0.04334295267104806
2.900000000000001 -0.04334716745737214
3.000000000000001 -0.04334879782223562
3.100000000000001 -0.04334755736819006
3.200000000000002 -0.0433435981166289
3.300000000000002 -0.04333777502326759
3.400000000000002 -0.04333212163604838
3.500000000000002 -0.04332940642161233
3.600000000000002 -0.04333120970603371
3.700000000000002 -0.04333644566730842
3.800000000000002 -0.0433424037771004
3.900000000000002 -0.04334681603504659
4.000000000000002 -0.04334862443367477
4.100000000000001 -0.04334759118916949
4.200000000000001 -0.04334393168997139
4.300000000000001 -0.04333849690650671
4.4 -0.04333317652194395
4.5 -0.04333051816326885
4.6 -0.04333204433974753
4.699999999999999 -0.04333687965946556
4.799999999999999 -0.04334256501169974
4.899999999999999 -0.04334690866154778
4.999999999999998 -0.04334877383670646
5.099999999999998 -0.04334778478786386
5.199999999999998 -0.04334401174302717
5.299999999999997 -0.04333820874404547
5.399999999999997 -0.04333233389483635
5.499999999999996 -0.04332923172634705
5.599999999999996 -0.043330727410765
5.699999999999996 -0.04333592259247293
5.799999999999995 -0.04334206953520552
5.899999999999995 -0.04334675261941366
5.999999999999995 -0.04334881311632943
6.099999999999994 -0.0433479819565242
6.199999999999994 -0.04334446097034021
6.299999999999994 -0.0433390629722552
6.399999999999993 -0.04333362745745137
6.499999999999993 -0.04333071643972304
6.599999999999993 -0.04333197644061994
6.699999999999992 -0.0433366678184709
6.799999999999992 -0.04334235726916213
6.899999999999991 -0.04334679090890844
6.999999999999991 -0.04334877150420142
7.099999999999991 -0.04334790150298821
7.19999999999999 -0.04334425096404855
7.29999999999999 -0.04333856096896569
7.39999999999999 -0.04333274284817219
7.499999999999989 -0.0433295915582969
7.599999999999989 -0.04333095090885632
7.699999999999989 -0.04333601080788137
7.799999999999988 -0.04334209179231309
7.899999999999988 -0.04334677895987345
7.999999999999988 -0.04334887658058406
8.099999999999987 -0.04334807286063955
8.199999999999987 -0.04334452737619131
8.299999999999986 -0.04333901798880879
8.399999999999986 -0.04333338998208679
8.499999999999986 -0.0433302862308174
8.599999999999985 -0.04333146331206053
8.699999999999985 -0.04333621088252665
8.799999999999985 -0.0433420278736824
8.899999999999984 -0.04334658802594667
8.999999999999984 -0.04334867704082761
9.099999999999984 -0.0433479221685102
9.199999999999983 -0.04334441881673485
9.299999999999983 -0.04333888890144973
9.399999999999983 -0.04333315439967628
9.499999999999982 -0.04332990700538765
9.599999999999982 -0.04333100526189054
9.699999999999982 -0.04333579309157599
9.799999999999981 -0.04334173036523879
9.899999999999981 -0.04334642632160896
9.99999999999998 -0.04334863915180633
10.09999999999998 -0.04334800203770074
10.19999999999998 -0.04334461595108349
10.29999999999998 -0.04333917604805498
10.39999999999998 -0.04333344048050414
10.49999999999998 -0.04333005721164623
10.59999999999998 -0.04333094207302939
10.69999999999998 -0.04333556766096087
10.79999999999998 -0.04334146875395143
10.89999999999998 -0.04334623630770377
10.99999999999998 -0.04334857709060311
11.09999999999998 -0.04334808414466176
11.19999999999998 -0.0433448240923042
11.29999999999998 -0.04333944197121323
11.39999999999998 -0.04333363854449544
11.49999999999998 -0.04333006186226704
11.59999999999997 -0.0433307343977787
11.69999999999997 -0.04333525911339198
11.79999999999997 -0.04334120099266865
11.89999999999997 -0.04334609196613361
11.99999999999997 -0.0433485771049722
12.09999999999997 -0.04334822091240599
12.19999999999997 -0.04334507629549731
12.29999999999997 -0.0433397610962036
12.39999999999997 -0.04333393239188545
12.49999999999997 -0.04333022334141628
12.59999999999997 -0.04333072105900879
12.69999999999997 -0.04333513042777375
12.79999999999997 -0.04334105771270597
12.89999999999997 -0.04334600327009522
12.99999999999997 -0.04334856754916105
13.09999999999997 -0.04334829329064667
13.19999999999997 -0.04334522933040812
13.29999999999997 -0.04333998650743234
13.39999999999997 -0.04333419743347563
13.49999999999997 -0.04333046764265743
13.59999999999997 -0.04333089448964084
13.69999999999997 -0.04333523680669509
13.79999999999997 -0.04334114484023091
13.89999999999997 -0.04334611774829821
13.99999999999997 -0.04334872572693995
14.09999999999997 -0.04334847290538363
14.19999999999997 -0.04334536554585522
14.29999999999997 -0.04333997865977973
14.39999999999996 -0.04333395642300444
14.49999999999996 -0.04333000255356313
14.59999999999996 -0.04333034215442622
14.69999999999996 -0.04333475686788078
14.79999999999996 -0.0433407992913809
14.89999999999996 -0.04334587393489604
14.99999999999996 -0.0433485373557653
15.09999999999996 -0.04334834699598349
15.19999999999996 -0.04334538868927476
15.29999999999996 -0.04334029031396711
15.39999999999996 -0.04333464189424235
15.49999999999996 -0.04333095082199701
15.59999999999996 -0.04333125426360844
15.69999999999996 -0.04333537613580239
15.79999999999996 -0.04334109391491669
15.89999999999996 -0.04334597658324889
15.99999999999996 -0.04334858628078144
16.09999999999996 -0.04334838458586429
16.19999999999996 -0.04334532640874054
16.29999999999996 -0.04333992924218003
16.39999999999996 -0.04333379231699442
16.49999999999996 -0.04332964232480602
16.59999999999997 -0.04332981678946893
16.69999999999997 -0.04333420158846996
16.79999999999997 -0.04334034442617856
16.89999999999997 -0.04334557812601077
16.99999999999997 -0.0433484103075749
17.09999999999997 -0.04334839055587079
17.19999999999997 -0.04334560138632745
17.29999999999998 -0.04334062789962336
17.39999999999998 -0.04333496789717764
17.49999999999998 -0.04333106134096913
17.59999999999998 -0.04333102035957966
17.69999999999998 -0.04333486097711189
17.79999999999998 -0.0433404888446445
17.89999999999998 -0.04334545960647946
17.99999999999999 -0.04334826621152911
18.09999999999999 -0.04334832371606021
18.19999999999999 -0.04334555804550088
18.29999999999999 -0.04334042113247892
18.39999999999999 -0.04333437707801743
18.49999999999999 -0.04333003321434963
18.59999999999999 -0.04332980334999958
18.7 -0.04333383975255547
18.8 -0.04333988284628193
18.9 -0.04334524776788568
19 -0.04334832754666039
19.1 -0.04334857450217218
19.2 -0.04334599617157696
19.3 -0.04334108853249686
19.40000000000001 -0.04333525954501817
19.50000000000001 -0.04333096575595972
19.60000000000001 -0.04333052377037896
19.70000000000001 -0.04333419334296142
19.80000000000001 -0.04333992921818433
19.90000000000001 -0.04334515865676625
20.00000000000001 -0.04334824717233027
20.10000000000002 -0.04334856461595704
20.20000000000002 -0.04334603889833517
20.30000000000002 -0.04334110414777223
20.40000000000002 -0.04333514576690567
20.50000000000002 -0.04333067793414889
20.60000000000002 -0.043330141005388
20.70000000000002 -0.04333386704144696
20.80000000000003 -0.04333975739212126
20.90000000000003 -0.04334513973551415
21.00000000000003 -0.04334832944963262
21.10000000000003 -0.04334870302321629
21.20000000000003 -0.04334621678828456
21.30000000000003 -0.04334132573770676
21.40000000000003 -0.04333540969611076
21.50000000000004 -0.04333094919970722
21.60000000000004 -0.04333035733169615
21.70000000000004 -0.0433339872801845
21.80000000000004 -0.04333979290889364
21.90000000000004 -0.04334513316637309
22.00000000000004 -0.04334831916011302
22.10000000000004 -0.04334870661718056
22.20000000000005 -0.04334622875335252
22.30000000000005 -0.04334131853785771
22.40000000000005 -0.04333534267772722
22.50000000000005 -0.04333079608589829
22.60000000000005 -0.04333013706448335
22.70000000000005 -0.04333375557960456
22.80000000000005 -0.04333959769359427
22.90000000000006 -0.04334499061547335
23.00000000000006 -0.04334822740248826
23.10000000000006 -0.04334866710136698
23.20000000000006 -0.0433462531803504
23.30000000000006 -0.04334141599791698
23.40000000000006 -0.04333549097749065
23.50000000000006 -0.04333092394494767
23.60000000000007 -0.04333015917666134
23.70000000000007 -0.04333364238662135
23.80000000000007 -0.04333939409610165
23.90000000000007 -0.04334476987905402
24.00000000000007 -0.04334804960428322
24.10000000000007 -0.04334857186221598
24.20000000000007 -0.04334626344563907
24.30000000000008 -0.04334152782894233
24.40000000000008 -0.04333564928851737
24.50000000000008 -0.04333102319498518
24.60000000000008 -0.0433301120699597
24.70000000000008 -0.04333346214655893
24.80000000000008 -0.0433391808784585
24.90000000000008 -0.04334462708970886
25.00000000000009 -0.04334803440881502
25.10000000000009 -0.04334869391465367
25.20000000000009 -0.04334648683215817
25.30000000000009 -0.04334175689210609
25.40000000000009 -0.04333572863296142
25.50000000000009 -0.04333080997888412
25.60000000000009 -0.04332960361969839
25.7000000000001 -0.04333282259236537
25.8000000000001 -0.0433386023589812
25.9000000000001 -0.04334420482586551
26.0000000000001 -0.04334777813326452
26.1000000000001 -0.04334860444891328
26.2000000000001 -0.04334660956620301
26.3000000000001 -0.04334217667771716
26.40000000000011 -0.04333648904771883
26.50000000000011 -0.0433317948547363
26.60000000000011 -0.04333053448414412
26.70000000000011 -0.04333345969406201
26.80000000000011 -0.04333892695726552
26.90000000000011 -0.04334436740895464
27.00000000000011 -0.04334793493612987
27.10000000000012 -0.04334881459986166
27.20000000000012 -0.04334680279377471
27.30000000000012 -0.04334216048713323
27.40000000000012 -0.04333602950528859
27.50000000000012 -0.04333081138132883
27.60000000000012 -0.04332926599045919
27.70000000000012 -0.04333232992600634
27.80000000000013 -0.04333820426920809
27.90000000000013 -0.04334403666827791
28.00000000000013 -0.04334784578789123
28.10000000000013 -0.04334886061499169
28.20000000000013 -0.04334700571559945
28.30000000000013 -0.04334266276093359
28.40000000000013 -0.0433369849153343
28.50000000000014 -0.043332182998195
28.60000000000014 -0.04333071814223375
28.70000000000014 -0.04333344056314836
28.80000000000014 -0.04333879696106521
28.90000000000014 -0.04334422741338518
29.00000000000014 -0.04334784375612107
29.10000000000014 -0.04334879571539998
29.20000000000014 -0.04334686837307672
29.30000000000015 -0.04334231930494833
29.40000000000015 -0.04333626917808873
29.50000000000015 -0.04333107375043171
29.60000000000015 -0.0433294633948564
29.70000000000015 -0.04333241143194901
29.80000000000015 -0.04333819289429687
29.90000000000015 -0.04334399436024165
30.00000000000016 -0.04334782432509893
30.10000000000016 -0.04334888157126376
30.20000000000016 -0.04334705598554614
30.30000000000016 -0.04334268867098072
30.40000000000016 -0.04333689643821033
30.50000000000016 -0.04333189918805856
30.60000000000016 -0.04333024462679397
30.70000000000017 -0.04333288776040539
30.80000000000017 -0.0433382953624661
30.90000000000017 -0.04334384688153435
31.00000000000017 -0.04334759916327423
31.10000000000017 -0.04334869493565597
31.20000000000017 -0.04334693961348822
31.30000000000017 -0.04334259167639362
31.40000000000018 -0.04333670581802523
31.50000000000018 -0.04333151051605524
31.60000000000018 -0.04332966904508931
31.70000000000018 -0.04333227212833676
31.80000000000018 -0.04333780167393284
31.90000000000018 -0.04334354410433865
32.00000000000018 -0.04334747584797898
32.10000000000019 -0.0433487244610901
32.20000000000019 -0.04334711669921368
32.30000000000019 -0.04334292058970653
32.40000000000019 -0.04333715012523747
32.50000000000019 -0.04333194781713791
32.60000000000019 -0.04332993366935554
32.70000000000019 -0.04333228708135607
32.8000000000002 -0.04333764144354983
32.9000000000002 -0.04334335270767301
33.0000000000002 -0.04334736585863468
33.1000000000002 -0.04334874659408949
33.2000000000002 -0.04334726815127193
33.3000000000002 -0.04334314637486015
33.4000000000002 -0.04333733846069929
33.50000000000021 -0.04333196472087454
33.60000000000021 -0.04332972112201487
33.70000000000021 -0.04333193113337341
33.80000000000021 -0.0433373010427571
33.90000000000021 -0.04334313669091495
34.00000000000021 -0.04334729971481321
34.10000000000021 -0.04334881471218439
34.20000000000022 -0.04334745433546344
34.30000000000022 -0.04334344026534648
34.40000000000022 -0.04333771141024193
34.50000000000022 -0.04333234213538684
34.60000000000022 -0.04333000134291273
34.70000000000022 -0.04333205896723029
34.80000000000022 -0.0433373088330848
34.90000000000023 -0.04334310093498507
35.00000000000023 -0.04334728111320799
35.10000000000023 -0.0433488392330107
35.20000000000023 -0.04334752177306962
35.30000000000023 -0.04334353364328815
35.40000000000023 -0.04333780103606326
35.50000000000023 -0.04333239512835024
35.60000000000024 -0.04333000523355622
35.70000000000024 -0.04333203873368734
35.80000000000024 -0.04333730861570457
35.90000000000024 -0.04334315043853694
36.00000000000024 -0.04334738394648984
36.10000000000024 -0.04334897928951479
36.20000000000024 -0.04334766607412213
36.30000000000025 -0.04334362766149183
36.40000000000025 -0.0433377736481334
36.50000000000025 -0.04333219600405207
36.60000000000025 -0.04332965874750754
36.70000000000025 -0.0433316409854628
36.80000000000025 -0.04333694853162295
36.90000000000025 -0.0433428531693095
37.00000000000026 -0.04334713291714678
37.10000000000026 -0.04334876940965445
37.20000000000026 -0.04334754174509371
37.30000000000026 -0.04334368958587381
37.40000000000026 -0.04333813168593498
37.50000000000026 -0.04333285689868884
37.60000000000026 -0.04333044161443838
37.70000000000027 -0.04333227789791795
37.80000000000027 -0.04333730121761353
37.90000000000027 -0.04334298016763096
38.00000000000027 -0.04334717520316069
38.10000000000027 -0.04334882497281743
38.20000000000027 -0.04334760356573639
38.30000000000027 -0.04334362748516535
38.40000000000028 -0.04333772949384864
38.50000000000028 -0.04333195836874229
38.60000000000028 -0.04332914925038219
38.70000000000028 -0.04333095070431242
38.80000000000028 -0.04333627238287116
38.90000000000028 -0.04334234038559405
39.00000000000028 -0.04334683712623777
39.10000000000029 -0.04334869631762173
39.20000000000029 -0.0433476937285547
39.30000000000029 -0.0433440562407215
39.40000000000029 -0.04333863098269086
39.50000000000029 -0.04333328879827439
39.60000000000029 -0.04333056391042021
39.70000000000029 -0.04333199666813545
39.8000000000003 -0.04333675196138434
39.9000000000003 -0.04334239672454242
40.0000000000003 -0.04334673926764296
40.1000000000003 -0.0433486346297957
40.2000000000003 -0.04334770488263273
40.3000000000003 -0.04334402015953103
40.4000000000003 -0.04333831788662197
40.50000000000031 -0.04333250804335589
40.60000000000031 -0.04332938199428509
40.70000000000031 -0.04333077214635683
40.80000000000031 -0.04333585598876441
40.90000000000031 -0.04334195210372867
41.00000000000031 -0.04334665363205138
41.10000000000031 -0.04334877524696713
41.20000000000032 -0.04334801326160205
41.30000000000032 -0.04334452951905429
41.40000000000032 -0.04333909085784814
41.50000000000032 -0.04333351289326536
41.60000000000032 -0.04333040710162543
41.70000000000032 -0.04333153431039896
41.80000000000032 -0.04333622820210653
41.90000000000033 -0.04334202574277503
42.00000000000033 -0.04334660335532993
42.10000000000033 -0.04334872700673383
42.20000000000033 -0.04334800109844886
42.30000000000033 -0.04334450279766985
42.40000000000033 -0.04333894614928369
42.50000000000033 -0.04333316729249961
42.60000000000034 -0.04332989665072365
42.70000000000034 -0.04333102453655717
42.80000000000034 -0.04333588170987449
42.90000000000034 -0.0433418842200182
43.00000000000034 -0.04334660917310072
43.10000000000034 -0.04334880767830505
43.20000000000034 -0.04334812204922858
43.30000000000035 -0.0433446760343669
43.40000000000035 -0.04333920684668148
43.50000000000035 -0.04333352302101601
43.60000000000035 -0.04333028162660423
43.70000000000035 -0.04333132676097758
43.80000000000035 -0.0433360347146592
43.90000000000035 -0.04334190964086161
44.00000000000036 -0.04334657379926776
44.10000000000036 -0.04334876776481331
44.20000000000036 -0.04334809791586564
44.30000000000036 -0.04334464642794688
44.40000000000036 -0.04333911412462482
44.50000000000036 -0.04333330338989443
44.60000000000036 -0.04332992444851174
44.70000000000037 -0.04333090563411118
44.80000000000037 -0.04333565307651886
44.90000000000037 -0.04334162437634499
45.00000000000037 -0.04334638655502812
45.10000000000037 -0.04334866552994871
45.20000000000037 -0.04334808588827044
45.30000000000037 -0.04334475064755466
45.40000000000038 -0.04333935073211223
45.50000000000038 -0.0433336258927175
45.60000000000038 -0.04333020537397329
45.70000000000038 -0.04333101478852516
45.80000000000038 -0.04333556546437232
45.90000000000038 -0.04334142278616399
46.00000000000038 -0.04334617991957562
46.10000000000039 -0.04334853149303325
46.20000000000039 -0.04334806059942737
46.30000000000039 -0.04334482873929094
46.40000000000039 -0.04333947428395664
46.50000000000039 -0.04333368439122967
46.60000000000039 -0.04333009405316842
46.70000000000039 -0.0433307317417561
46.8000000000004 -0.04333522599051323
46.9000000000004 -0.04334116176753319
47.0000000000004 -0.04334607144374322
47.1000000000004 -0.04334858941437628
47.2000000000004 -0.04334826599407181
47.3000000000004 -0.04334513383943554
47.4000000000004 -0.04333978270413046
47.50000000000041 -0.0433338505406619
47.60000000000041 -0.04332999604769065
47.70000000000041 -0.04333038051908022
47.80000000000041 -0.04333476543880577
47.90000000000041 -0.04334074421252625
48.00000000000041 -0.04334577121135335
48.10000000000041 -0.0433484226875385
48.20000000000041 -0.04334824890967369
48.30000000000042 -0.04334531588533396
48.40000000000042 -0.0433402274640234
48.50000000000042 -0.04333455636764324
48.60000000000042 -0.04333081868356947
48.70000000000042 -0.04333109020371546
48.80000000000042 -0.04333522785204859
48.90000000000042 -0.04334100358149493
49.00000000000043 -0.04334595792598197
49.10000000000043 -0.04334863189494071
49.20000000000043 -0.04334848033972366
49.30000000000043 -0.04334545753964391
49.40000000000043 -0.04334007920420156
49.50000000000043 -0.04333394205298319
49.60000000000043 -0.04332977743713304
49.70000000000044 -0.04332993873515301
49.80000000000044 -0.04333432590643899
49.90000000000044 -0.0433404839537526
50.00000000000044 -0.04334573061800592
50.10000000000044 -0.04334855878286127
50.20000000000044 -0.04334851005754862
50.30000000000044 -0.04334567030171598
50.40000000000045 -0.04334064792489922
50.50000000000045 -0.04333498607237578
50.60000000000045 -0.0433311618978254
50.70000000000045 -0.04333126380219579
50.80000000000045 -0.04333522676003935
50.90000000000045 -0.04334089433242154
51.00000000000045 -0.0433458188159915
51.10000000000046 -0.04334851628535448
51.20000000000046 -0.04334841882548664
51.30000000000046 -0.0433454695612458
51.40000000000046 -0.0433401698857808
51.50000000000046 -0.04333408194689271
51.60000000000046 -0.04332989488471082
51.70000000000046 -0.04332996257137976
51.80000000000047 -0.04333424581798742
51.90000000000047 -0.04334035093207349
52.00000000000047 -0.04334560842767716
52.10000000000047 -0.04334849084198539
52.20000000000047 -0.04334851249889401
52.30000000000047 -0.04334572608482212
52.40000000000047 -0.04334069218085995
52.50000000000048 -0.04333490719216669
52.60000000000048 -0.04333086032769591
52.70000000000048 -0.04333074617099031
52.80000000000048 -0.04333461824760068
52.90000000000048 -0.04334033970776139
53.00000000000048 -0.04334540253521665
53.10000000000048 -0.0433482722847545
53.20000000000049 -0.04334837422866673
53.30000000000049 -0.04334565866846928
53.40000000000049 -0.0433405923942685
53.50000000000049 -0.04333462272740302
53.60000000000049 -0.04333030525467839
53.70000000000049 -0.04333001296942293
53.80000000000049 -0.04333392460646728
53.9000000000005 -0.0433398511260922
54.0000000000005 -0.04334515240884103
54.1000000000005 -0.04334822140091741
54.2000000000005 -0.04334849014435053
54.3000000000005 -0.04334594402392505
54.4000000000005 -0.0433410565949297
54.5000000000005 -0.04333521412618557
54.60000000000051 -0.04333086796462717
54.70000000000051 -0.04333036345202824
54.80000000000051 -0.04333400368701641
54.90000000000051 -0.04333975909447928
55.00000000000051 -0.04334504092625829
55.10000000000051 -0.04334819534162757
55.20000000000051 -0.04334858324436384
55.30000000000052 -0.04334612476295088
55.40000000000052 -0.0433412313098706
55.50000000000052 -0.04333524792705301
55.60000000000052 -0.04333066457329986
55.70000000000052 -0.0433299650262076
55.80000000000052 -0.04333357499368629
55.90000000000052 -0.04333944940222578
56.00000000000053 -0.04334489698899349
56.10000000000053 -0.04334819211019215
56.20000000000053 -0.04334868848013348
56.30000000000053 -0.04334633305743232
56.40000000000053 -0.04334155787173045
56.50000000000053 -0.04333568809018214
56.60000000000053 -0.04333114792396256
56.70000000000054 -0.04333037022323925
56.80000000000054 -0.04333381931890112
56.90000000000054 -0.0433395463723516
57.00000000000054 -0.04334491768187997
57.10000000000054 -0.04334820013376777
57.20000000000054 -0.04334871045723233
57.30000000000054 -0.04334635779188249
57.40000000000055 -0.04334154557351508
57.50000000000055 -0.04333559227772516
57.60000000000055 -0.04333095685030451
57.70000000000055 -0.0433301374100847
57.80000000000055 -0.04333363190799411
57.90000000000055 -0.04333945783638368
58.00000000000055 -0.04334492575117669
58.10000000000056 -0.04334827474447152
58.20000000000056 -0.04334882137786169
58.30000000000056 -0.04334647909446043
58.40000000000056 -0.04334164507416224
58.50000000000056 -0.04333562446286995
58.60000000000056 -0.04333087852593342
58.70000000000056 -0.04332994164885707
58.80000000000057 -0.04333335771184692
58.90000000000057 -0.04333915682102613
59.00000000000057 -0.0433446312479175
59.10000000000057 -0.04334800671568237
59.20000000000057 -0.0433486115582743
59.30000000000057 -0.04334639073564991
59.40000000000057 -0.04334176449055911
59.50000000000058 -0.0433360014693439
59.60000000000058 -0.04333143802421158
59.70000000000058 -0.04333048180641755
59.80000000000058 -0.04333370064517606
59.90000000000058 -0.04333928550143858
60.00000000000058 -0.04334465502711124
60.10000000000058 -0.04334804417742749
60.20000000000059 -0.0433487123946826
60.30000000000059 -0.04334650241620237
60.40000000000059 -0.04334172420168118
60.50000000000059 -0.0433355902590524
60.60000000000059 -0.04333054580055756
60.70000000000059 -0.04332927314737742
60.80000000000059 -0.04333253213093474
60.9000000000006 -0.04333842083849283
61.0000000000006 -0.04334413228926894
61.1000000000006 -0.04334778119228225
61.2000000000006 -0.04334865630400288
61.3000000000006 -0.04334670275672277
61.4000000000006 -0.04334231212391994
61.5000000000006 -0.04333665138012763
61.60000000000061 -0.04333193352696355
61.70000000000061 -0.04333058228187994
61.80000000000061 -0.04333338487229563
61.90000000000061 -0.0433387574392858
62.00000000000061 -0.0433441615858596
62.10000000000061 -0.04334774637974168
62.20000000000061 -0.04334868323728571
62.30000000000062 -0.04334675972790393
62.40000000000062 -0.04334222302016807
62.50000000000062 -0.04333617675510361
62.60000000000062 -0.04333096428671231
62.70000000000062 -0.0433293238215618
62.80000000000062 -0.04333225443975579
62.90000000000062 -0.04333804812643932
63.00000000000063 -0.04334388624356595
63.10000000000063 -0.04334776410463689
63.20000000000063 -0.04334887323557074
63.30000000000063 -0.0433471023067451
63.40000000000063 -0.04334279000538425
63.50000000000063 -0.04333704227014724
63.60000000000063 -0.0433320616338221
63.70000000000064 -0.04333039011364412
63.80000000000064 -0.04333300312293632
63.90000000000064 -0.04333839552628772
64.00000000000064 -0.04334395438234799
64.10000000000063 -0.0433477228641851
64.20000000000063 -0.04334882381327953
64.30000000000062 -0.04334704697392557
64.40000000000062 -0.04334264772177757
64.50000000000061 -0.04333670283687318
64.60000000000061 -0.04333149017181472
64.7000000000006 -0.04332971146595715
64.80000000000059 -0.04333243176496927
64.90000000000059 -0.0433380602047152
65.00000000000058 -0.04334383392200274
65.10000000000058 -0.04334772643760134
65.20000000000057 -0.04334888332904131
65.30000000000057 -0.04334715513780664
65.40000000000056 -0.04334285044151059
65.50000000000055 -0.04333705238272849
65.60000000000055 -0.04333196748667859
65.70000000000054 -0.04333018821998257
65.80000000000054 -0.04333275450309599
65.90000000000053 -0.0433381764388373
66.00000000000053 -0.04334380542993171
66.10000000000052 -0.04334764938691014
66.20000000000051 -0.04334882235014258
66.30000000000051 -0.04334711916591838
66.4000000000005 -0.04334278866458845
66.5000000000005 -0.0433368703285597
66.60000000000049 -0.04333158840824199
66.70000000000049 -0.04332963912375667
66.80000000000048 -0.04333217077824934
66.90000000000047 -0.04333769302900345
67.00000000000047 -0.04334347200830738
67.10000000000046 -0.04334745169739444
67.20000000000046 -0.04334874424473154
67.30000000000045 -0.04334717757260913
67.40000000000045 -0.04334302393339457
67.50000000000044 -0.04333729070612349
67.60000000000043 -0.04333209837344024
67.70000000000043 -0.04333004757911009
67.80000000000042 -0.04333232937745643
67.90000000000042 -0.04333761435424374
68.00000000000041 -0.04334328533596998
68.10000000000041 -0.04334728956136616
68.2000000000004 -0.04334868365975035
68.3000000000004 -0.04334723249702671
68.40000000000039 -0.04334314381884943
68.50000000000038 -0.04333736036450384
68.60000000000038 -0.04333198236449097
68.70000000000037 -0.04332969920392104
68.80000000000037 -0.04333185872397139
68.90000000000036 -0.04333720269192091
69.00000000000036 -0.04334305029163654
69.10000000000035 -0.04334725371091347
69.20000000000034 -0.04334882234704944
69.30000000000034 -0.04334751239080104
69.40000000000033 -0.04334352012803039
69.50000000000033 -0.04333774884273948
69.60000000000032 -0.0433322536906202
69.70000000000032 -0.04332974495958136
69.80000000000031 -0.04333168376689716
69.9000000000003 -0.04333691857634162
70.0000000000003 -0.04334277619647924
70.10000000000029 -0.04334705458230733
70.20000000000029 -0.04334872344793515
70.30000000000028 -0.04334753815821477
70.40000000000028 -0.04334371233918338
70.50000000000027 -0.04333814231407214
70.60000000000026 -0.04333281479887668
70.70000000000026 -0.0433303416990922
70.80000000000025 -0.04333216674208289
70.90000000000025 -0.04333724003367107
71.00000000000024 -0.04334299802093949
71.10000000000024 -0.04334726270648133
71.20000000000023 -0.04334895479735788
71.30000000000022 -0.04334774816243373
71.40000000000022 -0.04334376858813874
71.50000000000021 -0.04333786577101705
71.60000000000021 -0.04333210970588679
71.7000000000002 -0.04332934463467096
71.8000000000002 -0.04333120023053647
71.90000000000019 -0.04333655451091064
72.00000000000018 -0.04334261810804737
72.10000000000018 -0.04334707535474945
72.20000000000017 -0.04334886383056524
72.30000000000017 -0.0433477621885258
72.40000000000016 -0.0433440137054765
72.50000000000016 -0.04333851445843509
72.60000000000015 -0.04333320733304878
72.70000000000014 -0.04333065248234955
72.80000000000014 -0.04333230572129472
72.90000000000013 -0.04333720022504964
73.00000000000013 -0.04334284573932588
73.10000000000012 -0.04334707855381596
73.20000000000012 -0.04334879883958555
73.30000000000011 -0.04334765783440735
73.40000000000011 -0.04334376027840588
73.5000000000001 -0.04333792144838405
73.60000000000009 -0.04333216204039379
73.70000000000009 -0.04332930423577603
73.80000000000008 -0.0433310292512255
73.90000000000008 -0.04333630078460499
74.00000000000007 -0.04334236701218958
74.10000000000007 -0.04334689414952368
74.20000000000006 -0.04334878875209373
74.30000000000005 -0.04334780246783867
74.40000000000005 -0.04334414006112772
74.50000000000004 -0.04333863337763639
74.60000000000004 -0.04333316670692215
74.70000000000003 -0.04333033190414524
74.80000000000003 -0.04333173290497221
74.90000000000002 -0.04333653897590006
75.00000000000001 -0.04334226609903578
75.10000000000001 -0.04334667761596839
75.2 -0.04334862075740638
75.3 -0.04334773566489995
75.39999999999999 -0.04334411405896547
75.49999999999999 -0.04333849543365298
75.59999999999998 -0.04333275328322803
75.69999999999997 -0.04332961939246951
75.79999999999997 -0.0433309083496565
75.89999999999996 -0.04333585524570212
75.99999999999996 -0.04334185197610935
76.09999999999995 -0.04334651889869352
76.19999999999995 -0.04334865767627032
76.29999999999994 -0.04334794009566571
76.39999999999993 -0.04334450219010631
76.49999999999993 -0.0433390807778887
76.59999999999992 -0.04333346481686933
76.69999999999992 -0.0433302720545564
76.79999999999991 -0.04333131682561672
76.89999999999991 -0.04333598783035596
76.9999999999999 -0.04334182795890428
77.09999999999989 -0.04334648515511957
77.19999999999989 -0.04334870128110546
77.29999999999988 -0.04334806982125956
77.39999999999988 -0.04334465351037449
77.49999999999987 -0.04333913036736312
77.59999999999987 -0.04333328797808195
77.69999999999986 -0.04332985162787045
77.79999999999986 -0.04333079478474644
77.89999999999985 -0.04333555551235466
77.99999999999984 -0.04334157954129003
78.09999999999984 -0.04334640184090496
78.19999999999983 -0.04334872806195966
78.29999999999983 -0.04334818047067769
78.39999999999982 -0.04334487079526132
78.49999999999982 -0.04333950262000423
78.59999999999981 -0.04333382353148789
78.6999999999998 -0.04333045527793996
78.7999999999998 -0.04333130259094715
78.89999999999979 -0.04333586270524994
78.99999999999979 -0.04334170449188104
79.09999999999978 -0.04334642864544207
79.19999999999978 -0.04334872729228222
79.29999999999977 -0.04334817298423418
79.39999999999976 -0.04334482452483385
79.49999999999976 -0.04333935026528404
79.59999999999975 -0.04333351205944365
79.69999999999975 -0.04333001536638684
79.79999999999974 -0.04333085871772591
79.89999999999974 -0.04333554038429806
79.99999999999973 -0.04334154293880402
80.09999999999972 -0.04334639327213429
80.19999999999972 -0.04334876978831118
80.29999999999971 -0.04334826693138492
80.39999999999971 -0.04334496457854556
80.4999999999997 -0.04333952787079871
80.5999999999997 -0.04333368514441192
80.69999999999969 -0.04333010568449332
80.79999999999968 -0.0433308013426532
80.89999999999968 -0.04333533737149056
80.99999999999967 -0.04334125347678774
81.09999999999967 -0.04334608657620101
81.19999999999966 -0.04334850269803488
81.29999999999966 -0.04334809221725302
81.39999999999965 -0.04334494007378009
81.49999999999964 -0.04333969692995435
81.59999999999964 -0.04333402200646145
81.69999999999963 -0.04333048164768136
81.79999999999963 -0.04333105819700166
81.89999999999962 -0.04333541913065179
81.99999999999962 -0.04334123315611649
82.09999999999961 -0.04334607927455687
82.1999999999996 -0.04334858447145637
82.2999999999996 -0.04334826532447032
82.39999999999959 -0.04334511524560948
82.49999999999959 -0.04333969167077219
82.59999999999958 -0.0433336315614071
82.69999999999958 -0.04332965028968323
82.79999999999957 -0.04332999307372386
82.89999999999957 -0.04333444529286611
82.99999999999956 -0.04334054334993917
83.09999999999955 -0.04334567777045896
83.19999999999955 -0.04334840613687489
83.29999999999954 -0.04334829441304024
83.39999999999954 -0.04334542820557209
83.49999999999953 -0.04334040944912187
83.59999999999953 -0.04333477405581439
83.69999999999952 -0.04333098782363552
83.79999999999951 -0.04333112379364368
83.89999999999951 -0.04333510785813365
83.9999999999995 -0.04334078786026517
84.0999999999995 -0.04334572698295063
84.19999999999949 -0.0433484491363265
84.29999999999949 -0.04334838745873128
84.39999999999948 -0.04334547801789793
84.49999999999947 -0.04334020542962567
84.59999999999947 -0.04333411032282147
84.69999999999946 -0.04332987665401809
84.79999999999946 -0.04332988897991231
84.89999999999945 -0.043334151770684
84.99999999999945 -0.04334028338246254
85.09999999999944 -0.04334559315989744
85.19999999999943 -0.04334852926476387
85.29999999999943 -0.04334859404664494
85.39999999999942 -0.04334583819591269
85.49999999999942 -0.04334082486343212
85.59999999999941 -0.04333505523810007
85.69999999999941 -0.04333102436110212
85.7999999999994 -0.0433309303650427
85.89999999999939 -0.04333482418531089
85.99999999999939 -0.04334056131443999
86.09999999999938 -0.04334562496564813
86.19999999999938 -0.04334847176392431
86.29999999999937 -0.0433485181282889
86.39999999999937 -0.04334571246266632
86.49999999999936 -0.04334054394269011
86.59999999999935 -0.04333452071851537
86.69999999999935 -0.04333026704452268
86.79999999999934 -0.04333014895901574
86.89999999999934 -0.04333423885258901
86.99999999999933 -0.04334024498507747
87.09999999999933 -0.04334550889564643
87.19999999999932 -0.04334845820119623
87.29999999999932 -0.04334856188710523
87.39999999999931 -0.04334584078253659
87.4999999999993 -0.04334082845580819
87.5999999999993 -0.04333500109930088
87.69999999999929 -0.04333086008985888
87.79999999999929 -0.04333065887806196
87.89999999999928 -0.04333451025516956
87.99999999999928 -0.04334027957962137
88.09999999999927 -0.04334541832227581
88.19999999999926 -0.04334835696064158
88.29999999999926 -0.04334850707921747
88.39999999999925 -0.04334581478526609
88.49999999999925 -0.04334073957595773
88.59999999999924 -0.04333471990569768
88.69999999999924 -0.04333031906590895
88.79999999999923 -0.04332994637539135
88.89999999999922 -0.04333381926875499
88.99999999999922 -0.04333975310096806
89.09999999999921 -0.04334508471463519
89.19999999999921 -0.04334818744513812
89.2999999999992 -0.04334848976845283
89.3999999999992 -0.04334598284943934
89.49999999999919 -0.04334114213524012
89.59999999999918 -0.0433353392763773
89.69999999999918 -0.04333099582156977
89.79999999999917 -0.04333044056866401
89.89999999999917 -0.04333400017409707
89.99999999999916 -0.04333968821754609
90.09999999999916 -0.04334493945182218
90.19999999999915 -0.04334809827174922
90.29999999999914 -0.04334851497792419
90.39999999999914 -0.04334609865719437
90.49999999999913 -0.04334124474764199
90.59999999999913 -0.04333527239559545
90.69999999999912 -0.04333064967797665
90.79999999999912 -0.04332987437607894
90.89999999999911 -0.04333342295414097
90.9999999999991 -0.04333928878849835
91.0999999999991 -0.04334477817008477
91.19999999999909 -0.04334814344013353
91.29999999999909 -0.04334871887587895
91.39999999999908 -0.04334643183323698
91.49999999999908 -0.04334168148125441
91.59999999999907 -0.04333575010363394
91.69999999999906 -0.04333105078382381
91.79999999999906 -0.04333008399422762
91.89999999999905 -0.04333342043410768
91.99999999999905 -0.04333915347072154
92.09999999999904 -0.0433446109188864
92.19999999999904 -0.04334801062784274
92.29999999999903 -0.04334865402900134
92.39999999999903 -0.04334645876420472
92.49999999999902 -0.04334182429944691
92.59999999999901 -0.04333601551652326
92.69999999999901 -0.04333139701976246
92.799999999999 -0.04333042679347533
92.899999999999 -0.0433336959375822
92.99999999999899 -0.04333936473139954
93.09999999999899 -0.04334480338681711
93.19999999999898 -0.04334822041941983
93.29999999999897 -0.04334887358284637
93.39999999999897 -0.04334661895421126
93.49999999999896 -0.04334179512907613
93.59999999999896 -0.04333566017888028
93.69999999999895 -0.04333069613617712
93.79999999999895 -0.04332956159723668
93.89999999999894 -0.04333293212488892
93.99999999999893 -0.04333884298017002
94.09999999999893 -0.04334449200757621
94.19999999999892 -0.04334802698532824
94.29999999999892 -0.04334875741368103
94.39999999999891 -0.04334664076930621
94.49999999999891 -0.04334210255455529
94.5999999999989 -0.04333638594881756
94.69999999999889 -0.04333178293357999
94.79999999999889 -0.04333069403689688
94.89999999999888 -0.04333375209000109
94.99999999999888 -0.04333922872798239
95.09999999999887 -0.04334456825846177
95.19999999999887 -0.04334798244961857
95.29999999999886 -0.04334870026472048
95.39999999999885 -0.04334654563148073
95.49999999999885 -0.04334181627523584
95.59999999999884 -0.04333570919253366
95.69999999999884 -0.04333065439503146
95.79999999999883 -0.04332933993914735
95.89999999999883 -0.04333255799758863
95.99999999999882 -0.04333843461212044
96.09999999999881 -0.04334416261311983
96.19999999999881 -0.04334783981304673
96.2999999999988 -0.04334873753725506
96.3999999999988 -0.04334678469552378
96.49999999999879 -0.04334235556358799
96.59999999999879 -0.04333660782897559
96.69999999999878 -0.04333177548896716
96.79999999999878 -0.04333033806188293
96.89999999999877 -0.0433331278053347
96.99999999999876 -0.04333854965433549
97.09999999999876 -0.04334402091355226
97.19999999999875 -0.04334766293919648
97.29999999999875 -0.04334865010539331
97.39999999999874 -0.04334678873101033
97.49999999999874 -0.04334233828952496
97.59999999999873 -0.04333638405984166
97.69999999999872 -0.04333121194370824
97.79999999999872 -0.04332950831502545
97.89999999999871 -0.0433322964043626
97.99999999999871 -0.04333795461565632
98.0999999999987 -0.04334372599982218
98.1999999999987 -0.04334760907354036
98.29999999999869 -0.04334876987854882
98.39999999999868 -0.04334706830332901
98.49999999999868 -0.043342811071992
98.59999999999867 -0.04333706503687921
98.69999999999867 -0.04333200766298147
98.79999999999866 -0.04333021205381306
98.89999999999866 -0.04333273514261184
98.99999999999865 -0.04333812640448718
99.09999999999864 -0.04334375931484219
99.19999999999864 -0.04334763616113695
99.29999999999863 -0.04334885339670759
99.39999999999863 -0.04334718752548362
99.49999999999862 -0.04334287025976722
99.59999999999862 -0.04333693003286087
99.69999999999861 -0.04333160078762314
99.7999999999986 -0.04332961597314974
99.8999999999986 -0.04333215882087746
99.99999999999859 -0.04333773320230042
100.0999999999986 -0.04334356945290988
