0 -0.04334891335565252
0.1 -0.04334890178615732
0.2 -0.04334887575727921
0.3 -0.0433488548387105
0.4 -0.04334885045634403
0.5 -0.04334885256468672
0.6 -0.04334885045727319
0.7 -0.04334885483850442
0.7999999999999999 -0.04334887575552546
0.8999999999999999 -0.04334890178390567
0.9999999999999999 -0.04334891335290273
1.1 -0.04334890178074904
1.2 -0.04334887574646684
1.3 -0.04334885482178737
1.4 -0.04334885043589095
1.5 -0.04334885254196841
1.6 -0.04334885042923269
1.7 -0.0433488548043914
1.8 -0.0433488757201935
1.900000000000001 -0.04334890175252683
2 -0.04334891332749986
2.100000000000001 -0.04334890176110991
2.200000000000001 -0.04334887573170056
2.300000000000001 -0.04334885481127507
2.400000000000001 -0.04334885043119131
2.500000000000001 -0.04334885254830894
2.600000000000001 -0.04334885045099648
2.700000000000001 -0.04334885483906048
2.800000000000001 -0.04334887576016948
2.900000000000001 -0.04334890178884571
3.000000000000001 -0.04334891334859504
3.100000000000001 -0.04334890175150913
3.200000000000002 -0.04334887567889446
3.300000000000002 -0.04334885471953242
3.400000000000002 -0.04334885031970112
3.500000000000002 -0.04334885242260843
3.600000000000002 -0.04334885030174965
3.700000000000002 -0.04334885467973205
3.800000000000002 -0.04334887562310943
3.900000000000002 -0.04334890169296405
4.000000000000002 -0.0433489132974756
4.100000000000001 -0.04334890174905197
4.200000000000001 -0.04334887573066788
4.300000000000001 -0.04334885481704916
4.4 -0.04334885043854045
4.5 -0.04334885255347216
4.6 -0.04334885045451896
4.699999999999999 -0.04334885484088245
4.799999999999999 -0.0433488757565085
4.899999999999999 -0.0433489017743423
4.999999999999998 -0.04334891331639272
5.099999999999998 -0.0433489016933066
5.199999999999998 -0.04334887559168787
5.299999999999997 -0.04334885461531713
5.399999999999997 -0.04334885021930503
5.499999999999996 -0.04334885233298276
5.599999999999996 -0.04334885021968209
5.699999999999996 -0.04334885461612789
5.799999999999995 -0.04334887559257784
5.899999999999995 -0.0433489016930938
5.999999999999995 -0.04334891331319575
6.099999999999994 -0.04334890176630262
6.199999999999994 -0.04334887574308829
6.299999999999994 -0.0433488548240848
6.399999999999993 -0.04334885043765464
6.499999999999993 -0.04334885253753903
6.599999999999993 -0.043348850422955
6.699999999999992 -0.04334885480376828
6.799999999999992 -0.04334887572207152
6.899999999999991 -0.04334890174356573
6.999999999999991 -0.04334891328993937
7.099999999999991 -0.04334890167789925
7.19999999999999 -0.04334887559836238
7.29999999999999 -0.04334885464877003
7.39999999999999 -0.04334885027031846
7.499999999999989 -0.0433488523915821
7.599999999999989 -0.0433488502878825
7.699999999999989 -0.04334885469161714
7.799999999999988 -0.04334887566018346
7.899999999999988 -0.04334890173994124
7.999999999999988 -0.0433489133365452
8.099999999999987 -0.04334890176913758
8.199999999999987 -0.04334887573087935
8.299999999999986 -0.04334885480488007
8.399999999999986 -0.04334885041760271
8.499999999999986 -0.04334885251506686
8.599999999999985 -0.04334885039703312
8.699999999999985 -0.04334885478259478
8.799999999999985 -0.04334887571382831
8.899999999999984 -0.04334890175027552
8.999999999999984 -0.04334891331468559
9.099999999999984 -0.04334890173052078
9.199999999999983 -0.04334887568829387
9.299999999999983 -0.04334885476871533
9.399999999999983 -0.04334885039531935
9.499999999999982 -0.04334885250762864
9.599999999999982 -0.04334885039993731
9.699999999999982 -0.04334885479203968
9.799999999999981 -0.04334887572864293
9.899999999999981 -0.0433489017705794
9.99999999999998 -0.0433489133418949
10.09999999999998 -0.04334890176699484
10.19999999999998 -0.0433488757343283
10.29999999999998 -0.04334885481887633
10.39999999999998 -0.04334885044128228
10.49999999999998 -0.04334885254779915
10.59999999999998 -0.04334885043822419
10.69999999999998 -0.04334885482638377
10.79999999999998 -0.04334887575321179
10.89999999999998 -0.0433489017847839
10.99999999999998 -0.04334891335048166
11.09999999999998 -0.04334890177521862
11.19999999999998 -0.04334887574451436
11.29999999999998 -0.04334885483005024
11.39999999999998 -0.04334885045227845
11.49999999999998 -0.04334885255974761
11.59999999999997 -0.04334885045110132
11.69999999999997 -0.04334885483704155
11.79999999999997 -0.04334887575989659
11.89999999999997 -0.04334890178914119
11.99999999999997 -0.04334891335518228
12.09999999999997 -0.04334890178177209
12.19999999999997 -0.04334887575242699
12.29999999999997 -0.04334885483733081
12.39999999999997 -0.04334885045754785
12.49999999999997 -0.04334885256282837
12.59999999999997 -0.04334885045012028
12.69999999999997 -0.04334885482903138
12.79999999999997 -0.04334887574523994
12.89999999999997 -0.04334890177159816
12.99999999999997 -0.0433489133386365
13.09999999999997 -0.04334890176841217
13.19999999999997 -0.0433488757426735
13.29999999999997 -0.04334885483090004
13.39999999999997 -0.04334885045624459
13.49999999999997 -0.04334885257216697
13.59999999999997 -0.04334885047412433
13.69999999999997 -0.04334885486467563
13.79999999999997 -0.04334887578533791
13.89999999999997 -0.04334890180843173
13.99999999999997 -0.04334891336235844
14.09999999999997 -0.04334890176548837
14.19999999999997 -0.04334887570160301
14.29999999999997 -0.04334885475438136
14.39999999999996 -0.04334885036037614
14.49999999999996 -0.04334885246179333
14.59999999999996 -0.04334885034071337
14.69999999999996 -0.0433488547194123
14.79999999999996 -0.04334887565709514
14.89999999999996 -0.04334890171530066
14.99999999999996 -0.04334891330892911
15.09999999999996 -0.04334890175608209
15.19999999999996 -0.04334887574136256
15.29999999999996 -0.04334885483563805
15.39999999999996 -0.04334885046197917
15.49999999999996 -0.04334885257701537
15.59999999999996 -0.04334885047889366
15.69999999999996 -0.04334885486702569
15.79999999999996 -0.04334887578019016
15.89999999999996 -0.04334890179095136
15.99999999999996 -0.04334891332575734
16.09999999999996 -0.04334890169955515
16.19999999999996 -0.04334887560029618
16.29999999999996 -0.04334885462882485
16.39999999999996 -0.0433488502349936
16.49999999999996 -0.04334885234731108
16.59999999999997 -0.04334885023326024
16.69999999999997 -0.04334885462968625
16.79999999999997 -0.0433488756033035
16.89999999999997 -0.04334890169791114
16.99999999999997 -0.0433489133118283
17.09999999999997 -0.04334890176118367
17.19999999999997 -0.04334887573783639
17.29999999999998 -0.04334885482131911
17.39999999999998 -0.04334885043730072
17.49999999999998 -0.04334885253824951
17.59999999999998 -0.04334885042494112
17.69999999999998 -0.04334885480762316
17.79999999999998 -0.04334887572628053
17.89999999999998 -0.04334890174517113
17.99999999999999 -0.04334891328614483
18.09999999999999 -0.04334890166687667
18.19999999999999 -0.04334887558021698
18.29999999999999 -0.04334885462649268
18.39999999999999 -0.04334885024781871
18.49999999999999 -0.04334885236948958
18.59999999999999 -0.04334885026546716
18.7 -0.04334885467190479
18.8 -0.04334887564662413
18.9 -0.04334890173127857
19 -0.04334891332797614
19.1 -0.04334890175618132
19.2 -0.0433488757123026
19.3 -0.04334885478343013
19.40000000000001 -0.04334885039669252
19.50000000000001 -0.04334885249443868
19.60000000000001 -0.04334885037609183
19.70000000000001 -0.0433488547651338
19.80000000000001 -0.04334887570292494
19.90000000000001 -0.0433489017430696
20.00000000000001 -0.04334891330437553
20.10000000000002 -0.04334890171098785
20.20000000000002 -0.04334887565827995
20.30000000000002 -0.04334885473352546
20.40000000000002 -0.04334885036134845
20.50000000000002 -0.04334885247442347
20.60000000000002 -0.04334885036604733
20.70000000000002 -0.04334885476392989
20.80000000000003 -0.04334887571224101
20.90000000000003 -0.04334890176259663
21.00000000000003 -0.04334891333372207
21.10000000000003 -0.04334890175208941
21.20000000000003 -0.04334887571255586
21.30000000000003 -0.04334885479574002
21.40000000000003 -0.04334885042047433
21.50000000000004 -0.04334885252620066
21.60000000000004 -0.0433488504152391
21.70000000000004 -0.04334885480935696
21.80000000000004 -0.0433488757460204
21.90000000000004 -0.04334890178196124
22.00000000000004 -0.04334891334347879
22.10000000000004 -0.04334890175943743
22.20000000000005 -0.04334887572239521
22.30000000000005 -0.04334885480874357
22.40000000000005 -0.04334885043485903
22.50000000000005 -0.04334885254134255
22.60000000000005 -0.04334885043082993
22.70000000000005 -0.04334885482275083
22.80000000000005 -0.0433488757550182
22.90000000000006 -0.04334890178795608
23.00000000000006 -0.04334891335071039
23.10000000000006 -0.04334890177261866
23.20000000000006 -0.04334887574372628
23.30000000000006 -0.04334885483540024
23.40000000000006 -0.04334885046133563
23.50000000000006 -0.04334885256554162
23.60000000000007 -0.04334885045218688
23.70000000000007 -0.04334885483652713
23.80000000000007 -0.0433488757571605
23.90000000000007 -0.04334890178077338
24.00000000000007 -0.0433489133403231
24.10000000000007 -0.04334890176422772
24.20000000000007 -0.04334887573932157
24.30000000000008 -0.04334885483450582
24.40000000000008 -0.04334885046513577
24.50000000000008 -0.04334885257966009
24.60000000000008 -0.04334885048045689
24.70000000000008 -0.04334885487484912
24.80000000000008 -0.04334887579821248
24.90000000000008 -0.04334890181866766
25.00000000000009 -0.04334891336831899
25.10000000000009 -0.04334890177194981
25.20000000000009 -0.0433488757165351
25.30000000000009 -0.04334885478137547
25.40000000000009 -0.04334885039344211
25.50000000000009 -0.04334885249348702
25.60000000000009 -0.04334885037229352
25.7000000000001 -0.0433488547525113
25.8000000000001 -0.0433488756860103
25.9000000000001 -0.04334890173432961
26.0000000000001 -0.04334891331889956
26.1000000000001 -0.04334890176350741
26.2000000000001 -0.04334887575424001
26.3000000000001 -0.04334885485771991
26.40000000000011 -0.04334885048943294
26.50000000000011 -0.0433488526046478
26.60000000000011 -0.04334885050751724
26.70000000000011 -0.0433488548974644
26.80000000000011 -0.04334887580794925
26.90000000000011 -0.04334890181178376
27.00000000000011 -0.04334891334062711
27.10000000000012 -0.04334890171402738
27.20000000000012 -0.04334887562079418
27.30000000000012 -0.04334885465733805
27.40000000000012 -0.0433488502668217
27.50000000000012 -0.04334885237768775
27.60000000000012 -0.04334885026307023
27.70000000000012 -0.04334885465901611
27.80000000000013 -0.04334887562767425
27.90000000000013 -0.04334890171383377
28.00000000000013 -0.04334891332049346
28.10000000000013 -0.04334890176746612
28.20000000000013 -0.04334887574744673
28.30000000000013 -0.04334885483700027
28.40000000000013 -0.04334885045678366
28.50000000000014 -0.04334885255845133
28.60000000000014 -0.04334885044639447
28.70000000000014 -0.04334885483036184
28.80000000000014 -0.04334887574659081
28.90000000000014 -0.04334890175902269
29.00000000000014 -0.04334891329206375
29.10000000000014 -0.04334890166592462
29.20000000000014 -0.0433488755752567
29.30000000000015 -0.04334885462097377
29.40000000000015 -0.04334885024329003
29.50000000000015 -0.04334885236469861
29.60000000000015 -0.04334885026014469
29.70000000000015 -0.04334885466844561
29.80000000000015 -0.04334887564591406
29.90000000000015 -0.04334890173074341
30.00000000000016 -0.0433489133240819
30.10000000000016 -0.04334890174721359
30.20000000000016 -0.04334887569948623
30.30000000000016 -0.043348854769932
30.40000000000016 -0.04334885038433969
30.50000000000016 -0.04334885248202038
30.60000000000016 -0.0433488503634174
30.70000000000017 -0.04334885475509755
30.80000000000017 -0.04334887569659167
30.90000000000017 -0.04334890173698169
31.00000000000017 -0.0433489132929766
31.10000000000017 -0.04334890168992431
31.20000000000017 -0.04334887562720102
31.30000000000017 -0.04334885469731409
31.40000000000018 -0.04334885032582989
31.50000000000018 -0.04334885243972606
31.60000000000018 -0.04334885033099525
31.70000000000018 -0.04334885473369246
31.80000000000018 -0.04334887569184764
31.90000000000018 -0.04334890174949207
32.00000000000018 -0.04334891332051374
32.10000000000019 -0.04334890173248969
32.20000000000019 -0.04334887568528999
32.30000000000019 -0.04334885476498761
32.40000000000019 -0.04334885039059981
32.50000000000019 -0.0433488524961561
32.60000000000019 -0.04334885038439918
32.70000000000019 -0.04334885478360563
32.8000000000002 -0.04334887572972971
32.9000000000002 -0.04334890177153868
33.0000000000002 -0.04334891333109844
33.1000000000002 -0.04334890173903624
33.2000000000002 -0.04334887569359981
33.3000000000002 -0.04334885477709727
33.4000000000002 -0.04334885040526047
33.50000000000021 -0.04334885251168498
33.60000000000021 -0.04334885039987388
33.70000000000021 -0.04334885479742157
33.80000000000021 -0.04334887574052158
33.90000000000021 -0.04334890178063703
34.00000000000021 -0.04334891334315041
34.10000000000021 -0.04334890176054057
34.20000000000022 -0.0433488757289253
34.30000000000022 -0.04334885482327826
34.40000000000022 -0.04334885045337424
34.50000000000022 -0.04334885255721892
34.60000000000022 -0.04334885044333894
34.70000000000022 -0.04334885483357249
34.80000000000022 -0.04334887576167233
34.90000000000023 -0.04334890178674358
35.00000000000023 -0.04334891334110492
35.10000000000023 -0.04334890175798491
35.20000000000023 -0.04334887573026865
35.30000000000023 -0.04334885482923323
35.40000000000023 -0.04334885046446402
35.50000000000023 -0.0433488525777002
35.60000000000024 -0.04334885047680934
35.70000000000024 -0.04334885487628764
35.80000000000024 -0.04334887580618321
35.90000000000024 -0.04334890182749351
36.00000000000024 -0.04334891337344308
36.10000000000024 -0.04334890177523787
36.20000000000024 -0.04334887572519943
36.30000000000025 -0.04334885480078075
36.40000000000025 -0.04334885041934014
36.50000000000025 -0.04334885251762375
36.60000000000025 -0.04334885039552583
36.70000000000025 -0.04334885477908736
36.80000000000025 -0.04334887571198962
36.90000000000025 -0.04334890175235205
37.00000000000026 -0.04334891332683778
37.10000000000026 -0.04334890176629728
37.20000000000026 -0.04334887576072698
37.30000000000026 -0.04334885487385229
37.40000000000026 -0.04334885051194112
37.50000000000026 -0.0433488526265304
37.60000000000026 -0.0433488505294878
37.70000000000027 -0.0433488549228104
37.80000000000027 -0.04334887583291064
37.90000000000027 -0.04334890183030818
38.00000000000027 -0.04334891335207705
38.10000000000027 -0.0433489017242934
38.20000000000027 -0.04334887563816157
38.30000000000027 -0.0433488546851651
38.40000000000028 -0.0433488502993193
38.50000000000028 -0.04334885240809255
38.60000000000028 -0.04334885029258219
38.70000000000028 -0.04334885468875906
38.80000000000028 -0.04334887565230117
38.90000000000028 -0.04334890172863644
39.00000000000028 -0.04334891332712235
39.10000000000029 -0.04334890177276943
39.20000000000029 -0.04334887575906077
39.30000000000029 -0.04334885485771982
39.40000000000029 -0.04334885048238102
39.50000000000029 -0.04334885258458485
39.60000000000029 -0.04334885047406066
39.70000000000029 -0.04334885485898813
39.8000000000003 -0.0433488757707809
39.9000000000003 -0.04334890177478192
40.0000000000003 -0.04334891330022729
40.1000000000003 -0.04334890167048584
40.2000000000003 -0.04334887558054225
40.3000000000003 -0.04334885462908124
40.4000000000003 -0.04334885025305046
40.50000000000031 -0.04334885237426613
40.60000000000031 -0.04334885026980051
40.70000000000031 -0.04334885467857053
40.80000000000031 -0.04334887565497612
40.90000000000031 -0.04334890173693059
41.00000000000031 -0.04334891332707997
41.10000000000031 -0.04334890174842181
41.20000000000032 -0.04334887570118091
41.30000000000032 -0.04334885477365083
41.40000000000032 -0.04334885038960472
41.50000000000032 -0.04334885248757715
41.60000000000032 -0.04334885036944944
41.70000000000032 -0.04334885476214892
41.80000000000032 -0.04334887570343233
41.90000000000033 -0.04334890174092964
42.00000000000033 -0.04334891329116221
42.10000000000033 -0.04334890168035768
42.20000000000033 -0.04334887561026298
42.30000000000033 -0.04334885467676571
42.40000000000033 -0.04334885030601873
42.50000000000033 -0.0433488524208568
42.60000000000034 -0.04334885031210289
42.70000000000034 -0.04334885471823957
42.80000000000034 -0.04334887568317637
42.90000000000034 -0.04334890174525536
43.00000000000034 -0.04334891331463227
43.10000000000034 -0.04334890171985715
43.20000000000034 -0.04334887566515699
43.30000000000035 -0.04334885474140522
43.40000000000035 -0.0433488503676772
43.50000000000035 -0.04334885247299192
43.60000000000035 -0.04334885036037956
43.70000000000035 -0.04334885476395882
43.80000000000035 -0.04334887571813621
43.90000000000035 -0.04334890176408748
44.00000000000036 -0.04334891331976862
44.10000000000036 -0.04334890171755636
44.20000000000036 -0.04334887566158897
44.30000000000036 -0.04334885474063997
44.40000000000036 -0.04334885037023421
44.50000000000036 -0.04334885247651003
44.60000000000036 -0.04334885036318407
44.70000000000037 -0.04334885476637027
44.80000000000037 -0.04334887572079755
44.90000000000037 -0.04334890176830237
45.00000000000037 -0.04334891332958557
45.10000000000037 -0.04334890173993577
45.20000000000037 -0.04334887570205492
45.30000000000037 -0.04334885479603041
45.40000000000038 -0.04334885042915951
45.50000000000038 -0.04334885253273939
45.60000000000038 -0.04334885041818541
45.70000000000038 -0.04334885481479233
45.80000000000038 -0.04334887575246345
45.90000000000038 -0.04334890178149381
46.00000000000038 -0.04334891333167974
46.10000000000039 -0.04334890174004408
46.20000000000039 -0.04334887570586944
46.30000000000039 -0.04334885480487617
46.40000000000039 -0.0433488504432974
46.50000000000039 -0.04334885255562653
46.60000000000039 -0.04334885045306128
46.70000000000039 -0.0433488548582571
46.8000000000004 -0.04334887579767011
46.9000000000004 -0.0433489018239773
47.0000000000004 -0.04334891336904562
47.1000000000004 -0.04334890176893162
47.2000000000004 -0.04334887572144282
47.3000000000004 -0.04334885480441225
47.4000000000004 -0.04334885042831317
47.50000000000041 -0.04334885252547881
47.60000000000041 -0.04334885040270696
47.70000000000041 -0.04334885479044621
47.80000000000041 -0.04334887572600786
47.90000000000041 -0.04334890176289807
48.00000000000041 -0.04334891333052692
48.10000000000041 -0.04334890176535978
48.20000000000041 -0.04334887576163571
48.30000000000042 -0.04334885488223138
48.40000000000042 -0.04334885052614165
48.50000000000042 -0.04334885264044296
48.60000000000042 -0.04334885054339033
48.70000000000042 -0.04334885494095359
48.80000000000042 -0.04334887585358996
48.90000000000042 -0.04334890184805153
49.00000000000043 -0.043348913365019
49.10000000000043 -0.04334890173667826
49.20000000000043 -0.04334887565752083
49.30000000000043 -0.04334885471527755
49.40000000000043 -0.04334885033473675
49.50000000000043 -0.04334885244130106
49.60000000000043 -0.04334885032457112
49.70000000000044 -0.04334885472191521
49.80000000000044 -0.04334887568193845
49.90000000000044 -0.04334890174915423
50.00000000000044 -0.04334891333899356
50.10000000000044 -0.04334890178273337
50.20000000000044 -0.04334887577604708
50.30000000000044 -0.04334885488594924
50.40000000000045 -0.04334885051697308
50.50000000000045 -0.04334885261909293
50.60000000000045 -0.0433488505095018
50.70000000000045 -0.04334885489626863
50.80000000000045 -0.04334887580400631
50.90000000000045 -0.04334890179808378
51.00000000000045 -0.04334891331378052
51.10000000000046 -0.0433489016798713
51.20000000000046 -0.04334887559298564
51.30000000000046 -0.04334885464820791
51.40000000000046 -0.04334885027566997
51.50000000000046 -0.04334885239570366
51.60000000000046 -0.04334885029075165
51.70000000000046 -0.04334885470023009
51.80000000000047 -0.04334887567385695
51.90000000000047 -0.04334890174915076
52.00000000000047 -0.04334891333290147
52.10000000000047 -0.04334890175224353
52.20000000000047 -0.0433488757086327
52.30000000000047 -0.0433488547871525
52.40000000000047 -0.04334885040619384
52.50000000000048 -0.04334885250384712
52.60000000000048 -0.04334885038617498
52.70000000000048 -0.04334885477942881
52.80000000000048 -0.04334887571745558
52.90000000000048 -0.04334890174795118
53.00000000000048 -0.04334891329028639
53.10000000000048 -0.04334890167301428
53.20000000000049 -0.04334887559918684
53.30000000000049 -0.0433488546651121
53.40000000000049 -0.04334885029564473
53.50000000000049 -0.04334885241128545
53.60000000000049 -0.04334885030300416
53.70000000000049 -0.04334885471122218
53.80000000000049 -0.04334887567904859
53.9000000000005 -0.04334890174214931
54.0000000000005 -0.04334891330946124
54.1000000000005 -0.04334890171037937
54.2000000000005 -0.04334887565126791
54.3000000000005 -0.04334885472531226
54.4000000000005 -0.04334885035180924
54.5000000000005 -0.04334885245736713
54.60000000000051 -0.0433488503447752
54.70000000000051 -0.04334885475092633
54.80000000000051 -0.04334887570961082
54.90000000000051 -0.04334890175783492
55.00000000000051 -0.04334891331063909
55.10000000000051 -0.04334890170068029
55.20000000000051 -0.04334887563559093
55.30000000000052 -0.0433488547094476
55.40000000000052 -0.04334885033936547
55.50000000000052 -0.04334885244628142
55.60000000000052 -0.04334885033227069
55.70000000000052 -0.04334885473957432
55.80000000000052 -0.04334887570329786
55.90000000000052 -0.04334890175801168
56.00000000000053 -0.04334891331934807
56.10000000000053 -0.04334890172347051
56.20000000000053 -0.04334887567823395
56.30000000000053 -0.04334885476941634
56.40000000000053 -0.04334885040425946
56.50000000000053 -0.04334885250819196
56.60000000000053 -0.04334885039327701
56.70000000000054 -0.04334885479561953
56.80000000000054 -0.04334887574308298
56.90000000000054 -0.04334890177737514
57.00000000000054 -0.04334891332405764
57.10000000000054 -0.04334890172248318
57.20000000000054 -0.04334887567850623
57.30000000000054 -0.0433488547743311
57.40000000000055 -0.04334885041486662
57.50000000000055 -0.04334885252645617
57.60000000000055 -0.04334885042187026
57.70000000000055 -0.04334885483322282
57.80000000000055 -0.04334887578446411
57.90000000000055 -0.04334890181802138
58.00000000000055 -0.04334891336203505
58.10000000000056 -0.04334890175686187
58.20000000000056 -0.04334887570735035
58.30000000000056 -0.0433488547944943
58.40000000000056 -0.04334885042312524
58.50000000000056 -0.04334885251905663
58.60000000000056 -0.04334885039499826
58.70000000000056 -0.04334885478834522
58.80000000000057 -0.0433488757303101
58.90000000000057 -0.04334890176661355
59.00000000000057 -0.04334891332704058
59.10000000000057 -0.04334890175381929
59.20000000000057 -0.04334887574749907
59.30000000000057 -0.0433488548728051
59.40000000000057 -0.04334885052214102
59.50000000000058 -0.04334885263581019
59.60000000000058 -0.04334885053800297
59.70000000000058 -0.04334885494144358
59.80000000000058 -0.0433488758606328
59.90000000000058 -0.0433489018554838
60.00000000000058 -0.04334891336837423
60.10000000000058 -0.04334890173793118
60.20000000000059 -0.04334887566350793
60.30000000000059 -0.04334885473077537
60.40000000000059 -0.04334885035555242
60.50000000000059 -0.04334885245978116
60.60000000000059 -0.04334885034155683
60.70000000000059 -0.04334885474138307
60.80000000000059 -0.04334887570068555
60.9000000000006 -0.04334890176134486
61.0000000000006 -0.04334891334391275
61.1000000000006 -0.04334890178605931
61.2000000000006 -0.04334887578622657
61.3000000000006 -0.04334885490733065
61.4000000000006 -0.04334885054494859
61.5000000000006 -0.04334885264709535
61.60000000000061 -0.04334885053851589
61.70000000000061 -0.04334885492782087
61.80000000000061 -0.04334887583291223
61.90000000000061 -0.04334890181886181
62.00000000000061 -0.04334891332689612
62.10000000000061 -0.04334890169122502
62.20000000000061 -0.04334887560987642
62.30000000000062 -0.04334885467363091
62.40000000000062 -0.04334885030523828
62.50000000000062 -0.04334885242411515
62.60000000000062 -0.04334885031887491
62.70000000000062 -0.04334885472894167
62.80000000000062 -0.0433488756989884
62.90000000000062 -0.0433489017670356
63.00000000000063 -0.04334891334508827
63.10000000000063 -0.043348901764796
63.20000000000063 -0.04334887572831566
63.30000000000063 -0.04334885481597475
63.40000000000063 -0.04334885043928847
63.50000000000063 -0.0433488525365742
63.60000000000063 -0.04334885041954986
63.70000000000064 -0.04334885481291203
63.80000000000064 -0.04334887574557199
63.90000000000064 -0.04334890176651287
64.00000000000064 -0.04334891329987108
64.10000000000063 -0.04334890167758464
64.20000000000063 -0.04334887560367598
64.30000000000062 -0.04334885467276303
64.40000000000062 -0.04334885030592862
64.50000000000061 -0.04334885242189589
64.60000000000061 -0.04334885031399679
64.7000000000006 -0.04334885472358682
64.80000000000059 -0.04334887569120776
64.90000000000059 -0.04334890175107223
65.00000000000058 -0.04334891331341614
65.10000000000058 -0.04334890171006518
65.20000000000057 -0.04334887564936506
65.30000000000057 -0.04334885472455946
65.40000000000056 -0.04334885035244893
65.50000000000055 -0.04334885245767162
65.60000000000055 -0.04334885034494887
65.70000000000054 -0.04334885475286296
65.80000000000054 -0.04334887571277837
65.90000000000053 -0.04334890175876412
66.00000000000053 -0.0433489133054137
66.10000000000052 -0.04334890168704814
66.20000000000051 -0.04334887561442936
66.30000000000051 -0.04334885468498373
66.4000000000005 -0.04334885031564292
66.5000000000005 -0.04334885242286234
66.60000000000049 -0.04334885030823633
66.70000000000049 -0.04334885471877799
66.80000000000048 -0.04334887568903528
66.90000000000047 -0.04334890174775906
67.00000000000047 -0.04334891330717844
67.10000000000046 -0.04334890170464452
67.20000000000046 -0.04334887565223251
67.30000000000045 -0.0433488547402725
67.40000000000045 -0.04334885037615021
67.50000000000044 -0.04334885248059684
67.60000000000043 -0.04334885036570364
67.70000000000043 -0.04334885477284686
67.80000000000042 -0.04334887572851327
67.90000000000042 -0.04334890176740584
68.00000000000041 -0.04334891331105348
68.10000000000041 -0.04334890169996018
68.2000000000004 -0.04334887564514611
68.3000000000004 -0.04334885473534929
68.40000000000039 -0.04334885037643422
68.50000000000038 -0.0433488524879467
68.60000000000038 -0.04334885038191424
68.70000000000037 -0.04334885479859998
68.80000000000037 -0.04334887576158177
68.90000000000036 -0.0433489018042731
69.00000000000036 -0.04334891334968575
69.10000000000035 -0.04334890174018602
69.20000000000034 -0.04334887568641203
69.30000000000034 -0.04334885477394098
69.40000000000033 -0.04334885040549235
69.50000000000033 -0.04334885250115587
69.60000000000032 -0.04334885037638479
69.70000000000032 -0.04334885477514873
69.80000000000031 -0.04334887572524485
69.9000000000003 -0.04334890176465085
70.0000000000003 -0.04334891332087337
70.10000000000029 -0.04334890173952115
70.20000000000029 -0.04334887572720292
70.30000000000028 -0.04334885485309041
70.40000000000028 -0.04334885050634248
70.50000000000027 -0.04334885261996901
70.60000000000026 -0.04334885052135652
70.70000000000026 -0.04334885493122798
70.80000000000025 -0.04334887586024748
70.90000000000025 -0.04334890185978832
71.00000000000024 -0.04334891337083854
71.10000000000024 -0.04334890173713053
71.20000000000023 -0.04334887566404495
71.30000000000022 -0.04334885473807253
71.40000000000022 -0.04334885036773439
71.50000000000021 -0.04334885246970299
71.60000000000021 -0.04334885034948337
71.7000000000002 -0.04334885475317993
71.8000000000002 -0.04334887571551022
71.90000000000019 -0.04334890177270932
72.00000000000018 -0.04334891334809083
72.10000000000018 -0.04334890178596107
72.20000000000017 -0.0433488757897912
72.30000000000017 -0.04334885492086649
72.40000000000016 -0.04334885056555773
72.50000000000016 -0.04334885266724181
72.60000000000015 -0.04334885055878143
72.70000000000014 -0.0433488549524619
72.80000000000014 -0.04334887585852035
72.90000000000013 -0.0433489018382885
73.00000000000013 -0.04334891333780173
73.10000000000012 -0.04334890169824437
73.20000000000012 -0.04334887562140396
73.30000000000011 -0.04334885469472691
73.40000000000011 -0.04334885033162913
73.5000000000001 -0.04334885244850373
73.60000000000009 -0.04334885034215227
73.70000000000009 -0.04334885475422425
73.80000000000008 -0.04334887572240188
73.90000000000008 -0.04334890178304201
74.00000000000007 -0.04334891335394195
74.10000000000007 -0.04334890177320821
74.20000000000006 -0.04334887574501954
74.30000000000005 -0.04334885484427223
74.40000000000005 -0.04334885047320296
74.50000000000004 -0.04334885256959284
74.60000000000004 -0.04334885045299547
74.70000000000003 -0.04334885484708761
74.80000000000003 -0.04334887577409384
74.90000000000002 -0.04334890178419419
75.00000000000001 -0.04334891330804912
75.10000000000001 -0.04334890168239491
75.2 -0.04334887561193844
75.3 -0.0433488546874575
75.39999999999999 -0.04334885032425695
75.49999999999999 -0.04334885244033289
75.59999999999998 -0.04334885033313403
75.69999999999997 -0.0433488547435119
75.79999999999997 -0.04334887570839666
75.89999999999996 -0.04334890176263589
75.99999999999996 -0.04334891332018957
76.09999999999995 -0.0433489017158107
76.19999999999995 -0.04334887565818639
76.29999999999994 -0.04334885473778618
76.39999999999993 -0.04334885036770524
76.49999999999993 -0.04334885247278845
76.59999999999992 -0.04334885036063234
76.69999999999992 -0.04334885476886875
76.79999999999991 -0.04334887572618754
76.89999999999991 -0.04334890176696038
76.9999999999999 -0.0433489133077015
77.09999999999989 -0.04334890168420239
77.19999999999989 -0.04334887560828091
77.29999999999988 -0.0433488546780947
77.39999999999988 -0.04334885030979815
77.49999999999987 -0.04334885241763032
77.59999999999987 -0.04334885030306973
77.69999999999986 -0.04334885471519309
77.79999999999986 -0.04334887568806583
77.89999999999985 -0.04334890174761181
77.99999999999984 -0.0433489133044685
78.09999999999984 -0.04334890169683214
78.19999999999983 -0.04334887563947074
78.29999999999983 -0.04334885472561001
78.39999999999982 -0.04334885036251587
78.49999999999982 -0.04334885246760342
78.59999999999981 -0.04334885035302063
78.6999999999998 -0.04334885476368457
78.7999999999998 -0.04334887572476457
78.89999999999979 -0.0433489017656168
78.99999999999979 -0.04334891330465131
79.09999999999978 -0.04334890168339058
79.19999999999978 -0.04334887561751254
79.29999999999977 -0.04334885470184863
79.39999999999976 -0.04334885034318392
79.49999999999976 -0.04334885245451266
79.59999999999975 -0.04334885034690672
79.69999999999975 -0.04334885476830279
79.79999999999974 -0.0433488757419087
79.89999999999974 -0.04334890179227766
79.99999999999973 -0.04334891333723312
80.09999999999972 -0.04334890172110761
80.19999999999972 -0.04334887566062766
80.29999999999971 -0.043348854746696
80.39999999999971 -0.04334885038050112
80.4999999999997 -0.04334885247586235
80.5999999999997 -0.04334885035020269
80.69999999999969 -0.04334885475454466
80.79999999999968 -0.04334887571359942
80.89999999999968 -0.04334890175668307
80.99999999999967 -0.04334891330792337
81.09999999999967 -0.04334890171589266
81.19999999999966 -0.04334887569380528
81.29999999999966 -0.04334885481695901
81.39999999999965 -0.04334885047288936
81.49999999999964 -0.04334885258654796
81.59999999999964 -0.04334885048691155
81.69999999999963 -0.04334885490370961
81.79999999999963 -0.04334887584491934
81.89999999999962 -0.04334890185206138
81.99999999999962 -0.04334891336269664
82.09999999999961 -0.04334890172457059
82.1999999999996 -0.04334887564942423
82.2999999999996 -0.04334885472663638
82.39999999999959 -0.04334885035986923
82.49999999999959 -0.04334885246005181
82.59999999999958 -0.04334885033796763
82.69999999999958 -0.04334885474624585
82.79999999999957 -0.04334887571459306
82.89999999999957 -0.04334890177243415
82.99999999999956 -0.04334891334338471
83.09999999999955 -0.04334890177680105
83.19999999999955 -0.04334887578134482
83.29999999999954 -0.0433488549189768
83.39999999999954 -0.0433488505695969
83.49999999999953 -0.04334885267141629
83.59999999999953 -0.04334885056320978
83.69999999999952 -0.04334885496212187
83.79999999999951 -0.04334887587256589
83.89999999999951 -0.04334890185083232
83.9999999999995 -0.04334891334527605
84.0999999999995 -0.04334890170273074
84.19999999999949 -0.04334887562913668
84.29999999999949 -0.0433488547104369
84.39999999999948 -0.04334885035229943
84.49999999999947 -0.04334885246743016
84.59999999999947 -0.04334885035986891
84.69999999999946 -0.04334885477477515
84.79999999999946 -0.04334887574360262
84.89999999999945 -0.04334890179966065
84.99999999999945 -0.04334891336504348
85.09999999999944 -0.0433489017841077
85.19999999999943 -0.04334887576401236
85.29999999999943 -0.04334885487530975
85.39999999999942 -0.04334885051063608
85.49999999999942 -0.04334885260599583
85.59999999999941 -0.0433488504894684
85.69999999999941 -0.04334885488528104
85.7999999999994 -0.04334887580822881
85.89999999999939 -0.04334890180808314
85.99999999999939 -0.04334891332191041
86.09999999999938 -0.04334890169252351
86.19999999999938 -0.04334887562673042
86.29999999999937 -0.04334885471128824
86.39999999999937 -0.04334885035328864
86.49999999999936 -0.04334885246870369
86.59999999999935 -0.04334885036156438
86.69999999999935 -0.04334885477345818
86.79999999999934 -0.0433488757354689
86.89999999999934 -0.0433489017819377
86.99999999999933 -0.04334891333209963
87.09999999999933 -0.04334890172598092
87.19999999999932 -0.04334887567380373
87.29999999999932 -0.04334885476171887
87.39999999999931 -0.04334885039552937
87.4999999999993 -0.04334885249957121
87.5999999999993 -0.04334885038749987
87.69999999999929 -0.04334885479623354
87.79999999999929 -0.04334887574908684
87.89999999999928 -0.04334890178082394
87.99999999999928 -0.04334891331261272
88.09999999999927 -0.04334890168405515
88.19999999999926 -0.0433488756081814
88.29999999999926 -0.04334885468125162
88.39999999999925 -0.04334885031539711
88.49999999999925 -0.04334885242324422
88.59999999999924 -0.04334885030878968
88.69999999999924 -0.04334885472185584
88.79999999999923 -0.04334887569402729
88.89999999999922 -0.04334890175020419
88.99999999999922 -0.04334891330248281
89.09999999999921 -0.04334890169113696
89.19999999999921 -0.04334887563235479
89.2999999999992 -0.04334885471933506
89.3999999999992 -0.04334885035765825
89.49999999999919 -0.04334885246337175
89.59999999999918 -0.04334885034967893
89.69999999999918 -0.04334885476242577
89.79999999999917 -0.04334887572506753
89.89999999999917 -0.04334890176473896
89.99999999999916 -0.04334891329904953
90.09999999999916 -0.04334890167017168
90.19999999999915 -0.0433488755961315
90.29999999999914 -0.04334885467552579
90.39999999999914 -0.04334885031652292
90.49999999999913 -0.04334885242819785
90.59999999999913 -0.04334885031989102
90.69999999999912 -0.04334885474416621
90.79999999999912 -0.04334887572499262
90.89999999999911 -0.04334890178141784
90.9999999999991 -0.0433489133270277
91.0999999999991 -0.04334890170650564
91.19999999999909 -0.04334887564034614
91.29999999999909 -0.04334885472388915
91.39999999999908 -0.04334885035878867
91.49999999999908 -0.04334885245468888
91.59999999999907 -0.0433488503289685
91.69999999999906 -0.04334885473751657
91.79999999999906 -0.0433488757038689
91.89999999999905 -0.04334890175075214
91.99999999999905 -0.04334891329826561
92.09999999999904 -0.04334890169600081
92.19999999999904 -0.04334887566257029
92.29999999999903 -0.04334885478027878
92.39999999999903 -0.04334885043751366
92.49999999999902 -0.0433488525517168
92.59999999999901 -0.04334885045119377
92.69999999999901 -0.04334885487439867
92.799999999999 -0.04334887582841815
92.899999999999 -0.04334890184476534
92.99999999999899 -0.04334891335566784
93.09999999999899 -0.04334890171153266
93.19999999999898 -0.04334887563087383
93.29999999999897 -0.04334885470813055
93.39999999999897 -0.04334885034399588
93.49999999999896 -0.0433488524425645
93.59999999999896 -0.0433488503182929
93.69999999999895 -0.043348854731809
93.79999999999895 -0.0433488757087006
93.89999999999894 -0.04334890176942002
93.99999999999893 -0.04334891333550662
94.09999999999893 -0.04334890176093807
94.19999999999892 -0.04334887576128005
94.29999999999892 -0.04334885490208833
94.39999999999891 -0.04334885055800242
94.49999999999891 -0.04334885265976114
94.5999999999989 -0.04334885055107918
94.69999999999889 -0.04334885495674216
94.79999999999889 -0.04334887587561877
94.89999999999888 -0.04334890185561767
94.99999999999888 -0.04334891334500453
95.09999999999887 -0.04334890169649502
95.19999999999887 -0.04334887562225362
95.29999999999886 -0.04334885470921437
95.39999999999885 -0.04334885035577621
95.49999999999885 -0.04334885246880757
95.59999999999884 -0.04334885035936657
95.69999999999884 -0.04334885477870633
95.79999999999883 -0.04334887575188179
95.89999999999883 -0.04334890180629819
95.99999999999882 -0.04334891336667576
96.09999999999881 -0.04334890178396968
96.19999999999881 -0.04334887576977705
96.2999999999988 -0.04334885489191161
96.3999999999988 -0.04334885053368543
96.49999999999879 -0.04334885262796877
96.59999999999879 -0.04334885051129508
96.69999999999878 -0.04334885491013078
96.79999999999878 -0.04334887583182652
96.89999999999877 -0.0433489018241563
96.99999999999876 -0.04334891332971211
97.09999999999876 -0.04334890169750738
97.19999999999875 -0.04334887563689046
97.29999999999875 -0.04334885473090563
97.39999999999874 -0.04334885037839659
97.49999999999874 -0.04334885249318618
97.59999999999873 -0.04334885038619479
97.69999999999872 -0.04334885480010485
97.79999999999872 -0.0433488757601081
97.89999999999871 -0.04334890180002321
97.99999999999871 -0.04334891334454483
98.0999999999987 -0.04334890173903981
98.1999999999987 -0.04334887569491546
98.29999999999869 -0.04334885479315947
98.39999999999868 -0.04334885043162054
98.49999999999868 -0.04334885253471064
98.59999999999867 -0.0433488504229687
98.69999999999867 -0.04334885483203718
98.79999999999866 -0.04334887577946506
98.89999999999866 -0.0433489018013961
98.99999999999865 -0.04334891332484263
99.09999999999864 -0.04334890169367447
99.19999999999864 -0.04334887562158469
99.29999999999863 -0.04334885470122027
99.39999999999863 -0.04334885033901422
99.49999999999862 -0.04334885244673269
99.59999999999862 -0.0433488503325368
99.69999999999861 -0.04334885474599692
99.7999999999986 -0.04334887571504116
99.8999999999986 -0.04334890176486032
99.99999999999859 -0.04334891331108839
100.0999999999986 -0.04334890169721649
