0 -0.04334891335565252
0.1 -0.04335170599448226
0.2 -0.04335968198350731
0.3 -0.04337101314231254
0.4 -0.04338152203552858
0.5 -0.04338585034526524
0.6 -0.0433814084731706
0.7 -0.04337084308734006
0.7999999999999999 -0.04335951786050938
0.8999999999999999 -0.04335157905158821
0.9999999999999999 -0.04334882402041952
1.1 -0.04335163611057358
1.2 -0.04335960422184974
1.3 -0.04337090276103603
1.4 -0.04338137693657855
1.5 -0.04338570047573133
1.6 -0.04338128735068781
1.7 -0.04337074660080649
1.8 -0.04335940356263059
1.900000000000001 -0.04335140012893078
2 -0.04334856106780581
2.100000000000001 -0.04335132029506465
2.200000000000001 -0.04335933829229393
2.300000000000001 -0.04337085535603932
2.400000000000001 -0.04338169566221042
2.500000000000001 -0.04338636540961159
2.600000000000001 -0.04338208524321465
2.700000000000001 -0.04337144883063663
2.800000000000001 -0.04335992122751865
2.900000000000001 -0.04335174603748303
3.000000000000001 -0.04334871742127806
3.100000000000001 -0.0433511393809108
3.200000000000002 -0.04335853545877244
3.300000000000002 -0.04336916547200945
3.400000000000002 -0.04337920068782811
3.500000000000002 -0.04338368087732503
3.600000000000002 -0.04337998450803707
3.700000000000002 -0.04337024082060779
3.800000000000002 -0.0433593512378805
3.900000000000002 -0.0433513938736135
4.000000000000002 -0.04334835700958463
4.100000000000001 -0.04335089241528776
4.200000000000001 -0.04335890722837322
4.300000000000001 -0.04337089488513988
4.4 -0.0433827230352658
4.5 -0.04338845847961171
4.6 -0.04338464457689167
4.699999999999999 -0.04337366366718372
4.799999999999999 -0.04336136316354889
4.899999999999999 -0.04335241964313253
4.999999999999998 -0.04334877096247382
5.099999999999998 -0.04335065214391986
5.199999999999998 -0.04335750116335898
5.299999999999997 -0.0433676361303871
5.399999999999997 -0.04337747767976127
5.499999999999996 -0.04338230176117287
5.599999999999996 -0.04337937303571884
5.699999999999996 -0.04337038964560705
5.799999999999995 -0.04335992644046539
5.899999999999995 -0.0433520429986358
5.999999999999995 -0.0433488661459111
6.099999999999994 -0.04335117982717194
6.199999999999994 -0.04335899183260838
6.299999999999994 -0.04337089746010312
6.399999999999993 -0.04338284127056161
6.499999999999993 -0.04338883417127223
6.599999999999993 -0.04338521735924886
6.699999999999992 -0.0433742242682158
6.799999999999992 -0.04336174613927671
6.899999999999991 -0.04335259587732618
6.999999999999991 -0.04334881727983311
7.099999999999991 -0.04335071157375016
7.19999999999999 -0.04335776898070252
7.29999999999999 -0.04336831441564826
7.39999999999999 -0.04337863946195962
7.499999999999989 -0.04338375103158193
7.599999999999989 -0.04338072745307223
7.699999999999989 -0.04337137302531802
7.799999999999988 -0.04336052379839595
7.899999999999988 -0.04335238890828086
7.999999999999988 -0.04334906880250475
8.099999999999987 -0.04335121944682831
8.199999999999987 -0.04335869011667439
8.299999999999986 -0.04336998061360996
8.399999999999986 -0.04338117064264144
8.499999999999986 -0.04338668793294712
8.599999999999985 -0.04338321227993825
8.699999999999985 -0.04337282776633564
8.799999999999985 -0.0433609878951483
8.899999999999984 -0.04335224166191524
8.999999999999984 -0.04334864778149751
9.099999999999984 -0.04335065857684484
9.199999999999983 -0.0433579337837938
9.299999999999983 -0.04336890185306372
9.399999999999983 -0.0433797737148909
9.499999999999982 -0.04338525318100956
9.599999999999982 -0.04338214152079035
9.699999999999982 -0.04337230317001693
9.799999999999981 -0.04336087475850967
9.899999999999981 -0.04335227753748707
9.99999999999998 -0.04334862344159053
10.09999999999998 -0.04335047592348147
10.19999999999998 -0.04335761279886623
10.29999999999998 -0.04336858676386526
10.39999999999998 -0.04337968979707346
10.49999999999998 -0.04338555000425311
10.59999999999998 -0.04338273668860607
10.69999999999998 -0.04337294568839004
10.79999999999998 -0.04336135587325263
10.89999999999998 -0.0433525243376492
10.99999999999998 -0.04334864084978174
11.09999999999998 -0.04335027063704192
11.19999999999998 -0.04335718018181836
11.29999999999998 -0.04336796788330522
11.39999999999998 -0.04337904498911642
11.49999999999998 -0.04338512566065524
11.59999999999997 -0.04338268134180677
11.69999999999997 -0.04337318342741457
11.79999999999997 -0.04336168496142113
11.89999999999997 -0.04335278081047337
11.99999999999997 -0.04334875332801145
12.09999999999997 -0.0433502383435698
12.19999999999997 -0.04335705935604445
12.29999999999997 -0.0433678834154332
12.39999999999997 -0.04337916959949766
12.49999999999997 -0.04338556603290823
12.59999999999997 -0.04338335612961945
12.69999999999997 -0.04337387312940406
12.79999999999997 -0.04336220722982317
12.89999999999997 -0.04335307810570911
12.99999999999997 -0.04334885993073619
13.09999999999997 -0.04335023094859723
13.19999999999997 -0.04335704164252973
13.29999999999997 -0.04336797927339427
13.39999999999997 -0.04337947681936629
13.49999999999997 -0.04338607501633766
13.59999999999997 -0.04338393978953695
13.69999999999997 -0.04337440428550633
13.79999999999997 -0.04336266045722799
13.89999999999997 -0.04335349940929149
13.99999999999997 -0.0433492713260161
14.09999999999997 -0.0433505513001678
14.19999999999997 -0.0433570454600267
14.29999999999997 -0.04336734270555383
14.39999999999996 -0.04337799651653751
14.49999999999996 -0.04338396591685002
14.59999999999996 -0.04338180890708804
14.69999999999996 -0.04337277551050264
14.79999999999996 -0.04336162325651832
14.89999999999996 -0.04335284818066956
14.99999999999996 -0.04334883215502908
15.09999999999996 -0.04335039788640516
15.19999999999996 -0.04335756858016221
15.29999999999996 -0.04336911967719198
15.39999999999996 -0.04338132660899416
15.49999999999996 -0.04338830142593626
15.59999999999996 -0.04338588943089752
15.69999999999996 -0.04337561403463096
15.79999999999996 -0.04336313623396627
15.89999999999996 -0.04335350703253322
15.99999999999996 -0.04334903543854757
16.09999999999996 -0.04335012584012594
16.19999999999996 -0.04335632066602936
16.29999999999996 -0.0433661443459154
16.39999999999996 -0.04337628875223854
16.49999999999996 -0.0433820394801179
16.59999999999997 -0.04338017164683194
16.69999999999997 -0.04337176382414494
16.79999999999997 -0.0433611960056421
16.89999999999997 -0.04335273740360045
16.99999999999997 -0.04334876212276394
17.09999999999997 -0.0433501801807581
17.19999999999997 -0.04335712606717176
17.29999999999998 -0.04336852585826232
17.39999999999998 -0.04338082945177663
17.49999999999998 -0.04338819051504778
17.59999999999998 -0.04338622201283016
17.69999999999998 -0.04337613459014106
17.79999999999998 -0.04336351393315799
17.89999999999998 -0.04335355494469118
17.99999999999999 -0.04334872174448065
18.09999999999999 -0.04334951204985003
18.19999999999999 -0.04335556138370544
18.29999999999999 -0.04336553884659404
18.39999999999999 -0.0433762470776187
18.49999999999999 -0.04338283161476325
18.59999999999999 -0.04338163911865848
18.7 -0.04337340171524964
18.8 -0.04336254462274787
18.9 -0.04335359680142603
19 -0.04334909722499401
19.1 -0.04334994890448496
19.2 -0.04335621579641349
19.3 -0.04336686801771512
19.40000000000001 -0.04337865773537258
19.50000000000001 -0.04338615634436868
19.60000000000001 -0.04338501229482664
19.70000000000001 -0.0433759101800468
19.80000000000001 -0.04336389769969055
19.90000000000001 -0.04335407106252576
20.00000000000001 -0.04334909611332687
20.10000000000002 -0.04334971030883461
20.20000000000002 -0.04335575008117334
20.30000000000002 -0.04336604020914241
20.40000000000002 -0.04337738762006123
20.50000000000002 -0.0433846424675399
20.60000000000002 -0.04338370123233309
20.70000000000002 -0.04337514546787579
20.80000000000003 -0.04336367924633352
20.90000000000003 -0.04335417723144503
21.00000000000003 -0.04334931421458889
21.10000000000003 -0.04334995044332075
21.20000000000003 -0.04335605203818761
21.30000000000003 -0.0433665214173525
21.40000000000003 -0.04337812846816496
21.50000000000004 -0.04338555188863855
21.60000000000004 -0.04338452748857562
21.70000000000004 -0.04337568239287071
21.80000000000004 -0.04336391744188552
21.90000000000004 -0.0433542402802495
22.00000000000004 -0.04334932277940797
22.10000000000004 -0.04334994848369121
22.20000000000005 -0.04335599091994778
22.30000000000005 -0.04336627979954305
22.40000000000005 -0.0433775918597948
22.50000000000005 -0.04338474431116468
22.60000000000005 -0.04338365343964017
22.70000000000005 -0.0433749717729512
22.80000000000005 -0.04336345281680048
22.90000000000006 -0.04335396234275819
23.00000000000006 -0.04334913829701921
23.10000000000006 -0.04334980875030668
23.20000000000006 -0.04335592042347172
23.30000000000006 -0.04336637086805403
23.40000000000006 -0.04337794664593587
23.50000000000006 -0.04338535985807317
23.60000000000007 -0.04338436018324254
23.70000000000007 -0.0433755416145041
23.80000000000007 -0.04336375765409889
23.90000000000007 -0.04335399922599553
24.00000000000007 -0.04334895356495362
24.10000000000007 -0.04334943914681205
24.20000000000007 -0.04335539245167409
24.30000000000008 -0.04336574551479257
24.40000000000008 -0.04337736743453192
24.50000000000008 -0.04338502233942802
24.60000000000008 -0.0433843748205729
24.70000000000008 -0.04337584185080911
24.80000000000008 -0.04336417999511311
24.90000000000008 -0.04335440483526148
25.00000000000009 -0.04334924460118698
25.10000000000009 -0.04334949872254321
25.20000000000009 -0.04335504140950622
25.30000000000009 -0.04336479655902914
25.40000000000009 -0.04337581349333346
25.50000000000009 -0.04338321458221787
25.60000000000009 -0.04338287096479732
25.7000000000001 -0.0433749576295007
25.8000000000001 -0.04336379038126206
25.9000000000001 -0.04335418278526535
26.0000000000001 -0.04334896645579922
26.1000000000001 -0.04334919475304274
26.2000000000001 -0.04335505052114293
26.3000000000001 -0.04336572758870492
26.40000000000011 -0.04337823300425048
26.50000000000011 -0.04338704160613414
26.60000000000011 -0.04338712400553954
26.70000000000011 -0.04337846217600337
26.80000000000011 -0.04336606693360985
26.90000000000011 -0.04335546717867623
27.00000000000011 -0.04334965160510731
27.10000000000012 -0.04334938747407924
27.20000000000012 -0.0433544129460763
27.30000000000012 -0.0433635933308805
27.40000000000012 -0.043374124973328
27.50000000000012 -0.04338144191060085
27.60000000000012 -0.04338157261997448
27.70000000000012 -0.04337443786446164
27.80000000000013 -0.04336392783499358
27.90000000000013 -0.04335465062896091
28.00000000000013 -0.0433494927264018
28.10000000000013 -0.04334965102419429
28.20000000000013 -0.04335543589437119
28.30000000000013 -0.0433661339074832
28.40000000000013 -0.04337878230393079
28.50000000000014 -0.04338776653180967
28.60000000000014 -0.04338788631127267
28.70000000000014 -0.04337905275518159
28.80000000000014 -0.04336638170484448
28.90000000000014 -0.04335554514050169
29.00000000000014 -0.04334960151094361
29.10000000000014 -0.04334933424087837
29.20000000000014 -0.04335449157167259
29.30000000000015 -0.04336393949735937
29.40000000000015 -0.04337480947415671
29.50000000000015 -0.04338237320173609
29.60000000000015 -0.04338250596038846
29.70000000000015 -0.04337515162491533
29.80000000000015 -0.04336437101225849
29.90000000000015 -0.04335490134458365
30.00000000000016 -0.04334962881605245
30.10000000000016 -0.04334965976805135
30.20000000000016 -0.04335517740734719
30.30000000000016 -0.04336536822709949
30.40000000000016 -0.04337733033299329
30.50000000000016 -0.04338577907542542
30.60000000000016 -0.04338589498513541
30.70000000000017 -0.04337757613680857
30.80000000000017 -0.04336553948183838
30.90000000000017 -0.04335512590277028
31.00000000000017 -0.04334934557031631
31.10000000000017 -0.04334910576940941
31.20000000000017 -0.04335432532533227
31.30000000000017 -0.04336402968309218
31.40000000000018 -0.04337540812308562
31.50000000000018 -0.04338355512415965
31.60000000000018 -0.04338398645553949
31.70000000000018 -0.04337644946399481
31.80000000000018 -0.04336516466726348
31.90000000000018 -0.0433551482408728
32.00000000000018 -0.04334941766643494
32.10000000000019 -0.04334904875771201
32.20000000000019 -0.04335415411163479
32.30000000000019 -0.04336394301519389
32.40000000000019 -0.04337571284911037
32.50000000000019 -0.04338444192068266
32.60000000000019 -0.04338529411258731
32.70000000000019 -0.04337775230192893
32.8000000000002 -0.04336612624522564
32.9000000000002 -0.04335569576334908
33.0000000000002 -0.04334962985693176
33.1000000000002 -0.04334899009756814
33.2000000000002 -0.04335380269109267
33.3000000000002 -0.04336322920197565
33.4000000000002 -0.04337465347210423
33.50000000000021 -0.04338327138656874
33.60000000000021 -0.04338438569283116
33.70000000000021 -0.0433773269772745
33.80000000000021 -0.04336610486386995
33.90000000000021 -0.04335584896608502
34.00000000000021 -0.0433497766540904
34.10000000000021 -0.04334907535626913
34.20000000000022 -0.04335390054112857
34.30000000000022 -0.04336352563406916
34.40000000000022 -0.04337536578880704
34.50000000000022 -0.04338445889825677
34.60000000000022 -0.04338580409841562
34.70000000000022 -0.04337857752769785
34.80000000000022 -0.0433669452707338
34.90000000000023 -0.04335628937737221
35.00000000000023 -0.0433499480714326
35.10000000000023 -0.04334909506700749
35.20000000000023 -0.04335382282780047
35.30000000000023 -0.04336334764668569
35.40000000000023 -0.04337506500300699
35.50000000000023 -0.04338405534413384
35.60000000000024 -0.04338539872352461
35.70000000000024 -0.0433783031878159
35.80000000000024 -0.04336687819498992
35.90000000000024 -0.04335642380721597
36.00000000000024 -0.04335022617253295
36.10000000000024 -0.04334942319540047
36.20000000000024 -0.04335405431393646
36.30000000000025 -0.04336327242095637
36.40000000000025 -0.04337448233129854
36.50000000000025 -0.04338295206261627
36.60000000000025 -0.04338405167273328
36.70000000000025 -0.04337708613777184
36.80000000000025 -0.04336596483096469
36.90000000000025 -0.04335574993081973
37.00000000000026 -0.04334967540639901
37.10000000000026 -0.04334900920148036
37.20000000000026 -0.04335402057150529
37.30000000000026 -0.04336407842780051
37.40000000000026 -0.04337655275865449
37.50000000000026 -0.04338618408505178
37.60000000000026 -0.04338759623721313
37.70000000000027 -0.04337993197753815
37.80000000000027 -0.04336770982160919
37.90000000000027 -0.04335662766731319
38.00000000000027 -0.04335005253829333
38.10000000000027 -0.04334898129291236
38.20000000000027 -0.04335326506530727
38.30000000000027 -0.04336194625455029
38.40000000000028 -0.04337252634890482
38.50000000000028 -0.04338062583086485
38.60000000000028 -0.04338195350424649
38.70000000000028 -0.04337572239050405
38.80000000000028 -0.04336538120408973
38.90000000000028 -0.04335563336635898
39.00000000000028 -0.04334965872458314
39.10000000000029 -0.04334883892843374
39.20000000000029 -0.04335359459763657
39.30000000000029 -0.04336347983913747
39.40000000000029 -0.04337608347775378
39.50000000000029 -0.04338623713058352
39.60000000000029 -0.04338830804611108
39.70000000000029 -0.04338099178985026
39.8000000000003 -0.04336863411416359
39.9000000000003 -0.04335711967633247
40.0000000000003 -0.04335005775907289
40.1000000000003 -0.04334856640527127
40.2000000000003 -0.0433525520755503
40.3000000000003 -0.04336115447444915
40.4000000000003 -0.04337202288906014
40.50000000000031 -0.04338080688078188
40.60000000000031 -0.04338293438459473
40.70000000000031 -0.04337718582239106
40.80000000000031 -0.04336683669205372
40.90000000000031 -0.04335675246456649
41.00000000000031 -0.0433503291420688
41.10000000000031 -0.04334902499648054
41.20000000000032 -0.04335322254720713
41.30000000000032 -0.04336245825264058
41.40000000000032 -0.04337447942371735
41.50000000000032 -0.04338446577351526
41.60000000000032 -0.04338699848757149
41.70000000000032 -0.04338050290041097
41.80000000000032 -0.04336881307164399
41.90000000000033 -0.04335757304680399
42.00000000000033 -0.0433504899855734
42.10000000000033 -0.04334888863307081
42.20000000000033 -0.04335285900193134
42.30000000000033 -0.0433616803369137
42.40000000000033 -0.04337303734873396
42.50000000000033 -0.04338238877837071
42.60000000000034 -0.04338478938863133
42.70000000000034 -0.04337881476218837
42.80000000000034 -0.04336792669632232
42.90000000000034 -0.04335732011458829
43.00000000000034 -0.04335055843859006
43.10000000000034 -0.04334908122646802
43.20000000000034 -0.04335317427127594
43.30000000000035 -0.04336227699376871
43.40000000000035 -0.04337409268620545
43.50000000000035 -0.04338386462280638
43.60000000000035 -0.04338632121846706
43.70000000000035 -0.04337996103235282
43.80000000000035 -0.04336852327503739
43.90000000000035 -0.04335750611823282
44.00000000000036 -0.04335055086763131
44.10000000000036 -0.04334899584139079
44.20000000000036 -0.04335296759917995
44.30000000000036 -0.04336176800599205
44.40000000000036 -0.04337308138414415
44.50000000000036 -0.04338235757910044
44.60000000000036 -0.04338466218554235
44.70000000000037 -0.04337860579837358
44.80000000000037 -0.04336767513563662
44.90000000000037 -0.04335705743761546
45.00000000000037 -0.04335029036868834
45.10000000000037 -0.04334879000644427
45.20000000000037 -0.04335283241150079
45.30000000000037 -0.04336187509107484
45.40000000000038 -0.04337367977500723
45.50000000000038 -0.0433835575507277
45.60000000000038 -0.04338622269689955
45.70000000000038 -0.0433800448298431
45.80000000000038 -0.0433686405394881
45.90000000000038 -0.04335749855512776
46.00000000000038 -0.04335032282073779
46.10000000000039 -0.04334851392703297
46.20000000000039 -0.04335225907517491
46.30000000000039 -0.04336096338654738
46.40000000000039 -0.04337245979257574
46.50000000000039 -0.0433822619998073
46.60000000000039 -0.04338523439948924
46.70000000000039 -0.04337961634108122
46.8000000000004 -0.04336871491030175
46.9000000000004 -0.0433578350149887
47.0000000000004 -0.04335069166069459
47.1000000000004 -0.04334875506807083
47.2000000000004 -0.04335225116811063
47.3000000000004 -0.04336061587951713
47.4000000000004 -0.04337178082804087
47.50000000000041 -0.04338144265976582
47.60000000000041 -0.04338458161199536
47.70000000000041 -0.04337930707027663
47.80000000000041 -0.0433686578507842
47.90000000000041 -0.04335780519627269
48.00000000000041 -0.04335053217472826
48.10000000000041 -0.0433484781348222
48.20000000000041 -0.04335207818768712
48.30000000000042 -0.04336098834901433
48.40000000000042 -0.04337322291904498
48.50000000000042 -0.04338414541318425
48.60000000000042 -0.04338800760789364
48.70000000000042 -0.04338247122137801
48.80000000000042 -0.04337092090597078
48.90000000000042 -0.04335918836311215
49.00000000000043 -0.04335136039833522
49.10000000000043 -0.04334893883229679
49.20000000000043 -0.04335199805854274
49.30000000000043 -0.04335982448784263
49.40000000000043 -0.04337035788131628
49.50000000000043 -0.04337955322262738
49.60000000000043 -0.04338273488425528
49.70000000000044 -0.04337804560598318
49.80000000000044 -0.04336816008798212
49.90000000000044 -0.04335787720386857
50.00000000000044 -0.0433508810936416
50.10000000000044 -0.04334891397361117
50.20000000000044 -0.04335256103093514
50.30000000000044 -0.04336159643662107
50.40000000000045 -0.04337406573804355
50.50000000000045 -0.04338521398842764
50.60000000000045 -0.0433890781811721
50.70000000000045 -0.04338324358594361
50.80000000000045 -0.04337126548086236
50.90000000000045 -0.04335919054669518
51.00000000000045 -0.04335118507495429
51.10000000000046 -0.04334872732754311
51.20000000000046 -0.04335185424976441
51.30000000000046 -0.04335983085727374
51.40000000000046 -0.04337056695006122
51.50000000000046 -0.0433799461437594
51.60000000000046 -0.04338320306205413
51.70000000000046 -0.04337845625689479
51.80000000000047 -0.04336844807567008
51.90000000000047 -0.04335805343357951
52.00000000000047 -0.04335096768038291
52.10000000000047 -0.04334888039908815
52.20000000000047 -0.04335228885405643
52.30000000000047 -0.04336088827092466
52.40000000000047 -0.04337275644603642
52.50000000000048 -0.04338339590017393
52.60000000000048 -0.04338720640743018
52.70000000000048 -0.04338183719446214
52.80000000000048 -0.04337049060172869
52.90000000000048 -0.04335884511630794
53.00000000000048 -0.04335097549109507
53.10000000000048 -0.04334846518166853
53.20000000000049 -0.04335151171330823
53.30000000000049 -0.0433595534366517
53.40000000000049 -0.04337064818443336
53.50000000000049 -0.04338066142938634
53.60000000000049 -0.04338452399541507
53.70000000000049 -0.04337997189896468
53.80000000000049 -0.04336967293355434
53.9000000000005 -0.04335874295484756
54.0000000000005 -0.0433511153540066
54.1000000000005 -0.04334854439821906
54.2000000000005 -0.04335148249382697
54.3000000000005 -0.04335961476386149
54.4000000000005 -0.04337116882713479
54.5000000000005 -0.04338193182995023
54.60000000000051 -0.04338641676712707
54.70000000000051 -0.04338193599683073
54.80000000000051 -0.04337118542172858
54.90000000000051 -0.04335965484413787
55.00000000000051 -0.04335155770553697
55.10000000000051 -0.04334866991897658
55.20000000000051 -0.04335131074124146
55.30000000000052 -0.04335902037368417
55.40000000000052 -0.04337000781869985
55.50000000000052 -0.04338027930240283
55.60000000000052 -0.04338469546514602
55.70000000000052 -0.04338066156390817
55.80000000000052 -0.04337055803831118
55.90000000000052 -0.04335950595481053
56.00000000000053 -0.04335161358501523
56.10000000000053 -0.04334877315080891
56.20000000000053 -0.04335149432699441
56.30000000000053 -0.04335949938295935
56.40000000000053 -0.04337107876860198
56.50000000000053 -0.04338206377728923
56.60000000000053 -0.04338688080276372
56.70000000000054 -0.04338263276994173
56.80000000000054 -0.04337188389447004
56.90000000000054 -0.04336017981614458
57.00000000000054 -0.04335186612827249
57.10000000000054 -0.04334881279512035
57.20000000000054 -0.04335138826273208
57.30000000000054 -0.04335916426914938
57.40000000000055 -0.04337035159998465
57.50000000000055 -0.04338087718763715
57.60000000000055 -0.04338544548530112
57.70000000000055 -0.0433813658359567
57.80000000000055 -0.04337109142295514
57.90000000000055 -0.04335988501993183
58.00000000000055 -0.04335191720509685
58.10000000000056 -0.04334903957248699
58.20000000000056 -0.04335165983610044
58.30000000000056 -0.04335937639440691
58.40000000000056 -0.04337041217301706
58.50000000000056 -0.04338073027230035
58.60000000000056 -0.04338511422781265
58.70000000000056 -0.04338093767411207
58.80000000000057 -0.04337063513560389
58.90000000000057 -0.04335940412980269
59.00000000000057 -0.04335138995167244
59.10000000000057 -0.04334849464383039
59.20000000000057 -0.04335124818152941
59.30000000000057 -0.04335941370587562
59.40000000000057 -0.04337130165741502
59.50000000000058 -0.04338265984620721
59.60000000000058 -0.04338771540745835
59.70000000000058 -0.04338342896670012
59.80000000000058 -0.0433724409871674
59.90000000000058 -0.04336047659270289
60.00000000000058 -0.04335195977311067
60.10000000000058 -0.04334869525511086
60.20000000000059 -0.04335090796161927
60.30000000000059 -0.04335804225103732
60.40000000000059 -0.04336835178103571
60.50000000000059 -0.04337812828483634
60.60000000000059 -0.04338259785518493
60.70000000000059 -0.04337918885542463
60.80000000000059 -0.04336985664718524
60.9000000000006 -0.04335928747347878
61.0000000000006 -0.04335147854158465
61.1000000000006 -0.0433484535845278
61.2000000000006 -0.04335093285158551
61.3000000000006 -0.04335889036991538
61.4000000000006 -0.04337088350040624
61.5000000000006 -0.04338281461949295
61.60000000000061 -0.04338869982894405
61.70000000000061 -0.04338496135178342
61.80000000000061 -0.04337391451384991
61.90000000000061 -0.04336145375167064
62.00000000000061 -0.04335233980196145
62.10000000000061 -0.04334856365509591
62.20000000000061 -0.04335039064827094
62.30000000000062 -0.04335729756568583
62.40000000000062 -0.04336764570592436
62.50000000000062 -0.04337783829805535
62.60000000000062 -0.04338300862966538
62.70000000000062 -0.04338023198455564
62.80000000000062 -0.04337115496073771
62.90000000000062 -0.04336046463592039
63.00000000000063 -0.04335234324446987
63.10000000000063 -0.043348946976059
63.20000000000063 -0.04335100920387876
63.30000000000063 -0.04335847071408742
63.40000000000063 -0.04336993396573127
63.50000000000063 -0.04338151335841776
63.60000000000063 -0.04338748360935568
63.70000000000064 -0.04338425151031059
63.80000000000064 -0.04337378942952548
63.90000000000064 -0.04336168875844983
64.00000000000064 -0.04335267943568195
64.10000000000063 -0.04334888726168275
64.20000000000063 -0.04335073181801965
64.30000000000062 -0.04335781231508339
64.40000000000062 -0.04336853778164006
64.50000000000061 -0.04337919359262044
64.60000000000061 -0.0433846227829684
64.7000000000006 -0.04338168436784071
64.80000000000059 -0.04337213367165026
64.90000000000059 -0.04336095379550426
65.00000000000058 -0.04335251144456135
65.10000000000058 -0.04334896439689293
65.20000000000057 -0.04335095766802149
65.30000000000057 -0.04335832995763011
65.40000000000056 -0.04336961100526541
65.50000000000055 -0.04338093286767332
65.60000000000055 -0.04338671339109367
65.70000000000054 -0.04338350984895532
65.80000000000054 -0.04337327305089675
65.90000000000053 -0.04336143405847376
66.00000000000053 -0.04335259890809848
66.10000000000052 -0.04334886905388849
66.20000000000051 -0.04335069177078005
66.30000000000051 -0.04335770072633387
66.4000000000005 -0.04336833821779357
66.5000000000005 -0.04337892881871772
66.60000000000049 -0.04338434873521871
66.70000000000049 -0.04338145086441564
66.80000000000048 -0.0433719437806907
66.90000000000047 -0.04336076854675668
67.00000000000047 -0.04335228009476708
67.10000000000046 -0.04334863940935187
67.20000000000046 -0.04335049891412675
67.30000000000045 -0.0433577300315037
67.40000000000045 -0.04336895466870205
67.50000000000044 -0.043380432123329
67.60000000000043 -0.04338659846872429
67.70000000000043 -0.04338380771405509
67.80000000000042 -0.04337375265642358
67.90000000000042 -0.04336180158360697
68.00000000000041 -0.04335267128744411
68.10000000000041 -0.04334858303101442
68.2000000000004 -0.04335005725783753
68.3000000000004 -0.04335681143780302
68.40000000000039 -0.04336744100656043
68.50000000000038 -0.04337842636946318
68.60000000000038 -0.04338457836154869
68.70000000000037 -0.0433823724230562
68.80000000000037 -0.04337315380052723
68.90000000000036 -0.04336184431416866
69.00000000000036 -0.04335300104328401
69.10000000000035 -0.043348928920951
69.20000000000034 -0.04335028449219201
69.30000000000034 -0.04335689820946702
69.40000000000033 -0.0433674673424192
69.50000000000033 -0.043378548173706
69.60000000000032 -0.04338491793911827
69.70000000000032 -0.04338288276457385
69.80000000000031 -0.04337363672657262
69.9000000000003 -0.04336211529845908
70.0000000000003 -0.04335299999931475
70.10000000000029 -0.04334872057425265
70.20000000000029 -0.04335004298317468
70.30000000000028 -0.04335692092490177
70.40000000000028 -0.04336814207913629
70.50000000000027 -0.04338014065506358
70.60000000000026 -0.04338724290904079
70.70000000000026 -0.0433852971507849
70.80000000000025 -0.04337554582362556
70.90000000000025 -0.04336338415594899
71.00000000000024 -0.04335382769067869
71.10000000000024 -0.04334929246518223
71.20000000000023 -0.04335029830562812
71.30000000000022 -0.04335647529483938
71.40000000000022 -0.0433664075324099
71.50000000000021 -0.04337678045345369
71.60000000000021 -0.04338276084292124
71.7000000000002 -0.0433809623167606
71.8000000000002 -0.04337242494741518
71.90000000000019 -0.04336164248387005
72.00000000000018 -0.04335301511025939
72.10000000000018 -0.04334897574088604
72.20000000000017 -0.04335043608269815
72.30000000000017 -0.04335750490603319
72.40000000000016 -0.0433690474269969
72.50000000000016 -0.04338140453757197
72.60000000000015 -0.04338863774695045
72.70000000000014 -0.04338641117902522
72.80000000000014 -0.04337611231947161
72.90000000000013 -0.0433634447007091
73.00000000000013 -0.04335358668762337
73.10000000000012 -0.04334893467105685
73.20000000000012 -0.04334993093222675
73.30000000000011 -0.04335614994478193
73.40000000000011 -0.04336615455995785
73.5000000000001 -0.04337662747334523
73.60000000000009 -0.04338272685449521
73.70000000000009 -0.04338103717818752
73.80000000000008 -0.04337256457333383
73.90000000000008 -0.04336178851701083
74.00000000000007 -0.04335310830366471
74.10000000000007 -0.04334894252786516
74.20000000000006 -0.043350161363076
74.30000000000005 -0.04335682741156974
74.40000000000005 -0.04336783630891539
74.50000000000004 -0.04337974111413637
74.60000000000004 -0.04338693286596224
74.70000000000003 -0.04338517325192955
74.80000000000003 -0.04337552614503815
74.90000000000002 -0.04336329766703838
75.00000000000001 -0.04335354672169078
75.10000000000001 -0.04334877364860814
75.2 -0.04334957671733201
75.3 -0.04335569148879608
75.39999999999999 -0.04336585797421601
75.49999999999999 -0.04337686512172004
75.59999999999998 -0.04338371058175797
75.69999999999997 -0.04338255175034414
75.79999999999997 -0.04337408944072992
75.89999999999996 -0.04336289778258922
75.99999999999996 -0.04335365854110868
76.09999999999995 -0.04334896007766539
76.19999999999995 -0.0433496833604163
76.29999999999994 -0.04335586432861398
76.39999999999993 -0.04336647948787013
76.49999999999993 -0.0433783243206006
76.59999999999992 -0.04338599732975047
76.69999999999992 -0.04338508735487249
76.79999999999991 -0.04337616235395936
76.89999999999991 -0.04336420816971005
76.9999999999999 -0.0433543405427461
77.09999999999989 -0.04334925979695294
77.19999999999989 -0.04334970587730189
77.29999999999988 -0.04335549526832037
77.39999999999988 -0.04336546215494862
77.49999999999987 -0.04337651585716763
77.59999999999987 -0.043383683659021
77.69999999999986 -0.04338294368380122
77.79999999999986 -0.04337473671339667
77.89999999999985 -0.04336354741996427
77.99999999999984 -0.0433541560527564
78.09999999999984 -0.04334927787625893
78.19999999999983 -0.04334986387887481
78.29999999999983 -0.04335598218812987
78.39999999999982 -0.04336663698517375
78.49999999999982 -0.04337863226086072
78.59999999999981 -0.04338650079485764
78.6999999999998 -0.04338569923938645
78.7999999999998 -0.0433767201740809
78.89999999999979 -0.04336460165293493
78.99999999999979 -0.04335455844234887
79.09999999999978 -0.04334935288673719
79.19999999999978 -0.04334974916690718
79.29999999999977 -0.04335557532956762
79.39999999999976 -0.04336566207149144
79.49999999999976 -0.04337687039862486
79.59999999999975 -0.04338413093082951
79.69999999999975 -0.04338335526470725
79.79999999999974 -0.04337502833520676
79.89999999999974 -0.04336373627490286
79.99999999999973 -0.04335430711232807
80.09999999999972 -0.04334942336180417
80.19999999999972 -0.0433499533942799
80.29999999999971 -0.04335585941271132
80.39999999999971 -0.04336606584005154
80.4999999999997 -0.04337744272663936
80.5999999999997 -0.04338481928005477
80.69999999999969 -0.04338397375435617
80.79999999999968 -0.04337537736086874
80.89999999999968 -0.0433637359590815
80.99999999999967 -0.04335399989676947
81.09999999999967 -0.04334890846175992
81.19999999999966 -0.0433493631274624
81.29999999999966 -0.04335539268691235
81.39999999999965 -0.0433660130601408
81.49999999999964 -0.04337808796381089
81.59999999999964 -0.04338618820880789
81.69999999999963 -0.04338569318274436
81.79999999999963 -0.04337693904624768
81.89999999999962 -0.04336487754896241
81.99999999999962 -0.04335474280648887
82.09999999999961 -0.04334932765426991
82.1999999999996 -0.04334937399221403
82.2999999999996 -0.0433546656867629
82.39999999999959 -0.04336408082872228
82.49999999999959 -0.04337474366005427
82.59999999999958 -0.04338197862921601
82.69999999999958 -0.04338181062556173
82.79999999999957 -0.04337431900359713
82.89999999999957 -0.04336356493959458
82.99999999999956 -0.04335419834984287
83.09999999999955 -0.04334904751463029
83.19999999999955 -0.04334923756059992
83.29999999999954 -0.0433550328870892
83.39999999999954 -0.04336570739281393
83.49999999999953 -0.04337832743892754
83.59999999999953 -0.04338734014752965
83.69999999999952 -0.04338757577806371
83.79999999999951 -0.04337889122866961
83.89999999999951 -0.0433663185387522
83.9999999999995 -0.04335549601922986
84.0999999999995 -0.04334949325578046
84.19999999999949 -0.0433491095828911
84.29999999999949 -0.0433541080505982
84.39999999999948 -0.04336339784391789
84.49999999999947 -0.0433742043612319
84.59999999999947 -0.04338189156253228
84.69999999999946 -0.04338230502294348
84.79999999999946 -0.04337522264173421
84.89999999999945 -0.043364564867059
84.99999999999945 -0.04335506406611105
85.09999999999944 -0.04334968126298732
85.19999999999943 -0.04334959912193596
85.29999999999943 -0.04335506893112721
85.39999999999942 -0.04336535299481974
85.49999999999942 -0.0433775964600191
85.59999999999941 -0.04338643128970479
85.69999999999941 -0.04338681440983928
85.7999999999994 -0.04337849022668322
85.89999999999939 -0.04336625144637911
85.99999999999939 -0.04335561395205875
86.09999999999938 -0.04334968479781583
86.19999999999938 -0.04334936645115797
86.29999999999937 -0.04335452251965848
86.39999999999937 -0.04336411589546809
86.49999999999936 -0.0433753079781462
86.59999999999935 -0.04338324687656199
86.69999999999935 -0.0433835666639357
86.79999999999934 -0.04337608266975031
86.89999999999934 -0.04336496631494487
86.99999999999933 -0.04335514658814342
87.09999999999933 -0.04334960923184765
87.19999999999932 -0.04334946110248598
87.29999999999932 -0.04335485832635339
87.39999999999931 -0.04336498901086204
87.4999999999993 -0.04337699411193052
87.5999999999993 -0.0433856213910807
87.69999999999929 -0.043385992588809
87.79999999999929 -0.04337787648629383
87.89999999999928 -0.04336591498332736
87.99999999999928 -0.04335547032268552
88.09999999999927 -0.04334959936333621
88.19999999999926 -0.043349223095731
88.29999999999926 -0.04335424189414681
88.39999999999925 -0.04336367135629371
88.49999999999925 -0.04337475939718367
88.59999999999924 -0.04338274327791625
88.69999999999924 -0.04338325161234741
88.79999999999923 -0.04337597066064826
88.89999999999922 -0.04336494335011892
88.99999999999922 -0.04335507255870136
89.09999999999921 -0.04334938289376996
89.19999999999921 -0.04334902097738016
89.2999999999992 -0.04335418793666194
89.3999999999992 -0.04336417595215888
89.49999999999919 -0.04337630005545884
89.59999999999918 -0.04338540341021514
89.69999999999918 -0.04338640905342943
89.79999999999917 -0.0433786955818129
89.89999999999917 -0.04336671524567934
89.99999999999916 -0.0433559470487451
90.09999999999916 -0.04334963993226282
90.19999999999915 -0.0433488260860924
90.29999999999914 -0.04335347104261503
90.39999999999914 -0.04336270647078055
90.49999999999913 -0.04337396216579247
90.59999999999913 -0.04338255071746812
90.69999999999912 -0.04338384993634203
90.79999999999912 -0.04337710697264323
90.89999999999911 -0.0433661609159604
90.9999999999991 -0.0433560440569872
91.0999999999991 -0.0433499770061226
91.19999999999909 -0.04334917972086198
91.29999999999909 -0.04335382714077014
91.39999999999908 -0.04336321750444963
91.49999999999908 -0.04337484217123568
91.59999999999907 -0.04338386460661822
91.69999999999906 -0.04338534575869332
91.79999999999906 -0.04337835811109079
91.89999999999905 -0.04336689739047624
91.99999999999905 -0.04335627399880795
92.09999999999904 -0.04334986661679081
92.19999999999904 -0.04334893052209007
92.29999999999903 -0.04335365106783445
92.39999999999903 -0.04336334780372373
92.49999999999902 -0.04337547436613831
92.59999999999901 -0.04338499632269741
92.69999999999901 -0.04338669349020704
92.799999999999 -0.04337955954002592
92.899999999999 -0.04336779757095469
92.99999999999899 -0.04335694476189082
93.09999999999899 -0.04335041699053704
93.19999999999898 -0.04334933439746367
93.29999999999897 -0.04335365631459301
93.39999999999897 -0.04336248994065876
93.49999999999896 -0.04337331884893362
93.59999999999896 -0.04338162633991352
93.69999999999895 -0.04338294845287464
93.79999999999895 -0.0433764786166146
93.89999999999894 -0.04336582982578322
93.99999999999893 -0.04335587509328578
94.09999999999893 -0.04334985184033596
94.19999999999892 -0.04334911842331807
94.29999999999892 -0.04335404058510925
94.39999999999891 -0.04336408024498137
94.49999999999891 -0.04337668236599124
94.5999999999989 -0.04338656768769555
94.69999999999889 -0.04338819717410113
94.79999999999889 -0.04338054532539338
94.89999999999888 -0.04336813639857839
94.99999999999888 -0.04335680075481856
95.09999999999887 -0.04335001262042726
95.19999999999887 -0.04334880874927333
95.29999999999886 -0.04335305684361806
95.39999999999885 -0.04336182736787621
95.49999999999885 -0.04337264036925666
95.59999999999884 -0.04338105680652479
95.69999999999884 -0.04338263065493857
95.79999999999883 -0.04337644879696032
95.89999999999883 -0.04336598346966649
95.99999999999882 -0.04335605030815035
96.09999999999881 -0.0433499008910723
96.19999999999881 -0.04334890739676263
96.2999999999988 -0.04335343098624603
96.3999999999988 -0.04336297396232253
96.49999999999879 -0.04337516679621168
96.59999999999879 -0.04338503421019253
96.69999999999878 -0.04338715812697679
96.79999999999878 -0.04338020829708381
96.89999999999877 -0.04336827090664201
96.99999999999876 -0.04335702405526759
97.09999999999876 -0.04335005829340183
97.19999999999875 -0.04334857915565562
97.29999999999875 -0.04335259930270612
97.39999999999874 -0.04336135007742552
97.49999999999874 -0.04337251377279729
97.59999999999873 -0.04338164003542554
97.69999999999872 -0.04338394204538684
97.79999999999872 -0.04337806889530049
97.89999999999871 -0.04336738872109576
97.99999999999871 -0.04335695483812041
98.0999999999987 -0.04335026765016408
98.1999999999987 -0.04334878522828908
98.29999999999869 -0.04335285362637163
98.39999999999868 -0.0433619970748714
98.49999999999868 -0.04337400225903706
98.59999999999867 -0.04338411029684536
98.69999999999867 -0.04338689267034905
98.79999999999866 -0.04338065368589034
98.89999999999866 -0.04336910557846217
98.99999999999865 -0.04335787257683292
99.09999999999864 -0.04335070490225003
99.19999999999864 -0.04334895593919769
99.29999999999863 -0.04335271143381232
99.39999999999863 -0.04336124997778992
99.49999999999862 -0.04337232026536932
99.59999999999862 -0.04338152797678936
99.69999999999861 -0.04338404347072847
99.7999999999986 -0.04337837029086825
99.8999999999986 -0.04336776596164529
99.99999999999859 -0.04335729519420023
100.0999999999986 -0.04335053265419161
