0 -0.0009775776750000002
0.1 -0.0009775795180018041
0.2 -0.0009775890997871588
0.3 -0.0009776071933837469
0.4 -0.000977635327226691
0.5 -0.0009776760543847075
0.6 -0.0009777334453886189
0.7 -0.0009778139732574047
0.7999999999999999 -0.0009779281379860769
0.8999999999999999 -0.0009780935786391867
0.9999999999999999 -0.0009783413922127061
1.1 -0.0009787299452885423
1.2 -0.0009793780090076893
1.3 -0.0009805543939627513
1.4 -0.0009829627541808831
1.5 -0.0009888790135428444
1.6 -0.001008647321692826
1.7 -0.0011335487070301
1.8 -0.0114391847658081
1.900000000000001 -0.02584266439302041
2 -0.02177642658311824
2.100000000000001 -0.005424440873884459
2.200000000000001 -0.005432609449153396
2.300000000000001 -0.02493110912993834
2.400000000000001 -0.01448741487467224
2.500000000000001 0.1796588688464249
2.600000000000001 0.1800008753529669
2.700000000000001 0.1800159012587187
2.800000000000001 0.1800186693241499
2.900000000000001 0.180019520872205
3.000000000000001 0.1800198645304298
3.100000000000001 0.18002002876661
3.200000000000002 0.1800201168814656
3.300000000000002 0.1800201683099706
3.400000000000002 0.180020200313026
3.500000000000002 0.1800202212578341
3.600000000000002 0.1800202355350138
3.700000000000002 0.1800202455993684
3.800000000000002 0.1800202528965571
3.900000000000002 0.1800202583156565
4.000000000000002 0.1800202624239046
4.100000000000001 0.1800202655947984
4.200000000000001 0.1800202680810918
4.300000000000001 0.1800202700579823
4.4 0.180020271649511
4.5 0.1800202729451731
4.6 0.1800202740106397
4.699999999999999 0.1800202748948402
4.799999999999999 0.1800202756347372
4.899999999999999 0.1800202762586055
4.999999999999998 0.1800202767883248
5.099999999999998 0.1800202772410047
5.199999999999998 0.1800202776301557
5.299999999999997 0.1800202779665417
5.399999999999997 0.1800202782588108
5.499999999999996 0.1800202785139641
5.599999999999996 0.1800202787377111
5.699999999999996 0.1800202789347387
5.799999999999995 0.1800202791089191
5.899999999999995 0.1800202792634702
5.999999999999995 0.1800202794010809
6.099999999999994 0.1800202795240101
6.199999999999994 0.1800202796341646
6.299999999999994 0.1800202797331615
6.399999999999993 0.1800202798223784
6.499999999999993 0.1800202799029939
6.599999999999993 0.18002027997602
6.699999999999992 0.1800202800423292
6.799999999999992 0.1800202801026763
6.899999999999991 0.1800202801577166
6.999999999999991 0.1800202802080209
7.099999999999991 0.1800202802540877
7.19999999999999 0.1800202802963541
7.29999999999999 0.1800202803352039
7.39999999999999 0.1800202803709755
7.499999999999989 0.180020280403968
7.599999999999989 0.1800202804344459
7.699999999999989 0.1800202804626444
7.799999999999988 0.1800202804887726
7.899999999999988 0.1800202805130171
7.999999999999988 0.1800202805355447
8.099999999999987 0.1800202805565046
8.199999999999987 0.1800202805760308
8.299999999999986 0.180020280594244
8.399999999999986 0.1800202806112527
8.499999999999986 0.1800202806271547
8.599999999999985 0.1800202806420386
8.699999999999985 0.1800202806559848
8.799999999999985 0.1800202806690657
8.899999999999984 0.1800202806813475
8.999999999999984 0.1800202806928904
9.099999999999984 0.1800202807037491
9.199999999999983 0.1800202807139734
9.299999999999983 0.1800202807236091
9.399999999999983 0.180020280732698
9.499999999999982 0.1800202807412782
9.599999999999982 0.1800202807493849
9.699999999999982 0.1800202807570503
9.799999999999981 0.180020280764304
9.899999999999981 0.1800202807711733
9.99999999999998 0.1800202807776833
10.09999999999998 0.1800202807838571
10.19999999999998 0.1800202807897164
10.29999999999998 0.1800202807952807
10.39999999999998 0.1800202808005684
10.49999999999998 0.1800202808055966
10.59999999999998 0.1800202808103809
10.69999999999998 0.1800202808149359
10.79999999999998 0.1800202808192753
10.89999999999998 0.1800202808234115
10.99999999999998 0.1800202808273565
11.09999999999998 0.1800202808311211
11.19999999999998 0.1800202808347154
11.29999999999998 0.1800202808381491
11.39999999999998 0.180020280841431
11.49999999999998 0.1800202808445693
11.59999999999997 0.180020280847572
11.69999999999997 0.1800202808504461
11.79999999999997 0.1800202808531986
11.89999999999997 0.1800202808558357
11.99999999999997 0.1800202808583634
12.09999999999997 0.1800202808607876
12.19999999999997 0.1800202808631131
12.29999999999997 0.1800202808653452
12.39999999999997 0.1800202808674884
12.49999999999997 0.1800202808695472
12.59999999999997 0.1800202808715255
12.69999999999997 0.1800202808734274
12.79999999999997 0.1800202808752565
12.89999999999997 0.1800202808770162
12.99999999999997 0.1800202808787098
13.09999999999997 0.1800202808803403
13.19999999999997 0.1800202808819108
13.29999999999997 0.1800202808834239
13.39999999999997 0.1800202808848821
13.49999999999997 0.1800202808862881
13.59999999999997 0.180020280887644
13.69999999999997 0.1800202808889522
13.79999999999997 0.1800202808902146
13.89999999999997 0.1800202808914333
13.99999999999997 0.1800202808926101
14.09999999999997 0.1800202808937469
14.19999999999997 0.1800202808948453
14.29999999999997 0.180020280895907
14.39999999999996 0.1800202808969334
14.49999999999996 0.1800202808979259
14.59999999999996 0.1800202808988861
14.69999999999996 0.1800202808998151
14.79999999999996 0.1800202809007143
14.89999999999996 0.1800202809015848
14.99999999999996 0.1800202809024279
15.09999999999996 0.1800202809032444
15.19999999999996 0.1800202809040355
15.29999999999996 0.1800202809048022
15.39999999999996 0.1800202809055454
15.49999999999996 0.180020280906266
15.59999999999996 0.1800202809069648
15.69999999999996 0.1800202809076426
15.79999999999996 0.1800202809083004
15.89999999999996 0.1800202809089386
15.99999999999996 0.1800202809095582
16.09999999999996 0.1800202809101597
16.19999999999996 0.1800202809107439
16.29999999999996 0.1800202809113113
16.39999999999996 0.1800202809118626
16.49999999999996 0.1800202809123982
16.59999999999997 0.1800202809129189
16.69999999999997 0.180020280913425
16.79999999999997 0.1800202809139171
16.89999999999997 0.1800202809143956
16.99999999999997 0.1800202809148612
17.09999999999997 0.1800202809153141
17.19999999999997 0.1800202809157547
17.29999999999998 0.1800202809161836
17.39999999999998 0.1800202809166011
17.49999999999998 0.1800202809170076
17.59999999999998 0.1800202809174033
17.69999999999998 0.1800202809177888
17.79999999999998 0.1800202809181642
17.89999999999998 0.1800202809185301
17.99999999999999 0.1800202809188866
18.09999999999999 0.1800202809192341
18.19999999999999 0.1800202809195727
18.29999999999999 0.1800202809199028
18.39999999999999 0.1800202809202247
18.49999999999999 0.1800202809205387
18.59999999999999 0.1800202809208449
18.7 0.1800202809211436
18.8 0.1800202809214351
18.9 0.1800202809217195
19 0.1800202809219971
19.1 0.180020280922268
19.2 0.1800202809225326
19.3 0.1800202809227908
19.40000000000001 0.180020280923043
19.50000000000001 0.1800202809232894
19.60000000000001 0.1800202809235301
19.70000000000001 0.1800202809237652
19.80000000000001 0.1800202809239948
19.90000000000001 0.1800202809242193
20.00000000000001 0.1800202809244387
20.10000000000002 0.1800202809246531
20.20000000000002 0.1800202809248627
20.30000000000002 0.1800202809250676
20.40000000000002 0.180020280925268
20.50000000000002 0.180020280925464
20.60000000000002 0.1800202809256557
20.70000000000002 0.1800202809258432
20.80000000000003 0.1800202809260266
20.90000000000003 0.1800202809262061
21.00000000000003 0.1800202809263818
21.10000000000003 0.1800202809265536
21.20000000000003 0.1800202809267219
21.30000000000003 0.1800202809268866
21.40000000000003 0.1800202809270478
21.50000000000004 0.1800202809272057
21.60000000000004 0.1800202809273602
21.70000000000004 0.1800202809275117
21.80000000000004 0.1800202809276599
21.90000000000004 0.1800202809278051
22.00000000000004 0.1800202809279475
22.10000000000004 0.1800202809280869
22.20000000000005 0.1800202809282235
22.30000000000005 0.1800202809283573
22.40000000000005 0.1800202809284885
22.50000000000005 0.180020280928617
22.60000000000005 0.1800202809287431
22.70000000000005 0.1800202809288667
22.80000000000005 0.1800202809289878
22.90000000000006 0.1800202809291066
23.00000000000006 0.1800202809292231
23.10000000000006 0.1800202809293373
23.20000000000006 0.1800202809294494
23.30000000000006 0.1800202809295593
23.40000000000006 0.1800202809296671
23.50000000000006 0.1800202809297728
23.60000000000007 0.1800202809298766
23.70000000000007 0.1800202809299785
23.80000000000007 0.1800202809300784
23.90000000000007 0.1800202809301765
24.00000000000007 0.1800202809302728
24.10000000000007 0.1800202809303673
24.20000000000007 0.1800202809304601
24.30000000000008 0.1800202809305512
24.40000000000008 0.1800202809306406
24.50000000000008 0.1800202809307284
24.60000000000008 0.1800202809308147
24.70000000000008 0.1800202809308993
24.80000000000008 0.1800202809309825
24.90000000000008 0.1800202809310642
25.00000000000009 0.1800202809311445
25.10000000000009 0.1800202809312234
25.20000000000009 0.1800202809313008
25.30000000000009 0.180020280931377
25.40000000000009 0.1800202809314518
25.50000000000009 0.1800202809315253
25.60000000000009 0.1800202809315975
25.7000000000001 0.1800202809316685
25.8000000000001 0.1800202809317383
25.9000000000001 0.180020280931807
26.0000000000001 0.1800202809318744
26.1000000000001 0.1800202809319407
26.2000000000001 0.1800202809320059
26.3000000000001 0.18002028093207
26.40000000000011 0.1800202809321331
26.50000000000011 0.180020280932195
26.60000000000011 0.1800202809322561
26.70000000000011 0.180020280932316
26.80000000000011 0.1800202809323751
26.90000000000011 0.1800202809324331
27.00000000000011 0.1800202809324902
27.10000000000012 0.1800202809325464
27.20000000000012 0.1800202809326016
27.30000000000012 0.180020280932656
27.40000000000012 0.1800202809327095
27.50000000000012 0.1800202809327622
27.60000000000012 0.180020280932814
27.70000000000012 0.180020280932865
27.80000000000013 0.1800202809329152
27.90000000000013 0.1800202809329647
28.00000000000013 0.1800202809330133
28.10000000000013 0.1800202809330612
28.20000000000013 0.1800202809331083
28.30000000000013 0.1800202809331547
28.40000000000013 0.1800202809332004
28.50000000000014 0.1800202809332454
28.60000000000014 0.1800202809332898
28.70000000000014 0.1800202809333334
28.80000000000014 0.1800202809333764
28.90000000000014 0.1800202809334187
29.00000000000014 0.1800202809334605
29.10000000000014 0.1800202809335015
29.20000000000014 0.180020280933542
29.30000000000015 0.1800202809335819
29.40000000000015 0.1800202809336212
29.50000000000015 0.1800202809336599
29.60000000000015 0.180020280933698
29.70000000000015 0.1800202809337356
29.80000000000015 0.1800202809337726
29.90000000000015 0.1800202809338091
30.00000000000016 0.180020280933845
30.10000000000016 0.1800202809338805
30.20000000000016 0.1800202809339154
30.30000000000016 0.1800202809339498
30.40000000000016 0.1800202809339838
30.50000000000016 0.1800202809340173
30.60000000000016 0.1800202809340503
30.70000000000017 0.1800202809340828
30.80000000000017 0.1800202809341148
30.90000000000017 0.1800202809341464
31.00000000000017 0.1800202809341776
31.10000000000017 0.1800202809342084
31.20000000000017 0.1800202809342387
31.30000000000017 0.1800202809342685
31.40000000000018 0.180020280934298
31.50000000000018 0.1800202809343271
31.60000000000018 0.1800202809343558
31.70000000000018 0.1800202809343841
31.80000000000018 0.180020280934412
31.90000000000018 0.1800202809344395
32.00000000000018 0.1800202809344666
32.10000000000019 0.1800202809344934
32.20000000000019 0.1800202809345199
32.30000000000019 0.1800202809345459
32.40000000000019 0.1800202809345716
32.50000000000019 0.180020280934597
32.60000000000019 0.1800202809346221
32.70000000000019 0.1800202809346468
32.8000000000002 0.1800202809346712
32.9000000000002 0.1800202809346954
33.0000000000002 0.1800202809347191
33.1000000000002 0.1800202809347425
33.2000000000002 0.1800202809347657
33.3000000000002 0.1800202809347886
33.4000000000002 0.1800202809348111
33.50000000000021 0.1800202809348334
33.60000000000021 0.1800202809348553
33.70000000000021 0.180020280934877
33.80000000000021 0.1800202809348984
33.90000000000021 0.1800202809349196
34.00000000000021 0.1800202809349405
34.10000000000021 0.1800202809349611
34.20000000000022 0.1800202809349815
34.30000000000022 0.1800202809350016
34.40000000000022 0.1800202809350215
34.50000000000022 0.180020280935041
34.60000000000022 0.1800202809350605
34.70000000000022 0.1800202809350795
34.80000000000022 0.1800202809350984
34.90000000000023 0.1800202809351171
35.00000000000023 0.1800202809351356
35.10000000000023 0.1800202809351538
35.20000000000023 0.1800202809351718
35.30000000000023 0.1800202809351895
35.40000000000023 0.1800202809352071
35.50000000000023 0.1800202809352244
35.60000000000024 0.1800202809352416
35.70000000000024 0.1800202809352585
35.80000000000024 0.1800202809352753
35.90000000000024 0.1800202809352917
36.00000000000024 0.1800202809353081
36.10000000000024 0.1800202809353242
36.20000000000024 0.1800202809353401
36.30000000000025 0.1800202809353559
36.40000000000025 0.1800202809353715
36.50000000000025 0.1800202809353869
36.60000000000025 0.1800202809354021
36.70000000000025 0.1800202809354171
36.80000000000025 0.180020280935432
36.90000000000025 0.1800202809354467
37.00000000000026 0.1800202809354612
37.10000000000026 0.1800202809354755
37.20000000000026 0.1800202809354897
37.30000000000026 0.1800202809355037
37.40000000000026 0.1800202809355176
37.50000000000026 0.1800202809355313
37.60000000000026 0.1800202809355448
37.70000000000027 0.1800202809355582
37.80000000000027 0.1800202809355715
37.90000000000027 0.1800202809355846
38.00000000000027 0.1800202809355975
38.10000000000027 0.1800202809356103
38.20000000000027 0.180020280935623
38.30000000000027 0.1800202809356355
38.40000000000028 0.1800202809356479
38.50000000000028 0.1800202809356601
38.60000000000028 0.1800202809356723
38.70000000000028 0.1800202809356842
38.80000000000028 0.1800202809356961
38.90000000000028 0.1800202809357078
39.00000000000028 0.1800202809357193
39.10000000000029 0.1800202809357308
39.20000000000029 0.1800202809357421
39.30000000000029 0.1800202809357533
39.40000000000029 0.1800202809357644
39.50000000000029 0.1800202809357754
39.60000000000029 0.1800202809357863
39.70000000000029 0.180020280935797
39.8000000000003 0.1800202809358076
39.9000000000003 0.1800202809358181
40.0000000000003 0.1800202809358285
40.1000000000003 0.1800202809358388
40.2000000000003 0.180020280935849
40.3000000000003 0.1800202809358591
40.4000000000003 0.1800202809358691
40.50000000000031 0.1800202809358789
40.60000000000031 0.1800202809358887
40.70000000000031 0.1800202809358983
40.80000000000031 0.1800202809359079
40.90000000000031 0.1800202809359173
41.00000000000031 0.1800202809359267
41.10000000000031 0.180020280935936
41.20000000000032 0.1800202809359451
41.30000000000032 0.1800202809359542
41.40000000000032 0.1800202809359632
41.50000000000032 0.1800202809359721
41.60000000000032 0.1800202809359809
41.70000000000032 0.1800202809359896
41.80000000000032 0.1800202809359982
41.90000000000033 0.1800202809360068
42.00000000000033 0.1800202809360152
42.10000000000033 0.1800202809360236
42.20000000000033 0.1800202809360319
42.30000000000033 0.1800202809360401
42.40000000000033 0.1800202809360482
42.50000000000033 0.1800202809360562
42.60000000000034 0.1800202809360641
42.70000000000034 0.180020280936072
42.80000000000034 0.1800202809360798
42.90000000000034 0.1800202809360875
43.00000000000034 0.1800202809360951
43.10000000000034 0.1800202809361026
43.20000000000034 0.1800202809361102
43.30000000000035 0.1800202809361176
43.40000000000035 0.180020280936125
43.50000000000035 0.1800202809361322
43.60000000000035 0.1800202809361394
43.70000000000035 0.1800202809361466
43.80000000000035 0.1800202809361536
43.90000000000035 0.1800202809361607
44.00000000000036 0.1800202809361676
44.10000000000036 0.1800202809361744
44.20000000000036 0.1800202809361812
44.30000000000036 0.180020280936188
44.40000000000036 0.1800202809361946
44.50000000000036 0.1800202809362012
44.60000000000036 0.1800202809362078
44.70000000000037 0.1800202809362142
44.80000000000037 0.1800202809362206
44.90000000000037 0.180020280936227
45.00000000000037 0.1800202809362333
45.10000000000037 0.1800202809362395
45.20000000000037 0.1800202809362458
45.30000000000037 0.1800202809362519
45.40000000000038 0.1800202809362579
45.50000000000038 0.1800202809362639
45.60000000000038 0.1800202809362699
45.70000000000038 0.1800202809362758
45.80000000000038 0.1800202809362816
45.90000000000038 0.1800202809362874
46.00000000000038 0.1800202809362931
46.10000000000039 0.1800202809362988
46.20000000000039 0.1800202809363045
46.30000000000039 0.1800202809363101
46.40000000000039 0.1800202809363156
46.50000000000039 0.1800202809363211
46.60000000000039 0.1800202809363265
46.70000000000039 0.180020280936332
46.8000000000004 0.1800202809363373
46.9000000000004 0.1800202809363426
47.0000000000004 0.1800202809363478
47.1000000000004 0.180020280936353
47.2000000000004 0.1800202809363582
47.3000000000004 0.1800202809363633
47.4000000000004 0.1800202809363684
47.50000000000041 0.1800202809363734
47.60000000000041 0.1800202809363784
47.70000000000041 0.1800202809363833
47.80000000000041 0.1800202809363882
47.90000000000041 0.180020280936393
48.00000000000041 0.1800202809363978
48.10000000000041 0.1800202809364025
48.20000000000041 0.1800202809364073
48.30000000000042 0.180020280936412
48.40000000000042 0.1800202809364167
48.50000000000042 0.1800202809364212
48.60000000000042 0.1800202809364257
48.70000000000042 0.1800202809364303
48.80000000000042 0.1800202809364348
48.90000000000042 0.1800202809364392
49.00000000000043 0.1800202809364436
49.10000000000043 0.180020280936448
49.20000000000043 0.1800202809364523
49.30000000000043 0.1800202809364566
49.40000000000043 0.1800202809364608
49.50000000000043 0.1800202809364651
49.60000000000043 0.1800202809364692
49.70000000000044 0.1800202809364734
49.80000000000044 0.1800202809364775
49.90000000000044 0.1800202809364816
50.00000000000044 0.1800202809364857
50.10000000000044 0.1800202809364897
50.20000000000044 0.1800202809364936
50.30000000000044 0.1800202809364976
50.40000000000045 0.1800202809365015
50.50000000000045 0.1800202809365054
50.60000000000045 0.1800202809365092
50.70000000000045 0.180020280936513
50.80000000000045 0.1800202809365168
50.90000000000045 0.1800202809365205
51.00000000000045 0.1800202809365242
51.10000000000046 0.1800202809365279
51.20000000000046 0.1800202809365316
51.30000000000046 0.1800202809365352
51.40000000000046 0.1800202809365389
51.50000000000046 0.1800202809365424
51.60000000000046 0.180020280936546
51.70000000000046 0.1800202809365495
51.80000000000047 0.180020280936553
51.90000000000047 0.1800202809365564
52.00000000000047 0.1800202809365599
52.10000000000047 0.1800202809365633
52.20000000000047 0.1800202809365667
52.30000000000047 0.18002028093657
52.40000000000047 0.1800202809365734
52.50000000000048 0.1800202809365766
52.60000000000048 0.1800202809365799
52.70000000000048 0.1800202809365831
52.80000000000048 0.1800202809365863
52.90000000000048 0.1800202809365895
53.00000000000048 0.1800202809365927
53.10000000000048 0.1800202809365958
53.20000000000049 0.1800202809365989
53.30000000000049 0.180020280936602
53.40000000000049 0.180020280936605
53.50000000000049 0.1800202809366081
53.60000000000049 0.1800202809366111
53.70000000000049 0.1800202809366141
53.80000000000049 0.1800202809366171
53.9000000000005 0.1800202809366201
54.0000000000005 0.180020280936623
54.1000000000005 0.1800202809366258
54.2000000000005 0.1800202809366287
54.3000000000005 0.1800202809366316
54.4000000000005 0.1800202809366344
54.5000000000005 0.1800202809366372
54.60000000000051 0.18002028093664
54.70000000000051 0.1800202809366428
54.80000000000051 0.1800202809366455
54.90000000000051 0.1800202809366483
55.00000000000051 0.180020280936651
55.10000000000051 0.1800202809366536
55.20000000000051 0.1800202809366563
55.30000000000052 0.1800202809366589
55.40000000000052 0.1800202809366616
55.50000000000052 0.1800202809366641
55.60000000000052 0.1800202809366667
55.70000000000052 0.1800202809366693
55.80000000000052 0.1800202809366719
55.90000000000052 0.1800202809366744
56.00000000000053 0.1800202809366769
56.10000000000053 0.1800202809366794
56.20000000000053 0.1800202809366819
56.30000000000053 0.1800202809366843
56.40000000000053 0.1800202809366868
56.50000000000053 0.1800202809366892
56.60000000000053 0.1800202809366916
56.70000000000054 0.1800202809366939
56.80000000000054 0.1800202809366963
56.90000000000054 0.1800202809366987
57.00000000000054 0.180020280936701
57.10000000000054 0.1800202809367033
57.20000000000054 0.1800202809367056
57.30000000000054 0.1800202809367078
57.40000000000055 0.1800202809367101
57.50000000000055 0.1800202809367123
57.60000000000055 0.1800202809367145
57.70000000000055 0.1800202809367168
57.80000000000055 0.180020280936719
57.90000000000055 0.1800202809367212
58.00000000000055 0.1800202809367233
58.10000000000056 0.1800202809367255
58.20000000000056 0.1800202809367276
58.30000000000056 0.1800202809367298
58.40000000000056 0.1800202809367319
58.50000000000056 0.1800202809367339
58.60000000000056 0.1800202809367359
58.70000000000056 0.180020280936738
58.80000000000057 0.1800202809367401
58.90000000000057 0.1800202809367421
59.00000000000057 0.1800202809367441
59.10000000000057 0.180020280936746
59.20000000000057 0.1800202809367481
59.30000000000057 0.1800202809367501
59.40000000000057 0.180020280936752
59.50000000000058 0.180020280936754
59.60000000000058 0.1800202809367559
59.70000000000058 0.1800202809367578
59.80000000000058 0.1800202809367598
59.90000000000058 0.1800202809367617
60.00000000000058 0.1800202809367635
60.10000000000058 0.1800202809367654
60.20000000000059 0.1800202809367673
60.30000000000059 0.1800202809367691
60.40000000000059 0.1800202809367709
60.50000000000059 0.1800202809367727
60.60000000000059 0.1800202809367745
60.70000000000059 0.1800202809367763
60.80000000000059 0.1800202809367781
60.9000000000006 0.1800202809367799
61.0000000000006 0.1800202809367817
61.1000000000006 0.1800202809367834
61.2000000000006 0.1800202809367851
61.3000000000006 0.1800202809367869
61.4000000000006 0.1800202809367886
61.5000000000006 0.1800202809367903
61.60000000000061 0.1800202809367919
61.70000000000061 0.1800202809367936
61.80000000000061 0.1800202809367953
61.90000000000061 0.1800202809367969
62.00000000000061 0.1800202809367986
62.10000000000061 0.1800202809368003
62.20000000000061 0.1800202809368019
62.30000000000062 0.1800202809368034
62.40000000000062 0.180020280936805
62.50000000000062 0.1800202809368066
62.60000000000062 0.1800202809368082
62.70000000000062 0.1800202809368098
62.80000000000062 0.1800202809368114
62.90000000000062 0.1800202809368129
63.00000000000063 0.1800202809368144
63.10000000000063 0.180020280936816
63.20000000000063 0.1800202809368175
63.30000000000063 0.180020280936819
63.40000000000063 0.1800202809368205
63.50000000000063 0.180020280936822
63.60000000000063 0.1800202809368235
63.70000000000064 0.1800202809368249
63.80000000000064 0.1800202809368264
63.90000000000064 0.1800202809368278
64.00000000000064 0.1800202809368293
64.10000000000063 0.1800202809368307
64.20000000000063 0.1800202809368322
64.30000000000062 0.1800202809368335
64.40000000000062 0.180020280936835
64.50000000000061 0.1800202809368363
64.60000000000061 0.1800202809368378
64.7000000000006 0.1800202809368391
64.80000000000059 0.1800202809368405
64.90000000000059 0.1800202809368419
65.00000000000058 0.1800202809368432
65.10000000000058 0.1800202809368446
65.20000000000057 0.1800202809368459
65.30000000000057 0.1800202809368472
65.40000000000056 0.1800202809368485
65.50000000000055 0.1800202809368498
65.60000000000055 0.1800202809368511
65.70000000000054 0.1800202809368524
65.80000000000054 0.1800202809368537
65.90000000000053 0.180020280936855
66.00000000000053 0.1800202809368563
66.10000000000052 0.1800202809368575
66.20000000000051 0.1800202809368587
66.30000000000051 0.18002028093686
66.4000000000005 0.1800202809368612
66.5000000000005 0.1800202809368625
66.60000000000049 0.1800202809368636
66.70000000000049 0.1800202809368648
66.80000000000048 0.180020280936866
66.90000000000047 0.1800202809368673
67.00000000000047 0.1800202809368684
67.10000000000046 0.1800202809368696
67.20000000000046 0.1800202809368708
67.30000000000045 0.1800202809368719
67.40000000000045 0.1800202809368731
67.50000000000044 0.1800202809368742
67.60000000000043 0.1800202809368754
67.70000000000043 0.1800202809368765
67.80000000000042 0.1800202809368776
67.90000000000042 0.1800202809368787
68.00000000000041 0.1800202809368799
68.10000000000041 0.180020280936881
68.2000000000004 0.1800202809368821
68.3000000000004 0.1800202809368832
68.40000000000039 0.1800202809368843
68.50000000000038 0.1800202809368854
68.60000000000038 0.1800202809368865
68.70000000000037 0.1800202809368875
68.80000000000037 0.1800202809368886
68.90000000000036 0.1800202809368896
69.00000000000036 0.1800202809368907
69.10000000000035 0.1800202809368917
69.20000000000034 0.1800202809368928
69.30000000000034 0.1800202809368938
69.40000000000033 0.1800202809368948
69.50000000000033 0.1800202809368958
69.60000000000032 0.1800202809368968
69.70000000000032 0.1800202809368978
69.80000000000031 0.1800202809368988
69.9000000000003 0.1800202809368998
70.0000000000003 0.1800202809369008
70.10000000000029 0.1800202809369018
70.20000000000029 0.1800202809369028
70.30000000000028 0.1800202809369037
70.40000000000028 0.1800202809369047
70.50000000000027 0.1800202809369056
70.60000000000026 0.1800202809369066
70.70000000000026 0.1800202809369075
70.80000000000025 0.1800202809369085
70.90000000000025 0.1800202809369094
71.00000000000024 0.1800202809369104
71.10000000000024 0.1800202809369113
71.20000000000023 0.1800202809369122
71.30000000000022 0.1800202809369131
71.40000000000022 0.1800202809369141
71.50000000000021 0.180020280936915
71.60000000000021 0.1800202809369159
71.7000000000002 0.1800202809369168
71.8000000000002 0.1800202809369177
71.90000000000019 0.1800202809369186
72.00000000000018 0.1800202809369194
72.10000000000018 0.1800202809369204
72.20000000000017 0.1800202809369212
72.30000000000017 0.1800202809369221
72.40000000000016 0.180020280936923
72.50000000000016 0.1800202809369238
72.60000000000015 0.1800202809369246
72.70000000000014 0.1800202809369255
72.80000000000014 0.1800202809369263
72.90000000000013 0.1800202809369271
73.00000000000013 0.180020280936928
73.10000000000012 0.1800202809369288
73.20000000000012 0.1800202809369296
73.30000000000011 0.1800202809369305
73.40000000000011 0.1800202809369312
73.5000000000001 0.1800202809369321
73.60000000000009 0.1800202809369328
73.70000000000009 0.1800202809369336
73.80000000000008 0.1800202809369344
73.90000000000008 0.1800202809369352
74.00000000000007 0.180020280936936
74.10000000000007 0.1800202809369368
74.20000000000006 0.1800202809369376
74.30000000000005 0.1800202809369384
74.40000000000005 0.1800202809369391
74.50000000000004 0.1800202809369399
74.60000000000004 0.1800202809369407
74.70000000000003 0.1800202809369414
74.80000000000003 0.1800202809369422
74.90000000000002 0.1800202809369429
75.00000000000001 0.1800202809369437
75.10000000000001 0.1800202809369444
75.2 0.1800202809369451
75.3 0.1800202809369459
75.39999999999999 0.1800202809369466
75.49999999999999 0.1800202809369474
75.59999999999998 0.1800202809369481
75.69999999999997 0.1800202809369488
75.79999999999997 0.1800202809369495
75.89999999999996 0.1800202809369502
75.99999999999996 0.180020280936951
76.09999999999995 0.1800202809369517
76.19999999999995 0.1800202809369524
76.29999999999994 0.180020280936953
76.39999999999993 0.1800202809369538
76.49999999999993 0.1800202809369544
76.59999999999992 0.1800202809369551
76.69999999999992 0.1800202809369557
76.79999999999991 0.1800202809369564
76.89999999999991 0.1800202809369571
76.9999999999999 0.1800202809369578
77.09999999999989 0.1800202809369585
77.19999999999989 0.1800202809369592
77.29999999999988 0.1800202809369598
77.39999999999988 0.1800202809369605
77.49999999999987 0.1800202809369611
77.59999999999987 0.1800202809369618
77.69999999999986 0.1800202809369624
77.79999999999986 0.180020280936963
77.89999999999985 0.1800202809369636
77.99999999999984 0.1800202809369643
78.09999999999984 0.1800202809369649
78.19999999999983 0.1800202809369655
78.29999999999983 0.1800202809369662
78.39999999999982 0.1800202809369668
78.49999999999982 0.1800202809369674
78.59999999999981 0.1800202809369681
78.6999999999998 0.1800202809369686
78.7999999999998 0.1800202809369693
78.89999999999979 0.1800202809369699
78.99999999999979 0.1800202809369705
79.09999999999978 0.1800202809369711
79.19999999999978 0.1800202809369717
79.29999999999977 0.1800202809369723
79.39999999999976 0.1800202809369729
79.49999999999976 0.1800202809369735
79.59999999999975 0.1800202809369741
79.69999999999975 0.1800202809369746
79.79999999999974 0.1800202809369752
79.89999999999974 0.1800202809369758
79.99999999999973 0.1800202809369763
80.09999999999972 0.1800202809369769
80.19999999999972 0.1800202809369775
80.29999999999971 0.1800202809369781
80.39999999999971 0.1800202809369786
80.4999999999997 0.1800202809369792
80.5999999999997 0.1800202809369797
80.69999999999969 0.1800202809369803
80.79999999999968 0.1800202809369808
80.89999999999968 0.1800202809369813
80.99999999999967 0.1800202809369819
81.09999999999967 0.1800202809369824
81.19999999999966 0.180020280936983
81.29999999999966 0.1800202809369835
81.39999999999965 0.1800202809369841
81.49999999999964 0.1800202809369846
81.59999999999964 0.1800202809369851
81.69999999999963 0.1800202809369857
81.79999999999963 0.1800202809369862
81.89999999999962 0.1800202809369867
81.99999999999962 0.1800202809369872
82.09999999999961 0.1800202809369877
82.1999999999996 0.1800202809369882
82.2999999999996 0.1800202809369887
82.39999999999959 0.1800202809369892
82.49999999999959 0.1800202809369898
82.59999999999958 0.1800202809369902
82.69999999999958 0.1800202809369907
82.79999999999957 0.1800202809369912
82.89999999999957 0.1800202809369917
82.99999999999956 0.1800202809369922
83.09999999999955 0.1800202809369927
83.19999999999955 0.1800202809369932
83.29999999999954 0.1800202809369937
83.39999999999954 0.1800202809369942
83.49999999999953 0.1800202809369946
83.59999999999953 0.1800202809369951
83.69999999999952 0.1800202809369956
83.79999999999951 0.180020280936996
83.89999999999951 0.1800202809369965
83.9999999999995 0.180020280936997
84.0999999999995 0.1800202809369974
84.19999999999949 0.1800202809369979
84.29999999999949 0.1800202809369983
84.39999999999948 0.1800202809369988
84.49999999999947 0.1800202809369993
84.59999999999947 0.1800202809369997
84.69999999999946 0.1800202809370002
84.79999999999946 0.1800202809370006
84.89999999999945 0.1800202809370011
84.99999999999945 0.1800202809370016
85.09999999999944 0.180020280937002
85.19999999999943 0.1800202809370025
85.29999999999943 0.1800202809370029
85.39999999999942 0.1800202809370033
85.49999999999942 0.1800202809370037
85.59999999999941 0.1800202809370042
85.69999999999941 0.1800202809370046
85.7999999999994 0.180020280937005
85.89999999999939 0.1800202809370054
85.99999999999939 0.1800202809370059
86.09999999999938 0.1800202809370063
86.19999999999938 0.1800202809370067
86.29999999999937 0.1800202809370071
86.39999999999937 0.1800202809370076
86.49999999999936 0.1800202809370079
86.59999999999935 0.1800202809370083
86.69999999999935 0.1800202809370088
86.79999999999934 0.1800202809370092
86.89999999999934 0.1800202809370096
86.99999999999933 0.1800202809370099
87.09999999999933 0.1800202809370103
87.19999999999932 0.1800202809370108
87.29999999999932 0.1800202809370112
87.39999999999931 0.1800202809370116
87.4999999999993 0.180020280937012
87.5999999999993 0.1800202809370123
87.69999999999929 0.1800202809370127
87.79999999999929 0.1800202809370131
87.89999999999928 0.1800202809370135
87.99999999999928 0.1800202809370138
88.09999999999927 0.1800202809370142
88.19999999999926 0.1800202809370146
88.29999999999926 0.180020280937015
88.39999999999925 0.1800202809370154
88.49999999999925 0.1800202809370158
88.59999999999924 0.1800202809370161
88.69999999999924 0.1800202809370165
88.79999999999923 0.1800202809370169
88.89999999999922 0.1800202809370172
88.99999999999922 0.1800202809370176
89.09999999999921 0.1800202809370179
89.19999999999921 0.1800202809370183
89.2999999999992 0.1800202809370187
89.3999999999992 0.1800202809370191
89.49999999999919 0.1800202809370195
89.59999999999918 0.1800202809370198
89.69999999999918 0.1800202809370202
89.79999999999917 0.1800202809370205
89.89999999999917 0.1800202809370209
89.99999999999916 0.1800202809370212
90.09999999999916 0.1800202809370215
90.19999999999915 0.1800202809370219
90.29999999999914 0.1800202809370222
90.39999999999914 0.1800202809370226
90.49999999999913 0.1800202809370229
90.59999999999913 0.1800202809370233
90.69999999999912 0.1800202809370236
90.79999999999912 0.180020280937024
90.89999999999911 0.1800202809370243
90.9999999999991 0.1800202809370247
91.0999999999991 0.180020280937025
91.19999999999909 0.1800202809370254
91.29999999999909 0.1800202809370256
91.39999999999908 0.1800202809370259
91.49999999999908 0.1800202809370263
91.59999999999907 0.1800202809370267
91.69999999999906 0.180020280937027
91.79999999999906 0.1800202809370273
91.89999999999905 0.1800202809370277
91.99999999999905 0.180020280937028
92.09999999999904 0.1800202809370283
92.19999999999904 0.1800202809370286
92.29999999999903 0.1800202809370289
92.39999999999903 0.1800202809370292
92.49999999999902 0.1800202809370295
92.59999999999901 0.1800202809370298
92.69999999999901 0.1800202809370302
92.799999999999 0.1800202809370305
92.899999999999 0.1800202809370307
92.99999999999899 0.1800202809370311
93.09999999999899 0.1800202809370314
93.19999999999898 0.1800202809370317
93.29999999999897 0.180020280937032
93.39999999999897 0.1800202809370323
93.49999999999896 0.1800202809370326
93.59999999999896 0.1800202809370329
93.69999999999895 0.1800202809370332
93.79999999999895 0.1800202809370335
93.89999999999894 0.1800202809370338
93.99999999999893 0.1800202809370341
94.09999999999893 0.1800202809370344
94.19999999999892 0.1800202809370347
94.29999999999892 0.180020280937035
94.39999999999891 0.1800202809370353
94.49999999999891 0.1800202809370355
94.5999999999989 0.1800202809370358
94.69999999999889 0.1800202809370361
94.79999999999889 0.1800202809370364
94.89999999999888 0.1800202809370366
94.99999999999888 0.1800202809370369
95.09999999999887 0.1800202809370371
95.19999999999887 0.1800202809370375
95.29999999999886 0.1800202809370378
95.39999999999885 0.1800202809370381
95.49999999999885 0.1800202809370383
95.59999999999884 0.1800202809370386
95.69999999999884 0.1800202809370389
95.79999999999883 0.1800202809370391
95.89999999999883 0.1800202809370394
95.99999999999882 0.1800202809370397
96.09999999999881 0.1800202809370399
96.19999999999881 0.1800202809370401
96.2999999999988 0.1800202809370404
96.3999999999988 0.1800202809370407
96.49999999999879 0.180020280937041
96.59999999999879 0.1800202809370413
96.69999999999878 0.1800202809370415
96.79999999999878 0.1800202809370417
96.89999999999877 0.180020280937042
96.99999999999876 0.1800202809370422
97.09999999999876 0.1800202809370425
97.19999999999875 0.1800202809370428
97.29999999999875 0.180020280937043
97.39999999999874 0.1800202809370433
97.49999999999874 0.1800202809370435
97.59999999999873 0.1800202809370438
97.69999999999872 0.1800202809370441
97.79999999999872 0.1800202809370443
97.89999999999871 0.1800202809370446
97.99999999999871 0.1800202809370448
98.0999999999987 0.180020280937045
98.1999999999987 0.1800202809370453
98.29999999999869 0.1800202809370455
98.39999999999868 0.1800202809370457
98.49999999999868 0.180020280937046
98.59999999999867 0.1800202809370462
98.69999999999867 0.1800202809370464
98.79999999999866 0.1800202809370467
98.89999999999866 0.1800202809370469
98.99999999999865 0.1800202809370471
99.09999999999864 0.1800202809370473
99.19999999999864 0.1800202809370476
99.29999999999863 0.1800202809370478
99.39999999999863 0.180020280937048
99.49999999999862 0.1800202809370482
99.59999999999862 0.1800202809370485
99.69999999999861 0.1800202809370487
99.7999999999986 0.1800202809370489
99.8999999999986 0.1800202809370492
99.99999999999859 0.1800202809370494
100.0999999999986 0.1800202809370496
