0 -0.0009775776750000002
0.1 -0.0009775776860411732
0.2 -0.0009775777437748695
0.3 -0.0009775778545648361
0.4 -0.0009775780313776782
0.5 -0.0009775782969104392
0.6 -0.0009775786897025511
0.7 -0.0009775792760728474
0.7999999999999999 -0.0009775801743507984
0.8999999999999999 -0.0009775816070648701
0.9999999999999999 -0.0009775840222086679
1.1 -0.0009775884029313985
1.2 -0.0009775971581009425
1.3 -0.000977617107385782
1.4 -0.0009776717785716887
1.5 -0.0009778694607211567
1.6 -0.0009790036911928965
1.7 -0.0009954728392127014
1.8 -0.008361320365481283
1.900000000000001 0.03931351020657366
2 0.0393992559467949
2.100000000000001 0.03940044196471233
2.200000000000001 0.03940054734041194
2.300000000000001 0.03940056640183721
2.400000000000001 0.03940057146614588
2.500000000000001 0.03940057318034064
2.600000000000001 0.03940057386596924
2.700000000000001 0.03940057417582692
2.800000000000001 0.03940057432955629
2.900000000000001 0.0394005744116532
3.000000000000001 0.03940057445818793
3.100000000000001 0.03940057448589605
3.200000000000002 0.0394005745030909
3.300000000000002 0.03940057451414421
3.400000000000002 0.03940057452146874
3.500000000000002 0.03940057452645258
3.600000000000002 0.03940057452992354
3.700000000000002 0.03940057453239122
3.800000000000002 0.03940057453417813
3.900000000000002 0.03940057453549365
4.000000000000002 0.03940057453647666
4.100000000000001 0.03940057453722118
4.200000000000001 0.03940057453779209
4.300000000000001 0.03940057453823479
4.4 0.03940057453858169
4.5 0.0394005745388561
4.6 0.03940057453907509
4.699999999999999 0.0394005745392513
4.799999999999999 0.03940057453939415
4.899999999999999 0.0394005745395108
4.999999999999998 0.03940057453960668
5.099999999999998 0.03940057453968599
5.199999999999998 0.03940057453975197
5.299999999999997 0.03940057453980715
5.399999999999997 0.03940057453985356
5.499999999999996 0.03940057453989277
5.599999999999996 0.03940057453992605
5.699999999999996 0.03940057453995444
5.799999999999995 0.03940057453997873
5.899999999999995 0.03940057453999959
5.999999999999995 0.03940057454001759
6.099999999999994 0.03940057454003319
6.199999999999994 0.03940057454004673
6.299999999999994 0.03940057454005853
6.399999999999993 0.03940057454006885
6.499999999999993 0.0394005745400779
6.599999999999993 0.03940057454008586
6.699999999999992 0.03940057454009287
6.799999999999992 0.03940057454009908
6.899999999999991 0.03940057454010456
6.999999999999991 0.03940057454010944
7.099999999999991 0.03940057454011378
7.19999999999999 0.03940057454011767
7.29999999999999 0.03940057454012113
7.39999999999999 0.03940057454012423
7.499999999999989 0.03940057454012701
7.599999999999989 0.03940057454012953
7.699999999999989 0.03940057454013178
7.799999999999988 0.03940057454013381
7.899999999999988 0.03940057454013565
7.999999999999988 0.03940057454013732
8.099999999999987 0.03940057454013884
8.199999999999987 0.03940057454014021
8.299999999999986 0.03940057454014147
8.399999999999986 0.03940057454014262
8.499999999999986 0.03940057454014365
8.599999999999985 0.0394005745401446
8.699999999999985 0.03940057454014549
8.799999999999985 0.03940057454014628
8.899999999999984 0.039400574540147
8.999999999999984 0.03940057454014768
9.099999999999984 0.0394005745401483
9.199999999999983 0.03940057454014888
9.299999999999983 0.0394005745401494
9.399999999999983 0.03940057454014989
9.499999999999982 0.03940057454015033
9.599999999999982 0.03940057454015074
9.699999999999982 0.03940057454015113
9.799999999999981 0.03940057454015148
9.899999999999981 0.03940057454015181
9.99999999999998 0.0394005745401521
10.09999999999998 0.03940057454015238
10.19999999999998 0.03940057454015266
10.29999999999998 0.03940057454015291
10.39999999999998 0.03940057454015314
10.49999999999998 0.03940057454015335
10.59999999999998 0.03940057454015355
10.69999999999998 0.03940057454015373
10.79999999999998 0.0394005745401539
10.89999999999998 0.03940057454015407
10.99999999999998 0.03940057454015422
11.09999999999998 0.03940057454015437
11.19999999999998 0.03940057454015451
11.29999999999998 0.03940057454015464
11.39999999999998 0.03940057454015474
11.49999999999998 0.03940057454015485
11.59999999999997 0.03940057454015498
11.69999999999997 0.03940057454015507
11.79999999999997 0.03940057454015516
11.89999999999997 0.03940057454015525
11.99999999999997 0.03940057454015534
12.09999999999997 0.03940057454015541
12.19999999999997 0.03940057454015549
12.29999999999997 0.03940057454015555
12.39999999999997 0.03940057454015562
12.49999999999997 0.03940057454015568
12.59999999999997 0.03940057454015575
12.69999999999997 0.0394005745401558
12.79999999999997 0.03940057454015587
12.89999999999997 0.03940057454015591
12.99999999999997 0.03940057454015595
13.09999999999997 0.039400574540156
13.19999999999997 0.03940057454015603
13.29999999999997 0.03940057454015608
13.39999999999997 0.03940057454015611
13.49999999999997 0.03940057454015615
13.59999999999997 0.03940057454015618
13.69999999999997 0.03940057454015621
13.79999999999997 0.03940057454015623
13.89999999999997 0.03940057454015625
13.99999999999997 0.03940057454015629
14.09999999999997 0.03940057454015631
14.19999999999997 0.03940057454015633
14.29999999999997 0.03940057454015635
14.39999999999996 0.03940057454015639
14.49999999999996 0.03940057454015641
14.59999999999996 0.03940057454015643
14.69999999999996 0.03940057454015645
14.79999999999996 0.03940057454015648
14.89999999999996 0.03940057454015649
14.99999999999996 0.03940057454015652
15.09999999999996 0.03940057454015654
15.19999999999996 0.03940057454015655
15.29999999999996 0.03940057454015658
15.39999999999996 0.03940057454015659
15.49999999999996 0.0394005745401566
15.59999999999996 0.03940057454015661
15.69999999999996 0.03940057454015662
15.79999999999996 0.03940057454015664
15.89999999999996 0.03940057454015666
15.99999999999996 0.03940057454015667
16.09999999999996 0.03940057454015668
16.19999999999996 0.03940057454015669
16.29999999999996 0.0394005745401567
16.39999999999996 0.0394005745401567
16.49999999999996 0.03940057454015672
16.59999999999997 0.03940057454015671
16.69999999999997 0.0394005745401567
16.79999999999997 0.03940057454015671
16.89999999999997 0.03940057454015673
16.99999999999997 0.03940057454015675
17.09999999999997 0.03940057454015676
17.19999999999997 0.03940057454015677
17.29999999999998 0.03940057454015679
17.39999999999998 0.0394005745401568
17.49999999999998 0.0394005745401568
17.59999999999998 0.03940057454015681
17.69999999999998 0.03940057454015682
17.79999999999998 0.03940057454015682
17.89999999999998 0.03940057454015682
17.99999999999999 0.03940057454015684
18.09999999999999 0.03940057454015685
18.19999999999999 0.03940057454015685
18.29999999999999 0.03940057454015687
18.39999999999999 0.03940057454015686
18.49999999999999 0.03940057454015686
18.59999999999999 0.03940057454015687
18.7 0.03940057454015686
18.8 0.03940057454015688
18.9 0.03940057454015687
19 0.03940057454015688
19.1 0.03940057454015687
19.2 0.03940057454015687
19.3 0.03940057454015686
19.40000000000001 0.03940057454015688
19.50000000000001 0.03940057454015689
19.60000000000001 0.03940057454015689
19.70000000000001 0.03940057454015689
19.80000000000001 0.03940057454015689
19.90000000000001 0.03940057454015688
20.00000000000001 0.03940057454015689
20.10000000000002 0.03940057454015688
20.20000000000002 0.03940057454015689
20.30000000000002 0.03940057454015687
20.40000000000002 0.03940057454015687
20.50000000000002 0.03940057454015687
20.60000000000002 0.03940057454015688
20.70000000000002 0.03940057454015688
20.80000000000003 0.03940057454015689
20.90000000000003 0.03940057454015689
21.00000000000003 0.0394005745401569
21.10000000000003 0.0394005745401569
21.20000000000003 0.03940057454015691
21.30000000000003 0.0394005745401569
21.40000000000003 0.03940057454015691
21.50000000000004 0.03940057454015693
21.60000000000004 0.03940057454015693
21.70000000000004 0.03940057454015694
21.80000000000004 0.03940057454015694
21.90000000000004 0.03940057454015694
22.00000000000004 0.03940057454015693
22.10000000000004 0.03940057454015693
22.20000000000005 0.03940057454015692
22.30000000000005 0.03940057454015693
22.40000000000005 0.03940057454015691
22.50000000000005 0.03940057454015693
22.60000000000005 0.03940057454015693
22.70000000000005 0.03940057454015694
22.80000000000005 0.03940057454015695
22.90000000000006 0.03940057454015693
23.00000000000006 0.03940057454015693
23.10000000000006 0.03940057454015693
23.20000000000006 0.03940057454015693
23.30000000000006 0.03940057454015693
23.40000000000006 0.03940057454015693
23.50000000000006 0.03940057454015693
23.60000000000007 0.03940057454015693
23.70000000000007 0.03940057454015693
23.80000000000007 0.03940057454015691
23.90000000000007 0.03940057454015692
24.00000000000007 0.03940057454015693
24.10000000000007 0.03940057454015693
24.20000000000007 0.03940057454015693
24.30000000000008 0.03940057454015693
24.40000000000008 0.03940057454015692
24.50000000000008 0.03940057454015691
24.60000000000008 0.03940057454015692
24.70000000000008 0.03940057454015693
24.80000000000008 0.03940057454015692
24.90000000000008 0.03940057454015692
25.00000000000009 0.03940057454015692
25.10000000000009 0.03940057454015691
25.20000000000009 0.03940057454015691
25.30000000000009 0.03940057454015691
25.40000000000009 0.03940057454015692
25.50000000000009 0.03940057454015691
25.60000000000009 0.03940057454015693
25.7000000000001 0.03940057454015691
25.8000000000001 0.03940057454015691
25.9000000000001 0.03940057454015691
26.0000000000001 0.03940057454015692
26.1000000000001 0.03940057454015691
26.2000000000001 0.03940057454015691
26.3000000000001 0.03940057454015692
26.40000000000011 0.03940057454015691
26.50000000000011 0.03940057454015691
26.60000000000011 0.03940057454015691
26.70000000000011 0.03940057454015691
26.80000000000011 0.03940057454015689
26.90000000000011 0.03940057454015691
27.00000000000011 0.03940057454015691
27.10000000000012 0.03940057454015691
27.20000000000012 0.03940057454015691
27.30000000000012 0.03940057454015691
27.40000000000012 0.03940057454015691
27.50000000000012 0.03940057454015691
27.60000000000012 0.03940057454015692
27.70000000000012 0.03940057454015692
27.80000000000013 0.03940057454015693
27.90000000000013 0.03940057454015693
28.00000000000013 0.03940057454015692
28.10000000000013 0.03940057454015693
28.20000000000013 0.03940057454015692
28.30000000000013 0.03940057454015692
28.40000000000013 0.03940057454015693
28.50000000000014 0.03940057454015692
28.60000000000014 0.03940057454015693
28.70000000000014 0.03940057454015693
28.80000000000014 0.03940057454015693
28.90000000000014 0.03940057454015693
29.00000000000014 0.03940057454015693
29.10000000000014 0.03940057454015693
29.20000000000014 0.03940057454015693
29.30000000000015 0.03940057454015693
29.40000000000015 0.03940057454015694
29.50000000000015 0.03940057454015694
29.60000000000015 0.03940057454015695
29.70000000000015 0.03940057454015693
29.80000000000015 0.03940057454015693
29.90000000000015 0.03940057454015693
30.00000000000016 0.03940057454015694
30.10000000000016 0.03940057454015695
30.20000000000016 0.03940057454015695
30.30000000000016 0.03940057454015696
30.40000000000016 0.03940057454015697
30.50000000000016 0.03940057454015696
30.60000000000016 0.03940057454015697
30.70000000000017 0.03940057454015696
30.80000000000017 0.03940057454015696
30.90000000000017 0.03940057454015697
31.00000000000017 0.03940057454015698
31.10000000000017 0.03940057454015696
31.20000000000017 0.03940057454015696
31.30000000000017 0.03940057454015696
31.40000000000018 0.03940057454015697
31.50000000000018 0.03940057454015696
31.60000000000018 0.03940057454015696
31.70000000000018 0.03940057454015698
31.80000000000018 0.03940057454015697
31.90000000000018 0.03940057454015696
32.00000000000018 0.03940057454015695
32.10000000000019 0.03940057454015697
32.20000000000019 0.03940057454015696
32.30000000000019 0.03940057454015697
32.40000000000019 0.03940057454015696
32.50000000000019 0.03940057454015696
32.60000000000019 0.03940057454015695
32.70000000000019 0.03940057454015697
32.8000000000002 0.03940057454015695
32.9000000000002 0.03940057454015696
33.0000000000002 0.03940057454015697
33.1000000000002 0.03940057454015696
33.2000000000002 0.03940057454015696
33.3000000000002 0.03940057454015696
33.4000000000002 0.03940057454015696
33.50000000000021 0.03940057454015695
33.60000000000021 0.03940057454015695
33.70000000000021 0.03940057454015695
33.80000000000021 0.03940057454015695
33.90000000000021 0.03940057454015694
34.00000000000021 0.03940057454015695
34.10000000000021 0.03940057454015695
34.20000000000022 0.03940057454015695
34.30000000000022 0.03940057454015693
34.40000000000022 0.03940057454015693
34.50000000000022 0.03940057454015692
34.60000000000022 0.03940057454015691
34.70000000000022 0.03940057454015691
34.80000000000022 0.03940057454015691
34.90000000000023 0.03940057454015692
35.00000000000023 0.03940057454015693
35.10000000000023 0.03940057454015693
35.20000000000023 0.03940057454015694
35.30000000000023 0.03940057454015695
35.40000000000023 0.03940057454015695
35.50000000000023 0.03940057454015694
35.60000000000024 0.03940057454015696
35.70000000000024 0.03940057454015696
35.80000000000024 0.03940057454015697
35.90000000000024 0.03940057454015697
36.00000000000024 0.03940057454015699
36.10000000000024 0.03940057454015699
36.20000000000024 0.039400574540157
36.30000000000025 0.03940057454015698
36.40000000000025 0.03940057454015698
36.50000000000025 0.03940057454015698
36.60000000000025 0.03940057454015698
36.70000000000025 0.03940057454015698
36.80000000000025 0.03940057454015698
36.90000000000025 0.03940057454015697
37.00000000000026 0.03940057454015695
37.10000000000026 0.03940057454015697
37.20000000000026 0.03940057454015696
37.30000000000026 0.03940057454015697
37.40000000000026 0.03940057454015697
37.50000000000026 0.03940057454015697
37.60000000000026 0.03940057454015696
37.70000000000027 0.03940057454015696
37.80000000000027 0.03940057454015697
37.90000000000027 0.03940057454015696
38.00000000000027 0.03940057454015695
38.10000000000027 0.03940057454015695
38.20000000000027 0.03940057454015694
38.30000000000027 0.03940057454015695
38.40000000000028 0.03940057454015695
38.50000000000028 0.03940057454015695
38.60000000000028 0.03940057454015696
38.70000000000028 0.03940057454015696
38.80000000000028 0.03940057454015696
38.90000000000028 0.03940057454015697
39.00000000000028 0.03940057454015697
39.10000000000029 0.03940057454015697
39.20000000000029 0.03940057454015696
39.30000000000029 0.03940057454015695
39.40000000000029 0.03940057454015695
39.50000000000029 0.03940057454015695
39.60000000000029 0.03940057454015695
39.70000000000029 0.03940057454015694
39.8000000000003 0.03940057454015695
39.9000000000003 0.03940057454015695
40.0000000000003 0.03940057454015695
40.1000000000003 0.03940057454015695
40.2000000000003 0.03940057454015697
40.3000000000003 0.03940057454015695
40.4000000000003 0.03940057454015696
40.50000000000031 0.03940057454015698
40.60000000000031 0.03940057454015697
40.70000000000031 0.03940057454015698
40.80000000000031 0.03940057454015696
40.90000000000031 0.03940057454015698
41.00000000000031 0.03940057454015698
41.10000000000031 0.03940057454015698
41.20000000000032 0.03940057454015698
41.30000000000032 0.03940057454015698
41.40000000000032 0.03940057454015698
41.50000000000032 0.03940057454015698
41.60000000000032 0.03940057454015698
41.70000000000032 0.03940057454015698
41.80000000000032 0.03940057454015698
41.90000000000033 0.03940057454015698
42.00000000000033 0.03940057454015698
42.10000000000033 0.03940057454015698
42.20000000000033 0.03940057454015698
42.30000000000033 0.03940057454015698
42.40000000000033 0.03940057454015698
42.50000000000033 0.03940057454015699
42.60000000000034 0.03940057454015699
42.70000000000034 0.039400574540157
42.80000000000034 0.03940057454015699
42.90000000000034 0.039400574540157
43.00000000000034 0.03940057454015699
43.10000000000034 0.03940057454015699
43.20000000000034 0.03940057454015698
43.30000000000035 0.03940057454015698
43.40000000000035 0.03940057454015698
43.50000000000035 0.03940057454015699
43.60000000000035 0.03940057454015698
43.70000000000035 0.03940057454015698
43.80000000000035 0.039400574540157
43.90000000000035 0.039400574540157
44.00000000000036 0.039400574540157
44.10000000000036 0.039400574540157
44.20000000000036 0.03940057454015699
44.30000000000036 0.039400574540157
44.40000000000036 0.039400574540157
44.50000000000036 0.039400574540157
44.60000000000036 0.039400574540157
44.70000000000037 0.039400574540157
44.80000000000037 0.039400574540157
44.90000000000037 0.039400574540157
45.00000000000037 0.03940057454015699
45.10000000000037 0.03940057454015698
45.20000000000037 0.03940057454015698
45.30000000000037 0.03940057454015699
45.40000000000038 0.039400574540157
45.50000000000038 0.03940057454015698
45.60000000000038 0.03940057454015698
45.70000000000038 0.039400574540157
45.80000000000038 0.039400574540157
45.90000000000038 0.03940057454015699
46.00000000000038 0.03940057454015698
46.10000000000039 0.03940057454015699
46.20000000000039 0.03940057454015699
46.30000000000039 0.039400574540157
46.40000000000039 0.039400574540157
46.50000000000039 0.03940057454015698
46.60000000000039 0.03940057454015699
46.70000000000039 0.039400574540157
46.8000000000004 0.03940057454015701
46.9000000000004 0.03940057454015701
47.0000000000004 0.03940057454015701
47.1000000000004 0.03940057454015701
47.2000000000004 0.039400574540157
47.3000000000004 0.039400574540157
47.4000000000004 0.03940057454015701
47.50000000000041 0.03940057454015702
47.60000000000041 0.03940057454015702
47.70000000000041 0.03940057454015702
47.80000000000041 0.03940057454015701
47.90000000000041 0.03940057454015702
48.00000000000041 0.03940057454015702
48.10000000000041 0.03940057454015703
48.20000000000041 0.03940057454015703
48.30000000000042 0.03940057454015702
48.40000000000042 0.03940057454015702
48.50000000000042 0.03940057454015702
48.60000000000042 0.03940057454015702
48.70000000000042 0.03940057454015702
48.80000000000042 0.03940057454015703
48.90000000000042 0.03940057454015702
49.00000000000043 0.03940057454015702
49.10000000000043 0.03940057454015702
49.20000000000043 0.03940057454015702
49.30000000000043 0.03940057454015702
49.40000000000043 0.03940057454015702
49.50000000000043 0.03940057454015702
49.60000000000043 0.03940057454015701
49.70000000000044 0.03940057454015701
49.80000000000044 0.03940057454015701
49.90000000000044 0.03940057454015701
50.00000000000044 0.039400574540157
50.10000000000044 0.039400574540157
50.20000000000044 0.039400574540157
50.30000000000044 0.039400574540157
50.40000000000045 0.039400574540157
50.50000000000045 0.039400574540157
50.60000000000045 0.039400574540157
50.70000000000045 0.03940057454015699
50.80000000000045 0.03940057454015699
50.90000000000045 0.03940057454015698
51.00000000000045 0.039400574540157
51.10000000000046 0.039400574540157
51.20000000000046 0.039400574540157
51.30000000000046 0.039400574540157
51.40000000000046 0.039400574540157
51.50000000000046 0.039400574540157
51.60000000000046 0.03940057454015699
51.70000000000046 0.039400574540157
51.80000000000047 0.03940057454015701
51.90000000000047 0.039400574540157
52.00000000000047 0.03940057454015698
52.10000000000047 0.03940057454015698
52.20000000000047 0.03940057454015698
52.30000000000047 0.03940057454015698
52.40000000000047 0.03940057454015698
52.50000000000048 0.03940057454015697
52.60000000000048 0.03940057454015698
52.70000000000048 0.03940057454015697
52.80000000000048 0.03940057454015698
52.90000000000048 0.03940057454015698
53.00000000000048 0.03940057454015698
53.10000000000048 0.03940057454015698
53.20000000000049 0.03940057454015699
53.30000000000049 0.039400574540157
53.40000000000049 0.039400574540157
53.50000000000049 0.039400574540157
53.60000000000049 0.039400574540157
53.70000000000049 0.03940057454015699
53.80000000000049 0.03940057454015699
53.9000000000005 0.039400574540157
54.0000000000005 0.03940057454015699
54.1000000000005 0.03940057454015699
54.2000000000005 0.03940057454015699
54.3000000000005 0.03940057454015699
54.4000000000005 0.03940057454015698
54.5000000000005 0.03940057454015698
54.60000000000051 0.03940057454015698
54.70000000000051 0.03940057454015697
54.80000000000051 0.03940057454015698
54.90000000000051 0.03940057454015697
55.00000000000051 0.03940057454015696
55.10000000000051 0.03940057454015697
55.20000000000051 0.03940057454015697
55.30000000000052 0.03940057454015697
55.40000000000052 0.03940057454015697
55.50000000000052 0.03940057454015698
55.60000000000052 0.03940057454015698
55.70000000000052 0.03940057454015698
55.80000000000052 0.039400574540157
55.90000000000052 0.03940057454015701
56.00000000000053 0.03940057454015701
56.10000000000053 0.039400574540157
56.20000000000053 0.039400574540157
56.30000000000053 0.039400574540157
56.40000000000053 0.03940057454015699
56.50000000000053 0.03940057454015698
56.60000000000053 0.03940057454015698
56.70000000000054 0.03940057454015698
56.80000000000054 0.03940057454015698
56.90000000000054 0.03940057454015698
57.00000000000054 0.03940057454015698
57.10000000000054 0.03940057454015696
57.20000000000054 0.03940057454015697
57.30000000000054 0.03940057454015698
57.40000000000055 0.03940057454015697
57.50000000000055 0.03940057454015697
57.60000000000055 0.03940057454015698
57.70000000000055 0.03940057454015697
57.80000000000055 0.03940057454015698
57.90000000000055 0.03940057454015699
58.00000000000055 0.039400574540157
58.10000000000056 0.03940057454015698
58.20000000000056 0.03940057454015698
58.30000000000056 0.03940057454015698
58.40000000000056 0.03940057454015698
58.50000000000056 0.03940057454015698
58.60000000000056 0.03940057454015699
58.70000000000056 0.03940057454015698
58.80000000000057 0.03940057454015698
58.90000000000057 0.03940057454015698
59.00000000000057 0.03940057454015698
59.10000000000057 0.03940057454015697
59.20000000000057 0.03940057454015697
59.30000000000057 0.03940057454015696
59.40000000000057 0.03940057454015695
59.50000000000058 0.03940057454015693
59.60000000000058 0.03940057454015694
59.70000000000058 0.03940057454015693
59.80000000000058 0.03940057454015693
59.90000000000058 0.03940057454015693
60.00000000000058 0.03940057454015693
60.10000000000058 0.03940057454015692
60.20000000000059 0.03940057454015692
60.30000000000059 0.03940057454015692
60.40000000000059 0.03940057454015692
60.50000000000059 0.03940057454015693
60.60000000000059 0.03940057454015692
60.70000000000059 0.03940057454015691
60.80000000000059 0.03940057454015693
60.9000000000006 0.03940057454015692
61.0000000000006 0.03940057454015691
61.1000000000006 0.03940057454015691
61.2000000000006 0.03940057454015692
61.3000000000006 0.03940057454015692
61.4000000000006 0.03940057454015692
61.5000000000006 0.03940057454015692
61.60000000000061 0.03940057454015692
61.70000000000061 0.03940057454015691
61.80000000000061 0.03940057454015691
61.90000000000061 0.0394005745401569
62.00000000000061 0.03940057454015689
62.10000000000061 0.03940057454015689
62.20000000000061 0.0394005745401569
62.30000000000062 0.03940057454015691
62.40000000000062 0.03940057454015691
62.50000000000062 0.03940057454015691
62.60000000000062 0.03940057454015691
62.70000000000062 0.03940057454015691
62.80000000000062 0.03940057454015691
62.90000000000062 0.03940057454015691
63.00000000000063 0.03940057454015691
63.10000000000063 0.03940057454015692
63.20000000000063 0.03940057454015692
63.30000000000063 0.03940057454015692
63.40000000000063 0.03940057454015692
63.50000000000063 0.03940057454015691
63.60000000000063 0.03940057454015692
63.70000000000064 0.03940057454015692
63.80000000000064 0.03940057454015693
63.90000000000064 0.03940057454015694
64.00000000000064 0.03940057454015694
64.10000000000063 0.03940057454015693
64.20000000000063 0.03940057454015693
64.30000000000062 0.03940057454015691
64.40000000000062 0.03940057454015691
64.50000000000061 0.03940057454015691
64.60000000000061 0.03940057454015691
64.7000000000006 0.0394005745401569
64.80000000000059 0.0394005745401569
64.90000000000059 0.0394005745401569
65.00000000000058 0.03940057454015689
65.10000000000058 0.03940057454015689
65.20000000000057 0.03940057454015689
65.30000000000057 0.03940057454015688
65.40000000000056 0.03940057454015688
65.50000000000055 0.03940057454015688
65.60000000000055 0.03940057454015687
65.70000000000054 0.03940057454015686
65.80000000000054 0.03940057454015686
65.90000000000053 0.03940057454015686
66.00000000000053 0.03940057454015685
66.10000000000052 0.03940057454015686
66.20000000000051 0.03940057454015686
66.30000000000051 0.03940057454015685
66.4000000000005 0.03940057454015686
66.5000000000005 0.03940057454015686
66.60000000000049 0.03940057454015687
66.70000000000049 0.03940057454015688
66.80000000000048 0.03940057454015686
66.90000000000047 0.03940057454015686
67.00000000000047 0.03940057454015685
67.10000000000046 0.03940057454015684
67.20000000000046 0.03940057454015685
67.30000000000045 0.03940057454015686
67.40000000000045 0.03940057454015686
67.50000000000044 0.03940057454015685
67.60000000000043 0.03940057454015685
67.70000000000043 0.03940057454015685
67.80000000000042 0.03940057454015686
67.90000000000042 0.03940057454015686
68.00000000000041 0.03940057454015686
68.10000000000041 0.03940057454015685
68.2000000000004 0.03940057454015686
68.3000000000004 0.03940057454015684
68.40000000000039 0.03940057454015685
68.50000000000038 0.03940057454015686
68.60000000000038 0.03940057454015686
68.70000000000037 0.03940057454015686
68.80000000000037 0.03940057454015684
68.90000000000036 0.03940057454015684
69.00000000000036 0.03940057454015684
69.10000000000035 0.03940057454015684
69.20000000000034 0.03940057454015684
69.30000000000034 0.03940057454015683
69.40000000000033 0.03940057454015683
69.50000000000033 0.03940057454015682
69.60000000000032 0.03940057454015683
69.70000000000032 0.03940057454015683
69.80000000000031 0.03940057454015682
69.9000000000003 0.03940057454015684
70.0000000000003 0.03940057454015683
70.10000000000029 0.03940057454015682
70.20000000000029 0.03940057454015682
70.30000000000028 0.03940057454015682
70.40000000000028 0.03940057454015682
70.50000000000027 0.03940057454015682
70.60000000000026 0.0394005745401568
70.70000000000026 0.0394005745401568
70.80000000000025 0.0394005745401568
70.90000000000025 0.0394005745401568
71.00000000000024 0.0394005745401568
71.10000000000024 0.0394005745401568
71.20000000000023 0.0394005745401568
71.30000000000022 0.03940057454015678
71.40000000000022 0.03940057454015679
71.50000000000021 0.0394005745401568
71.60000000000021 0.03940057454015679
71.7000000000002 0.0394005745401568
71.8000000000002 0.03940057454015681
71.90000000000019 0.03940057454015681
72.00000000000018 0.0394005745401568
72.10000000000018 0.0394005745401568
72.20000000000017 0.0394005745401568
72.30000000000017 0.03940057454015678
72.40000000000016 0.03940057454015677
72.50000000000016 0.03940057454015678
72.60000000000015 0.03940057454015677
72.70000000000014 0.03940057454015677
72.80000000000014 0.03940057454015677
72.90000000000013 0.03940057454015677
73.00000000000013 0.03940057454015677
73.10000000000012 0.03940057454015677
73.20000000000012 0.03940057454015675
73.30000000000011 0.03940057454015674
73.40000000000011 0.03940057454015673
73.5000000000001 0.03940057454015673
73.60000000000009 0.03940057454015674
73.70000000000009 0.03940057454015673
73.80000000000008 0.03940057454015673
73.90000000000008 0.03940057454015673
74.00000000000007 0.03940057454015672
74.10000000000007 0.03940057454015672
74.20000000000006 0.03940057454015672
74.30000000000005 0.03940057454015673
74.40000000000005 0.03940057454015673
74.50000000000004 0.03940057454015673
74.60000000000004 0.03940057454015673
74.70000000000003 0.03940057454015673
74.80000000000003 0.03940057454015675
74.90000000000002 0.03940057454015674
75.00000000000001 0.03940057454015674
75.10000000000001 0.03940057454015674
75.2 0.03940057454015673
75.3 0.03940057454015673
75.39999999999999 0.03940057454015676
75.49999999999999 0.03940057454015676
75.59999999999998 0.03940057454015676
75.69999999999997 0.03940057454015674
75.79999999999997 0.03940057454015674
75.89999999999996 0.03940057454015675
75.99999999999996 0.03940057454015675
76.09999999999995 0.03940057454015674
76.19999999999995 0.03940057454015673
76.29999999999994 0.03940057454015673
76.39999999999993 0.03940057454015673
76.49999999999993 0.03940057454015673
76.59999999999992 0.03940057454015673
76.69999999999992 0.03940057454015673
76.79999999999991 0.03940057454015673
76.89999999999991 0.03940057454015673
76.9999999999999 0.03940057454015673
77.09999999999989 0.03940057454015673
77.19999999999989 0.03940057454015673
77.29999999999988 0.03940057454015673
77.39999999999988 0.03940057454015672
77.49999999999987 0.03940057454015672
77.59999999999987 0.03940057454015673
77.69999999999986 0.03940057454015673
77.79999999999986 0.03940057454015672
77.89999999999985 0.03940057454015673
77.99999999999984 0.03940057454015672
78.09999999999984 0.03940057454015673
78.19999999999983 0.03940057454015674
78.29999999999983 0.03940057454015675
78.39999999999982 0.03940057454015675
78.49999999999982 0.03940057454015675
78.59999999999981 0.03940057454015673
78.6999999999998 0.03940057454015674
78.7999999999998 0.03940057454015675
78.89999999999979 0.03940057454015673
78.99999999999979 0.03940057454015673
79.09999999999978 0.03940057454015673
79.19999999999978 0.03940057454015674
79.29999999999977 0.03940057454015674
79.39999999999976 0.03940057454015673
79.49999999999976 0.03940057454015674
79.59999999999975 0.03940057454015675
79.69999999999975 0.03940057454015676
79.79999999999974 0.03940057454015675
79.89999999999974 0.03940057454015674
79.99999999999973 0.03940057454015674
80.09999999999972 0.03940057454015673
80.19999999999972 0.03940057454015674
80.29999999999971 0.03940057454015674
80.39999999999971 0.03940057454015674
80.4999999999997 0.03940057454015674
80.5999999999997 0.03940057454015675
80.69999999999969 0.03940057454015675
80.79999999999968 0.03940057454015674
80.89999999999968 0.03940057454015674
80.99999999999967 0.03940057454015674
81.09999999999967 0.03940057454015675
81.19999999999966 0.03940057454015675
81.29999999999966 0.03940057454015676
81.39999999999965 0.03940057454015676
81.49999999999964 0.03940057454015675
81.59999999999964 0.03940057454015675
81.69999999999963 0.03940057454015676
81.79999999999963 0.03940057454015676
81.89999999999962 0.03940057454015676
81.99999999999962 0.03940057454015674
82.09999999999961 0.03940057454015675
82.1999999999996 0.03940057454015676
82.2999999999996 0.03940057454015677
82.39999999999959 0.03940057454015676
82.49999999999959 0.03940057454015676
82.59999999999958 0.03940057454015677
82.69999999999958 0.03940057454015678
82.79999999999957 0.03940057454015679
82.89999999999957 0.03940057454015679
82.99999999999956 0.03940057454015678
83.09999999999955 0.03940057454015679
83.19999999999955 0.03940057454015677
83.29999999999954 0.03940057454015679
83.39999999999954 0.03940057454015678
83.49999999999953 0.0394005745401568
83.59999999999953 0.03940057454015678
83.69999999999952 0.03940057454015679
83.79999999999951 0.03940057454015679
83.89999999999951 0.03940057454015677
83.9999999999995 0.03940057454015675
84.0999999999995 0.03940057454015675
84.19999999999949 0.03940057454015675
84.29999999999949 0.03940057454015676
84.39999999999948 0.03940057454015676
84.49999999999947 0.03940057454015677
84.59999999999947 0.03940057454015677
84.69999999999946 0.03940057454015679
84.79999999999946 0.03940057454015679
84.89999999999945 0.0394005745401568
84.99999999999945 0.03940057454015681
85.09999999999944 0.03940057454015681
85.19999999999943 0.03940057454015681
85.29999999999943 0.03940057454015681
85.39999999999942 0.03940057454015681
85.49999999999942 0.03940057454015681
85.59999999999941 0.0394005745401568
85.69999999999941 0.03940057454015681
85.7999999999994 0.03940057454015683
85.89999999999939 0.03940057454015683
85.99999999999939 0.03940057454015682
86.09999999999938 0.03940057454015682
86.19999999999938 0.03940057454015683
86.29999999999937 0.03940057454015683
86.39999999999937 0.03940057454015683
86.49999999999936 0.03940057454015682
86.59999999999935 0.03940057454015682
86.69999999999935 0.03940057454015682
86.79999999999934 0.03940057454015682
86.89999999999934 0.03940057454015682
86.99999999999933 0.03940057454015681
87.09999999999933 0.0394005745401568
87.19999999999932 0.0394005745401568
87.29999999999932 0.03940057454015681
87.39999999999931 0.03940057454015681
87.4999999999993 0.03940057454015682
87.5999999999993 0.03940057454015682
87.69999999999929 0.03940057454015682
87.79999999999929 0.03940057454015682
87.89999999999928 0.03940057454015682
87.99999999999928 0.03940057454015681
88.09999999999927 0.03940057454015681
88.19999999999926 0.0394005745401568
88.29999999999926 0.0394005745401568
88.39999999999925 0.03940057454015682
88.49999999999925 0.0394005745401568
88.59999999999924 0.03940057454015679
88.69999999999924 0.0394005745401568
88.79999999999923 0.03940057454015679
88.89999999999922 0.0394005745401568
88.99999999999922 0.0394005745401568
89.09999999999921 0.0394005745401568
89.19999999999921 0.03940057454015679
89.2999999999992 0.0394005745401568
89.3999999999992 0.03940057454015679
89.49999999999919 0.03940057454015679
89.59999999999918 0.0394005745401568
89.69999999999918 0.0394005745401568
89.79999999999917 0.0394005745401568
89.89999999999917 0.0394005745401568
89.99999999999916 0.0394005745401568
90.09999999999916 0.0394005745401568
90.19999999999915 0.0394005745401568
90.29999999999914 0.0394005745401568
90.39999999999914 0.03940057454015679
90.49999999999913 0.0394005745401568
90.59999999999913 0.03940057454015681
90.69999999999912 0.03940057454015681
90.79999999999912 0.0394005745401568
90.89999999999911 0.03940057454015679
90.9999999999991 0.0394005745401568
91.0999999999991 0.0394005745401568
91.19999999999909 0.0394005745401568
91.29999999999909 0.0394005745401568
91.39999999999908 0.03940057454015681
91.49999999999908 0.03940057454015682
91.59999999999907 0.03940057454015683
91.69999999999906 0.03940057454015682
91.79999999999906 0.03940057454015682
91.89999999999905 0.03940057454015681
91.99999999999905 0.03940057454015681
92.09999999999904 0.03940057454015682
92.19999999999904 0.0394005745401568
92.29999999999903 0.03940057454015681
92.39999999999903 0.03940057454015682
92.49999999999902 0.0394005745401568
92.59999999999901 0.0394005745401568
92.69999999999901 0.03940057454015681
92.799999999999 0.03940057454015681
92.899999999999 0.0394005745401568
92.99999999999899 0.0394005745401568
93.09999999999899 0.0394005745401568
93.19999999999898 0.03940057454015681
93.29999999999897 0.03940057454015681
93.39999999999897 0.0394005745401568
93.49999999999896 0.0394005745401568
93.59999999999896 0.0394005745401568
93.69999999999895 0.03940057454015679
93.79999999999895 0.0394005745401568
93.89999999999894 0.0394005745401568
93.99999999999893 0.0394005745401568
94.09999999999893 0.0394005745401568
94.19999999999892 0.03940057454015681
94.29999999999892 0.0394005745401568
94.39999999999891 0.0394005745401568
94.49999999999891 0.03940057454015681
94.5999999999989 0.0394005745401568
94.69999999999889 0.0394005745401568
94.79999999999889 0.0394005745401568
94.89999999999888 0.03940057454015678
94.99999999999888 0.03940057454015678
95.09999999999887 0.03940057454015679
95.19999999999887 0.03940057454015679
95.29999999999886 0.03940057454015678
95.39999999999885 0.03940057454015677
95.49999999999885 0.03940057454015676
95.59999999999884 0.03940057454015676
95.69999999999884 0.03940057454015675
95.79999999999883 0.03940057454015675
95.89999999999883 0.03940057454015675
95.99999999999882 0.03940057454015675
96.09999999999881 0.03940057454015675
96.19999999999881 0.03940057454015675
96.2999999999988 0.03940057454015675
96.3999999999988 0.03940057454015675
96.49999999999879 0.03940057454015675
96.59999999999879 0.03940057454015675
96.69999999999878 0.03940057454015675
96.79999999999878 0.03940057454015675
96.89999999999877 0.03940057454015675
96.99999999999876 0.03940057454015675
97.09999999999876 0.03940057454015675
97.19999999999875 0.03940057454015674
97.29999999999875 0.03940057454015674
97.39999999999874 0.03940057454015674
97.49999999999874 0.03940057454015675
97.59999999999873 0.03940057454015673
97.69999999999872 0.03940057454015673
97.79999999999872 0.03940057454015673
97.89999999999871 0.03940057454015674
97.99999999999871 0.03940057454015674
98.0999999999987 0.03940057454015674
98.1999999999987 0.03940057454015675
98.29999999999869 0.03940057454015674
98.39999999999868 0.03940057454015673
98.49999999999868 0.03940057454015673
98.59999999999867 0.03940057454015673
98.69999999999867 0.03940057454015673
98.79999999999866 0.03940057454015672
98.89999999999866 0.03940057454015673
98.99999999999865 0.03940057454015672
99.09999999999864 0.03940057454015672
99.19999999999864 0.03940057454015671
99.29999999999863 0.0394005745401567
99.39999999999863 0.03940057454015671
99.49999999999862 0.03940057454015671
99.59999999999862 0.03940057454015671
99.69999999999861 0.0394005745401567
99.7999999999986 0.03940057454015671
99.8999999999986 0.03940057454015671
99.99999999999859 0.0394005745401567
100.0999999999986 0.03940057454015669
