0 -0.0009775776750000002
0.1 -0.000977140041246959
0.2 -0.0009767030810021407
0.3 -0.0009762668847869178
0.4 -0.0009758320334519618
0.5 -0.0009754000005973136
0.6 -0.0009749737893982223
0.7 -0.0009745590085104903
0.7999999999999999 -0.0009741657800253802
0.8999999999999999 -0.0009738122821191283
0.9999999999999999 -0.0009735316722425593
1.1 -0.0009733864732248429
1.2 -0.0009735008465419308
1.3 -0.0009741404965685704
1.4 -0.0009759383667576709
1.5 -0.0009806620958937497
1.6 -0.0009946791966133997
1.7 -0.001054830691513463
1.8 -0.001938606433529022
1.900000000000001 0.1920609081172662
2 0.1919459554731082
2.100000000000001 0.1919250442338284
2.200000000000001 0.191918752347837
2.300000000000001 0.1919160756699985
2.400000000000001 0.1919146973628492
2.500000000000001 0.1919138964653641
2.600000000000001 0.1919133905749266
2.700000000000001 0.1919130508749764
2.800000000000001 0.1919128118516751
2.900000000000001 0.1919126373430326
3.000000000000001 0.1919125060703335
3.100000000000001 0.1919124048523237
3.200000000000002 0.1919123251715931
3.300000000000002 0.1919122613264548
3.400000000000002 0.1919122093838343
3.500000000000002 0.1919121665597228
3.600000000000002 0.1919121308387515
3.700000000000002 0.191912100732963
3.800000000000002 0.1919120751244855
3.900000000000002 0.1919120531603463
4.000000000000002 0.1919120341805772
4.100000000000001 0.1919120176680918
4.200000000000001 0.1919120032131157
4.300000000000001 0.1919119904875335
4.4 0.1919119792261139
4.5 0.1919119692125843
4.6 0.1919119602691745
4.699999999999999 0.1919119522486758
4.799999999999999 0.1919119450283464
4.899999999999999 0.1919119385051897
4.999999999999998 0.191911932592262
5.099999999999998 0.1919119272157612
5.199999999999998 0.1919119223127133
5.299999999999997 0.191911917829121
5.399999999999997 0.1919119137184705
5.499999999999996 0.1919119099405207
5.599999999999996 0.1919119064603154
5.699999999999996 0.1919119032473709
5.799999999999995 0.1919119002750073
5.899999999999995 0.1919118975197925
5.999999999999995 0.191911894961079
6.099999999999994 0.1919118925806165
6.199999999999994 0.1919118903622249
6.299999999999994 0.1919118882915193
6.399999999999993 0.1919118863556758
6.499999999999993 0.191911884543233
6.599999999999993 0.1919118828439215
6.699999999999992 0.1919118812485183
6.799999999999992 0.1919118797487215
6.899999999999991 0.1919118783370421
6.999999999999991 0.1919118770067101
7.099999999999991 0.1919118757515937
7.19999999999999 0.1919118745661275
7.29999999999999 0.1919118734452523
7.39999999999999 0.1919118723843594
7.499999999999989 0.1919118713792442
7.599999999999989 0.1919118704260641
7.699999999999989 0.1919118695213018
7.799999999999988 0.1919118686617328
7.899999999999988 0.1919118678443966
7.999999999999988 0.1919118670665712
8.099999999999987 0.1919118663257505
8.199999999999987 0.1919118656196237
8.299999999999986 0.1919118649460581
8.399999999999986 0.1919118643030819
8.499999999999986 0.1919118636888705
8.599999999999985 0.1919118631017334
8.699999999999985 0.1919118625401026
8.799999999999985 0.1919118620025217
8.899999999999984 0.1919118614876369
8.999999999999984 0.1919118609941885
9.099999999999984 0.1919118605210028
9.199999999999983 0.1919118600669854
9.299999999999983 0.1919118596311146
9.399999999999983 0.1919118592124363
9.499999999999982 0.1919118588100581
9.599999999999982 0.1919118584231445
9.699999999999982 0.1919118580509133
9.799999999999981 0.1919118576926308
9.899999999999981 0.1919118573476087
9.99999999999998 0.1919118570152005
10.09999999999998 0.1919118566947989
10.19999999999998 0.1919118563858324
10.29999999999998 0.1919118560877635
10.39999999999998 0.1919118558000853
10.49999999999998 0.1919118555223208
10.59999999999998 0.1919118552540194
10.69999999999998 0.1919118549947562
10.79999999999998 0.1919118547441296
10.89999999999998 0.1919118545017603
10.99999999999998 0.1919118542672896
11.09999999999998 0.1919118540403779
11.19999999999998 0.1919118538207037
11.29999999999998 0.1919118536079626
11.39999999999998 0.1919118534018657
11.49999999999998 0.1919118532021393
11.59999999999997 0.1919118530085235
11.69999999999997 0.1919118528207714
11.79999999999997 0.1919118526386489
11.89999999999997 0.191911852461933
11.99999999999997 0.1919118522904117
12.09999999999997 0.1919118521238836
12.19999999999997 0.1919118519621565
12.29999999999997 0.1919118518050478
12.39999999999997 0.1919118516523833
12.49999999999997 0.1919118515039968
12.59999999999997 0.1919118513597301
12.69999999999997 0.191911851219432
12.79999999999997 0.1919118510829583
12.89999999999997 0.1919118509501712
12.99999999999997 0.1919118508209391
13.09999999999997 0.1919118506951364
13.19999999999997 0.1919118505726426
13.29999999999997 0.1919118504533428
13.39999999999997 0.1919118503371269
13.49999999999997 0.1919118502238895
13.59999999999997 0.1919118501135296
13.69999999999997 0.1919118500059507
13.79999999999997 0.1919118499010599
13.89999999999997 0.1919118497987687
13.99999999999997 0.1919118496989916
14.09999999999997 0.1919118496016471
14.19999999999997 0.1919118495066565
14.29999999999997 0.1919118494139449
14.39999999999996 0.1919118493234396
14.49999999999996 0.1919118492350713
14.59999999999996 0.1919118491487733
14.69999999999996 0.1919118490644814
14.79999999999996 0.1919118489821339
14.89999999999996 0.1919118489016713
14.99999999999996 0.1919118488230367
15.09999999999996 0.1919118487461751
15.19999999999996 0.1919118486710336
15.29999999999996 0.1919118485975612
15.39999999999996 0.1919118485257088
15.49999999999996 0.1919118484554293
15.59999999999996 0.191911848386677
15.69999999999996 0.1919118483194079
15.79999999999996 0.1919118482535798
15.89999999999996 0.1919118481891518
15.99999999999996 0.1919118481260844
16.09999999999996 0.1919118480643396
16.19999999999996 0.1919118480038807
16.29999999999996 0.1919118479446721
16.39999999999996 0.1919118478866798
16.49999999999996 0.1919118478298705
16.59999999999997 0.1919118477742123
16.69999999999997 0.1919118477196744
16.79999999999997 0.1919118476662268
16.89999999999997 0.1919118476138407
16.99999999999997 0.1919118475624882
17.09999999999997 0.1919118475121423
17.19999999999997 0.1919118474627767
17.29999999999998 0.1919118474143663
17.39999999999998 0.1919118473668865
17.49999999999998 0.1919118473203137
17.59999999999998 0.1919118472746248
17.69999999999998 0.1919118472297977
17.79999999999998 0.1919118471858108
17.89999999999998 0.1919118471426434
17.99999999999999 0.191911847100275
18.09999999999999 0.1919118470586862
18.19999999999999 0.1919118470178579
18.29999999999999 0.1919118469777716
18.39999999999999 0.1919118469384096
18.49999999999999 0.1919118468997545
18.59999999999999 0.1919118468617894
18.7 0.191911846824498
18.8 0.1919118467878645
18.9 0.1919118467518734
19 0.1919118467165099
19.1 0.1919118466817595
19.2 0.1919118466476081
19.3 0.191911846614042
19.40000000000001 0.1919118465810478
19.50000000000001 0.1919118465486127
19.60000000000001 0.1919118465167241
19.70000000000001 0.1919118464853697
19.80000000000001 0.1919118464545378
19.90000000000001 0.1919118464242167
20.00000000000001 0.1919118463943953
20.10000000000002 0.1919118463650626
20.20000000000002 0.191911846336208
20.30000000000002 0.1919118463078212
20.40000000000002 0.1919118462798921
20.50000000000002 0.191911846252411
20.60000000000002 0.1919118462253683
20.70000000000002 0.1919118461987547
20.80000000000003 0.1919118461725612
20.90000000000003 0.1919118461467789
21.00000000000003 0.1919118461213995
21.10000000000003 0.1919118460964144
21.20000000000003 0.1919118460718156
21.30000000000003 0.1919118460475951
21.40000000000003 0.1919118460237452
21.50000000000004 0.1919118460002584
21.60000000000004 0.1919118459771274
21.70000000000004 0.191911845954345
21.80000000000004 0.1919118459319043
21.90000000000004 0.1919118459097984
22.00000000000004 0.1919118458880207
22.10000000000004 0.1919118458665648
22.20000000000005 0.1919118458454243
22.30000000000005 0.1919118458245931
22.40000000000005 0.1919118458040652
22.50000000000005 0.1919118457838347
22.60000000000005 0.1919118457638959
22.70000000000005 0.1919118457442433
22.80000000000005 0.1919118457248714
22.90000000000006 0.1919118457057748
23.00000000000006 0.1919118456869484
23.10000000000006 0.191911845668387
23.20000000000006 0.1919118456500858
23.30000000000006 0.1919118456320399
23.40000000000006 0.1919118456142447
23.50000000000006 0.1919118455966953
23.60000000000007 0.1919118455793874
23.70000000000007 0.1919118455623165
23.80000000000007 0.1919118455454784
23.90000000000007 0.1919118455288688
24.00000000000007 0.1919118455124835
24.10000000000007 0.1919118454963187
24.20000000000007 0.1919118454803703
24.30000000000008 0.1919118454646345
24.40000000000008 0.1919118454491075
24.50000000000008 0.1919118454337857
24.60000000000008 0.1919118454186654
24.70000000000008 0.1919118454037432
24.80000000000008 0.1919118453890155
24.90000000000008 0.1919118453744791
25.00000000000009 0.1919118453601307
25.10000000000009 0.1919118453459669
25.20000000000009 0.1919118453319846
25.30000000000009 0.1919118453181808
25.40000000000009 0.1919118453045525
25.50000000000009 0.1919118452910966
25.60000000000009 0.1919118452778102
25.7000000000001 0.1919118452646907
25.8000000000001 0.191911845251735
25.9000000000001 0.1919118452389406
26.0000000000001 0.1919118452263048
26.1000000000001 0.191911845213825
26.2000000000001 0.1919118452014985
26.3000000000001 0.1919118451893229
26.40000000000011 0.1919118451772959
26.50000000000011 0.1919118451654148
26.60000000000011 0.1919118451536775
26.70000000000011 0.1919118451420815
26.80000000000011 0.1919118451306247
26.90000000000011 0.1919118451193048
27.00000000000011 0.1919118451081196
27.10000000000012 0.1919118450970669
27.20000000000012 0.1919118450861448
27.30000000000012 0.1919118450753512
27.40000000000012 0.1919118450646841
27.50000000000012 0.1919118450541414
27.60000000000012 0.1919118450437213
27.70000000000012 0.1919118450334219
27.80000000000013 0.1919118450232412
27.90000000000013 0.1919118450131776
28.00000000000013 0.1919118450032292
28.10000000000013 0.1919118449933943
28.20000000000013 0.191911844983671
28.30000000000013 0.1919118449740579
28.40000000000013 0.1919118449645531
28.50000000000014 0.1919118449551551
28.60000000000014 0.1919118449458622
28.70000000000014 0.191911844936673
28.80000000000014 0.191911844927586
28.90000000000014 0.1919118449185994
29.00000000000014 0.1919118449097119
29.10000000000014 0.1919118449009221
29.20000000000014 0.1919118448922285
29.30000000000015 0.1919118448836298
29.40000000000015 0.1919118448751244
29.50000000000015 0.1919118448667112
29.60000000000015 0.1919118448583887
29.70000000000015 0.1919118448501557
29.80000000000015 0.191911844842011
29.90000000000015 0.1919118448339532
30.00000000000016 0.191911844825981
30.10000000000016 0.1919118448180934
30.20000000000016 0.191911844810289
30.30000000000016 0.1919118448025668
30.40000000000016 0.1919118447949255
30.50000000000016 0.1919118447873642
30.60000000000016 0.1919118447798816
30.70000000000017 0.1919118447724767
30.80000000000017 0.1919118447651483
30.90000000000017 0.1919118447578955
31.00000000000017 0.1919118447507172
31.10000000000017 0.1919118447436124
31.20000000000017 0.19191184473658
31.30000000000017 0.1919118447296192
31.40000000000018 0.1919118447227289
31.50000000000018 0.1919118447159081
31.60000000000018 0.1919118447091561
31.70000000000018 0.1919118447024718
31.80000000000018 0.1919118446958544
31.90000000000018 0.1919118446893028
32.00000000000018 0.1919118446828164
32.10000000000019 0.1919118446763942
32.20000000000019 0.1919118446700352
32.30000000000019 0.1919118446637388
32.40000000000019 0.1919118446575042
32.50000000000019 0.1919118446513305
32.60000000000019 0.1919118446452169
32.70000000000019 0.1919118446391626
32.8000000000002 0.1919118446331669
32.9000000000002 0.191911844627229
33.0000000000002 0.1919118446213483
33.1000000000002 0.1919118446155239
33.2000000000002 0.1919118446097551
33.3000000000002 0.1919118446040413
33.4000000000002 0.1919118445983816
33.50000000000021 0.1919118445927756
33.60000000000021 0.1919118445872224
33.70000000000021 0.1919118445817215
33.80000000000021 0.1919118445762721
33.90000000000021 0.1919118445708736
34.00000000000021 0.1919118445655253
34.10000000000021 0.1919118445602268
34.20000000000022 0.1919118445549774
34.30000000000022 0.1919118445497764
34.40000000000022 0.1919118445446231
34.50000000000022 0.1919118445395173
34.60000000000022 0.191911844534458
34.70000000000022 0.1919118445294449
34.80000000000022 0.1919118445244774
34.90000000000023 0.1919118445195548
35.00000000000023 0.1919118445146768
35.10000000000023 0.1919118445098427
35.20000000000023 0.1919118445050521
35.30000000000023 0.1919118445003043
35.40000000000023 0.1919118444955989
35.50000000000023 0.1919118444909354
35.60000000000024 0.1919118444863132
35.70000000000024 0.191911844481732
35.80000000000024 0.1919118444771911
35.90000000000024 0.1919118444726903
36.00000000000024 0.1919118444682289
36.10000000000024 0.1919118444638065
36.20000000000024 0.1919118444594226
36.30000000000025 0.1919118444550769
36.40000000000025 0.1919118444507689
36.50000000000025 0.191911844446498
36.60000000000025 0.1919118444422641
36.70000000000025 0.1919118444380664
36.80000000000025 0.1919118444339048
36.90000000000025 0.1919118444297787
37.00000000000026 0.1919118444256878
37.10000000000026 0.1919118444216316
37.20000000000026 0.1919118444176099
37.30000000000026 0.1919118444136221
37.40000000000026 0.1919118444096679
37.50000000000026 0.1919118444057469
37.60000000000026 0.1919118444018588
37.70000000000027 0.1919118443980032
37.80000000000027 0.1919118443941797
37.90000000000027 0.1919118443903879
38.00000000000027 0.1919118443866276
38.10000000000027 0.1919118443828983
38.20000000000027 0.1919118443791998
38.30000000000027 0.1919118443755317
38.40000000000028 0.1919118443718936
38.50000000000028 0.1919118443682854
38.60000000000028 0.1919118443647064
38.70000000000028 0.1919118443611567
38.80000000000028 0.1919118443576356
38.90000000000028 0.1919118443541431
39.00000000000028 0.1919118443506787
39.10000000000029 0.1919118443472422
39.20000000000029 0.1919118443438331
39.30000000000029 0.1919118443404514
39.40000000000029 0.1919118443370967
39.50000000000029 0.1919118443337686
39.60000000000029 0.191911844330467
39.70000000000029 0.1919118443271915
39.8000000000003 0.1919118443239419
39.9000000000003 0.1919118443207178
40.0000000000003 0.1919118443175191
40.1000000000003 0.1919118443143455
40.2000000000003 0.1919118443111965
40.3000000000003 0.1919118443080721
40.4000000000003 0.191911844304972
40.50000000000031 0.191911844301896
40.60000000000031 0.1919118442988437
40.70000000000031 0.191911844295815
40.80000000000031 0.1919118442928095
40.90000000000031 0.1919118442898272
41.00000000000031 0.1919118442868676
41.10000000000031 0.1919118442839306
41.20000000000032 0.191911844281016
41.30000000000032 0.1919118442781234
41.40000000000032 0.1919118442752529
41.50000000000032 0.191911844272404
41.60000000000032 0.1919118442695766
41.70000000000032 0.1919118442667704
41.80000000000032 0.1919118442639852
41.90000000000033 0.191911844261221
42.00000000000033 0.1919118442584773
42.10000000000033 0.1919118442557541
42.20000000000033 0.1919118442530511
42.30000000000033 0.1919118442503681
42.40000000000033 0.1919118442477048
42.50000000000033 0.1919118442450613
42.60000000000034 0.1919118442424372
42.70000000000034 0.1919118442398323
42.80000000000034 0.1919118442372465
42.90000000000034 0.1919118442346796
43.00000000000034 0.1919118442321314
43.10000000000034 0.1919118442296016
43.20000000000034 0.1919118442270902
43.30000000000035 0.191911844224597
43.40000000000035 0.1919118442221217
43.50000000000035 0.1919118442196642
43.60000000000035 0.1919118442172243
43.70000000000035 0.191911844214802
43.80000000000035 0.1919118442123969
43.90000000000035 0.191911844210009
44.00000000000036 0.191911844207638
44.10000000000036 0.1919118442052839
44.20000000000036 0.1919118442029464
44.30000000000036 0.1919118442006254
44.40000000000036 0.1919118441983207
44.50000000000036 0.1919118441960322
44.60000000000036 0.1919118441937598
44.70000000000037 0.1919118441915032
44.80000000000037 0.1919118441892624
44.90000000000037 0.1919118441870372
45.00000000000037 0.1919118441848275
45.10000000000037 0.191911844182633
45.20000000000037 0.1919118441804537
45.30000000000037 0.1919118441782895
45.40000000000038 0.1919118441761401
45.50000000000038 0.1919118441740055
45.60000000000038 0.1919118441718855
45.70000000000038 0.1919118441697801
45.80000000000038 0.1919118441676889
45.90000000000038 0.191911844165612
46.00000000000038 0.1919118441635491
46.10000000000039 0.1919118441615002
46.20000000000039 0.1919118441594653
46.30000000000039 0.1919118441574439
46.40000000000039 0.1919118441554362
46.50000000000039 0.191911844153442
46.60000000000039 0.1919118441514611
46.70000000000039 0.1919118441494934
46.8000000000004 0.1919118441475389
46.9000000000004 0.1919118441455973
47.0000000000004 0.1919118441436687
47.1000000000004 0.1919118441417527
47.2000000000004 0.1919118441398495
47.3000000000004 0.1919118441379588
47.4000000000004 0.1919118441360806
47.50000000000041 0.1919118441342147
47.60000000000041 0.191911844132361
47.70000000000041 0.1919118441305195
47.80000000000041 0.1919118441286899
47.90000000000041 0.1919118441268723
48.00000000000041 0.1919118441250664
48.10000000000041 0.1919118441232723
48.20000000000041 0.1919118441214897
48.30000000000042 0.1919118441197187
48.40000000000042 0.191911844117959
48.50000000000042 0.1919118441162106
48.60000000000042 0.1919118441144735
48.70000000000042 0.1919118441127474
48.80000000000042 0.1919118441110323
48.90000000000042 0.1919118441093282
49.00000000000043 0.1919118441076349
49.10000000000043 0.1919118441059524
49.20000000000043 0.1919118441042806
49.30000000000043 0.1919118441026192
49.40000000000043 0.1919118441009683
49.50000000000043 0.1919118440993278
49.60000000000043 0.1919118440976976
49.70000000000044 0.1919118440960776
49.80000000000044 0.1919118440944678
49.90000000000044 0.1919118440928679
50.00000000000044 0.1919118440912781
50.10000000000044 0.1919118440896981
50.20000000000044 0.1919118440881279
50.30000000000044 0.1919118440865675
50.40000000000045 0.1919118440850167
50.50000000000045 0.1919118440834753
50.60000000000045 0.1919118440819435
50.70000000000045 0.1919118440804211
50.80000000000045 0.191911844078908
50.90000000000045 0.1919118440774041
51.00000000000045 0.1919118440759094
51.10000000000046 0.1919118440744238
51.20000000000046 0.1919118440729472
51.30000000000046 0.1919118440714796
51.40000000000046 0.1919118440700208
51.50000000000046 0.1919118440685709
51.60000000000046 0.1919118440671297
51.70000000000046 0.1919118440656972
51.80000000000047 0.1919118440642732
51.90000000000047 0.1919118440628578
52.00000000000047 0.1919118440614508
52.10000000000047 0.1919118440600523
52.20000000000047 0.191911844058662
52.30000000000047 0.19191184405728
52.40000000000047 0.1919118440559062
52.50000000000048 0.1919118440545406
52.60000000000048 0.191911844053183
52.70000000000048 0.1919118440518333
52.80000000000048 0.1919118440504916
52.90000000000048 0.1919118440491578
53.00000000000048 0.1919118440478318
53.10000000000048 0.1919118440465136
53.20000000000049 0.191911844045203
53.30000000000049 0.1919118440439001
53.40000000000049 0.1919118440426048
53.50000000000049 0.1919118440413169
53.60000000000049 0.1919118440400366
53.70000000000049 0.1919118440387636
53.80000000000049 0.1919118440374981
53.9000000000005 0.1919118440362397
54.0000000000005 0.1919118440349886
54.1000000000005 0.1919118440337447
54.2000000000005 0.1919118440325079
54.3000000000005 0.1919118440312782
54.4000000000005 0.1919118440300555
54.5000000000005 0.1919118440288397
54.60000000000051 0.1919118440276309
54.70000000000051 0.1919118440264289
54.80000000000051 0.1919118440252337
54.90000000000051 0.1919118440240452
55.00000000000051 0.1919118440228635
55.10000000000051 0.1919118440216884
55.20000000000051 0.1919118440205199
55.30000000000052 0.191911844019358
55.40000000000052 0.1919118440182026
55.50000000000052 0.1919118440170536
55.60000000000052 0.191911844015911
55.70000000000052 0.1919118440147747
55.80000000000052 0.1919118440136449
55.90000000000052 0.1919118440125212
56.00000000000053 0.1919118440114038
56.10000000000053 0.1919118440102926
56.20000000000053 0.1919118440091875
56.30000000000053 0.1919118440080884
56.40000000000053 0.1919118440069954
56.50000000000053 0.1919118440059084
56.60000000000053 0.1919118440048273
56.70000000000054 0.1919118440037522
56.80000000000054 0.1919118440026829
56.90000000000054 0.1919118440016194
57.00000000000054 0.1919118440005617
57.10000000000054 0.1919118439995098
57.20000000000054 0.1919118439984635
57.30000000000054 0.191911843997423
57.40000000000055 0.191911843996388
57.50000000000055 0.1919118439953586
57.60000000000055 0.1919118439943347
57.70000000000055 0.1919118439933163
57.80000000000055 0.1919118439923034
57.90000000000055 0.1919118439912958
58.00000000000055 0.1919118439902937
58.10000000000056 0.1919118439892969
58.20000000000056 0.1919118439883054
58.30000000000056 0.1919118439873192
58.40000000000056 0.1919118439863382
58.50000000000056 0.1919118439853624
58.60000000000056 0.1919118439843918
58.70000000000056 0.1919118439834263
58.80000000000057 0.1919118439824659
58.90000000000057 0.1919118439815104
59.00000000000057 0.19191184398056
59.10000000000057 0.1919118439796147
59.20000000000057 0.1919118439786742
59.30000000000057 0.1919118439777386
59.40000000000057 0.1919118439768078
59.50000000000058 0.191911843975882
59.60000000000058 0.1919118439749609
59.70000000000058 0.1919118439740446
59.80000000000058 0.1919118439731331
59.90000000000058 0.1919118439722262
60.00000000000058 0.1919118439713241
60.10000000000058 0.1919118439704265
60.20000000000059 0.1919118439695336
60.30000000000059 0.1919118439686452
60.40000000000059 0.1919118439677614
60.50000000000059 0.1919118439668822
60.60000000000059 0.1919118439660074
60.70000000000059 0.1919118439651372
60.80000000000059 0.1919118439642713
60.9000000000006 0.1919118439634097
61.0000000000006 0.1919118439625526
61.1000000000006 0.1919118439616998
61.2000000000006 0.1919118439608513
61.3000000000006 0.1919118439600071
61.4000000000006 0.191911843959167
61.5000000000006 0.1919118439583313
61.60000000000061 0.1919118439574997
61.70000000000061 0.1919118439566723
61.80000000000061 0.191911843955849
61.90000000000061 0.1919118439550299
62.00000000000061 0.1919118439542148
62.10000000000061 0.1919118439534037
62.20000000000061 0.1919118439525968
62.30000000000062 0.1919118439517938
62.40000000000062 0.1919118439509949
62.50000000000062 0.1919118439501998
62.60000000000062 0.1919118439494087
62.70000000000062 0.1919118439486214
62.80000000000062 0.1919118439478381
62.90000000000062 0.1919118439470585
63.00000000000063 0.1919118439462828
63.10000000000063 0.1919118439455109
63.20000000000063 0.1919118439447428
63.30000000000063 0.1919118439439784
63.40000000000063 0.1919118439432178
63.50000000000063 0.1919118439424608
63.60000000000063 0.1919118439417075
63.70000000000064 0.1919118439409578
63.80000000000064 0.1919118439402118
63.90000000000064 0.1919118439394694
64.00000000000064 0.1919118439387306
64.10000000000063 0.1919118439379953
64.20000000000063 0.1919118439372635
64.30000000000062 0.1919118439365353
64.40000000000062 0.1919118439358106
64.50000000000061 0.1919118439350893
64.60000000000061 0.1919118439343715
64.7000000000006 0.191911843933657
64.80000000000059 0.1919118439329461
64.90000000000059 0.1919118439322385
65.00000000000058 0.1919118439315343
65.10000000000058 0.1919118439308333
65.20000000000057 0.1919118439301357
65.30000000000057 0.1919118439294414
65.40000000000056 0.1919118439287503
65.50000000000055 0.1919118439280625
65.60000000000055 0.191911843927378
65.70000000000054 0.1919118439266966
65.80000000000054 0.1919118439260184
65.90000000000053 0.1919118439253435
66.00000000000053 0.1919118439246716
66.10000000000052 0.191911843924003
66.20000000000051 0.1919118439233373
66.30000000000051 0.1919118439226749
66.4000000000005 0.1919118439220154
66.5000000000005 0.1919118439213592
66.60000000000049 0.1919118439207058
66.70000000000049 0.1919118439200555
66.80000000000048 0.1919118439194082
66.90000000000047 0.1919118439187638
67.00000000000047 0.1919118439181225
67.10000000000046 0.1919118439174841
67.20000000000046 0.1919118439168487
67.30000000000045 0.1919118439162161
67.40000000000045 0.1919118439155864
67.50000000000044 0.1919118439149597
67.60000000000043 0.1919118439143357
67.70000000000043 0.1919118439137146
67.80000000000042 0.1919118439130964
67.90000000000042 0.1919118439124809
68.00000000000041 0.1919118439118682
68.10000000000041 0.1919118439112583
68.2000000000004 0.1919118439106513
68.3000000000004 0.1919118439100468
68.40000000000039 0.1919118439094451
68.50000000000038 0.1919118439088462
68.60000000000038 0.1919118439082499
68.70000000000037 0.1919118439076563
68.80000000000037 0.1919118439070654
68.90000000000036 0.191911843906477
69.00000000000036 0.1919118439058913
69.10000000000035 0.1919118439053082
69.20000000000034 0.1919118439047278
69.30000000000034 0.1919118439041499
69.40000000000033 0.1919118439035745
69.50000000000033 0.1919118439030017
69.60000000000032 0.1919118439024314
69.70000000000032 0.1919118439018637
69.80000000000031 0.1919118439012985
69.9000000000003 0.1919118439007358
70.0000000000003 0.1919118439001755
70.10000000000029 0.1919118438996177
70.20000000000029 0.1919118438990623
70.30000000000028 0.1919118438985093
70.40000000000028 0.1919118438979589
70.50000000000027 0.1919118438974108
70.60000000000026 0.1919118438968651
70.70000000000026 0.1919118438963217
70.80000000000025 0.1919118438957807
70.90000000000025 0.1919118438952421
71.00000000000024 0.1919118438947058
71.10000000000024 0.1919118438941718
71.20000000000023 0.1919118438936402
71.30000000000022 0.1919118438931108
71.40000000000022 0.1919118438925837
71.50000000000021 0.1919118438920589
71.60000000000021 0.1919118438915363
71.7000000000002 0.191911843891016
71.8000000000002 0.1919118438904979
71.90000000000019 0.191911843889982
72.00000000000018 0.1919118438894683
72.10000000000018 0.1919118438889569
72.20000000000017 0.1919118438884476
72.30000000000017 0.1919118438879404
72.40000000000016 0.1919118438874355
72.50000000000016 0.1919118438869327
72.60000000000015 0.191911843886432
72.70000000000014 0.1919118438859334
72.80000000000014 0.1919118438854369
72.90000000000013 0.1919118438849426
73.00000000000013 0.1919118438844503
73.10000000000012 0.1919118438839601
73.20000000000012 0.1919118438834719
73.30000000000011 0.1919118438829858
73.40000000000011 0.1919118438825018
73.5000000000001 0.1919118438820197
73.60000000000009 0.1919118438815396
73.70000000000009 0.1919118438810616
73.80000000000008 0.1919118438805855
73.90000000000008 0.1919118438801115
74.00000000000007 0.1919118438796393
74.10000000000007 0.1919118438791692
74.20000000000006 0.191911843878701
74.30000000000005 0.1919118438782348
74.40000000000005 0.1919118438777705
74.50000000000004 0.191911843877308
74.60000000000004 0.1919118438768475
74.70000000000003 0.1919118438763889
74.80000000000003 0.1919118438759322
74.90000000000002 0.1919118438754774
75.00000000000001 0.1919118438750244
75.10000000000001 0.1919118438745732
75.2 0.1919118438741239
75.3 0.1919118438736764
75.39999999999999 0.1919118438732308
75.49999999999999 0.191911843872787
75.59999999999998 0.1919118438723449
75.69999999999997 0.1919118438719048
75.79999999999997 0.1919118438714663
75.89999999999996 0.1919118438710297
75.99999999999996 0.1919118438705948
76.09999999999995 0.1919118438701617
76.19999999999995 0.1919118438697304
76.29999999999994 0.1919118438693007
76.39999999999993 0.1919118438688728
76.49999999999993 0.1919118438684467
76.59999999999992 0.1919118438680222
76.69999999999992 0.1919118438675994
76.79999999999991 0.1919118438671782
76.89999999999991 0.1919118438667587
76.9999999999999 0.191911843866341
77.09999999999989 0.1919118438659249
77.19999999999989 0.1919118438655105
77.29999999999988 0.1919118438650976
77.39999999999988 0.1919118438646865
77.49999999999987 0.191911843864277
77.59999999999987 0.191911843863869
77.69999999999986 0.1919118438634628
77.79999999999986 0.191911843863058
77.89999999999985 0.191911843862655
77.99999999999984 0.1919118438622534
78.09999999999984 0.1919118438618535
78.19999999999983 0.1919118438614552
78.29999999999983 0.1919118438610585
78.39999999999982 0.1919118438606632
78.49999999999982 0.1919118438602695
78.59999999999981 0.1919118438598774
78.6999999999998 0.1919118438594867
78.7999999999998 0.1919118438590976
78.89999999999979 0.19191184385871
78.99999999999979 0.191911843858324
79.09999999999978 0.1919118438579394
79.19999999999978 0.1919118438575563
79.29999999999977 0.1919118438571747
79.39999999999976 0.1919118438567946
79.49999999999976 0.191911843856416
79.59999999999975 0.1919118438560387
79.69999999999975 0.1919118438556629
79.79999999999974 0.1919118438552886
79.89999999999974 0.1919118438549158
79.99999999999973 0.1919118438545443
80.09999999999972 0.1919118438541743
80.19999999999972 0.1919118438538057
80.29999999999971 0.1919118438534385
80.39999999999971 0.1919118438530727
80.4999999999997 0.1919118438527083
80.5999999999997 0.1919118438523453
80.69999999999969 0.1919118438519837
80.79999999999968 0.1919118438516235
80.89999999999968 0.1919118438512646
80.99999999999967 0.1919118438509071
81.09999999999967 0.191911843850551
81.19999999999966 0.1919118438501962
81.29999999999966 0.1919118438498426
81.39999999999965 0.1919118438494905
81.49999999999964 0.1919118438491397
81.59999999999964 0.1919118438487902
81.69999999999963 0.191911843848442
81.79999999999963 0.1919118438480952
81.89999999999962 0.1919118438477496
81.99999999999962 0.1919118438474052
82.09999999999961 0.1919118438470622
82.1999999999996 0.1919118438467204
82.2999999999996 0.19191184384638
82.39999999999959 0.1919118438460408
82.49999999999959 0.1919118438457029
82.59999999999958 0.1919118438453662
82.69999999999958 0.1919118438450307
82.79999999999957 0.1919118438446965
82.89999999999957 0.1919118438443635
82.99999999999956 0.1919118438440318
83.09999999999955 0.1919118438437013
83.19999999999955 0.1919118438433719
83.29999999999954 0.1919118438430439
83.39999999999954 0.191911843842717
83.49999999999953 0.1919118438423913
83.59999999999953 0.1919118438420669
83.69999999999952 0.1919118438417436
83.79999999999951 0.1919118438414214
83.89999999999951 0.1919118438411006
83.9999999999995 0.1919118438407808
84.0999999999995 0.1919118438404623
84.19999999999949 0.1919118438401449
84.29999999999949 0.1919118438398286
84.39999999999948 0.1919118438395134
84.49999999999947 0.1919118438391995
84.59999999999947 0.1919118438388866
84.69999999999946 0.1919118438385749
84.79999999999946 0.1919118438382643
84.89999999999945 0.1919118438379549
84.99999999999945 0.1919118438376466
85.09999999999944 0.1919118438373393
85.19999999999943 0.1919118438370332
85.29999999999943 0.1919118438367281
85.39999999999942 0.1919118438364242
85.49999999999942 0.1919118438361213
85.59999999999941 0.1919118438358195
85.69999999999941 0.1919118438355188
85.7999999999994 0.1919118438352192
85.89999999999939 0.1919118438349206
85.99999999999939 0.1919118438346231
86.09999999999938 0.1919118438343267
86.19999999999938 0.1919118438340313
86.29999999999937 0.1919118438337369
86.39999999999937 0.1919118438334437
86.49999999999936 0.1919118438331514
86.59999999999935 0.1919118438328602
86.69999999999935 0.19191184383257
86.79999999999934 0.1919118438322808
86.89999999999934 0.1919118438319927
86.99999999999933 0.1919118438317056
87.09999999999933 0.1919118438314195
87.19999999999932 0.1919118438311343
87.29999999999932 0.1919118438308502
87.39999999999931 0.1919118438305671
87.4999999999993 0.1919118438302851
87.5999999999993 0.1919118438300039
87.69999999999929 0.1919118438297237
87.79999999999929 0.1919118438294445
87.89999999999928 0.1919118438291663
87.99999999999928 0.1919118438288891
88.09999999999927 0.1919118438286129
88.19999999999926 0.1919118438283376
88.29999999999926 0.1919118438280632
88.39999999999925 0.1919118438277899
88.49999999999925 0.1919118438275174
88.59999999999924 0.1919118438272459
88.69999999999924 0.1919118438269753
88.79999999999923 0.1919118438267056
88.89999999999922 0.1919118438264369
88.99999999999922 0.1919118438261691
89.09999999999921 0.1919118438259023
89.19999999999921 0.1919118438256363
89.2999999999992 0.1919118438253712
89.3999999999992 0.191911843825107
89.49999999999919 0.1919118438248438
89.59999999999918 0.1919118438245815
89.69999999999918 0.1919118438243201
89.79999999999917 0.1919118438240595
89.89999999999917 0.1919118438237999
89.99999999999916 0.1919118438235411
90.09999999999916 0.1919118438232832
90.19999999999915 0.1919118438230262
90.29999999999914 0.1919118438227701
90.39999999999914 0.1919118438225148
90.49999999999913 0.1919118438222604
90.59999999999913 0.1919118438220068
90.69999999999912 0.1919118438217542
90.79999999999912 0.1919118438215023
90.89999999999911 0.1919118438212513
90.9999999999991 0.1919118438210011
91.0999999999991 0.1919118438207517
91.19999999999909 0.1919118438205033
91.29999999999909 0.1919118438202556
91.39999999999908 0.1919118438200088
91.49999999999908 0.1919118438197629
91.59999999999907 0.1919118438195177
91.69999999999906 0.1919118438192733
91.79999999999906 0.1919118438190298
91.89999999999905 0.191911843818787
91.99999999999905 0.1919118438185451
92.09999999999904 0.191911843818304
92.19999999999904 0.1919118438180636
92.29999999999903 0.1919118438178241
92.39999999999903 0.1919118438175854
92.49999999999902 0.1919118438173474
92.59999999999901 0.1919118438171103
92.69999999999901 0.191911843816874
92.799999999999 0.1919118438166383
92.899999999999 0.1919118438164035
92.99999999999899 0.1919118438161694
93.09999999999899 0.1919118438159362
93.19999999999898 0.1919118438157037
93.29999999999897 0.1919118438154719
93.39999999999897 0.1919118438152409
93.49999999999896 0.1919118438150107
93.59999999999896 0.1919118438147812
93.69999999999895 0.1919118438145524
93.79999999999895 0.1919118438143245
93.89999999999894 0.1919118438140972
93.99999999999893 0.1919118438138707
94.09999999999893 0.191911843813645
94.19999999999892 0.1919118438134199
94.29999999999892 0.1919118438131956
94.39999999999891 0.191911843812972
94.49999999999891 0.1919118438127492
94.5999999999989 0.191911843812527
94.69999999999889 0.1919118438123056
94.79999999999889 0.1919118438120849
94.89999999999888 0.1919118438118649
94.99999999999888 0.1919118438116456
95.09999999999887 0.191911843811427
95.19999999999887 0.1919118438112092
95.29999999999886 0.191911843810992
95.39999999999885 0.1919118438107755
95.49999999999885 0.1919118438105598
95.59999999999884 0.1919118438103447
95.69999999999884 0.1919118438101302
95.79999999999883 0.1919118438099165
95.89999999999883 0.1919118438097034
95.99999999999882 0.191911843809491
96.09999999999881 0.1919118438092793
96.19999999999881 0.1919118438090683
96.2999999999988 0.1919118438088579
96.3999999999988 0.1919118438086482
96.49999999999879 0.1919118438084392
96.59999999999879 0.1919118438082309
96.69999999999878 0.1919118438080232
96.79999999999878 0.1919118438078162
96.89999999999877 0.1919118438076098
96.99999999999876 0.1919118438074041
97.09999999999876 0.191911843807199
97.19999999999875 0.1919118438069946
97.29999999999875 0.1919118438067908
97.39999999999874 0.1919118438065876
97.49999999999874 0.1919118438063851
97.59999999999873 0.1919118438061832
97.69999999999872 0.1919118438059819
97.79999999999872 0.1919118438057813
97.89999999999871 0.1919118438055813
97.99999999999871 0.1919118438053819
98.0999999999987 0.1919118438051831
98.1999999999987 0.191911843804985
98.29999999999869 0.1919118438047875
98.39999999999868 0.1919118438045905
98.49999999999868 0.1919118438043942
98.59999999999867 0.1919118438041986
98.69999999999867 0.1919118438040035
98.79999999999866 0.191911843803809
98.89999999999866 0.1919118438036151
98.99999999999865 0.1919118438034219
99.09999999999864 0.1919118438032292
99.19999999999864 0.1919118438030371
99.29999999999863 0.1919118438028455
99.39999999999863 0.1919118438026546
99.49999999999862 0.1919118438024643
99.59999999999862 0.1919118438022745
99.69999999999861 0.1919118438020854
99.7999999999986 0.1919118438018968
99.8999999999986 0.1919118438017088
99.99999999999859 0.1919118438015214
100.0999999999986 0.1919118438013345
