0 -0.0009775776750000002
0.1 -0.0009775758343933856
0.2 -0.0009775662525083662
0.3 -0.0009775480375149633
0.4 -0.0009775194158775057
0.5 -0.0009774773988282526
0.6 -0.0009774171668537367
0.7 -0.0009773309532476522
0.7999999999999999 -0.0009772059715953221
0.8999999999999999 -0.0009770203966907229
0.9999999999999999 -0.0009767350980385246
1.1 -0.0009762753229526906
1.2 -0.000975486109341701
1.3 -0.0009740097405655699
1.4 -0.0009708892692142883
1.5 -0.0009629495001304542
1.6 -0.0009352521116195848
1.7 -0.000746983871722826
1.8 0.02130119206377281
1.900000000000001 0.09317805959718664
2 0.09299480704157836
2.100000000000001 0.09297672246931139
2.200000000000001 0.09297238661156401
2.300000000000001 0.09297085905965541
2.400000000000001 0.09297018904740012
2.500000000000001 0.09296985022935529
2.600000000000001 0.0929696608575044
2.700000000000001 0.0929695468483949
2.800000000000001 0.09296947415516563
2.900000000000001 0.09296942563829863
3.000000000000001 0.0929693920284604
3.100000000000001 0.09296936801363292
3.200000000000002 0.09296935040046064
3.300000000000002 0.09296933719050239
3.400000000000002 0.09296932708951915
3.500000000000002 0.0929693192341854
3.600000000000002 0.09296931303358538
3.700000000000002 0.09296930807398568
3.800000000000002 0.09296930405982808
3.900000000000002 0.09296930077615272
4.000000000000002 0.09296929806407904
4.100000000000001 0.09296929580445366
4.200000000000001 0.09296929390672795
4.300000000000001 0.09296929230125681
4.4 0.09296929093387864
4.5 0.09296928976204369
4.6 0.09296928875201035
4.699999999999999 0.09296928787678944
4.799999999999999 0.0929692871146186
4.899999999999999 0.09296928644781872
4.999999999999998 0.09296928586192713
5.099999999999998 0.09296928534503515
5.199999999999998 0.09296928488727717
5.299999999999997 0.09296928448043289
5.399999999999997 0.09296928411761611
5.499999999999996 0.09296928379302866
5.599999999999996 0.09296928350176509
5.699999999999996 0.09296928323965629
5.799999999999995 0.09296928300314376
5.899999999999995 0.09296928278917771
5.999999999999995 0.09296928259513421
6.099999999999994 0.09296928241874743
6.199999999999994 0.09296928225805391
6.299999999999994 0.09296928211134642
6.399999999999993 0.09296928197713585
6.499999999999993 0.09296928185411937
6.599999999999993 0.09296928174115383
6.699999999999992 0.09296928163723332
6.799999999999992 0.09296928154147037
6.899999999999991 0.09296928145308002
6.999999999999991 0.09296928137136615
7.099999999999991 0.0929692812957101
7.19999999999999 0.09296928122556075
7.29999999999999 0.09296928116042609
7.39999999999999 0.09296928109986588
7.499999999999989 0.09296928104348549
7.599999999999989 0.09296928099093044
7.699999999999989 0.09296928094188171
7.799999999999988 0.09296928089605168
7.899999999999988 0.09296928085318062
7.999999999999988 0.09296928081303354
8.099999999999987 0.09296928077539747
8.199999999999987 0.09296928074007907
8.299999999999986 0.09296928070690275
8.399999999999986 0.09296928067570846
8.499999999999986 0.09296928064635039
8.599999999999985 0.09296928061869539
8.699999999999985 0.09296928059262174
8.799999999999985 0.09296928056801802
8.899999999999984 0.09296928054478207
8.999999999999984 0.09296928052282014
9.099999999999984 0.09296928050204609
9.199999999999983 0.09296928048238072
9.299999999999983 0.09296928046375098
9.399999999999983 0.09296928044608967
9.499999999999982 0.09296928042933458
9.599999999999982 0.09296928041342839
9.699999999999982 0.09296928039831802
9.799999999999981 0.09296928038395426
9.899999999999981 0.09296928037029156
9.99999999999998 0.0929692803572877
10.09999999999998 0.09296928034490341
10.19999999999998 0.09296928033310228
10.29999999999998 0.09296928032185035
10.39999999999998 0.09296928031111604
10.49999999999998 0.0929692803008699
10.59999999999998 0.09296928029108452
10.69999999999998 0.0929692802817343
10.79999999999998 0.09296928027279526
10.89999999999998 0.09296928026424513
10.99999999999998 0.09296928025606289
11.09999999999998 0.09296928024822906
11.19999999999998 0.09296928024072521
11.29999999999998 0.09296928023353418
11.39999999999998 0.09296928022663986
11.49999999999998 0.09296928022002707
11.59999999999997 0.09296928021368157
11.69999999999997 0.09296928020759006
11.79999999999997 0.09296928020173989
11.89999999999997 0.09296928019611927
11.99999999999997 0.09296928019071703
12.09999999999997 0.09296928018552264
12.19999999999997 0.09296928018052625
12.29999999999997 0.09296928017571848
12.39999999999997 0.09296928017109052
12.49999999999997 0.09296928016663406
12.59999999999997 0.0929692801623412
12.69999999999997 0.09296928015820451
12.79999999999997 0.09296928015421696
12.89999999999997 0.09296928015037188
12.99999999999997 0.09296928014666299
13.09999999999997 0.0929692801430843
13.19999999999997 0.09296928013963013
13.29999999999997 0.0929692801362951
13.39999999999997 0.09296928013307415
13.49999999999997 0.09296928012996246
13.59999999999997 0.09296928012695538
13.69999999999997 0.09296928012404859
13.79999999999997 0.09296928012123792
13.89999999999997 0.09296928011851946
13.99999999999997 0.09296928011588944
14.09999999999997 0.09296928011334428
14.19999999999997 0.0929692801108806
14.29999999999997 0.09296928010849517
14.39999999999996 0.09296928010618488
14.49999999999996 0.09296928010394685
14.59999999999996 0.09296928010177821
14.69999999999996 0.09296928009967634
14.79999999999996 0.09296928009763865
14.89999999999996 0.09296928009566274
14.99999999999996 0.09296928009374629
15.09999999999996 0.09296928009188705
15.19999999999996 0.09296928009008293
15.29999999999996 0.0929692800883319
15.39999999999996 0.09296928008663198
15.49999999999996 0.09296928008498138
15.59999999999996 0.09296928008337832
15.69999999999996 0.09296928008182104
15.79999999999996 0.09296928008030798
15.89999999999996 0.09296928007883755
15.99999999999996 0.09296928007740825
16.09999999999996 0.09296928007601868
16.19999999999996 0.09296928007466744
16.29999999999996 0.09296928007335326
16.39999999999996 0.09296928007207486
16.49999999999996 0.092969280070831
16.59999999999997 0.09296928006962053
16.69999999999997 0.09296928006844236
16.79999999999997 0.09296928006729541
16.89999999999997 0.09296928006617866
16.99999999999997 0.0929692800650911
17.09999999999997 0.09296928006403181
17.19999999999997 0.09296928006299986
17.29999999999998 0.09296928006199438
17.39999999999998 0.09296928006101454
17.49999999999998 0.09296928006005951
17.59999999999998 0.09296928005912851
17.69999999999998 0.0929692800582208
17.79999999999998 0.09296928005733564
17.89999999999998 0.09296928005647234
17.99999999999999 0.09296928005563025
18.09999999999999 0.0929692800548087
18.19999999999999 0.09296928005400705
18.29999999999999 0.09296928005322473
18.39999999999999 0.09296928005246115
18.49999999999999 0.09296928005171576
18.59999999999999 0.09296928005098802
18.7 0.09296928005027742
18.8 0.09296928004958345
18.9 0.0929692800489056
19 0.09296928004824345
19.1 0.09296928004759654
19.2 0.09296928004696441
19.3 0.09296928004634662
19.40000000000001 0.0929692800457428
19.50000000000001 0.09296928004515256
19.60000000000001 0.09296928004457553
19.70000000000001 0.0929692800440113
19.80000000000001 0.09296928004345956
19.90000000000001 0.09296928004291995
20.00000000000001 0.09296928004239212
20.10000000000002 0.09296928004187577
20.20000000000002 0.0929692800413706
20.30000000000002 0.0929692800408763
20.40000000000002 0.09296928004039258
20.50000000000002 0.09296928003991915
20.60000000000002 0.09296928003945572
20.70000000000002 0.09296928003900207
20.80000000000003 0.09296928003855792
20.90000000000003 0.09296928003812302
21.00000000000003 0.09296928003769714
21.10000000000003 0.09296928003728004
21.20000000000003 0.09296928003687151
21.30000000000003 0.0929692800364713
21.40000000000003 0.09296928003607921
21.50000000000004 0.09296928003569506
21.60000000000004 0.09296928003531864
21.70000000000004 0.09296928003494974
21.80000000000004 0.09296928003458818
21.90000000000004 0.0929692800342338
22.00000000000004 0.09296928003388642
22.10000000000004 0.09296928003354582
22.20000000000005 0.09296928003321189
22.30000000000005 0.09296928003288443
22.40000000000005 0.09296928003256331
22.50000000000005 0.09296928003224837
22.60000000000005 0.09296928003193947
22.70000000000005 0.0929692800316364
22.80000000000005 0.09296928003133914
22.90000000000006 0.09296928003104747
23.00000000000006 0.09296928003076127
23.10000000000006 0.09296928003048041
23.20000000000006 0.09296928003020478
23.30000000000006 0.09296928002993425
23.40000000000006 0.0929692800296687
23.50000000000006 0.09296928002940802
23.60000000000007 0.09296928002915211
23.70000000000007 0.09296928002890088
23.80000000000007 0.09296928002865419
23.90000000000007 0.09296928002841193
24.00000000000007 0.09296928002817401
24.10000000000007 0.09296928002794036
24.20000000000007 0.09296928002771086
24.30000000000008 0.0929692800274854
24.40000000000008 0.09296928002726397
24.50000000000008 0.09296928002704641
24.60000000000008 0.09296928002683265
24.70000000000008 0.09296928002662259
24.80000000000008 0.09296928002641616
24.90000000000008 0.0929692800262133
25.00000000000009 0.09296928002601391
25.10000000000009 0.09296928002581796
25.20000000000009 0.09296928002562535
25.30000000000009 0.09296928002543599
25.40000000000009 0.09296928002524982
25.50000000000009 0.09296928002506677
25.60000000000009 0.0929692800248868
25.7000000000001 0.09296928002470983
25.8000000000001 0.09296928002453578
25.9000000000001 0.09296928002436464
26.0000000000001 0.09296928002419629
26.1000000000001 0.09296928002403071
26.2000000000001 0.09296928002386783
26.3000000000001 0.09296928002370762
26.40000000000011 0.09296928002355
26.50000000000011 0.09296928002339491
26.60000000000011 0.0929692800232423
26.70000000000011 0.09296928002309215
26.80000000000011 0.09296928002294438
26.90000000000011 0.09296928002279899
27.00000000000011 0.09296928002265586
27.10000000000012 0.09296928002251501
27.20000000000012 0.09296928002237635
27.30000000000012 0.09296928002223986
27.40000000000012 0.0929692800221055
27.50000000000012 0.09296928002197323
27.60000000000012 0.092969280021843
27.70000000000012 0.09296928002171478
27.80000000000013 0.09296928002158852
27.90000000000013 0.09296928002146419
28.00000000000013 0.09296928002134175
28.10000000000013 0.09296928002122117
28.20000000000013 0.09296928002110241
28.30000000000013 0.09296928002098542
28.40000000000013 0.0929692800208702
28.50000000000014 0.09296928002075669
28.60000000000014 0.09296928002064486
28.70000000000014 0.09296928002053467
28.80000000000014 0.09296928002042613
28.90000000000014 0.09296928002031921
29.00000000000014 0.09296928002021383
29.10000000000014 0.09296928002010998
29.20000000000014 0.09296928002000766
29.30000000000015 0.0929692800199068
29.40000000000015 0.09296928001980742
29.50000000000015 0.09296928001970947
29.60000000000015 0.09296928001961294
29.70000000000015 0.09296928001951776
29.80000000000015 0.09296928001942394
29.90000000000015 0.09296928001933145
30.00000000000016 0.09296928001924025
30.10000000000016 0.09296928001915036
30.20000000000016 0.09296928001906173
30.30000000000016 0.09296928001897435
30.40000000000016 0.09296928001888818
30.50000000000016 0.0929692800188032
30.60000000000016 0.09296928001871939
30.70000000000017 0.09296928001863673
30.80000000000017 0.09296928001855523
30.90000000000017 0.09296928001847483
31.00000000000017 0.09296928001839554
31.10000000000017 0.09296928001831732
31.20000000000017 0.09296928001824019
31.30000000000017 0.09296928001816407
31.40000000000018 0.09296928001808898
31.50000000000018 0.09296928001801488
31.60000000000018 0.0929692800179418
31.70000000000018 0.09296928001786967
31.80000000000018 0.09296928001779851
31.90000000000018 0.09296928001772832
32.00000000000018 0.09296928001765904
32.10000000000019 0.09296928001759067
32.20000000000019 0.09296928001752321
32.30000000000019 0.09296928001745662
32.40000000000019 0.09296928001739088
32.50000000000019 0.092969280017326
32.60000000000019 0.09296928001726198
32.70000000000019 0.09296928001719876
32.8000000000002 0.09296928001713635
32.9000000000002 0.09296928001707476
33.0000000000002 0.09296928001701397
33.1000000000002 0.09296928001695394
33.2000000000002 0.0929692800168947
33.3000000000002 0.09296928001683617
33.4000000000002 0.0929692800167784
33.50000000000021 0.09296928001672136
33.60000000000021 0.09296928001666503
33.70000000000021 0.0929692800166094
33.80000000000021 0.09296928001655444
33.90000000000021 0.09296928001650018
34.00000000000021 0.0929692800164466
34.10000000000021 0.09296928001639369
34.20000000000022 0.09296928001634142
34.30000000000022 0.09296928001628979
34.40000000000022 0.09296928001623882
34.50000000000022 0.09296928001618841
34.60000000000022 0.09296928001613863
34.70000000000022 0.09296928001608948
34.80000000000022 0.09296928001604091
34.90000000000023 0.09296928001599292
35.00000000000023 0.09296928001594552
35.10000000000023 0.09296928001589869
35.20000000000023 0.09296928001585242
35.30000000000023 0.09296928001580669
35.40000000000023 0.09296928001576149
35.50000000000023 0.09296928001571685
35.60000000000024 0.09296928001567273
35.70000000000024 0.09296928001562912
35.80000000000024 0.09296928001558606
35.90000000000024 0.09296928001554348
36.00000000000024 0.09296928001550138
36.10000000000024 0.09296928001545977
36.20000000000024 0.09296928001541867
36.30000000000025 0.09296928001537803
36.40000000000025 0.09296928001533783
36.50000000000025 0.09296928001529813
36.60000000000025 0.09296928001525889
36.70000000000025 0.09296928001522009
36.80000000000025 0.0929692800151817
36.90000000000025 0.09296928001514379
37.00000000000026 0.09296928001510631
37.10000000000026 0.09296928001506923
37.20000000000026 0.09296928001503257
37.30000000000026 0.09296928001499634
37.40000000000026 0.09296928001496048
37.50000000000026 0.09296928001492505
37.60000000000026 0.09296928001488999
37.70000000000027 0.09296928001485533
37.80000000000027 0.09296928001482106
37.90000000000027 0.09296928001478719
38.00000000000027 0.09296928001475367
38.10000000000027 0.09296928001472049
38.20000000000027 0.0929692800146877
38.30000000000027 0.09296928001465529
38.40000000000028 0.09296928001462322
38.50000000000028 0.09296928001459148
38.60000000000028 0.0929692800145601
38.70000000000028 0.09296928001452905
38.80000000000028 0.09296928001449832
38.90000000000028 0.09296928001446796
39.00000000000028 0.09296928001443791
39.10000000000029 0.09296928001440818
39.20000000000029 0.09296928001437876
39.30000000000029 0.09296928001434965
39.40000000000029 0.09296928001432084
39.50000000000029 0.09296928001429233
39.60000000000029 0.09296928001426415
39.70000000000029 0.09296928001423627
39.8000000000003 0.09296928001420868
39.9000000000003 0.09296928001418138
40.0000000000003 0.09296928001415435
40.1000000000003 0.09296928001412762
40.2000000000003 0.09296928001410117
40.3000000000003 0.09296928001407496
40.4000000000003 0.09296928001404904
40.50000000000031 0.09296928001402339
40.60000000000031 0.09296928001399801
40.70000000000031 0.09296928001397288
40.80000000000031 0.092969280013948
40.90000000000031 0.09296928001392339
41.00000000000031 0.09296928001389901
41.10000000000031 0.0929692800138749
41.20000000000032 0.09296928001385102
41.30000000000032 0.09296928001382737
41.40000000000032 0.092969280013804
41.50000000000032 0.09296928001378085
41.60000000000032 0.09296928001375793
41.70000000000032 0.09296928001373522
41.80000000000032 0.09296928001371277
41.90000000000033 0.09296928001369051
42.00000000000033 0.09296928001366848
42.10000000000033 0.09296928001364667
42.20000000000033 0.09296928001362507
42.30000000000033 0.09296928001360369
42.40000000000033 0.09296928001358251
42.50000000000033 0.09296928001356156
42.60000000000034 0.09296928001354081
42.70000000000034 0.09296928001352023
42.80000000000034 0.0929692800134999
42.90000000000034 0.09296928001347975
43.00000000000034 0.09296928001345978
43.10000000000034 0.09296928001344001
43.20000000000034 0.09296928001342043
43.30000000000035 0.09296928001340105
43.40000000000035 0.09296928001338182
43.50000000000035 0.09296928001336283
43.60000000000035 0.09296928001334398
43.70000000000035 0.09296928001332531
43.80000000000035 0.09296928001330682
43.90000000000035 0.09296928001328852
44.00000000000036 0.09296928001327039
44.10000000000036 0.09296928001325244
44.20000000000036 0.09296928001323465
44.30000000000036 0.09296928001321704
44.40000000000036 0.09296928001319961
44.50000000000036 0.09296928001318232
44.60000000000036 0.09296928001316519
44.70000000000037 0.09296928001314819
44.80000000000037 0.09296928001313137
44.90000000000037 0.09296928001311469
45.00000000000037 0.09296928001309818
45.10000000000037 0.09296928001308183
45.20000000000037 0.09296928001306562
45.30000000000037 0.09296928001304955
45.40000000000038 0.09296928001303366
45.50000000000038 0.09296928001301791
45.60000000000038 0.09296928001300227
45.70000000000038 0.09296928001298677
45.80000000000038 0.09296928001297142
45.90000000000038 0.09296928001295622
46.00000000000038 0.09296928001294116
46.10000000000039 0.09296928001292626
46.20000000000039 0.09296928001291145
46.30000000000039 0.0929692800128968
46.40000000000039 0.09296928001288227
46.50000000000039 0.09296928001286786
46.60000000000039 0.09296928001285359
46.70000000000039 0.09296928001283944
46.8000000000004 0.09296928001282544
46.9000000000004 0.09296928001281154
47.0000000000004 0.09296928001279778
47.1000000000004 0.09296928001278414
47.2000000000004 0.09296928001277061
47.3000000000004 0.09296928001275719
47.4000000000004 0.0929692800127439
47.50000000000041 0.09296928001273071
47.60000000000041 0.09296928001271765
47.70000000000041 0.09296928001270471
47.80000000000041 0.09296928001269185
47.90000000000041 0.09296928001267914
48.00000000000041 0.09296928001266651
48.10000000000041 0.092969280012654
48.20000000000041 0.0929692800126416
48.30000000000042 0.09296928001262929
48.40000000000042 0.0929692800126171
48.50000000000042 0.09296928001260504
48.60000000000042 0.09296928001259305
48.70000000000042 0.09296928001258119
48.80000000000042 0.09296928001256941
48.90000000000042 0.09296928001255769
49.00000000000043 0.09296928001254612
49.10000000000043 0.09296928001253464
49.20000000000043 0.09296928001252326
49.30000000000043 0.09296928001251199
49.40000000000043 0.09296928001250079
49.50000000000043 0.09296928001248969
49.60000000000043 0.09296928001247869
49.70000000000044 0.09296928001246776
49.80000000000044 0.09296928001245694
49.90000000000044 0.0929692800124462
50.00000000000044 0.09296928001243557
50.10000000000044 0.09296928001242502
50.20000000000044 0.09296928001241454
50.30000000000044 0.09296928001240418
50.40000000000045 0.09296928001239387
50.50000000000045 0.09296928001238365
50.60000000000045 0.09296928001237352
50.70000000000045 0.09296928001236346
50.80000000000045 0.09296928001235351
50.90000000000045 0.09296928001234363
51.00000000000045 0.09296928001233383
51.10000000000046 0.09296928001232407
51.20000000000046 0.09296928001231443
51.30000000000046 0.09296928001230485
51.40000000000046 0.09296928001229537
51.50000000000046 0.09296928001228595
51.60000000000046 0.0929692800122766
51.70000000000046 0.09296928001226734
51.80000000000047 0.09296928001225813
51.90000000000047 0.09296928001224901
52.00000000000047 0.09296928001223997
52.10000000000047 0.092969280012231
52.20000000000047 0.09296928001222211
52.30000000000047 0.09296928001221326
52.40000000000047 0.09296928001220449
52.50000000000048 0.09296928001219582
52.60000000000048 0.09296928001218717
52.70000000000048 0.09296928001217862
52.80000000000048 0.09296928001217013
52.90000000000048 0.09296928001216172
53.00000000000048 0.09296928001215336
53.10000000000048 0.09296928001214505
53.20000000000049 0.09296928001213679
53.30000000000049 0.09296928001212865
53.40000000000049 0.09296928001212054
53.50000000000049 0.09296928001211252
53.60000000000049 0.09296928001210453
53.70000000000049 0.09296928001209662
53.80000000000049 0.09296928001208875
53.9000000000005 0.09296928001208093
54.0000000000005 0.09296928001207319
54.1000000000005 0.09296928001206552
54.2000000000005 0.0929692800120579
54.3000000000005 0.09296928001205035
54.4000000000005 0.09296928001204283
54.5000000000005 0.09296928001203539
54.60000000000051 0.092969280012028
54.70000000000051 0.09296928001202066
54.80000000000051 0.09296928001201336
54.90000000000051 0.09296928001200613
55.00000000000051 0.09296928001199896
55.10000000000051 0.09296928001199185
55.20000000000051 0.09296928001198479
55.30000000000052 0.0929692800119778
55.40000000000052 0.09296928001197083
55.50000000000052 0.09296928001196393
55.60000000000052 0.09296928001195708
55.70000000000052 0.09296928001195029
55.80000000000052 0.09296928001194353
55.90000000000052 0.09296928001193681
56.00000000000053 0.09296928001193018
56.10000000000053 0.09296928001192356
56.20000000000053 0.09296928001191698
56.30000000000053 0.09296928001191047
56.40000000000053 0.09296928001190402
56.50000000000053 0.09296928001189758
56.60000000000053 0.09296928001189121
56.70000000000054 0.09296928001188487
56.80000000000054 0.0929692800118786
56.90000000000054 0.09296928001187237
57.00000000000054 0.09296928001186619
57.10000000000054 0.09296928001186004
57.20000000000054 0.09296928001185396
57.30000000000054 0.0929692800118479
57.40000000000055 0.09296928001184188
57.50000000000055 0.09296928001183594
57.60000000000055 0.09296928001183
57.70000000000055 0.09296928001182414
57.80000000000055 0.0929692800118183
57.90000000000055 0.09296928001181247
58.00000000000055 0.09296928001180672
58.10000000000056 0.09296928001180103
58.20000000000056 0.09296928001179534
58.30000000000056 0.09296928001178971
58.40000000000056 0.0929692800117841
58.50000000000056 0.09296928001177855
58.60000000000056 0.09296928001177303
58.70000000000056 0.09296928001176755
58.80000000000057 0.09296928001176213
58.90000000000057 0.09296928001175674
59.00000000000057 0.09296928001175138
59.10000000000057 0.09296928001174606
59.20000000000057 0.09296928001174078
59.30000000000057 0.0929692800117355
59.40000000000057 0.09296928001173027
59.50000000000058 0.09296928001172512
59.60000000000058 0.09296928001171996
59.70000000000058 0.09296928001171487
59.80000000000058 0.09296928001170979
59.90000000000058 0.09296928001170474
60.00000000000058 0.09296928001169974
60.10000000000058 0.09296928001169474
60.20000000000059 0.09296928001168983
60.30000000000059 0.09296928001168492
60.40000000000059 0.09296928001168003
60.50000000000059 0.09296928001167519
60.60000000000059 0.09296928001167037
60.70000000000059 0.0929692800116656
60.80000000000059 0.09296928001166087
60.9000000000006 0.09296928001165616
61.0000000000006 0.0929692800116515
61.1000000000006 0.09296928001164684
61.2000000000006 0.09296928001164224
61.3000000000006 0.09296928001163766
61.4000000000006 0.09296928001163308
61.5000000000006 0.09296928001162856
61.60000000000061 0.09296928001162406
61.70000000000061 0.09296928001161958
61.80000000000061 0.09296928001161514
61.90000000000061 0.09296928001161076
62.00000000000061 0.09296928001160637
62.10000000000061 0.09296928001160204
62.20000000000061 0.09296928001159774
62.30000000000062 0.09296928001159346
62.40000000000062 0.09296928001158922
62.50000000000062 0.09296928001158498
62.60000000000062 0.09296928001158079
62.70000000000062 0.09296928001157662
62.80000000000062 0.09296928001157245
62.90000000000062 0.09296928001156833
63.00000000000063 0.09296928001156424
63.10000000000063 0.09296928001156016
63.20000000000063 0.09296928001155613
63.30000000000063 0.09296928001155211
63.40000000000063 0.09296928001154812
63.50000000000063 0.09296928001154414
63.60000000000063 0.09296928001154021
63.70000000000064 0.09296928001153627
63.80000000000064 0.09296928001153242
63.90000000000064 0.09296928001152857
64.00000000000064 0.09296928001152474
64.10000000000063 0.09296928001152094
64.20000000000063 0.09296928001151714
64.30000000000062 0.09296928001151339
64.40000000000062 0.09296928001150964
64.50000000000061 0.09296928001150591
64.60000000000061 0.09296928001150223
64.7000000000006 0.09296928001149855
64.80000000000059 0.0929692800114949
64.90000000000059 0.09296928001149127
65.00000000000058 0.09296928001148769
65.10000000000058 0.09296928001148408
65.20000000000057 0.09296928001148055
65.30000000000057 0.092969280011477
65.40000000000056 0.0929692800114735
65.50000000000055 0.09296928001147002
65.60000000000055 0.09296928001146658
65.70000000000054 0.09296928001146317
65.80000000000054 0.09296928001145972
65.90000000000053 0.09296928001145634
66.00000000000053 0.09296928001145295
66.10000000000052 0.09296928001144959
66.20000000000051 0.09296928001144628
66.30000000000051 0.09296928001144296
66.4000000000005 0.09296928001143966
66.5000000000005 0.09296928001143635
66.60000000000049 0.09296928001143311
66.70000000000049 0.09296928001142989
66.80000000000048 0.09296928001142667
66.90000000000047 0.09296928001142347
67.00000000000047 0.0929692800114203
67.10000000000046 0.09296928001141713
67.20000000000046 0.09296928001141402
67.30000000000045 0.09296928001141087
67.40000000000045 0.09296928001140776
67.50000000000044 0.09296928001140468
67.60000000000043 0.0929692800114016
67.70000000000043 0.09296928001139859
67.80000000000042 0.09296928001139557
67.90000000000042 0.09296928001139253
68.00000000000041 0.09296928001138956
68.10000000000041 0.09296928001138659
68.2000000000004 0.09296928001138362
68.3000000000004 0.09296928001138069
68.40000000000039 0.09296928001137778
68.50000000000038 0.09296928001137485
68.60000000000038 0.092969280011372
68.70000000000037 0.09296928001136914
68.80000000000037 0.0929692800113663
68.90000000000036 0.09296928001136348
69.00000000000036 0.09296928001136066
69.10000000000035 0.09296928001135786
69.20000000000034 0.09296928001135511
69.30000000000034 0.09296928001135235
69.40000000000033 0.0929692800113496
69.50000000000033 0.09296928001134688
69.60000000000032 0.09296928001134416
69.70000000000032 0.09296928001134144
69.80000000000031 0.09296928001133875
69.9000000000003 0.09296928001133607
70.0000000000003 0.09296928001133344
70.10000000000029 0.09296928001133078
70.20000000000029 0.09296928001132816
70.30000000000028 0.09296928001132557
70.40000000000028 0.09296928001132296
70.50000000000027 0.09296928001132039
70.60000000000026 0.09296928001131784
70.70000000000026 0.09296928001131528
70.80000000000025 0.09296928001131276
70.90000000000025 0.09296928001131023
71.00000000000024 0.09296928001130775
71.10000000000024 0.09296928001130528
71.20000000000023 0.09296928001130281
71.30000000000022 0.09296928001130034
71.40000000000022 0.09296928001129788
71.50000000000021 0.09296928001129548
71.60000000000021 0.09296928001129307
71.7000000000002 0.09296928001129066
71.8000000000002 0.09296928001128828
71.90000000000019 0.0929692800112859
72.00000000000018 0.09296928001128352
72.10000000000018 0.09296928001128119
72.20000000000017 0.09296928001127884
72.30000000000017 0.09296928001127651
72.40000000000016 0.09296928001127422
72.50000000000016 0.09296928001127192
72.60000000000015 0.09296928001126963
72.70000000000014 0.09296928001126736
72.80000000000014 0.0929692800112651
72.90000000000013 0.09296928001126285
73.00000000000013 0.09296928001126062
73.10000000000012 0.09296928001125841
73.20000000000012 0.09296928001125619
73.30000000000011 0.09296928001125399
73.40000000000011 0.09296928001125179
73.5000000000001 0.09296928001124966
73.60000000000009 0.09296928001124749
73.70000000000009 0.09296928001124534
73.80000000000008 0.09296928001124322
73.90000000000008 0.09296928001124112
74.00000000000007 0.092969280011239
74.10000000000007 0.09296928001123687
74.20000000000006 0.09296928001123479
74.30000000000005 0.09296928001123271
74.40000000000005 0.09296928001123063
74.50000000000004 0.09296928001122857
74.60000000000004 0.09296928001122653
74.70000000000003 0.09296928001122452
74.80000000000003 0.09296928001122248
74.90000000000002 0.09296928001122047
75.00000000000001 0.09296928001121847
75.10000000000001 0.09296928001121647
75.2 0.0929692800112145
75.3 0.09296928001121256
75.39999999999999 0.0929692800112106
75.49999999999999 0.09296928001120867
75.59999999999998 0.09296928001120673
75.69999999999997 0.09296928001120482
75.79999999999997 0.09296928001120287
75.89999999999996 0.09296928001120097
75.99999999999996 0.0929692800111991
76.09999999999995 0.09296928001119721
76.19999999999995 0.09296928001119535
76.29999999999994 0.09296928001119348
76.39999999999993 0.09296928001119165
76.49999999999993 0.0929692800111898
76.59999999999992 0.09296928001118798
76.69999999999992 0.09296928001118615
76.79999999999991 0.09296928001118433
76.89999999999991 0.09296928001118253
76.9999999999999 0.09296928001118075
77.09999999999989 0.09296928001117896
77.19999999999989 0.09296928001117719
77.29999999999988 0.09296928001117541
77.39999999999988 0.09296928001117366
77.49999999999987 0.09296928001117193
77.59999999999987 0.09296928001117016
77.69999999999986 0.09296928001116844
77.79999999999986 0.09296928001116674
77.89999999999985 0.09296928001116504
77.99999999999984 0.09296928001116334
78.09999999999984 0.09296928001116167
78.19999999999983 0.09296928001115998
78.29999999999983 0.0929692800111583
78.39999999999982 0.09296928001115663
78.49999999999982 0.09296928001115499
78.59999999999981 0.09296928001115334
78.6999999999998 0.09296928001115172
78.7999999999998 0.09296928001115007
78.89999999999979 0.09296928001114844
78.99999999999979 0.09296928001114683
79.09999999999978 0.09296928001114522
79.19999999999978 0.09296928001114362
79.29999999999977 0.09296928001114201
79.39999999999976 0.09296928001114041
79.49999999999976 0.09296928001113883
79.59999999999975 0.09296928001113726
79.69999999999975 0.09296928001113568
79.79999999999974 0.09296928001113414
79.89999999999974 0.09296928001113258
79.99999999999973 0.09296928001113104
80.09999999999972 0.09296928001112952
80.19999999999972 0.09296928001112799
80.29999999999971 0.09296928001112646
80.39999999999971 0.09296928001112496
80.4999999999997 0.09296928001112346
80.5999999999997 0.09296928001112197
80.69999999999969 0.09296928001112051
80.79999999999968 0.09296928001111901
80.89999999999968 0.09296928001111752
80.99999999999967 0.09296928001111607
81.09999999999967 0.09296928001111461
81.19999999999966 0.09296928001111313
81.29999999999966 0.0929692800111117
81.39999999999965 0.09296928001111028
81.49999999999964 0.09296928001110885
81.59999999999964 0.09296928001110742
81.69999999999963 0.09296928001110602
81.79999999999963 0.09296928001110462
81.89999999999962 0.09296928001110322
81.99999999999962 0.09296928001110182
82.09999999999961 0.09296928001110043
82.1999999999996 0.09296928001109904
82.2999999999996 0.09296928001109767
82.39999999999959 0.09296928001109631
82.49999999999959 0.09296928001109495
82.59999999999958 0.0929692800110936
82.69999999999958 0.09296928001109224
82.79999999999957 0.09296928001109091
82.89999999999957 0.09296928001108958
82.99999999999956 0.09296928001108824
83.09999999999955 0.09296928001108691
83.19999999999955 0.09296928001108562
83.29999999999954 0.09296928001108432
83.39999999999954 0.09296928001108302
83.49999999999953 0.09296928001108173
83.59999999999953 0.09296928001108049
83.69999999999952 0.09296928001107918
83.79999999999951 0.09296928001107792
83.89999999999951 0.09296928001107667
83.9999999999995 0.09296928001107539
84.0999999999995 0.09296928001107414
84.19999999999949 0.09296928001107292
84.29999999999949 0.09296928001107169
84.39999999999948 0.09296928001107047
84.49999999999947 0.09296928001106924
84.59999999999947 0.09296928001106801
84.69999999999946 0.09296928001106683
84.79999999999946 0.09296928001106559
84.89999999999945 0.09296928001106439
84.99999999999945 0.09296928001106321
85.09999999999944 0.09296928001106201
85.19999999999943 0.09296928001106083
85.29999999999943 0.09296928001105965
85.39999999999942 0.09296928001105849
85.49999999999942 0.09296928001105731
85.59999999999941 0.09296928001105617
85.69999999999941 0.09296928001105501
85.7999999999994 0.09296928001105387
85.89999999999939 0.09296928001105272
85.99999999999939 0.09296928001105161
86.09999999999938 0.09296928001105048
86.19999999999938 0.09296928001104934
86.29999999999937 0.09296928001104823
86.39999999999937 0.0929692800110471
86.49999999999936 0.09296928001104597
86.59999999999935 0.09296928001104483
86.69999999999935 0.09296928001104374
86.79999999999934 0.09296928001104265
86.89999999999934 0.09296928001104156
86.99999999999933 0.09296928001104046
87.09999999999933 0.09296928001103937
87.19999999999932 0.09296928001103828
87.29999999999932 0.09296928001103724
87.39999999999931 0.09296928001103619
87.4999999999993 0.09296928001103512
87.5999999999993 0.09296928001103405
87.69999999999929 0.09296928001103298
87.79999999999929 0.09296928001103193
87.89999999999928 0.09296928001103089
87.99999999999928 0.09296928001102986
88.09999999999927 0.09296928001102883
88.19999999999926 0.09296928001102781
88.29999999999926 0.09296928001102678
88.39999999999925 0.09296928001102576
88.49999999999925 0.09296928001102475
88.59999999999924 0.09296928001102372
88.69999999999924 0.09296928001102273
88.79999999999923 0.09296928001102174
88.89999999999922 0.09296928001102073
88.99999999999922 0.09296928001101974
89.09999999999921 0.09296928001101876
89.19999999999921 0.09296928001101777
89.2999999999992 0.09296928001101681
89.3999999999992 0.09296928001101584
89.49999999999919 0.09296928001101486
89.59999999999918 0.09296928001101389
89.69999999999918 0.0929692800110129
89.79999999999917 0.09296928001101197
89.89999999999917 0.092969280011011
89.99999999999916 0.09296928001101004
90.09999999999916 0.0929692800110091
90.19999999999915 0.09296928001100818
90.29999999999914 0.09296928001100724
90.39999999999914 0.09296928001100631
90.49999999999913 0.09296928001100536
90.59999999999913 0.09296928001100442
90.69999999999912 0.09296928001100353
90.79999999999912 0.09296928001100262
90.89999999999911 0.09296928001100171
90.9999999999991 0.0929692800110008
91.0999999999991 0.0929692800109999
91.19999999999909 0.09296928001099901
91.29999999999909 0.09296928001099812
91.39999999999908 0.09296928001099722
91.49999999999908 0.09296928001099636
91.59999999999907 0.09296928001099548
91.69999999999906 0.0929692800109946
91.79999999999906 0.09296928001099371
91.89999999999905 0.09296928001099283
91.99999999999905 0.09296928001099197
92.09999999999904 0.09296928001099113
92.19999999999904 0.09296928001099027
92.29999999999903 0.09296928001098941
92.39999999999903 0.09296928001098856
92.49999999999902 0.09296928001098771
92.59999999999901 0.09296928001098685
92.69999999999901 0.09296928001098602
92.799999999999 0.09296928001098519
92.899999999999 0.09296928001098435
92.99999999999899 0.09296928001098355
93.09999999999899 0.09296928001098272
93.19999999999898 0.09296928001098188
93.29999999999897 0.09296928001098106
93.39999999999897 0.09296928001098027
93.49999999999896 0.09296928001097948
93.59999999999896 0.09296928001097865
93.69999999999895 0.09296928001097783
93.79999999999895 0.09296928001097704
93.89999999999894 0.09296928001097624
93.99999999999893 0.09296928001097546
94.09999999999893 0.09296928001097465
94.19999999999892 0.09296928001097386
94.29999999999892 0.09296928001097308
94.39999999999891 0.09296928001097231
94.49999999999891 0.09296928001097154
94.5999999999989 0.09296928001097077
94.69999999999889 0.09296928001096999
94.79999999999889 0.09296928001096921
94.89999999999888 0.09296928001096845
94.99999999999888 0.09296928001096769
95.09999999999887 0.09296928001096694
95.19999999999887 0.09296928001096619
95.29999999999886 0.09296928001096544
95.39999999999885 0.0929692800109647
95.49999999999885 0.09296928001096397
95.59999999999884 0.09296928001096323
95.69999999999884 0.09296928001096251
95.79999999999883 0.09296928001096176
95.89999999999883 0.09296928001096103
95.99999999999882 0.0929692800109603
96.09999999999881 0.09296928001095957
96.19999999999881 0.09296928001095885
96.2999999999988 0.09296928001095812
96.3999999999988 0.0929692800109574
96.49999999999879 0.09296928001095668
96.59999999999879 0.09296928001095597
96.69999999999878 0.09296928001095528
96.79999999999878 0.09296928001095457
96.89999999999877 0.09296928001095389
96.99999999999876 0.0929692800109532
97.09999999999876 0.0929692800109525
97.19999999999875 0.09296928001095185
97.29999999999875 0.09296928001095116
97.39999999999874 0.09296928001095046
97.49999999999874 0.09296928001094981
97.59999999999873 0.09296928001094913
97.69999999999872 0.09296928001094845
97.79999999999872 0.09296928001094777
97.89999999999871 0.09296928001094711
97.99999999999871 0.09296928001094643
98.0999999999987 0.09296928001094576
98.1999999999987 0.09296928001094509
98.29999999999869 0.09296928001094443
98.39999999999868 0.09296928001094378
98.49999999999868 0.09296928001094314
98.59999999999867 0.09296928001094248
98.69999999999867 0.09296928001094185
98.79999999999866 0.09296928001094118
98.89999999999866 0.09296928001094057
98.99999999999865 0.09296928001093992
99.09999999999864 0.09296928001093928
99.19999999999864 0.09296928001093863
99.29999999999863 0.092969280010938
99.39999999999863 0.09296928001093736
99.49999999999862 0.09296928001093673
99.59999999999862 0.09296928001093609
99.69999999999861 0.09296928001093548
99.7999999999986 0.09296928001093489
99.8999999999986 0.09296928001093425
99.99999999999859 0.09296928001093364
100.0999999999986 0.09296928001093303
