0 -0.0009775776750000002
0.1 -0.0009772516316313407
0.2 -0.0009769259654861912
0.3 -0.0009766008194565035
0.4 -0.0009762767398823432
0.5 -0.0009759549998686303
0.6 -0.0009756381158878623
0.7 -0.0009753307260493924
0.7999999999999999 -0.0009750411559791643
0.8999999999999999 -0.0009747843428834992
0.9999999999999999 -0.0009745875875757611
1.1 -0.0009745026014043116
1.2 -0.0009746327919589884
1.3 -0.0009752016217763235
1.4 -0.0009767485765852736
1.5 -0.0009808083019204618
1.6 -0.0009930540845918801
1.7 -0.001047540037562645
1.8 -0.001883864852936875
1.900000000000001 0.647686472857897
2 0.6466893815979352
2.100000000000001 0.6466772853197117
2.200000000000001 0.646674200970449
2.300000000000001 0.6466729579721054
2.400000000000001 0.6466723358485486
2.500000000000001 0.646671980748861
2.600000000000001 0.6466717592016086
2.700000000000001 0.6466716117788168
2.800000000000001 0.6466715087668885
2.900000000000001 0.6466714339720382
3.000000000000001 0.6466713779592564
3.100000000000001 0.6466713349301556
3.200000000000002 0.6466713011622727
3.300000000000002 0.6466712741772573
3.400000000000002 0.6466712522734006
3.500000000000002 0.6466712342509294
3.600000000000002 0.6466712192443099
3.700000000000002 0.6466712066164457
3.800000000000002 0.64667119588998
3.900000000000002 0.6466711867015421
4.000000000000002 0.6466711787705829
4.100000000000001 0.6466711718777158
4.200000000000001 0.6466711658493878
4.300000000000001 0.6466711605468521
4.4 0.6466711558581167
4.5 0.6466711516919841
4.6 0.6466711479735846
4.699999999999999 0.6466711446409907
4.799999999999999 0.6466711416426216
4.899999999999999 0.6466711389352373
4.999999999999998 0.64667113648237
5.099999999999998 0.6466711342530908
5.199999999999998 0.6466711322210301
5.299999999999997 0.6466711303635928
5.399999999999997 0.6466711286613309
5.499999999999996 0.6466711270974291
5.599999999999996 0.64667112565729
5.699999999999996 0.646671124328191
5.799999999999995 0.6466711230990035
5.899999999999995 0.6466711219599597
5.999999999999995 0.6466711209024559
6.099999999999994 0.6466711199188911
6.199999999999994 0.64667111900253
6.299999999999994 0.6466711181473873
6.399999999999993 0.6466711173481287
6.499999999999993 0.6466711165999888
6.599999999999993 0.6466711158987
6.699999999999992 0.6466711152404304
6.799999999999992 0.6466711146217321
6.899999999999991 0.6466711140394957
6.999999999999991 0.6466711134909117
7.099999999999991 0.6466711129734358
7.19999999999999 0.6466711124847596
7.29999999999999 0.646671112022785
7.39999999999999 0.6466711115856016
7.499999999999989 0.6466711111714669
7.599999999999989 0.6466711107787885
7.699999999999989 0.64667111040611
7.799999999999988 0.6466711100520953
7.899999999999988 0.6466711097155189
7.999999999999988 0.6466711093952541
8.099999999999987 0.6466711090902636
8.199999999999987 0.6466711087995913
8.299999999999986 0.646671108522355
8.399999999999986 0.6466711082577391
8.499999999999986 0.6466711080049891
8.599999999999985 0.6466711077634056
8.699999999999985 0.6466711075323409
8.799999999999985 0.6466711073111928
8.899999999999984 0.6466711070994021
8.999999999999984 0.646671106896448
9.099999999999984 0.6466711067018459
9.199999999999983 0.6466711065151435
9.299999999999983 0.6466711063359192
9.399999999999983 0.6466711061637783
9.499999999999982 0.6466711059983531
9.599999999999982 0.6466711058392987
9.699999999999982 0.6466711056862917
9.799999999999981 0.6466711055390298
9.899999999999981 0.6466711053972286
9.99999999999998 0.6466711052606217
10.09999999999998 0.6466711051289584
10.19999999999998 0.6466711050020029
10.29999999999998 0.6466711048795334
10.39999999999998 0.6466711047613412
10.49999999999998 0.646671104647229
10.59999999999998 0.6466711045370114
10.69999999999998 0.6466711044305132
10.79999999999998 0.6466711043275692
10.89999999999998 0.6466711042280225
10.99999999999998 0.6466711041317256
11.09999999999998 0.6466711040385383
11.19999999999998 0.6466711039483282
11.29999999999998 0.6466711038609698
11.39999999999998 0.6466711037763443
11.49999999999998 0.6466711036943387
11.59999999999997 0.6466711036148461
11.69999999999997 0.6466711035377647
11.79999999999997 0.6466711034629983
11.89999999999997 0.6466711033904547
11.99999999999997 0.6466711033200472
12.09999999999997 0.6466711032516923
12.19999999999997 0.646671103185311
12.29999999999997 0.6466711031208283
12.39999999999997 0.646671103058172
12.49999999999997 0.6466711029972744
12.59999999999997 0.6466711029380698
12.69999999999997 0.6466711028804965
12.79999999999997 0.6466711028244945
12.89999999999997 0.6466711027700076
12.99999999999997 0.6466711027169816
13.09999999999997 0.6466711026653643
13.19999999999997 0.6466711026151069
13.29999999999997 0.6466711025661616
13.39999999999997 0.6466711025184829
13.49999999999997 0.6466711024720283
13.59999999999997 0.6466711024267554
13.69999999999997 0.646671102382625
13.79999999999997 0.6466711023395986
13.89999999999997 0.6466711022976399
13.99999999999997 0.6466711022567138
14.09999999999997 0.646671102216787
14.19999999999997 0.6466711021778268
14.29999999999997 0.6466711021398024
14.39999999999996 0.6466711021026842
14.49999999999996 0.6466711020664433
14.59999999999996 0.6466711020310526
14.69999999999996 0.6466711019964857
14.79999999999996 0.646671101962717
14.89999999999996 0.646671101929722
14.99999999999996 0.6466711018974779
15.09999999999996 0.6466711018659612
15.19999999999996 0.6466711018351511
15.29999999999996 0.6466711018050258
15.39999999999996 0.646671101775566
15.49999999999996 0.6466711017467516
15.59999999999996 0.646671101718564
15.69999999999996 0.6466711016909851
15.79999999999996 0.6466711016639978
15.89999999999996 0.646671101637585
15.99999999999996 0.6466711016117306
16.09999999999996 0.6466711015864189
16.19999999999996 0.646671101561635
16.29999999999996 0.6466711015373644
16.39999999999996 0.6466711015135925
16.49999999999996 0.6466711014903066
16.59999999999997 0.6466711014674927
16.69999999999997 0.6466711014451384
16.79999999999997 0.6466711014232316
16.89999999999997 0.6466711014017602
16.99999999999997 0.6466711013807132
17.09999999999997 0.6466711013600787
17.19999999999997 0.6466711013398466
17.29999999999998 0.6466711013200066
17.39999999999998 0.6466711013005481
17.49999999999998 0.6466711012814617
17.59999999999998 0.646671101262738
17.69999999999998 0.6466711012443679
17.79999999999998 0.6466711012263423
17.89999999999998 0.646671101208653
17.99999999999999 0.6466711011912917
18.09999999999999 0.6466711011742496
18.19999999999999 0.6466711011575198
18.29999999999999 0.6466711011410941
18.39999999999999 0.6466711011249657
18.49999999999999 0.6466711011091271
18.59999999999999 0.6466711010935714
18.7 0.6466711010782923
18.8 0.6466711010632827
18.9 0.6466711010485368
19 0.6466711010340481
19.1 0.646671101019811
19.2 0.6466711010058194
19.3 0.6466711009920676
19.40000000000001 0.6466711009785505
19.50000000000001 0.6466711009652626
19.60000000000001 0.6466711009521988
19.70000000000001 0.646671100939354
19.80000000000001 0.6466711009267236
19.90000000000001 0.6466711009143026
20.00000000000001 0.6466711009020865
20.10000000000002 0.6466711008900708
20.20000000000002 0.6466711008782512
20.30000000000002 0.646671100866623
20.40000000000002 0.6466711008551826
20.50000000000002 0.6466711008439261
20.60000000000002 0.6466711008328491
20.70000000000002 0.6466711008219481
20.80000000000003 0.6466711008112191
20.90000000000003 0.6466711008006589
21.00000000000003 0.6466711007902638
21.10000000000003 0.6466711007800304
21.20000000000003 0.6466711007699552
21.30000000000003 0.6466711007600351
21.40000000000003 0.646671100750267
21.50000000000004 0.6466711007406477
21.60000000000004 0.6466711007311742
21.70000000000004 0.6466711007218434
21.80000000000004 0.6466711007126527
21.90000000000004 0.6466711007035996
22.00000000000004 0.6466711006946806
22.10000000000004 0.6466711006858936
22.20000000000005 0.6466711006772357
22.30000000000005 0.6466711006687048
22.40000000000005 0.6466711006602983
22.50000000000005 0.6466711006520137
22.60000000000005 0.6466711006438485
22.70000000000005 0.6466711006358006
22.80000000000005 0.6466711006278675
22.90000000000006 0.6466711006200476
23.00000000000006 0.6466711006123386
23.10000000000006 0.6466711006047379
23.20000000000006 0.6466711005972438
23.30000000000006 0.6466711005898542
23.40000000000006 0.6466711005825674
23.50000000000006 0.6466711005753815
23.60000000000007 0.6466711005682946
23.70000000000007 0.6466711005613047
23.80000000000007 0.64667110055441
23.90000000000007 0.6466711005476092
24.00000000000007 0.6466711005409003
24.10000000000007 0.6466711005342815
24.20000000000007 0.6466711005277513
24.30000000000008 0.6466711005213087
24.40000000000008 0.6466711005149515
24.50000000000008 0.646671100508678
24.60000000000008 0.6466711005024873
24.70000000000008 0.6466711004963777
24.80000000000008 0.6466711004903478
24.90000000000008 0.6466711004843962
25.00000000000009 0.6466711004785216
25.10000000000009 0.6466711004727227
25.20000000000009 0.6466711004669979
25.30000000000009 0.646671100461347
25.40000000000009 0.6466711004557674
25.50000000000009 0.6466711004502587
25.60000000000009 0.6466711004448192
25.7000000000001 0.6466711004394481
25.8000000000001 0.6466711004341444
25.9000000000001 0.6466711004289066
26.0000000000001 0.6466711004237339
26.1000000000001 0.646671100418625
26.2000000000001 0.6466711004135789
26.3000000000001 0.6466711004085945
26.40000000000011 0.6466711004036712
26.50000000000011 0.6466711003988074
26.60000000000011 0.6466711003940028
26.70000000000011 0.6466711003892559
26.80000000000011 0.646671100384566
26.90000000000011 0.646671100379932
27.00000000000011 0.6466711003753536
27.10000000000012 0.6466711003708293
27.20000000000012 0.6466711003663583
27.30000000000012 0.64667110036194
27.40000000000012 0.6466711003575736
27.50000000000012 0.6466711003532584
27.60000000000012 0.6466711003489931
27.70000000000012 0.6466711003447774
27.80000000000013 0.6466711003406103
27.90000000000013 0.6466711003364909
28.00000000000013 0.6466711003324189
28.10000000000013 0.6466711003283934
28.20000000000013 0.6466711003244136
28.30000000000013 0.6466711003204787
28.40000000000013 0.6466711003165885
28.50000000000014 0.6466711003127417
28.60000000000014 0.6466711003089382
28.70000000000014 0.6466711003051772
28.80000000000014 0.6466711003014576
28.90000000000014 0.6466711002977794
29.00000000000014 0.6466711002941418
29.10000000000014 0.6466711002905442
29.20000000000014 0.6466711002869862
29.30000000000015 0.6466711002834666
29.40000000000015 0.6466711002799855
29.50000000000015 0.6466711002765423
29.60000000000015 0.6466711002731362
29.70000000000015 0.6466711002697667
29.80000000000015 0.6466711002664333
29.90000000000015 0.6466711002631352
30.00000000000016 0.6466711002598725
30.10000000000016 0.6466711002566444
30.20000000000016 0.6466711002534504
30.30000000000016 0.6466711002502902
30.40000000000016 0.6466711002471631
30.50000000000016 0.6466711002440687
30.60000000000016 0.6466711002410062
30.70000000000017 0.6466711002379758
30.80000000000017 0.6466711002349765
30.90000000000017 0.6466711002320084
31.00000000000017 0.6466711002290706
31.10000000000017 0.6466711002261629
31.20000000000017 0.646671100223285
31.30000000000017 0.6466711002204364
31.40000000000018 0.6466711002176166
31.50000000000018 0.6466711002148254
31.60000000000018 0.6466711002120623
31.70000000000018 0.6466711002093269
31.80000000000018 0.6466711002066188
31.90000000000018 0.6466711002039379
32.00000000000018 0.6466711002012834
32.10000000000019 0.6466711001986553
32.20000000000019 0.6466711001960532
32.30000000000019 0.6466711001934768
32.40000000000019 0.6466711001909256
32.50000000000019 0.646671100188399
32.60000000000019 0.6466711001858975
32.70000000000019 0.6466711001834202
32.8000000000002 0.6466711001809667
32.9000000000002 0.646671100178537
33.0000000000002 0.6466711001761305
33.1000000000002 0.6466711001737471
33.2000000000002 0.6466711001713864
33.3000000000002 0.6466711001690483
33.4000000000002 0.6466711001667323
33.50000000000021 0.6466711001644385
33.60000000000021 0.6466711001621662
33.70000000000021 0.6466711001599152
33.80000000000021 0.6466711001576855
33.90000000000021 0.6466711001554765
34.00000000000021 0.6466711001532882
34.10000000000021 0.6466711001511202
34.20000000000022 0.6466711001489722
34.30000000000022 0.646671100146844
34.40000000000022 0.6466711001447357
34.50000000000022 0.6466711001426463
34.60000000000022 0.6466711001405764
34.70000000000022 0.646671100138525
34.80000000000022 0.6466711001364926
34.90000000000023 0.6466711001344785
35.00000000000023 0.6466711001324827
35.10000000000023 0.6466711001305047
35.20000000000023 0.6466711001285445
35.30000000000023 0.6466711001266019
35.40000000000023 0.6466711001246765
35.50000000000023 0.6466711001227687
35.60000000000024 0.6466711001208775
35.70000000000024 0.646671100119003
35.80000000000024 0.6466711001171453
35.90000000000024 0.6466711001153038
36.00000000000024 0.6466711001134784
36.10000000000024 0.6466711001116688
36.20000000000024 0.6466711001098752
36.30000000000025 0.6466711001080973
36.40000000000025 0.6466711001063346
36.50000000000025 0.6466711001045873
36.60000000000025 0.6466711001028551
36.70000000000025 0.6466711001011377
36.80000000000025 0.6466711000994351
36.90000000000025 0.6466711000977468
37.00000000000026 0.6466711000960731
37.10000000000026 0.6466711000944135
37.20000000000026 0.6466711000927682
37.30000000000026 0.6466711000911366
37.40000000000026 0.6466711000895189
37.50000000000026 0.6466711000879148
37.60000000000026 0.646671100086324
37.70000000000027 0.6466711000847466
37.80000000000027 0.6466711000831821
37.90000000000027 0.6466711000816309
38.00000000000027 0.6466711000800927
38.10000000000027 0.6466711000785671
38.20000000000027 0.646671100077054
38.30000000000027 0.6466711000755535
38.40000000000028 0.6466711000740651
38.50000000000028 0.6466711000725891
38.60000000000028 0.6466711000711252
38.70000000000028 0.646671100069673
38.80000000000028 0.6466711000682325
38.90000000000028 0.6466711000668037
39.00000000000028 0.6466711000653863
39.10000000000029 0.6466711000639804
39.20000000000029 0.6466711000625857
39.30000000000029 0.6466711000612024
39.40000000000029 0.6466711000598302
39.50000000000029 0.6466711000584686
39.60000000000029 0.6466711000571178
39.70000000000029 0.6466711000557778
39.8000000000003 0.6466711000544485
39.9000000000003 0.6466711000531294
40.0000000000003 0.6466711000518212
40.1000000000003 0.6466711000505228
40.2000000000003 0.6466711000492347
40.3000000000003 0.6466711000479566
40.4000000000003 0.6466711000466883
40.50000000000031 0.6466711000454298
40.60000000000031 0.6466711000441813
40.70000000000031 0.6466711000429423
40.80000000000031 0.6466711000417127
40.90000000000031 0.6466711000404924
41.00000000000031 0.6466711000392817
41.10000000000031 0.6466711000380803
41.20000000000032 0.646671100036888
41.30000000000032 0.6466711000357047
41.40000000000032 0.6466711000345304
41.50000000000032 0.646671100033365
41.60000000000032 0.6466711000322085
41.70000000000032 0.6466711000310605
41.80000000000032 0.6466711000299212
41.90000000000033 0.6466711000287906
42.00000000000033 0.6466711000276681
42.10000000000033 0.6466711000265544
42.20000000000033 0.6466711000254487
42.30000000000033 0.6466711000243511
42.40000000000033 0.6466711000232619
42.50000000000033 0.6466711000221804
42.60000000000034 0.6466711000211071
42.70000000000034 0.6466711000200415
42.80000000000034 0.6466711000189836
42.90000000000034 0.6466711000179336
43.00000000000034 0.6466711000168912
43.10000000000034 0.6466711000158565
43.20000000000034 0.646671100014829
43.30000000000035 0.6466711000138091
43.40000000000035 0.6466711000127966
43.50000000000035 0.6466711000117916
43.60000000000035 0.6466711000107934
43.70000000000035 0.6466711000098025
43.80000000000035 0.6466711000088189
43.90000000000035 0.646671100007842
44.00000000000036 0.6466711000068722
44.10000000000036 0.6466711000059093
44.20000000000036 0.6466711000049531
44.30000000000036 0.6466711000040037
44.40000000000036 0.6466711000030614
44.50000000000036 0.6466711000021252
44.60000000000036 0.6466711000011957
44.70000000000037 0.6466711000002728
44.80000000000037 0.6466710999993562
44.90000000000037 0.6466710999984463
45.00000000000037 0.6466710999975422
45.10000000000037 0.6466710999966445
45.20000000000037 0.6466710999957531
45.30000000000037 0.646671099994868
45.40000000000038 0.6466710999939888
45.50000000000038 0.6466710999931157
45.60000000000038 0.6466710999922485
45.70000000000038 0.6466710999913873
45.80000000000038 0.6466710999905321
45.90000000000038 0.6466710999896822
46.00000000000038 0.6466710999888384
46.10000000000039 0.6466710999880004
46.20000000000039 0.6466710999871682
46.30000000000039 0.6466710999863413
46.40000000000039 0.6466710999855204
46.50000000000039 0.6466710999847045
46.60000000000039 0.6466710999838943
46.70000000000039 0.6466710999830894
46.8000000000004 0.6466710999822901
46.9000000000004 0.6466710999814962
47.0000000000004 0.6466710999807072
47.1000000000004 0.6466710999799238
47.2000000000004 0.6466710999791451
47.3000000000004 0.6466710999783718
47.4000000000004 0.6466710999776036
47.50000000000041 0.6466710999768404
47.60000000000041 0.646671099976082
47.70000000000041 0.6466710999753289
47.80000000000041 0.6466710999745808
47.90000000000041 0.6466710999738374
48.00000000000041 0.6466710999730988
48.10000000000041 0.6466710999723649
48.20000000000041 0.646671099971636
48.30000000000042 0.6466710999709118
48.40000000000042 0.646671099970192
48.50000000000042 0.646671099969477
48.60000000000042 0.6466710999687666
48.70000000000042 0.6466710999680608
48.80000000000042 0.6466710999673594
48.90000000000042 0.6466710999666625
49.00000000000043 0.6466710999659701
49.10000000000043 0.6466710999652817
49.20000000000043 0.6466710999645978
49.30000000000043 0.6466710999639182
49.40000000000043 0.646671099963243
49.50000000000043 0.646671099962572
49.60000000000043 0.6466710999619055
49.70000000000044 0.6466710999612427
49.80000000000044 0.6466710999605845
49.90000000000044 0.6466710999599302
50.00000000000044 0.64667109995928
50.10000000000044 0.6466710999586338
50.20000000000044 0.6466710999579915
50.30000000000044 0.6466710999573532
50.40000000000045 0.6466710999567188
50.50000000000045 0.6466710999560884
50.60000000000045 0.6466710999554619
50.70000000000045 0.6466710999548392
50.80000000000045 0.6466710999542205
50.90000000000045 0.6466710999536056
51.00000000000045 0.6466710999529941
51.10000000000046 0.6466710999523867
51.20000000000046 0.646671099951783
51.30000000000046 0.6466710999511828
51.40000000000046 0.6466710999505862
51.50000000000046 0.6466710999499933
51.60000000000046 0.6466710999494036
51.70000000000046 0.646671099948818
51.80000000000047 0.6466710999482358
51.90000000000047 0.6466710999476569
52.00000000000047 0.6466710999470815
52.10000000000047 0.6466710999465096
52.20000000000047 0.6466710999459412
52.30000000000047 0.6466710999453759
52.40000000000047 0.6466710999448141
52.50000000000048 0.6466710999442553
52.60000000000048 0.6466710999437003
52.70000000000048 0.6466710999431483
52.80000000000048 0.6466710999425996
52.90000000000048 0.6466710999420542
53.00000000000048 0.646671099941512
53.10000000000048 0.6466710999409729
53.20000000000049 0.646671099940437
53.30000000000049 0.6466710999399043
53.40000000000049 0.6466710999393744
53.50000000000049 0.6466710999388477
53.60000000000049 0.6466710999383242
53.70000000000049 0.6466710999378035
53.80000000000049 0.6466710999372859
53.9000000000005 0.6466710999367715
54.0000000000005 0.6466710999362597
54.1000000000005 0.6466710999357511
54.2000000000005 0.6466710999352452
54.3000000000005 0.6466710999347424
54.4000000000005 0.6466710999342424
54.5000000000005 0.6466710999337452
54.60000000000051 0.6466710999332508
54.70000000000051 0.6466710999327593
54.80000000000051 0.6466710999322706
54.90000000000051 0.6466710999317845
55.00000000000051 0.6466710999313015
55.10000000000051 0.6466710999308207
55.20000000000051 0.6466710999303431
55.30000000000052 0.6466710999298677
55.40000000000052 0.6466710999293953
55.50000000000052 0.6466710999289256
55.60000000000052 0.6466710999284582
55.70000000000052 0.6466710999279938
55.80000000000052 0.6466710999275318
55.90000000000052 0.6466710999270723
56.00000000000053 0.6466710999266153
56.10000000000053 0.6466710999261607
56.20000000000053 0.6466710999257089
56.30000000000053 0.6466710999252595
56.40000000000053 0.6466710999248125
56.50000000000053 0.6466710999243679
56.60000000000053 0.6466710999239258
56.70000000000054 0.6466710999234861
56.80000000000054 0.6466710999230489
56.90000000000054 0.6466710999226141
57.00000000000054 0.6466710999221814
57.10000000000054 0.6466710999217513
57.20000000000054 0.6466710999213234
57.30000000000054 0.6466710999208979
57.40000000000055 0.6466710999204746
57.50000000000055 0.6466710999200536
57.60000000000055 0.6466710999196349
57.70000000000055 0.6466710999192188
57.80000000000055 0.6466710999188048
57.90000000000055 0.6466710999183928
58.00000000000055 0.6466710999179828
58.10000000000056 0.6466710999175752
58.20000000000056 0.6466710999171696
58.30000000000056 0.6466710999167666
58.40000000000056 0.6466710999163653
58.50000000000056 0.6466710999159663
58.60000000000056 0.6466710999155694
58.70000000000056 0.6466710999151747
58.80000000000057 0.6466710999147821
58.90000000000057 0.6466710999143915
59.00000000000057 0.646671099914003
59.10000000000057 0.6466710999136163
59.20000000000057 0.6466710999132317
59.30000000000057 0.646671099912849
59.40000000000057 0.6466710999124685
59.50000000000058 0.6466710999120898
59.60000000000058 0.6466710999117132
59.70000000000058 0.6466710999113384
59.80000000000058 0.6466710999109658
59.90000000000058 0.646671099910595
60.00000000000058 0.6466710999102262
60.10000000000058 0.6466710999098592
60.20000000000059 0.646671099909494
60.30000000000059 0.6466710999091306
60.40000000000059 0.6466710999087695
60.50000000000059 0.64667109990841
60.60000000000059 0.6466710999080523
60.70000000000059 0.6466710999076966
60.80000000000059 0.6466710999073425
60.9000000000006 0.6466710999069901
61.0000000000006 0.6466710999066396
61.1000000000006 0.6466710999062908
61.2000000000006 0.6466710999059438
61.3000000000006 0.6466710999055988
61.4000000000006 0.6466710999052552
61.5000000000006 0.6466710999049136
61.60000000000061 0.6466710999045736
61.70000000000061 0.6466710999042353
61.80000000000061 0.6466710999038986
61.90000000000061 0.6466710999035635
62.00000000000061 0.6466710999032302
62.10000000000061 0.6466710999028986
62.20000000000061 0.6466710999025688
62.30000000000062 0.6466710999022404
62.40000000000062 0.6466710999019135
62.50000000000062 0.6466710999015886
62.60000000000062 0.6466710999012651
62.70000000000062 0.6466710999009435
62.80000000000062 0.6466710999006231
62.90000000000062 0.6466710999003044
63.00000000000063 0.6466710998999874
63.10000000000063 0.6466710998996714
63.20000000000063 0.6466710998993573
63.30000000000063 0.6466710998990448
63.40000000000063 0.6466710998987337
63.50000000000063 0.6466710998984243
63.60000000000063 0.6466710998981162
63.70000000000064 0.6466710998978097
63.80000000000064 0.6466710998975045
63.90000000000064 0.6466710998972008
64.00000000000064 0.646671099896899
64.10000000000063 0.6466710998965981
64.20000000000063 0.646671099896299
64.30000000000062 0.6466710998960015
64.40000000000062 0.6466710998957049
64.50000000000061 0.6466710998954099
64.60000000000061 0.6466710998951164
64.7000000000006 0.6466710998948243
64.80000000000059 0.6466710998945334
64.90000000000059 0.646671099894244
65.00000000000058 0.6466710998939561
65.10000000000058 0.6466710998936696
65.20000000000057 0.6466710998933842
65.30000000000057 0.6466710998931003
65.40000000000056 0.6466710998928177
65.50000000000055 0.6466710998925365
65.60000000000055 0.6466710998922565
65.70000000000054 0.6466710998919779
65.80000000000054 0.6466710998917005
65.90000000000053 0.6466710998914246
66.00000000000053 0.6466710998911498
66.10000000000052 0.6466710998908762
66.20000000000051 0.6466710998906041
66.30000000000051 0.6466710998903334
66.4000000000005 0.6466710998900638
66.5000000000005 0.6466710998897955
66.60000000000049 0.6466710998895284
66.70000000000049 0.6466710998892625
66.80000000000048 0.646671099888998
66.90000000000047 0.6466710998887344
67.00000000000047 0.6466710998884722
67.10000000000046 0.6466710998882111
67.20000000000046 0.6466710998879511
67.30000000000045 0.6466710998876927
67.40000000000045 0.6466710998874351
67.50000000000044 0.6466710998871789
67.60000000000043 0.6466710998869237
67.70000000000043 0.6466710998866698
67.80000000000042 0.6466710998864172
67.90000000000042 0.6466710998861656
68.00000000000041 0.6466710998859151
68.10000000000041 0.6466710998856656
68.2000000000004 0.6466710998854173
68.3000000000004 0.6466710998851701
68.40000000000039 0.6466710998849243
68.50000000000038 0.6466710998846793
68.60000000000038 0.6466710998844356
68.70000000000037 0.6466710998841928
68.80000000000037 0.6466710998839513
68.90000000000036 0.6466710998837106
69.00000000000036 0.6466710998834715
69.10000000000035 0.6466710998832331
69.20000000000034 0.6466710998829956
69.30000000000034 0.6466710998827597
69.40000000000033 0.6466710998825244
69.50000000000033 0.64667109988229
69.60000000000032 0.6466710998820572
69.70000000000032 0.646671099881825
69.80000000000031 0.6466710998815937
69.9000000000003 0.6466710998813636
70.0000000000003 0.6466710998811344
70.10000000000029 0.6466710998809063
70.20000000000029 0.6466710998806792
70.30000000000028 0.646671099880453
70.40000000000028 0.6466710998802279
70.50000000000027 0.6466710998800037
70.60000000000026 0.6466710998797808
70.70000000000026 0.6466710998795586
70.80000000000025 0.6466710998793376
70.90000000000025 0.6466710998791173
71.00000000000024 0.646671099878898
71.10000000000024 0.6466710998786797
71.20000000000023 0.6466710998784622
71.30000000000022 0.6466710998782454
71.40000000000022 0.6466710998780298
71.50000000000021 0.6466710998778151
71.60000000000021 0.6466710998776014
71.7000000000002 0.6466710998773886
71.8000000000002 0.6466710998771769
71.90000000000019 0.646671099876966
72.00000000000018 0.646671099876756
72.10000000000018 0.6466710998765468
72.20000000000017 0.6466710998763386
72.30000000000017 0.6466710998761311
72.40000000000016 0.6466710998759246
72.50000000000016 0.6466710998757192
72.60000000000015 0.6466710998755144
72.70000000000014 0.6466710998753104
72.80000000000014 0.6466710998751074
72.90000000000013 0.6466710998749053
73.00000000000013 0.6466710998747042
73.10000000000012 0.6466710998745036
73.20000000000012 0.646671099874304
73.30000000000011 0.6466710998741051
73.40000000000011 0.6466710998739074
73.5000000000001 0.6466710998737104
73.60000000000009 0.646671099873514
73.70000000000009 0.6466710998733186
73.80000000000008 0.6466710998731238
73.90000000000008 0.64667109987293
74.00000000000007 0.6466710998727371
74.10000000000007 0.6466710998725448
74.20000000000006 0.6466710998723535
74.30000000000005 0.6466710998721626
74.40000000000005 0.6466710998719728
74.50000000000004 0.6466710998717838
74.60000000000004 0.6466710998715954
74.70000000000003 0.6466710998714081
74.80000000000003 0.6466710998712215
74.90000000000002 0.6466710998710354
75.00000000000001 0.6466710998708503
75.10000000000001 0.646671099870666
75.2 0.6466710998704822
75.3 0.6466710998702992
75.39999999999999 0.6466710998701169
75.49999999999999 0.6466710998699358
75.59999999999998 0.646671099869755
75.69999999999997 0.6466710998695753
75.79999999999997 0.6466710998693959
75.89999999999996 0.6466710998692171
75.99999999999996 0.6466710998690395
76.09999999999995 0.6466710998688625
76.19999999999995 0.6466710998686862
76.29999999999994 0.6466710998685103
76.39999999999993 0.6466710998683356
76.49999999999993 0.6466710998681612
76.59999999999992 0.6466710998679877
76.69999999999992 0.6466710998678149
76.79999999999991 0.6466710998676426
76.89999999999991 0.6466710998674711
76.9999999999999 0.6466710998673003
77.09999999999989 0.64667109986713
77.19999999999989 0.6466710998669605
77.29999999999988 0.6466710998667916
77.39999999999988 0.6466710998666233
77.49999999999987 0.646671099866456
77.59999999999987 0.6466710998662892
77.69999999999986 0.6466710998661234
77.79999999999986 0.6466710998659579
77.89999999999985 0.6466710998657931
77.99999999999984 0.646671099865629
78.09999999999984 0.6466710998654654
78.19999999999983 0.6466710998653026
78.29999999999983 0.6466710998651403
78.39999999999982 0.6466710998649784
78.49999999999982 0.6466710998648174
78.59999999999981 0.6466710998646571
78.6999999999998 0.6466710998644976
78.7999999999998 0.6466710998643384
78.89999999999979 0.6466710998641798
78.99999999999979 0.6466710998640219
79.09999999999978 0.6466710998638647
79.19999999999978 0.646671099863708
79.29999999999977 0.6466710998635521
79.39999999999976 0.6466710998633967
79.49999999999976 0.646671099863242
79.59999999999975 0.6466710998630878
79.69999999999975 0.6466710998629343
79.79999999999974 0.6466710998627812
79.89999999999974 0.6466710998626286
79.99999999999973 0.646671099862477
80.09999999999972 0.6466710998623256
80.19999999999972 0.6466710998621749
80.29999999999971 0.6466710998620248
80.39999999999971 0.6466710998618751
80.4999999999997 0.6466710998617263
80.5999999999997 0.6466710998615778
80.69999999999969 0.64667109986143
80.79999999999968 0.6466710998612829
80.89999999999968 0.646671099861136
80.99999999999967 0.6466710998609898
81.09999999999967 0.6466710998608443
81.19999999999966 0.6466710998606993
81.29999999999966 0.6466710998605546
81.39999999999965 0.6466710998604108
81.49999999999964 0.6466710998602672
81.59999999999964 0.6466710998601243
81.69999999999963 0.6466710998599817
81.79999999999963 0.6466710998598401
81.89999999999962 0.6466710998596988
81.99999999999962 0.6466710998595581
82.09999999999961 0.6466710998594177
82.1999999999996 0.6466710998592781
82.2999999999996 0.646671099859139
82.39999999999959 0.6466710998590002
82.49999999999959 0.6466710998588621
82.59999999999958 0.6466710998587244
82.69999999999958 0.6466710998585872
82.79999999999957 0.6466710998584506
82.89999999999957 0.6466710998583146
82.99999999999956 0.6466710998581787
83.09999999999955 0.6466710998580436
83.19999999999955 0.6466710998579089
83.29999999999954 0.6466710998577748
83.39999999999954 0.6466710998576412
83.49999999999953 0.6466710998575081
83.59999999999953 0.6466710998573756
83.69999999999952 0.6466710998572432
83.79999999999951 0.6466710998571116
83.89999999999951 0.6466710998569802
83.9999999999995 0.6466710998568496
84.0999999999995 0.6466710998567193
84.19999999999949 0.6466710998565897
84.29999999999949 0.6466710998564604
84.39999999999948 0.6466710998563315
84.49999999999947 0.6466710998562032
84.59999999999947 0.6466710998560755
84.69999999999946 0.6466710998559483
84.79999999999946 0.6466710998558212
84.89999999999945 0.6466710998556948
84.99999999999945 0.6466710998555686
85.09999999999944 0.6466710998554427
85.19999999999943 0.6466710998553175
85.29999999999943 0.6466710998551926
85.39999999999942 0.6466710998550682
85.49999999999942 0.6466710998549443
85.59999999999941 0.6466710998548209
85.69999999999941 0.646671099854698
85.7999999999994 0.6466710998545753
85.89999999999939 0.6466710998544535
85.99999999999939 0.6466710998543317
86.09999999999938 0.6466710998542107
86.19999999999938 0.6466710998540898
86.29999999999937 0.6466710998539694
86.39999999999937 0.6466710998538496
86.49999999999936 0.6466710998537302
86.59999999999935 0.6466710998536112
86.69999999999935 0.6466710998534927
86.79999999999934 0.6466710998533745
86.89999999999934 0.6466710998532565
86.99999999999933 0.6466710998531392
87.09999999999933 0.6466710998530221
87.19999999999932 0.6466710998529055
87.29999999999932 0.6466710998527895
87.39999999999931 0.6466710998526737
87.4999999999993 0.6466710998525582
87.5999999999993 0.6466710998524431
87.69999999999929 0.6466710998523287
87.79999999999929 0.6466710998522146
87.89999999999928 0.6466710998521008
87.99999999999928 0.6466710998519875
88.09999999999927 0.6466710998518744
88.19999999999926 0.6466710998517621
88.29999999999926 0.6466710998516497
88.39999999999925 0.6466710998515381
88.49999999999925 0.6466710998514269
88.59999999999924 0.646671099851316
88.69999999999924 0.6466710998512054
88.79999999999923 0.6466710998510953
88.89999999999922 0.6466710998509856
88.99999999999922 0.646671099850876
89.09999999999921 0.6466710998507669
89.19999999999921 0.6466710998506581
89.2999999999992 0.6466710998505496
89.3999999999992 0.6466710998504415
89.49999999999919 0.646671099850334
89.59999999999918 0.6466710998502267
89.69999999999918 0.6466710998501197
89.79999999999917 0.6466710998500133
89.89999999999917 0.6466710998499071
89.99999999999916 0.6466710998498012
90.09999999999916 0.6466710998496958
90.19999999999915 0.6466710998495907
90.29999999999914 0.6466710998494861
90.39999999999914 0.6466710998493819
90.49999999999913 0.6466710998492777
90.59999999999913 0.6466710998491741
90.69999999999912 0.6466710998490708
90.79999999999912 0.646671099848968
90.89999999999911 0.6466710998488653
90.9999999999991 0.6466710998487631
91.0999999999991 0.6466710998486613
91.19999999999909 0.6466710998485596
91.29999999999909 0.6466710998484587
91.39999999999908 0.6466710998483578
91.49999999999908 0.646671099848257
91.59999999999907 0.646671099848157
91.69999999999906 0.646671099848057
91.79999999999906 0.6466710998479576
91.89999999999905 0.6466710998478583
91.99999999999905 0.6466710998477592
92.09999999999904 0.6466710998476607
92.19999999999904 0.6466710998475624
92.29999999999903 0.6466710998474644
92.39999999999903 0.6466710998473668
92.49999999999902 0.6466710998472696
92.59999999999901 0.6466710998471726
92.69999999999901 0.6466710998470758
92.799999999999 0.6466710998469793
92.899999999999 0.6466710998468834
92.99999999999899 0.6466710998467877
93.09999999999899 0.6466710998466925
93.19999999999898 0.6466710998465974
93.29999999999897 0.6466710998465026
93.39999999999897 0.6466710998464081
93.49999999999896 0.6466710998463139
93.59999999999896 0.6466710998462202
93.69999999999895 0.6466710998461268
93.79999999999895 0.6466710998460335
93.89999999999894 0.6466710998459407
93.99999999999893 0.6466710998458483
94.09999999999893 0.646671099845756
94.19999999999892 0.6466710998456638
94.29999999999892 0.6466710998455724
94.39999999999891 0.6466710998454811
94.49999999999891 0.6466710998453898
94.5999999999989 0.646671099845299
94.69999999999889 0.6466710998452083
94.79999999999889 0.6466710998451179
94.89999999999888 0.6466710998450278
94.99999999999888 0.6466710998449383
95.09999999999887 0.6466710998448491
95.19999999999887 0.6466710998447601
95.29999999999886 0.6466710998446715
95.39999999999885 0.6466710998445829
95.49999999999885 0.6466710998444947
95.59999999999884 0.6466710998444067
95.69999999999884 0.646671099844319
95.79999999999883 0.6466710998442317
95.89999999999883 0.6466710998441444
95.99999999999882 0.6466710998440576
96.09999999999881 0.6466710998439711
96.19999999999881 0.6466710998438848
96.2999999999988 0.6466710998437989
96.3999999999988 0.6466710998437132
96.49999999999879 0.6466710998436277
96.59999999999879 0.6466710998435425
96.69999999999878 0.6466710998434575
96.79999999999878 0.646671099843373
96.89999999999877 0.6466710998432885
96.99999999999876 0.6466710998432044
97.09999999999876 0.6466710998431204
97.19999999999875 0.6466710998430367
97.29999999999875 0.6466710998429536
97.39999999999874 0.6466710998428705
97.49999999999874 0.6466710998427876
97.59999999999873 0.6466710998427052
97.69999999999872 0.6466710998426229
97.79999999999872 0.6466710998425409
97.89999999999871 0.6466710998424593
97.99999999999871 0.6466710998423779
98.0999999999987 0.6466710998422966
98.1999999999987 0.6466710998422155
98.29999999999869 0.6466710998421348
98.39999999999868 0.6466710998420541
98.49999999999868 0.6466710998419739
98.59999999999867 0.646671099841894
98.69999999999867 0.646671099841814
98.79999999999866 0.6466710998417344
98.89999999999866 0.6466710998416553
98.99999999999865 0.6466710998415766
99.09999999999864 0.6466710998414978
99.19999999999864 0.6466710998414194
99.29999999999863 0.6466710998413411
99.39999999999863 0.6466710998412628
99.49999999999862 0.646671099841185
99.59999999999862 0.6466710998411074
99.69999999999861 0.6466710998410302
99.7999999999986 0.6466710998409531
99.8999999999986 0.6466710998408763
99.99999999999859 0.6466710998407998
100.0999999999986 0.6466710998407235
