0 -0.0009775776750000002
0.1 -0.0009765964233748815
0.2 -0.0009756188501293893
0.3 -0.0009746450219276438
0.4 -0.0009736759365601008
0.5 -0.00097271430788919
0.6 -0.0009717657629279208
0.7 -0.0009708408076505421
0.7999999999999999 -0.0009699582216702864
0.8999999999999999 -0.0009691511837469579
0.9999999999999999 -0.0009684788521525452
1.1 -0.0009680494825157837
1.2 -0.0009680697561568007
1.3 -0.0009689592555443508
1.4 -0.0009716467839158398
1.5 -0.0009784597503623409
1.6 -0.0009964277437817769
1.7 -0.001054509811491853
1.8 -0.001377465899255728
1.900000000000001 -0.01052780782959147
2 0.2941674617665571
2.100000000000001 0.2935622389516428
2.200000000000001 0.2935131049520082
2.300000000000001 0.2934998224488466
2.400000000000001 0.2934944183230548
2.500000000000001 0.2934917027693172
2.600000000000001 0.293490148853928
2.700000000000001 0.2934891775448485
2.800000000000001 0.2934885302504641
2.900000000000001 0.2934880773994512
3.000000000000001 0.2934877482563474
3.100000000000001 0.2934875015503621
3.200000000000002 0.2934873118875044
3.300000000000002 0.2934871629481811
3.400000000000002 0.2934870438570666
3.500000000000002 0.2934869471407153
3.600000000000002 0.2934868675261851
3.700000000000002 0.2934868012069869
3.800000000000002 0.2934867453795935
3.900000000000002 0.2934866979422653
4.000000000000002 0.2934866572943365
4.100000000000001 0.293486622199413
4.200000000000001 0.2934865916902419
4.300000000000001 0.2934865650013506
4.4 0.2934865415205648
4.5 0.2934865207535919
4.6 0.2934865022977949
4.699999999999999 0.2934864858225296
4.799999999999999 0.293486471054232
4.899999999999999 0.2934864577649905
4.999999999999998 0.2934864457636988
5.099999999999998 0.2934864348891479
5.199999999999998 0.2934864250045837
5.299999999999997 0.2934864159933875
5.399999999999997 0.2934864077556197
5.499999999999996 0.2934864002052372
5.599999999999996 0.2934863932678377
5.699999999999996 0.2934863868788196
5.799999999999995 0.2934863809818729
5.899999999999995 0.2934863755277335
5.999999999999995 0.2934863704731521
6.099999999999994 0.2934863657800331
6.199999999999994 0.2934863614147157
6.299999999999994 0.2934863573473675
6.399999999999993 0.2934863535514747
6.499999999999993 0.2934863500034076
6.599999999999993 0.2934863466820536
6.699999999999992 0.2934863435685007
6.799999999999992 0.293486340645769
6.899999999999991 0.293486337898578
6.999999999999991 0.2934863353131466
7.099999999999991 0.29348633287702
7.19999999999999 0.2934863305789196
7.29999999999999 0.2934863284086118
7.39999999999999 0.2934863263567943
7.499999999999989 0.293486324414996
7.599999999999989 0.2934863225754896
7.699999999999989 0.2934863208312145
7.799999999999988 0.2934863191757085
7.899999999999988 0.2934863176030491
7.999999999999988 0.2934863161077991
8.099999999999987 0.2934863146849603
8.199999999999987 0.2934863133299315
8.299999999999986 0.2934863120384713
8.399999999999986 0.2934863108066645
8.499999999999986 0.2934863096308932
8.599999999999985 0.2934863085078094
8.699999999999985 0.2934863074343115
8.799999999999985 0.2934863064075228
8.899999999999984 0.2934863054247723
8.999999999999984 0.2934863044835771
9.099999999999984 0.2934863035816269
9.199999999999983 0.29348630271677
9.299999999999983 0.2934863018869997
9.399999999999983 0.2934863010904436
9.499999999999982 0.2934863003253524
9.599999999999982 0.2934862995900903
9.699999999999982 0.2934862988831267
9.799999999999981 0.2934862982030279
9.899999999999981 0.2934862975484496
9.99999999999998 0.2934862969181308
10.09999999999998 0.2934862963108875
10.19999999999998 0.2934862957256068
10.29999999999998 0.293486295161242
10.39999999999998 0.2934862946168086
10.49999999999998 0.2934862940913788
10.59999999999998 0.2934862935840784
10.69999999999998 0.2934862930940827
10.79999999999998 0.2934862926206137
10.89999999999998 0.2934862921629364
10.99999999999998 0.2934862917203562
11.09999999999998 0.2934862912922163
11.19999999999998 0.2934862908778953
11.29999999999998 0.2934862904768049
11.39999999999998 0.2934862900883877
11.49999999999998 0.2934862897121153
11.59999999999997 0.2934862893474866
11.69999999999997 0.2934862889940261
11.79999999999997 0.2934862886512823
11.89999999999997 0.2934862883188264
11.99999999999997 0.2934862879962507
12.09999999999997 0.2934862876831676
12.19999999999997 0.2934862873792081
12.29999999999997 0.2934862870840212
12.39999999999997 0.2934862867972726
12.49999999999997 0.2934862865186436
12.59999999999997 0.2934862862478305
12.69999999999997 0.2934862859845438
12.79999999999997 0.2934862857285071
12.89999999999997 0.2934862854794567
12.99999999999997 0.2934862852371406
13.09999999999997 0.2934862850013182
13.19999999999997 0.2934862847717598
13.29999999999997 0.2934862845482452
13.39999999999997 0.293486284330564
13.49999999999997 0.2934862841185151
13.59999999999997 0.293486283911906
13.69999999999997 0.2934862837105521
13.79999999999997 0.2934862835142766
13.89999999999997 0.2934862833229101
13.99999999999997 0.2934862831362905
14.09999999999997 0.2934862829542619
14.19999999999997 0.2934862827766749
14.29999999999997 0.2934862826033865
14.39999999999996 0.2934862824342586
14.49999999999996 0.2934862822691593
14.59999999999996 0.2934862821079618
14.69999999999996 0.2934862819505439
14.79999999999996 0.2934862817967883
14.89999999999996 0.2934862816465825
14.99999999999996 0.293486281499818
15.09999999999996 0.2934862813563903
15.19999999999996 0.2934862812161992
15.29999999999996 0.2934862810791481
15.39999999999996 0.2934862809451437
15.49999999999996 0.2934862808140965
15.59999999999996 0.29348628068592
15.69999999999996 0.2934862805605313
15.79999999999996 0.2934862804378496
15.89999999999996 0.2934862803177979
15.99999999999996 0.2934862802003015
16.09999999999996 0.2934862800852884
16.19999999999996 0.2934862799726892
16.29999999999996 0.2934862798624365
16.39999999999996 0.2934862797544658
16.49999999999996 0.2934862796487145
16.59999999999997 0.2934862795451222
16.69999999999997 0.2934862794436306
16.79999999999997 0.2934862793441831
16.89999999999997 0.2934862792467254
16.99999999999997 0.2934862791512046
17.09999999999997 0.2934862790575697
17.19999999999997 0.2934862789657715
17.29999999999998 0.2934862788757622
17.39999999999998 0.2934862787874955
17.49999999999998 0.2934862787009269
17.59999999999998 0.2934862786160131
17.69999999999998 0.2934862785327121
17.79999999999998 0.2934862784509834
17.89999999999998 0.2934862783707876
17.99999999999999 0.2934862782920867
18.09999999999999 0.2934862782148437
18.19999999999999 0.2934862781390227
18.29999999999999 0.2934862780645893
18.39999999999999 0.2934862779915097
18.49999999999999 0.2934862779197512
18.59999999999999 0.2934862778492821
18.7 0.2934862777800719
18.8 0.2934862777120906
18.9 0.2934862776453093
19 0.2934862775797001
19.1 0.2934862775152356
19.2 0.2934862774518893
19.3 0.2934862773896355
19.40000000000001 0.2934862773284493
19.50000000000001 0.2934862772683063
19.60000000000001 0.2934862772091832
19.70000000000001 0.2934862771510567
19.80000000000001 0.2934862770939047
19.90000000000001 0.2934862770377055
20.00000000000001 0.2934862769824381
20.10000000000002 0.293486276928082
20.20000000000002 0.2934862768746173
20.30000000000002 0.2934862768220244
20.40000000000002 0.2934862767702847
20.50000000000002 0.2934862767193798
20.60000000000002 0.2934862766692917
20.70000000000002 0.2934862766200031
20.80000000000003 0.2934862765714972
20.90000000000003 0.2934862765237574
21.00000000000003 0.2934862764767676
21.10000000000003 0.2934862764305122
21.20000000000003 0.2934862763849759
21.30000000000003 0.2934862763401442
21.40000000000003 0.2934862762960023
21.50000000000004 0.2934862762525363
21.60000000000004 0.2934862762097323
21.70000000000004 0.293486276167577
21.80000000000004 0.2934862761260575
21.90000000000004 0.2934862760851609
22.00000000000004 0.2934862760448749
22.10000000000004 0.2934862760051873
22.20000000000005 0.2934862759660866
22.30000000000005 0.2934862759275608
22.40000000000005 0.293486275889599
22.50000000000005 0.2934862758521903
22.60000000000005 0.2934862758153238
22.70000000000005 0.2934862757789892
22.80000000000005 0.2934862757431763
22.90000000000006 0.2934862757078751
23.00000000000006 0.293486275673076
23.10000000000006 0.2934862756387694
23.20000000000006 0.2934862756049461
23.30000000000006 0.2934862755715971
23.40000000000006 0.2934862755387136
23.50000000000006 0.293486275506287
23.60000000000007 0.2934862754743087
23.70000000000007 0.2934862754427706
23.80000000000007 0.2934862754116646
23.90000000000007 0.2934862753809829
24.00000000000007 0.2934862753507179
24.10000000000007 0.2934862753208619
24.20000000000007 0.2934862752914076
24.30000000000008 0.2934862752623479
24.40000000000008 0.2934862752336759
24.50000000000008 0.2934862752053845
24.60000000000008 0.2934862751774671
24.70000000000008 0.2934862751499171
24.80000000000008 0.2934862751227281
24.90000000000008 0.2934862750958938
25.00000000000009 0.2934862750694082
25.10000000000009 0.293486275043265
25.20000000000009 0.2934862750174587
25.30000000000009 0.2934862749919832
25.40000000000009 0.2934862749668329
25.50000000000009 0.2934862749420025
25.60000000000009 0.2934862749174864
25.7000000000001 0.2934862748932795
25.8000000000001 0.2934862748693765
25.9000000000001 0.2934862748457723
26.0000000000001 0.2934862748224621
26.1000000000001 0.2934862747994408
26.2000000000001 0.2934862747767039
26.3000000000001 0.2934862747542465
26.40000000000011 0.2934862747320642
26.50000000000011 0.2934862747101524
26.60000000000011 0.2934862746885069
26.70000000000011 0.2934862746671233
26.80000000000011 0.2934862746459973
26.90000000000011 0.293486274625125
27.00000000000011 0.2934862746045021
27.10000000000012 0.2934862745841249
27.20000000000012 0.2934862745639893
27.30000000000012 0.2934862745440915
27.40000000000012 0.293486274524428
27.50000000000012 0.2934862745049948
27.60000000000012 0.2934862744857886
27.70000000000012 0.2934862744668058
27.80000000000013 0.2934862744480429
27.90000000000013 0.2934862744294965
28.00000000000013 0.2934862744111634
28.10000000000013 0.2934862743930402
28.20000000000013 0.2934862743751237
28.30000000000013 0.293486274357411
28.40000000000013 0.2934862743398987
28.50000000000014 0.2934862743225841
28.60000000000014 0.2934862743054641
28.70000000000014 0.2934862742885356
28.80000000000014 0.293486274271796
28.90000000000014 0.2934862742552425
29.00000000000014 0.2934862742388722
29.10000000000014 0.2934862742226827
29.20000000000014 0.2934862742066709
29.30000000000015 0.2934862741908346
29.40000000000015 0.293486274175171
29.50000000000015 0.2934862741596778
29.60000000000015 0.2934862741443524
29.70000000000015 0.2934862741291923
29.80000000000015 0.2934862741141953
29.90000000000015 0.2934862740993589
30.00000000000016 0.293486274084681
30.10000000000016 0.2934862740701594
30.20000000000016 0.2934862740557916
30.30000000000016 0.2934862740415757
30.40000000000016 0.2934862740275095
30.50000000000016 0.2934862740135908
30.60000000000016 0.2934862739998177
30.70000000000017 0.2934862739861882
30.80000000000017 0.2934862739727
30.90000000000017 0.2934862739593515
31.00000000000017 0.2934862739461405
31.10000000000017 0.2934862739330653
31.20000000000017 0.293486273920124
31.30000000000017 0.2934862739073149
31.40000000000018 0.2934862738946359
31.50000000000018 0.2934862738820856
31.60000000000018 0.293486273869662
31.70000000000018 0.2934862738573634
31.80000000000018 0.2934862738451884
31.90000000000018 0.2934862738331351
32.00000000000018 0.2934862738212019
32.10000000000019 0.2934862738093874
32.20000000000019 0.2934862737976898
32.30000000000019 0.2934862737861076
32.40000000000019 0.2934862737746395
32.50000000000019 0.2934862737632837
32.60000000000019 0.293486273752039
32.70000000000019 0.2934862737409036
32.8000000000002 0.2934862737298766
32.9000000000002 0.2934862737189563
33.0000000000002 0.2934862737081413
33.1000000000002 0.2934862736974304
33.2000000000002 0.293486273686822
33.3000000000002 0.2934862736763151
33.4000000000002 0.2934862736659082
33.50000000000021 0.2934862736556003
33.60000000000021 0.2934862736453898
33.70000000000021 0.2934862736352756
33.80000000000021 0.2934862736252566
33.90000000000021 0.2934862736153317
34.00000000000021 0.2934862736054995
34.10000000000021 0.2934862735957588
34.20000000000022 0.2934862735861087
34.30000000000022 0.293486273576548
34.40000000000022 0.2934862735670755
34.50000000000022 0.2934862735576901
34.60000000000022 0.293486273548391
34.70000000000022 0.2934862735391767
34.80000000000022 0.2934862735300466
34.90000000000023 0.2934862735209994
35.00000000000023 0.2934862735120343
35.10000000000023 0.2934862735031503
35.20000000000023 0.2934862734943463
35.30000000000023 0.2934862734856213
35.40000000000023 0.2934862734769746
35.50000000000023 0.2934862734684049
35.60000000000024 0.2934862734599117
35.70000000000024 0.2934862734514938
35.80000000000024 0.2934862734431504
35.90000000000024 0.2934862734348807
36.00000000000024 0.2934862734266837
36.10000000000024 0.2934862734185587
36.20000000000024 0.2934862734105047
36.30000000000025 0.293486273402521
36.40000000000025 0.2934862733946067
36.50000000000025 0.293486273386761
36.60000000000025 0.2934862733789833
36.70000000000025 0.2934862733712725
36.80000000000025 0.2934862733636281
36.90000000000025 0.2934862733560492
37.00000000000026 0.2934862733485351
37.10000000000026 0.293486273341085
37.20000000000026 0.2934862733336982
37.30000000000026 0.293486273326374
37.40000000000026 0.2934862733191118
37.50000000000026 0.2934862733119107
37.60000000000026 0.2934862733047702
37.70000000000027 0.2934862732976896
37.80000000000027 0.2934862732906681
37.90000000000027 0.2934862732837052
38.00000000000027 0.2934862732768001
38.10000000000027 0.2934862732699522
38.20000000000027 0.2934862732631608
38.30000000000027 0.2934862732564256
38.40000000000028 0.2934862732497458
38.50000000000028 0.2934862732431206
38.60000000000028 0.2934862732365496
38.70000000000028 0.2934862732300323
38.80000000000028 0.2934862732235678
38.90000000000028 0.2934862732171558
39.00000000000028 0.2934862732107957
39.10000000000029 0.293486273204487
39.20000000000029 0.2934862731982288
39.30000000000029 0.293486273192021
39.40000000000029 0.2934862731858627
39.50000000000029 0.2934862731797536
39.60000000000029 0.2934862731736932
39.70000000000029 0.2934862731676809
39.8000000000003 0.2934862731617162
39.9000000000003 0.2934862731557984
40.0000000000003 0.2934862731499274
40.1000000000003 0.2934862731441024
40.2000000000003 0.2934862731383232
40.3000000000003 0.293486273132589
40.4000000000003 0.2934862731268996
40.50000000000031 0.2934862731212544
40.60000000000031 0.2934862731156529
40.70000000000031 0.2934862731100948
40.80000000000031 0.2934862731045795
40.90000000000031 0.2934862730991067
41.00000000000031 0.2934862730936758
41.10000000000031 0.2934862730882866
41.20000000000032 0.2934862730829385
41.30000000000032 0.2934862730776311
41.40000000000032 0.2934862730723639
41.50000000000032 0.2934862730671368
41.60000000000032 0.2934862730619491
41.70000000000032 0.2934862730568005
41.80000000000032 0.2934862730516907
41.90000000000033 0.2934862730466192
42.00000000000033 0.2934862730415856
42.10000000000033 0.2934862730365895
42.20000000000033 0.2934862730316307
42.30000000000033 0.2934862730267088
42.40000000000033 0.2934862730218233
42.50000000000033 0.2934862730169739
42.60000000000034 0.2934862730121602
42.70000000000034 0.2934862730073819
42.80000000000034 0.2934862730026387
42.90000000000034 0.2934862729979302
43.00000000000034 0.293486272993256
43.10000000000034 0.293486272988616
43.20000000000034 0.2934862729840096
43.30000000000035 0.2934862729794366
43.40000000000035 0.2934862729748967
43.50000000000035 0.2934862729703895
43.60000000000035 0.2934862729659147
43.70000000000035 0.2934862729614721
43.80000000000035 0.2934862729570613
43.90000000000035 0.2934862729526819
44.00000000000036 0.2934862729483338
44.10000000000036 0.2934862729440167
44.20000000000036 0.2934862729397301
44.30000000000036 0.2934862729354739
44.40000000000036 0.2934862729312477
44.50000000000036 0.2934862729270513
44.60000000000036 0.2934862729228845
44.70000000000037 0.2934862729187467
44.80000000000037 0.2934862729146379
44.90000000000037 0.2934862729105578
45.00000000000037 0.2934862729065061
45.10000000000037 0.2934862729024825
45.20000000000037 0.2934862728984868
45.30000000000037 0.2934862728945188
45.40000000000038 0.293486272890578
45.50000000000038 0.2934862728866645
45.60000000000038 0.2934862728827777
45.70000000000038 0.2934862728789177
45.80000000000038 0.2934862728750839
45.90000000000038 0.2934862728712764
46.00000000000038 0.2934862728674948
46.10000000000039 0.2934862728637387
46.20000000000039 0.2934862728600082
46.30000000000039 0.293486272856303
46.40000000000039 0.2934862728526226
46.50000000000039 0.2934862728489671
46.60000000000039 0.293486272845336
46.70000000000039 0.2934862728417293
46.8000000000004 0.2934862728381467
46.9000000000004 0.293486272834588
47.0000000000004 0.2934862728310529
47.1000000000004 0.2934862728275413
47.2000000000004 0.2934862728240529
47.3000000000004 0.2934862728205875
47.4000000000004 0.2934862728171451
47.50000000000041 0.2934862728137252
47.60000000000041 0.293486272810328
47.70000000000041 0.2934862728069529
47.80000000000041 0.2934862728035998
47.90000000000041 0.2934862728002687
48.00000000000041 0.2934862727969592
48.10000000000041 0.2934862727936713
48.20000000000041 0.2934862727904046
48.30000000000042 0.293486272787159
48.40000000000042 0.2934862727839344
48.50000000000042 0.2934862727807305
48.60000000000042 0.2934862727775472
48.70000000000042 0.2934862727743844
48.80000000000042 0.2934862727712418
48.90000000000042 0.2934862727681192
49.00000000000043 0.2934862727650166
49.10000000000043 0.2934862727619336
49.20000000000043 0.2934862727588701
49.30000000000043 0.2934862727558262
49.40000000000043 0.2934862727528014
49.50000000000043 0.2934862727497957
49.60000000000043 0.2934862727468089
49.70000000000044 0.2934862727438408
49.80000000000044 0.2934862727408914
49.90000000000044 0.2934862727379604
50.00000000000044 0.2934862727350477
50.10000000000044 0.2934862727321531
50.20000000000044 0.2934862727292764
50.30000000000044 0.2934862727264176
50.40000000000045 0.2934862727235765
50.50000000000045 0.2934862727207529
50.60000000000045 0.2934862727179468
50.70000000000045 0.2934862727151577
50.80000000000045 0.293486272712386
50.90000000000045 0.2934862727096311
51.00000000000045 0.2934862727068931
51.10000000000046 0.2934862727041718
51.20000000000046 0.293486272701467
51.30000000000046 0.2934862726987786
51.40000000000046 0.2934862726961066
51.50000000000046 0.2934862726934507
51.60000000000046 0.2934862726908109
51.70000000000046 0.2934862726881869
51.80000000000047 0.2934862726855788
51.90000000000047 0.2934862726829863
52.00000000000047 0.2934862726804093
52.10000000000047 0.2934862726778477
52.20000000000047 0.2934862726753014
52.30000000000047 0.2934862726727703
52.40000000000047 0.2934862726702543
52.50000000000048 0.2934862726677531
52.60000000000048 0.2934862726652666
52.70000000000048 0.2934862726627949
52.80000000000048 0.2934862726603378
52.90000000000048 0.2934862726578951
53.00000000000048 0.2934862726554668
53.10000000000048 0.2934862726530527
53.20000000000049 0.2934862726506527
53.30000000000049 0.2934862726482667
53.40000000000049 0.2934862726458947
53.50000000000049 0.2934862726435363
53.60000000000049 0.2934862726411918
53.70000000000049 0.2934862726388607
53.80000000000049 0.2934862726365431
53.9000000000005 0.293486272634239
54.0000000000005 0.2934862726319482
54.1000000000005 0.2934862726296705
54.2000000000005 0.2934862726274058
54.3000000000005 0.2934862726251542
54.4000000000005 0.2934862726229153
54.5000000000005 0.2934862726206893
54.60000000000051 0.2934862726184758
54.70000000000051 0.2934862726162751
54.80000000000051 0.2934862726140868
54.90000000000051 0.2934862726119108
55.00000000000051 0.2934862726097472
55.10000000000051 0.2934862726075959
55.20000000000051 0.2934862726054565
55.30000000000052 0.2934862726033293
55.40000000000052 0.293486272601214
55.50000000000052 0.2934862725991104
55.60000000000052 0.2934862725970186
55.70000000000052 0.2934862725949385
55.80000000000052 0.29348627259287
55.90000000000052 0.293486272590813
56.00000000000053 0.2934862725887674
56.10000000000053 0.293486272586733
56.20000000000053 0.2934862725847099
56.30000000000053 0.293486272582698
56.40000000000053 0.2934862725806971
56.50000000000053 0.2934862725787074
56.60000000000053 0.2934862725767285
56.70000000000054 0.2934862725747604
56.80000000000054 0.2934862725728031
56.90000000000054 0.2934862725708565
57.00000000000054 0.2934862725689204
57.10000000000054 0.2934862725669949
57.20000000000054 0.2934862725650798
57.30000000000054 0.2934862725631751
57.40000000000055 0.2934862725612806
57.50000000000055 0.2934862725593965
57.60000000000055 0.2934862725575224
57.70000000000055 0.2934862725556585
57.80000000000055 0.2934862725538046
57.90000000000055 0.2934862725519606
58.00000000000055 0.2934862725501263
58.10000000000056 0.293486272548302
58.20000000000056 0.2934862725464873
58.30000000000056 0.2934862725446823
58.40000000000056 0.2934862725428869
58.50000000000056 0.293486272541101
58.60000000000056 0.2934862725393246
58.70000000000056 0.2934862725375575
58.80000000000057 0.2934862725357998
58.90000000000057 0.2934862725340512
59.00000000000057 0.293486272532312
59.10000000000057 0.2934862725305817
59.20000000000057 0.2934862725288606
59.30000000000057 0.2934862725271484
59.40000000000057 0.2934862725254452
59.50000000000058 0.2934862725237509
59.60000000000058 0.2934862725220653
59.70000000000058 0.2934862725203886
59.80000000000058 0.2934862725187204
59.90000000000058 0.2934862725170609
60.00000000000058 0.2934862725154101
60.10000000000058 0.2934862725137677
60.20000000000059 0.2934862725121337
60.30000000000059 0.2934862725105082
60.40000000000059 0.2934862725088911
60.50000000000059 0.2934862725072822
60.60000000000059 0.2934862725056815
60.70000000000059 0.293486272504089
60.80000000000059 0.2934862725025047
60.9000000000006 0.2934862725009283
61.0000000000006 0.29348627249936
61.1000000000006 0.2934862724977997
61.2000000000006 0.2934862724962472
61.3000000000006 0.2934862724947025
61.4000000000006 0.2934862724931657
61.5000000000006 0.2934862724916366
61.60000000000061 0.2934862724901151
61.70000000000061 0.2934862724886014
61.80000000000061 0.2934862724870951
61.90000000000061 0.2934862724855966
62.00000000000061 0.2934862724841052
62.10000000000061 0.2934862724826214
62.20000000000061 0.2934862724811451
62.30000000000062 0.2934862724796759
62.40000000000062 0.2934862724782141
62.50000000000062 0.2934862724767596
62.60000000000062 0.2934862724753123
62.70000000000062 0.293486272473872
62.80000000000062 0.293486272472439
62.90000000000062 0.2934862724710128
63.00000000000063 0.2934862724695937
63.10000000000063 0.2934862724681816
63.20000000000063 0.2934862724667765
63.30000000000063 0.2934862724653781
63.40000000000063 0.2934862724639865
63.50000000000063 0.2934862724626018
63.60000000000063 0.2934862724612238
63.70000000000064 0.2934862724598525
63.80000000000064 0.2934862724584878
63.90000000000064 0.2934862724571298
64.00000000000064 0.2934862724557782
64.10000000000063 0.2934862724544333
64.20000000000063 0.2934862724530947
64.30000000000062 0.2934862724517627
64.40000000000062 0.2934862724504371
64.50000000000061 0.2934862724491177
64.60000000000061 0.2934862724478047
64.7000000000006 0.2934862724464981
64.80000000000059 0.2934862724451974
64.90000000000059 0.2934862724439032
65.00000000000058 0.293486272442615
65.10000000000058 0.293486272441333
65.20000000000057 0.2934862724400569
65.30000000000057 0.293486272438787
65.40000000000056 0.2934862724375231
65.50000000000055 0.2934862724362651
65.60000000000055 0.2934862724350131
65.70000000000054 0.2934862724337668
65.80000000000054 0.2934862724325266
65.90000000000053 0.2934862724312921
66.00000000000053 0.2934862724300634
66.10000000000052 0.2934862724288403
66.20000000000051 0.293486272427623
66.30000000000051 0.2934862724264115
66.4000000000005 0.2934862724252055
66.5000000000005 0.2934862724240051
66.60000000000049 0.2934862724228103
66.70000000000049 0.2934862724216212
66.80000000000048 0.2934862724204374
66.90000000000047 0.2934862724192591
67.00000000000047 0.2934862724180862
67.10000000000046 0.2934862724169188
67.20000000000046 0.2934862724157566
67.30000000000045 0.2934862724145999
67.40000000000045 0.2934862724134484
67.50000000000044 0.2934862724123022
67.60000000000043 0.2934862724111613
67.70000000000043 0.2934862724100255
67.80000000000042 0.2934862724088949
67.90000000000042 0.2934862724077694
68.00000000000041 0.2934862724066491
68.10000000000041 0.2934862724055338
68.2000000000004 0.2934862724044236
68.3000000000004 0.2934862724033184
68.40000000000039 0.2934862724022182
68.50000000000038 0.293486272401123
68.60000000000038 0.2934862724000326
68.70000000000037 0.2934862723989471
68.80000000000037 0.2934862723978666
68.90000000000036 0.2934862723967909
69.00000000000036 0.29348627239572
69.10000000000035 0.2934862723946539
69.20000000000034 0.2934862723935925
69.30000000000034 0.2934862723925359
69.40000000000033 0.2934862723914838
69.50000000000033 0.2934862723904366
69.60000000000032 0.2934862723893938
69.70000000000032 0.2934862723883559
69.80000000000031 0.2934862723873224
69.9000000000003 0.2934862723862935
70.0000000000003 0.2934862723852691
70.10000000000029 0.2934862723842493
70.20000000000029 0.2934862723832339
70.30000000000028 0.293486272382223
70.40000000000028 0.2934862723812166
70.50000000000027 0.2934862723802144
70.60000000000026 0.2934862723792167
70.70000000000026 0.2934862723782232
70.80000000000025 0.2934862723772342
70.90000000000025 0.2934862723762495
71.00000000000024 0.293486272375269
71.10000000000024 0.2934862723742928
71.20000000000023 0.2934862723733208
71.30000000000022 0.293486272372353
71.40000000000022 0.2934862723713895
71.50000000000021 0.29348627237043
71.60000000000021 0.2934862723694747
71.7000000000002 0.2934862723685235
71.8000000000002 0.2934862723675764
71.90000000000019 0.2934862723666332
72.00000000000018 0.2934862723656942
72.10000000000018 0.2934862723647592
72.20000000000017 0.2934862723638282
72.30000000000017 0.2934862723629011
72.40000000000016 0.2934862723619781
72.50000000000016 0.2934862723610588
72.60000000000015 0.2934862723601436
72.70000000000014 0.2934862723592321
72.80000000000014 0.2934862723583245
72.90000000000013 0.2934862723574209
73.00000000000013 0.293486272356521
73.10000000000012 0.2934862723556249
73.20000000000012 0.2934862723547325
73.30000000000011 0.2934862723538439
73.40000000000011 0.293486272352959
73.5000000000001 0.2934862723520777
73.60000000000009 0.2934862723512003
73.70000000000009 0.2934862723503265
73.80000000000008 0.2934862723494563
73.90000000000008 0.2934862723485898
74.00000000000007 0.2934862723477269
74.10000000000007 0.2934862723468675
74.20000000000006 0.2934862723460117
74.30000000000005 0.2934862723451594
74.40000000000005 0.2934862723443107
74.50000000000004 0.2934862723434655
74.60000000000004 0.2934862723426238
74.70000000000003 0.2934862723417855
74.80000000000003 0.2934862723409507
74.90000000000002 0.2934862723401193
75.00000000000001 0.2934862723392914
75.10000000000001 0.2934862723384668
75.2 0.2934862723376456
75.3 0.2934862723368278
75.39999999999999 0.2934862723360133
75.49999999999999 0.2934862723352021
75.59999999999998 0.2934862723343943
75.69999999999997 0.2934862723335898
75.79999999999997 0.2934862723327884
75.89999999999996 0.2934862723319903
75.99999999999996 0.2934862723311954
76.09999999999995 0.2934862723304038
76.19999999999995 0.2934862723296154
76.29999999999994 0.2934862723288302
76.39999999999993 0.2934862723280481
76.49999999999993 0.2934862723272691
76.59999999999992 0.2934862723264934
76.69999999999992 0.2934862723257207
76.79999999999991 0.2934862723249512
76.89999999999991 0.2934862723241846
76.9999999999999 0.2934862723234211
77.09999999999989 0.2934862723226607
77.19999999999989 0.2934862723219034
77.29999999999988 0.293486272321149
77.39999999999988 0.2934862723203976
77.49999999999987 0.2934862723196493
77.59999999999987 0.2934862723189039
77.69999999999986 0.2934862723181615
77.79999999999986 0.293486272317422
77.89999999999985 0.2934862723166853
77.99999999999984 0.2934862723159516
78.09999999999984 0.2934862723152208
78.19999999999983 0.2934862723144928
78.29999999999983 0.2934862723137677
78.39999999999982 0.2934862723130454
78.49999999999982 0.293486272312326
78.59999999999981 0.2934862723116093
78.6999999999998 0.2934862723108956
78.7999999999998 0.2934862723101845
78.89999999999979 0.2934862723094763
78.99999999999979 0.2934862723087708
79.09999999999978 0.2934862723080681
79.19999999999978 0.293486272307368
79.29999999999977 0.2934862723066707
79.39999999999976 0.2934862723059761
79.49999999999976 0.2934862723052841
79.59999999999975 0.2934862723045949
79.69999999999975 0.2934862723039084
79.79999999999974 0.2934862723032244
79.89999999999974 0.293486272302543
79.99999999999973 0.2934862723018643
80.09999999999972 0.2934862723011882
80.19999999999972 0.2934862723005148
80.29999999999971 0.2934862722998439
80.39999999999971 0.2934862722991756
80.4999999999997 0.2934862722985097
80.5999999999997 0.2934862722978465
80.69999999999969 0.2934862722971856
80.79999999999968 0.2934862722965274
80.89999999999968 0.2934862722958718
80.99999999999967 0.2934862722952185
81.09999999999967 0.2934862722945678
81.19999999999966 0.2934862722939194
81.29999999999966 0.2934862722932735
81.39999999999965 0.2934862722926301
81.49999999999964 0.2934862722919891
81.59999999999964 0.2934862722913505
81.69999999999963 0.2934862722907142
81.79999999999963 0.2934862722900804
81.89999999999962 0.293486272289449
81.99999999999962 0.29348627228882
82.09999999999961 0.2934862722881933
82.1999999999996 0.293486272287569
82.2999999999996 0.2934862722869469
82.39999999999959 0.2934862722863272
82.49999999999959 0.2934862722857097
82.59999999999958 0.2934862722850947
82.69999999999958 0.2934862722844819
82.79999999999957 0.2934862722838713
82.89999999999957 0.293486272283263
82.99999999999956 0.2934862722826569
83.09999999999955 0.2934862722820531
83.19999999999955 0.2934862722814515
83.29999999999954 0.2934862722808521
83.39999999999954 0.2934862722802548
83.49999999999953 0.2934862722796598
83.59999999999953 0.2934862722790672
83.69999999999952 0.2934862722784765
83.79999999999951 0.2934862722778881
83.89999999999951 0.2934862722773018
83.9999999999995 0.2934862722767178
84.0999999999995 0.2934862722761356
84.19999999999949 0.2934862722755558
84.29999999999949 0.2934862722749779
84.39999999999948 0.2934862722744022
84.49999999999947 0.2934862722738287
84.59999999999947 0.2934862722732572
84.69999999999946 0.2934862722726878
84.79999999999946 0.2934862722721203
84.89999999999945 0.293486272271555
84.99999999999945 0.2934862722709918
85.09999999999944 0.2934862722704305
85.19999999999943 0.2934862722698712
85.29999999999943 0.293486272269314
85.39999999999942 0.2934862722687588
85.49999999999942 0.2934862722682056
85.59999999999941 0.2934862722676543
85.69999999999941 0.2934862722671051
85.7999999999994 0.2934862722665578
85.89999999999939 0.2934862722660124
85.99999999999939 0.293486272265469
86.09999999999938 0.2934862722649275
86.19999999999938 0.2934862722643879
86.29999999999937 0.2934862722638504
86.39999999999937 0.2934862722633147
86.49999999999936 0.2934862722627808
86.59999999999935 0.2934862722622489
86.69999999999935 0.2934862722617188
86.79999999999934 0.2934862722611907
86.89999999999934 0.2934862722606644
86.99999999999933 0.29348627226014
87.09999999999933 0.2934862722596175
87.19999999999932 0.2934862722590967
87.29999999999932 0.2934862722585777
87.39999999999931 0.2934862722580606
87.4999999999993 0.2934862722575453
87.5999999999993 0.2934862722570318
87.69999999999929 0.2934862722565201
87.79999999999929 0.2934862722560102
87.89999999999928 0.2934862722555021
87.99999999999928 0.2934862722549956
88.09999999999927 0.2934862722544911
88.19999999999926 0.2934862722539883
88.29999999999926 0.2934862722534872
88.39999999999925 0.2934862722529878
88.49999999999925 0.2934862722524902
88.59999999999924 0.2934862722519943
88.69999999999924 0.2934862722515
88.79999999999923 0.2934862722510075
88.89999999999922 0.2934862722505168
88.99999999999922 0.2934862722500276
89.09999999999921 0.2934862722495402
89.19999999999921 0.2934862722490545
89.2999999999992 0.2934862722485704
89.3999999999992 0.2934862722480879
89.49999999999919 0.2934862722476072
89.59999999999918 0.2934862722471281
89.69999999999918 0.2934862722466505
89.79999999999917 0.2934862722461747
89.89999999999917 0.2934862722457005
89.99999999999916 0.293486272245228
90.09999999999916 0.293486272244757
90.19999999999915 0.2934862722442876
90.29999999999914 0.2934862722438198
90.39999999999914 0.2934862722433536
90.49999999999913 0.2934862722428889
90.59999999999913 0.2934862722424258
90.69999999999912 0.2934862722419643
90.79999999999912 0.2934862722415043
90.89999999999911 0.293486272241046
90.9999999999991 0.2934862722405891
91.0999999999991 0.2934862722401337
91.19999999999909 0.29348627223968
91.29999999999909 0.2934862722392277
91.39999999999908 0.2934862722387769
91.49999999999908 0.2934862722383277
91.59999999999907 0.2934862722378799
91.69999999999906 0.2934862722374336
91.79999999999906 0.2934862722369888
91.89999999999905 0.2934862722365456
91.99999999999905 0.2934862722361037
92.09999999999904 0.2934862722356634
92.19999999999904 0.2934862722352246
92.29999999999903 0.2934862722347871
92.39999999999903 0.2934862722343511
92.49999999999902 0.2934862722339166
92.59999999999901 0.2934862722334836
92.69999999999901 0.293486272233052
92.799999999999 0.2934862722326216
92.899999999999 0.2934862722321929
92.99999999999899 0.2934862722317654
93.09999999999899 0.2934862722313396
93.19999999999898 0.2934862722309149
93.29999999999897 0.2934862722304917
93.39999999999897 0.2934862722300699
93.49999999999896 0.2934862722296495
93.59999999999896 0.2934862722292303
93.69999999999895 0.2934862722288127
93.79999999999895 0.2934862722283963
93.89999999999894 0.2934862722279813
93.99999999999893 0.2934862722275677
94.09999999999893 0.2934862722271555
94.19999999999892 0.2934862722267445
94.29999999999892 0.2934862722263348
94.39999999999891 0.2934862722259267
94.49999999999891 0.2934862722255197
94.5999999999989 0.2934862722251141
94.69999999999889 0.2934862722247099
94.79999999999889 0.2934862722243068
94.89999999999888 0.2934862722239051
94.99999999999888 0.2934862722235047
95.09999999999887 0.2934862722231055
95.19999999999887 0.2934862722227077
95.29999999999886 0.293486272222311
95.39999999999885 0.2934862722219157
95.49999999999885 0.2934862722215217
95.59999999999884 0.2934862722211289
95.69999999999884 0.2934862722207374
95.79999999999883 0.2934862722203472
95.89999999999883 0.2934862722199581
95.99999999999882 0.2934862722195704
96.09999999999881 0.2934862722191838
96.19999999999881 0.2934862722187985
96.2999999999988 0.2934862722184144
96.3999999999988 0.2934862722180315
96.49999999999879 0.2934862722176499
96.59999999999879 0.2934862722172695
96.69999999999878 0.2934862722168903
96.79999999999878 0.2934862722165122
96.89999999999877 0.2934862722161354
96.99999999999876 0.2934862722157598
97.09999999999876 0.2934862722153853
97.19999999999875 0.293486272215012
97.29999999999875 0.2934862722146399
97.39999999999874 0.293486272214269
97.49999999999874 0.2934862722138992
97.59999999999873 0.2934862722135305
97.69999999999872 0.2934862722131631
97.79999999999872 0.2934862722127968
97.89999999999871 0.2934862722124316
97.99999999999871 0.2934862722120676
98.0999999999987 0.2934862722117048
98.1999999999987 0.293486272211343
98.29999999999869 0.2934862722109823
98.39999999999868 0.2934862722106229
98.49999999999868 0.2934862722102644
98.59999999999867 0.2934862722099072
98.69999999999867 0.293486272209551
98.79999999999866 0.2934862722091959
98.89999999999866 0.293486272208842
98.99999999999865 0.2934862722084891
99.09999999999864 0.2934862722081373
99.19999999999864 0.2934862722077866
99.29999999999863 0.2934862722074369
99.39999999999863 0.2934862722070884
99.49999999999862 0.293486272206741
99.59999999999862 0.2934862722063945
99.69999999999861 0.2934862722060491
99.7999999999986 0.2934862722057048
99.8999999999986 0.2934862722053616
99.99999999999859 0.2934862722050194
100.0999999999986 0.2934862722046783
