0 -0.0009775776750000002
0.1 -0.000975654598211931
0.2 -0.0009737019646255631
0.3 -0.0009716569575764545
0.4 -0.0009694487617784327
0.5 -0.0009669916148870225
0.6 -0.0009641750862022442
0.7 -0.000960849304697397
0.7999999999999999 -0.0009568010387873817
0.8999999999999999 -0.00095171272717059
0.9999999999999999 -0.0009450881957198217
1.1 -0.000936109073510419
1.2 -0.0009233351670390467
1.3 -0.0009040162281231839
1.4 -0.0008722994294567711
1.5 -0.0008136756277427402
1.6 -0.0006826752510358598
1.7 -0.0002630612745722284
1.8 0.003378187450642908
1.900000000000001 -0.002083527545150019
2 -0.001948144355623868
2.100000000000001 -0.0007186255297369523
2.200000000000001 -0.0004762462661410129
2.300000000000001 -0.0003859767844480539
2.400000000000001 -0.000341879335104019
2.500000000000001 -0.000316773434367553
2.600000000000001 -0.0003009956476076466
2.700000000000001 -0.0002903700187171272
2.800000000000001 -0.0002828384275369276
2.900000000000001 -0.0002772853392923536
3.000000000000001 -0.0002730608537102739
3.100000000000001 -0.0002697642305497147
3.200000000000002 -0.0002671367717154676
3.300000000000002 -0.0002650050343626135
3.400000000000002 -0.0002632489809753585
3.500000000000002 -0.0002617832562831942
3.600000000000002 -0.0002605457337348692
3.700000000000002 -0.000259490265305239
3.800000000000002 -0.0002585819537524006
3.900000000000002 -0.0002577939884228876
4.000000000000002 -0.0002571054782062604
4.100000000000001 -0.0002564999366647657
4.200000000000001 -0.0002559642034245288
4.300000000000001 -0.0002554876633592429
4.4 -0.000255061672795463
4.5 -0.0002546791320440877
4.6 -0.0002543341629342881
4.699999999999999 -0.0002540218627477082
4.799999999999999 -0.0002537381144545522
4.899999999999999 -0.0002534794389308712
4.999999999999998 -0.0002532428788212209
5.099999999999998 -0.0002530259064975759
5.199999999999998 -0.0002528263505394503
5.299999999999997 -0.0002526423365753988
5.399999999999997 -0.0002524722393520326
5.499999999999996 -0.0002523146436482524
5.599999999999996 -0.0002521683122083647
5.699999999999996 -0.0002520321592828005
5.799999999999995 -0.0002519052286777012
5.899999999999995 -0.0002517866754519076
5.999999999999995 -0.0002516757505814027
6.099999999999994 -0.0002515717880511348
6.199999999999994 -0.0002514741939426699
6.299999999999994 -0.0002513824371708797
6.399999999999993 -0.0002512960415894745
6.499999999999993 -0.0002512145792378325
6.599999999999993 -0.0002511376645434284
6.699999999999992 -0.0002510649493276048
6.799999999999992 -0.0002509961184892906
6.899999999999991 -0.0002509308862629583
6.999999999999991 -0.0002508689929646863
7.099999999999991 -0.0002508102021545224
7.19999999999999 -0.0002507542981550534
7.29999999999999 -0.0002507010838757157
7.39999999999999 -0.0002506503789003103
7.499999999999989 -0.0002506020178017604
7.599999999999989 -0.0002505558486536056
7.699999999999989 -0.0002505117317122706
7.799999999999988 -0.0002504695382479628
7.899999999999988 -0.0002504291495052347
7.999999999999988 -0.0002503904557769463
8.099999999999987 -0.0002503533555776239
8.199999999999987 -0.0002503177549041409
8.299999999999986 -0.0002502835665732759
8.399999999999986 -0.0002502507096270916
8.499999999999986 -0.0002502191087982706
8.599999999999985 -0.0002501886940285543
8.699999999999985 -0.000250159400034306
8.799999999999985 -0.0002501311659139697
8.899999999999984 -0.0002501039347928399
8.999999999999984 -0.0002500776535011189
9.099999999999984 -0.0002500522722817198
9.199999999999983 -0.0002500277445246956
9.299999999999983 -0.0002500040265255369
9.399999999999983 -0.0002499810772649001
9.499999999999982 -0.0002499588582076068
9.599999999999982 -0.0002499373331189953
9.699999999999982 -0.0002499164678969202
9.799999999999981 -0.0002498962304178821
9.899999999999981 -0.0002498765903959316
9.99999999999998 -0.0002498575192531412
10.09999999999998 -0.0002498389900005608
10.19999999999998 -0.000249820977128689
10.29999999999998 -0.0002498034565065914
10.39999999999998 -0.0002497864052888833
10.49999999999998 -0.0002497698018298779
10.59999999999998 -0.0002497536256042638
10.69999999999998 -0.0002497378571337444
10.79999999999998 -0.0002497224779191229
10.89999999999998 -0.0002497074703773679
10.99999999999998 -0.0002496928177832389
11.09999999999998 -0.0002496785042150884
11.19999999999998 -0.0002496645145044964
11.29999999999998 -0.0002496508341894213
11.39999999999998 -0.0002496374494705821
11.49999999999998 -0.0002496243471708114
11.59999999999997 -0.0002496115146971421
11.69999999999997 -0.0002495989400054113
11.79999999999997 -0.0002495866115671853
11.89999999999997 -0.0002495745183388221
11.99999999999997 -0.0002495626497325098
12.09999999999997 -0.0002495509955891273
12.19999999999997 -0.0002495395461527895
12.29999999999997 -0.0002495282920469486
12.39999999999997 -0.0002495172242519366
12.49999999999997 -0.0002495063340838382
12.59999999999997 -0.0002494956131745991
12.69999999999997 -0.0002494850534532738
12.79999999999997 -0.0002494746471283324
12.89999999999997 -0.0002494643866709464
12.99999999999997 -0.0002494542647991821
13.09999999999997 -0.000249444274463035
13.19999999999997 -0.0002494344088302434
13.29999999999997 -0.0002494246612728229
13.39999999999997 -0.0002494150253542706
13.49999999999997 -0.0002494054948173861
13.59999999999997 -0.0002493960635726666
13.69999999999997 -0.0002493867256872301
13.79999999999997 -0.0002493774753742275
13.89999999999997 -0.0002493683069827059
13.99999999999997 -0.0002493592149878868
14.09999999999997 -0.0002493501939818262
14.19999999999997 -0.0002493412386644259
14.29999999999997 -0.0002493323438347646
14.39999999999996 -0.0002493235043827219
14.49999999999996 -0.0002493147152808682
14.59999999999996 -0.0002493059715765951
14.69999999999996 -0.0002492972683844614
14.79999999999996 -0.0002492886008787333
14.89999999999996 -0.0002492799642860931
14.99999999999996 -0.0002492713538784992
15.09999999999996 -0.0002492627649661726
15.19999999999996 -0.0002492541928906923
15.29999999999996 -0.0002492456330181784
15.39999999999996 -0.0002492370807325452
15.49999999999996 -0.0002492285314288023
15.59999999999996 -0.0002492199805063888
15.69999999999996 -0.0002492114233625192
15.79999999999996 -0.0002492028553855226
15.89999999999996 -0.0002491942719481588
15.99999999999996 -0.000249185668400889
16.09999999999996 -0.0002491770400650863
16.19999999999996 -0.0002491683822261631
16.29999999999996 -0.0002491596901265978
16.39999999999996 -0.0002491509589588414
16.49999999999996 -0.0002491421838580804
16.59999999999997 -0.0002491333598948392
16.69999999999997 -0.0002491244820673946
16.79999999999997 -0.0002491155452939851
16.89999999999997 -0.000249106544404787
16.99999999999997 -0.0002490974741336329
17.09999999999997 -0.0002490883291094497
17.19999999999997 -0.0002490791038473827
17.29999999999998 -0.0002490697927395827
17.39999999999998 -0.0002490603900456207
17.49999999999998 -0.0002490508898824996
17.59999999999998 -0.0002490412862142286
17.69999999999998 -0.0002490315728409211
17.79999999999998 -0.0002490217433873791
17.89999999999998 -0.0002490117912911207
17.99999999999999 -0.0002490017097898051
18.09999999999999 -0.0002489914919080077
18.19999999999999 -0.0002489811304432929
18.29999999999999 -0.000248970617951529
18.39999999999999 -0.0002489599467313831
18.49999999999999 -0.0002489491088079353
18.59999999999999 -0.0002489380959153369
18.7 -0.0002489268994784414
18.8 -0.000248915510593324
18.9 -0.0002489039200066007
19 -0.0002488921180934522
19.1 -0.0002488800948342479
19.2 -0.0002488678397896545
19.3 -0.0002488553420741087
19.40000000000001 -0.000248842590327517
19.50000000000001 -0.0002488295726850378
19.60000000000001 -0.0002488162767447848
19.70000000000001 -0.0002488026895332762
19.80000000000001 -0.0002487887974684414
19.90000000000001 -0.0002487745863199728
20.00000000000001 -0.0002487600411667943
20.10000000000002 -0.0002487451463513967
20.20000000000002 -0.0002487298854307621
20.30000000000002 -0.0002487142411235729
20.40000000000002 -0.0002486981952533736
20.50000000000002 -0.000248681728687315
20.60000000000002 -0.0002486648212700754
20.70000000000002 -0.0002486474517525101
20.80000000000003 -0.0002486295977145328
20.90000000000003 -0.0002486112354816798
21.00000000000003 -0.0002485923400347484
21.10000000000003 -0.0002485728849118334
21.20000000000003 -0.0002485528421020119
21.30000000000003 -0.0002485321819298392
21.40000000000003 -0.0002485108729297267
21.50000000000004 -0.0002484888817091624
21.60000000000004 -0.0002484661727996131
21.70000000000004 -0.0002484427084938117
21.80000000000004 -0.0002484184486679703
21.90000000000004 -0.0002483933505872921
22.00000000000004 -0.0002483673686929399
22.10000000000004 -0.0002483404543683987
22.20000000000005 -0.0002483125556828999
22.30000000000005 -0.0002482836171092728
22.40000000000005 -0.0002482535792132458
22.50000000000005 -0.0002482223783108169
22.60000000000005 -0.000248189946089858
22.70000000000005 -0.0002481562091915862
22.80000000000005 -0.0002481210887469238
22.90000000000006 -0.0002480844998620609
23.00000000000006 -0.0002480463510467084
23.10000000000006 -0.000248006543577571
23.20000000000006 -0.0002479649707884521
23.30000000000006 -0.0002479215172770889
23.40000000000006 -0.0002478760580172848
23.50000000000006 -0.0002478284573630919
23.60000000000007 -0.0002477785679296705
23.70000000000007 -0.000247726229332929
23.80000000000007 -0.0002476712667670521
23.90000000000007 -0.0002476134893954679
24.00000000000007 -0.0002475526885265532
24.10000000000007 -0.0002474886355402765
24.20000000000007 -0.0002474210795258671
24.30000000000008 -0.0002473497445832016
24.40000000000008 -0.000247274326731664
24.50000000000008 -0.000247194490359363
24.60000000000008 -0.0002471098641323222
24.70000000000008 -0.0002470200362670016
24.80000000000008 -0.0002469245490494921
24.90000000000008 -0.000246822892459974
25.00000000000009 -0.0002467144967302761
25.10000000000009 -0.000246598723623965
25.20000000000009 -0.0002464748561801808
25.30000000000009 -0.0002463420866015765
25.40000000000009 -0.0002461995018894522
25.50000000000009 -0.0002460460667304814
25.60000000000009 -0.0002458806030125596
25.7000000000001 -0.0002457017651831164
25.8000000000001 -0.0002455080104492264
25.9000000000001 -0.00024529756253783
26.0000000000001 -0.0002450683673623756
26.1000000000001 -0.000244818038445635
26.2000000000001 -0.000244543789279631
26.3000000000001 -0.000244242348894187
26.40000000000011 -0.0002439098556563784
26.50000000000011 -0.0002435417225884238
26.60000000000011 -0.0002431324650544169
26.70000000000011 -0.000242675478199339
26.80000000000011 -0.0002421627465249746
26.90000000000011 -0.0002415844606743523
27.00000000000011 -0.0002409285056278505
27.10000000000012 -0.0002401797680824502
27.20000000000012 -0.0002393191854742192
27.30000000000012 -0.0002383224193068025
27.40000000000012 -0.0002371579714464743
27.50000000000012 -0.0002357844565114339
27.60000000000012 -0.0002341465645624978
27.70000000000012 -0.0002321689353585609
27.80000000000013 -0.0002297465984881098
27.90000000000013 -0.0002267295646117278
28.00000000000013 -0.0002228970422586447
28.10000000000013 -0.0002179123582197485
28.20000000000013 -0.0002112399074525896
28.30000000000013 -0.0002019821313748691
28.40000000000013 -0.0001885333345700998
28.50000000000014 -0.0001677669414895113
28.60000000000014 -0.0001328557348952198
28.70000000000014 -6.622709619503314e-05
28.80000000000014 9.070798241236216e-05
28.90000000000014 0.0006541836480072213
29.00000000000014 0.008557066602885188
29.10000000000014 0.003010969284963399
29.20000000000014 0.004564075838991683
29.30000000000015 0.004823915158459454
29.40000000000015 0.004914354891822513
29.50000000000015 0.004956608072960142
29.60000000000015 0.004979847124967753
29.70000000000015 0.004994036244374619
29.80000000000015 0.005003354780541078
29.90000000000015 0.005009813163912912
30.00000000000016 0.005014478695085482
30.10000000000016 0.005017961868218443
30.20000000000016 0.005020632935653928
30.30000000000016 0.005022727305730659
30.40000000000016 0.00502440059456723
30.50000000000016 0.005025759088483929
30.60000000000016 0.005026877429669962
30.70000000000017 0.00502780931017689
30.80000000000017 0.005028594167878208
30.90000000000017 0.005029261508010235
31.00000000000017 0.005029833767300666
31.10000000000017 0.005030328257253737
31.20000000000017 0.005030758510491868
31.30000000000017 0.005031135231160605
31.40000000000018 0.005031466977262426
31.50000000000018 0.005031760658088343
31.60000000000018 0.00503202190194408
31.70000000000018 0.005032255331479994
31.80000000000018 0.005032464772268329
31.90000000000018 0.005032653412525675
32.00000000000018 0.0050328239266499
32.10000000000019 0.005032978571657327
32.20000000000019 0.005033119263115215
32.30000000000019 0.005033247635410654
32.40000000000019 0.005033365089946857
32.50000000000019 0.005033472833956667
32.60000000000019 0.005033571911966536
32.70000000000019 0.005033663231461196
32.8000000000002 0.005033747583940566
32.9000000000002 0.005033825662291605
33.0000000000002 0.005033898075194927
33.1000000000002 0.005033965359131409
33.2000000000002 0.005034027988435551
33.3000000000002 0.00503408638375082
33.4000000000002 0.005034140919171149
33.50000000000021 0.005034191928296983
33.60000000000021 0.005034239709390663
33.70000000000021 0.005034284529781139
33.80000000000021 0.005034326629640511
33.90000000000021 0.005034366225232824
34.00000000000021 0.005034403511717822
34.10000000000021 0.005034438665578077
34.20000000000022 0.005034471846726242
34.30000000000022 0.00503450320033978
34.40000000000022 0.005034532858462746
34.50000000000022 0.005034560941407836
34.60000000000022 0.005034587558986713
34.70000000000022 0.005034612811592236
34.80000000000022 0.005034636791152645
34.90000000000023 0.00503465958197474
35.00000000000023 0.005034681261490571
35.10000000000023 0.005034701900920104
35.20000000000023 0.005034721565860434
35.30000000000023 0.005034740316810804
35.40000000000023 0.005034758209641216
35.50000000000023 0.005034775296011538
35.60000000000024 0.005034791623746925
35.70000000000024 0.005034807237174767
35.80000000000024 0.005034822177427526
35.90000000000024 0.005034836482715424
36.00000000000024 0.005034850188572318
36.10000000000024 0.00503486332807776
36.20000000000024 0.005034875932057837
36.30000000000025 0.005034888029267089
36.40000000000025 0.00503489964655349
36.50000000000025 0.005034910809008304
36.60000000000025 0.005034921540102359
36.70000000000025 0.005034931861810138
36.80000000000025 0.005034941794722921
36.90000000000025 0.005034951358152047
37.00000000000026 0.005034960570223307
37.10000000000026 0.005034969447963289
37.20000000000026 0.005034978007378488
37.30000000000026 0.005034986263527828
37.40000000000026 0.00503499423058925
37.50000000000026 0.005035001921920895
37.60000000000026 0.00503500935011738
37.70000000000027 0.005035016527061621
37.80000000000027 0.005035023463972593
37.90000000000027 0.005035030171449386
38.00000000000027 0.005035036659511893
38.10000000000027 0.005035042937638402
38.20000000000027 0.005035049014800391
38.30000000000027 0.005035054899494712
38.40000000000028 0.005035060599773444
38.50000000000028 0.005035066123271554
38.60000000000028 0.005035071477232578
38.70000000000028 0.005035076668532487
38.80000000000028 0.005035081703701842
38.90000000000028 0.005035086588946443
39.00000000000028 0.005035091330166521
39.10000000000029 0.005035095932974631
39.20000000000029 0.00503510040271233
39.30000000000029 0.005035104744465751
39.40000000000029 0.005035108963080119
39.50000000000029 0.005035113063173329
39.60000000000029 0.005035117049148638
39.70000000000029 0.005035120925206526
39.8000000000003 0.00503512469535582
39.9000000000003 0.005035128363424088
40.0000000000003 0.005035131933067392
40.1000000000003 0.005035135407779444
40.2000000000003 0.005035138790900179
40.3000000000003 0.005035142085623812
40.4000000000003 0.005035145295006405
40.50000000000031 0.005035148421972988
40.60000000000031 0.005035151469324236
40.70000000000031 0.005035154439742773
40.80000000000031 0.005035157335799094
40.90000000000031 0.005035160159957145
41.00000000000031 0.005035162914579582
41.10000000000031 0.005035165601932735
41.20000000000032 0.005035168224191276
41.30000000000032 0.005035170783442643
41.40000000000032 0.005035173281691208
41.50000000000032 0.005035175720862204
41.60000000000032 0.005035178102805462
41.70000000000032 0.005035180429298917
41.80000000000032 0.005035182702051948
41.90000000000033 0.005035184922708514
42.00000000000033 0.005035187092850157
42.10000000000033 0.005035189213998805
42.20000000000033 0.005035191287619461
42.30000000000033 0.005035193315122742
42.40000000000033 0.00503519529786728
42.50000000000033 0.005035197237162006
42.60000000000034 0.005035199134268321
42.70000000000034 0.005035200990402151
42.80000000000034 0.005035202806735897
42.90000000000034 0.005035204584400302
43.00000000000034 0.005035206324486203
43.10000000000034 0.005035208028046226
43.20000000000034 0.005035209696096365
43.30000000000035 0.005035211329617514
43.40000000000035 0.00503521292955691
43.50000000000035 0.005035214496829504
43.60000000000035 0.005035216032319282
43.70000000000035 0.00503521753688051
43.80000000000035 0.005035219011338927
43.90000000000035 0.005035220456492881
44.00000000000036 0.005035221873114411
44.10000000000036 0.005035223261950282
44.20000000000036 0.005035224623722977
44.30000000000036 0.005035225959131628
44.40000000000036 0.005035227268852927
44.50000000000036 0.005035228553541978
44.60000000000036 0.005035229813833122
44.70000000000037 0.005035231050340723
44.80000000000037 0.005035232263659914
44.90000000000037 0.005035233454367322
45.00000000000037 0.005035234623021744
45.10000000000037 0.005035235770164819
45.20000000000037 0.005035236896321649
45.30000000000037 0.005035238002001394
45.40000000000038 0.005035239087697867
45.50000000000038 0.00503524015389007
45.60000000000038 0.00503524120104273
45.70000000000038 0.005035242229606812
45.80000000000038 0.005035243240019997
45.90000000000038 0.005035244232707152
46.00000000000038 0.00503524520808078
46.10000000000039 0.005035246166541451
46.20000000000039 0.005035247108478202
46.30000000000039 0.005035248034268951
46.40000000000039 0.005035248944280863
46.50000000000039 0.005035249838870721
46.60000000000039 0.005035250718385275
46.70000000000039 0.005035251583161578
46.8000000000004 0.005035252433527312
46.9000000000004 0.005035253269801097
47.0000000000004 0.005035254092292793
47.1000000000004 0.005035254901303782
47.2000000000004 0.005035255697127253
47.3000000000004 0.005035256480048457
47.4000000000004 0.005035257250344978
47.50000000000041 0.005035258008286967
47.60000000000041 0.005035258754137383
47.70000000000041 0.005035259488152221
47.80000000000041 0.005035260210580739
47.90000000000041 0.005035260921665662
48.00000000000041 0.005035261621643387
48.10000000000041 0.005035262310744184
48.20000000000041 0.005035262989192382
48.30000000000042 0.005035263657206555
48.40000000000042 0.005035264314999698
48.50000000000042 0.005035264962779391
48.60000000000042 0.005035265600747976
48.70000000000042 0.0050352662291027
48.80000000000042 0.005035266848035882
48.90000000000042 0.00503526745773505
49.00000000000043 0.005035268058383084
49.10000000000043 0.005035268650158365
49.20000000000043 0.005035269233234894
49.30000000000043 0.005035269807782426
49.40000000000043 0.005035270373966593
49.50000000000043 0.005035270931949024
49.60000000000043 0.005035271481887463
49.70000000000044 0.005035272023935874
49.80000000000044 0.005035272558244556
49.90000000000044 0.005035273084960244
50.00000000000044 0.005035273604226209
50.10000000000044 0.00503527411618236
50.20000000000044 0.005035274620965335
50.30000000000044 0.005035275118708589
50.40000000000045 0.005035275609542492
50.50000000000045 0.005035276093594404
50.60000000000045 0.005035276570988767
50.70000000000045 0.005035277041847176
50.80000000000045 0.005035277506288465
50.90000000000045 0.005035277964428775
51.00000000000045 0.005035278416381635
51.10000000000046 0.005035278862258021
51.20000000000046 0.005035279302166439
51.30000000000046 0.005035279736212975
51.40000000000046 0.005035280164501371
51.50000000000046 0.005035280587133086
51.60000000000046 0.005035281004207348
51.70000000000046 0.005035281415821219
51.80000000000047 0.005035281822069652
51.90000000000047 0.005035282223045544
52.00000000000047 0.00503528261883979
52.10000000000047 0.00503528300954133
52.20000000000047 0.005035283395237206
52.30000000000047 0.00503528377601261
52.40000000000047 0.005035284151950923
52.50000000000048 0.005035284523133772
52.60000000000048 0.005035284889641065
52.70000000000048 0.005035285251551039
52.80000000000048 0.0050352856089403
52.90000000000048 0.005035285961883867
53.00000000000048 0.005035286310455207
53.10000000000048 0.005035286654726273
53.20000000000049 0.005035286994767549
53.30000000000049 0.005035287330648073
53.40000000000049 0.005035287662435487
53.50000000000049 0.005035287990196056
53.60000000000049 0.005035288313994715
53.70000000000049 0.005035288633895092
53.80000000000049 0.005035288949959542
53.9000000000005 0.005035289262249177
54.0000000000005 0.005035289570823905
54.1000000000005 0.005035289875742434
54.2000000000005 0.005035290177062331
54.3000000000005 0.005035290474840027
54.4000000000005 0.005035290769130851
54.5000000000005 0.005035291059989054
54.60000000000051 0.005035291347467844
54.70000000000051 0.005035291631619392
54.80000000000051 0.005035291912494872
54.90000000000051 0.005035292190144471
55.00000000000051 0.005035292464617426
55.10000000000051 0.005035292735962031
55.20000000000051 0.00503529300422567
55.30000000000052 0.005035293269454833
55.40000000000052 0.005035293531695134
55.50000000000052 0.005035293790991333
55.60000000000052 0.005035294047387355
55.70000000000052 0.00503529430092631
55.80000000000052 0.005035294551650507
55.90000000000052 0.005035294799601477
56.00000000000053 0.005035295044819986
56.10000000000053 0.005035295287346055
56.20000000000053 0.005035295527218974
56.30000000000053 0.00503529576447732
56.40000000000053 0.005035295999158964
56.50000000000053 0.005035296231301105
56.60000000000053 0.005035296460940265
56.70000000000054 0.005035296688112314
56.80000000000054 0.005035296912852479
56.90000000000054 0.005035297135195366
57.00000000000054 0.005035297355174962
57.10000000000054 0.005035297572824654
57.20000000000054 0.005035297788177246
57.30000000000054 0.005035298001264959
57.40000000000055 0.00503529821211946
57.50000000000055 0.005035298420771856
57.60000000000055 0.005035298627252719
57.70000000000055 0.005035298831592092
57.80000000000055 0.005035299033819494
57.90000000000055 0.005035299233963946
58.00000000000055 0.005035299432053966
58.10000000000056 0.005035299628117587
58.20000000000056 0.005035299822182367
58.30000000000056 0.005035300014275394
58.40000000000056 0.005035300204423302
58.50000000000056 0.00503530039265227
58.60000000000056 0.005035300578988046
58.70000000000056 0.005035300763455945
58.80000000000057 0.005035300946080858
58.90000000000057 0.005035301126887263
59.00000000000057 0.005035301305899234
59.10000000000057 0.005035301483140447
59.20000000000057 0.00503530165863419
59.30000000000057 0.005035301832403371
59.40000000000057 0.005035302004470518
59.50000000000058 0.005035302174857793
59.60000000000058 0.005035302343587006
59.70000000000058 0.005035302510679606
59.80000000000058 0.005035302676156698
59.90000000000058 0.005035302840039051
60.00000000000058 0.005035303002347097
60.10000000000058 0.005035303163100946
60.20000000000059 0.005035303322320384
60.30000000000059 0.005035303480024887
60.40000000000059 0.005035303636233617
60.50000000000059 0.005035303790965438
60.60000000000059 0.005035303944238918
60.70000000000059 0.005035304096072334
60.80000000000059 0.005035304246483673
60.9000000000006 0.005035304395490647
61.0000000000006 0.005035304543110694
61.1000000000006 0.005035304689360974
61.2000000000006 0.005035304834258391
61.3000000000006 0.005035304977819587
61.4000000000006 0.005035305120060946
61.5000000000006 0.005035305260998602
61.60000000000061 0.005035305400648446
61.70000000000061 0.005035305539026125
61.80000000000061 0.00503530567614705
61.90000000000061 0.005035305812026398
62.00000000000061 0.00503530594667912
62.10000000000061 0.00503530608011994
62.20000000000061 0.005035306212363365
62.30000000000062 0.005035306343423683
62.40000000000062 0.005035306473314966
62.50000000000062 0.005035306602051085
62.60000000000062 0.005035306729645702
62.70000000000062 0.005035306856112276
62.80000000000062 0.005035306981464071
62.90000000000062 0.005035307105714155
63.00000000000063 0.005035307228875403
63.10000000000063 0.005035307350960507
63.20000000000063 0.005035307471981973
63.30000000000063 0.005035307591952124
63.40000000000063 0.005035307710883105
63.50000000000063 0.005035307828786889
63.60000000000063 0.005035307945675274
63.70000000000064 0.00503530806155989
63.80000000000064 0.005035308176452204
63.90000000000064 0.005035308290363514
64.00000000000064 0.005035308403304959
64.10000000000063 0.005035308515287526
64.20000000000063 0.00503530862632204
64.30000000000062 0.005035308736419176
64.40000000000062 0.005035308845589461
64.50000000000061 0.005035308953843271
64.60000000000061 0.00503530906119084
64.7000000000006 0.005035309167642259
64.80000000000059 0.005035309273207478
64.90000000000059 0.005035309377896309
65.00000000000058 0.005035309481718431
65.10000000000058 0.005035309584683388
65.20000000000057 0.005035309686800592
65.30000000000057 0.005035309788079327
65.40000000000056 0.005035309888528751
65.50000000000055 0.005035309988157896
65.60000000000055 0.005035310086975673
65.70000000000054 0.005035310184990869
65.80000000000054 0.005035310282212156
65.90000000000053 0.005035310378648088
66.00000000000053 0.005035310474307104
66.10000000000052 0.00503531056919753
66.20000000000051 0.005035310663327579
66.30000000000051 0.005035310756705356
66.4000000000005 0.005035310849338861
66.5000000000005 0.005035310941235982
66.60000000000049 0.005035311032404509
66.70000000000049 0.005035311122852122
66.80000000000048 0.005035311212586408
66.90000000000047 0.005035311301614849
67.00000000000047 0.005035311389944831
67.10000000000046 0.005035311477583645
67.20000000000046 0.005035311564538485
67.30000000000045 0.005035311650816449
67.40000000000045 0.00503531173642455
67.50000000000044 0.005035311821369704
67.60000000000043 0.005035311905658743
67.70000000000043 0.005035311989298409
67.80000000000042 0.005035312072295355
67.90000000000042 0.005035312154656153
68.00000000000041 0.005035312236387287
68.10000000000041 0.005035312317495166
68.2000000000004 0.005035312397986109
68.3000000000004 0.00503531247786636
68.40000000000039 0.005035312557142083
68.50000000000038 0.005035312635819366
68.60000000000038 0.005035312713904218
68.70000000000037 0.005035312791402573
68.80000000000037 0.005035312868320292
68.90000000000036 0.005035312944663163
69.00000000000036 0.005035313020436901
69.10000000000035 0.005035313095647153
69.20000000000034 0.00503531317029949
69.30000000000034 0.005035313244399423
69.40000000000033 0.005035313317952386
69.50000000000033 0.005035313390963753
69.60000000000032 0.00503531346343883
69.70000000000032 0.005035313535382857
69.80000000000031 0.005035313606801012
69.9000000000003 0.005035313677698409
70.0000000000003 0.005035313748080099
70.10000000000029 0.005035313817951075
70.20000000000029 0.005035313887316264
70.30000000000028 0.005035313956180543
70.40000000000028 0.005035314024548721
70.50000000000027 0.005035314092425553
70.60000000000026 0.00503531415981574
70.70000000000026 0.005035314226723921
70.80000000000025 0.005035314293154684
70.90000000000025 0.005035314359112565
71.00000000000024 0.005035314424602039
71.10000000000024 0.005035314489627533
71.20000000000023 0.005035314554193421
71.30000000000022 0.005035314618304025
71.40000000000022 0.005035314681963617
71.50000000000021 0.005035314745176421
71.60000000000021 0.005035314807946605
71.7000000000002 0.005035314870278296
71.8000000000002 0.005035314932175571
71.90000000000019 0.005035314993642453
72.00000000000018 0.005035315054682932
72.10000000000018 0.005035315115300937
72.20000000000017 0.005035315175500362
72.30000000000017 0.005035315235285053
72.40000000000016 0.005035315294658812
72.50000000000016 0.005035315353625397
72.60000000000015 0.005035315412188522
72.70000000000014 0.005035315470351865
72.80000000000014 0.005035315528119054
72.90000000000013 0.005035315585493679
73.00000000000013 0.005035315642479291
73.10000000000012 0.005035315699079401
73.20000000000012 0.005035315755297478
73.30000000000011 0.005035315811136953
73.40000000000011 0.005035315866601221
73.5000000000001 0.005035315921693634
73.60000000000009 0.005035315976417509
73.70000000000009 0.005035316030776133
73.80000000000008 0.005035316084772742
73.90000000000008 0.00503531613841055
74.00000000000007 0.005035316191692727
74.10000000000007 0.005035316244622412
74.20000000000006 0.005035316297202707
74.30000000000005 0.005035316349436681
74.40000000000005 0.005035316401327372
74.50000000000004 0.005035316452877781
74.60000000000004 0.005035316504090876
74.70000000000003 0.005035316554969595
74.80000000000003 0.005035316605516846
74.90000000000002 0.005035316655735499
75.00000000000001 0.005035316705628399
75.10000000000001 0.005035316755198358
75.2 0.005035316804448156
75.3 0.005035316853380548
75.39999999999999 0.005035316901998254
75.49999999999999 0.005035316950303967
75.59999999999998 0.005035316998300353
75.69999999999997 0.005035317045990048
75.79999999999997 0.00503531709337566
75.89999999999996 0.005035317140459767
75.99999999999996 0.005035317187244925
76.09999999999995 0.005035317233733661
76.19999999999995 0.005035317279928471
76.29999999999994 0.005035317325831829
76.39999999999993 0.005035317371446185
76.49999999999993 0.005035317416773957
76.59999999999992 0.005035317461817544
76.69999999999992 0.005035317506579316
76.79999999999991 0.00503531755106162
76.89999999999991 0.005035317595266778
76.9999999999999 0.005035317639197088
77.09999999999989 0.005035317682854824
77.19999999999989 0.005035317726242237
77.29999999999988 0.005035317769361557
77.39999999999988 0.005035317812214986
77.49999999999987 0.005035317854804707
77.59999999999987 0.005035317897132879
77.69999999999986 0.005035317939201643
77.79999999999986 0.00503531798101311
77.89999999999985 0.005035318022569378
77.99999999999984 0.00503531806387252
78.09999999999984 0.005035318104924586
78.19999999999983 0.005035318145727608
78.29999999999983 0.005035318186283599
78.39999999999982 0.005035318226594547
78.49999999999982 0.005035318266662425
78.59999999999981 0.005035318306489181
78.6999999999998 0.005035318346076749
78.7999999999998 0.005035318385427039
78.89999999999979 0.005035318424541945
78.99999999999979 0.005035318463423339
79.09999999999978 0.00503531850207308
79.19999999999978 0.005035318540493002
79.29999999999977 0.005035318578684926
79.39999999999976 0.005035318616650652
79.49999999999976 0.005035318654391963
79.59999999999975 0.005035318691910624
79.69999999999975 0.005035318729208385
79.79999999999974 0.005035318766286978
79.89999999999974 0.005035318803148113
79.99999999999973 0.00503531883979349
80.09999999999972 0.00503531887622479
80.19999999999972 0.005035318912443679
80.29999999999971 0.005035318948451804
80.39999999999971 0.005035318984250795
80.4999999999997 0.005035319019842274
80.5999999999997 0.005035319055227838
80.69999999999969 0.005035319090409073
80.79999999999968 0.005035319125387554
80.89999999999968 0.005035319160164831
80.99999999999967 0.005035319194742446
81.09999999999967 0.005035319229121926
81.19999999999966 0.005035319263304783
81.29999999999966 0.005035319297292511
81.39999999999965 0.005035319331086595
81.49999999999964 0.005035319364688501
81.59999999999964 0.005035319398099688
81.69999999999963 0.005035319431321592
81.79999999999963 0.005035319464355644
81.89999999999962 0.005035319497203257
81.99999999999962 0.005035319529865831
82.09999999999961 0.005035319562344754
82.1999999999996 0.005035319594641401
82.2999999999996 0.005035319626757132
82.39999999999959 0.005035319658693301
82.49999999999959 0.005035319690451237
82.59999999999958 0.005035319722032269
82.69999999999958 0.005035319753437706
82.79999999999957 0.005035319784668851
82.89999999999957 0.005035319815726987
82.99999999999956 0.005035319846613395
83.09999999999955 0.005035319877329337
83.19999999999955 0.005035319907876063
83.29999999999954 0.005035319938254818
83.39999999999954 0.005035319968466828
83.49999999999953 0.005035319998513313
83.59999999999953 0.005035320028395482
83.69999999999952 0.005035320058114528
83.79999999999951 0.005035320087671638
83.89999999999951 0.005035320117067985
83.9999999999995 0.005035320146304736
84.0999999999995 0.005035320175383042
84.19999999999949 0.005035320204304045
84.29999999999949 0.005035320233068883
84.39999999999948 0.005035320261678672
84.49999999999947 0.005035320290134529
84.59999999999947 0.005035320318437557
84.69999999999946 0.005035320346588846
84.79999999999946 0.005035320374589479
84.89999999999945 0.00503532040244053
84.99999999999945 0.005035320430143064
85.09999999999944 0.005035320457698133
85.19999999999943 0.005035320485106785
85.29999999999943 0.005035320512370054
85.39999999999942 0.005035320539488966
85.49999999999942 0.00503532056646454
85.59999999999941 0.005035320593297784
85.69999999999941 0.005035320619989697
85.7999999999994 0.005035320646541271
85.89999999999939 0.005035320672953489
85.99999999999939 0.005035320699227321
86.09999999999938 0.005035320725363736
86.19999999999938 0.005035320751363691
86.29999999999937 0.005035320777228134
86.39999999999937 0.005035320802958002
86.49999999999936 0.005035320828554232
86.59999999999935 0.005035320854017744
86.69999999999935 0.005035320879349457
86.79999999999934 0.005035320904550278
86.89999999999934 0.005035320929621107
86.99999999999933 0.005035320954562838
87.09999999999933 0.005035320979376355
87.19999999999932 0.005035321004062536
87.29999999999932 0.005035321028622249
87.39999999999931 0.00503532105305636
87.4999999999993 0.005035321077365723
87.5999999999993 0.005035321101551185
87.69999999999929 0.005035321125613588
87.79999999999929 0.005035321149553763
87.89999999999928 0.005035321173372538
87.99999999999928 0.005035321197070734
88.09999999999927 0.005035321220649163
88.19999999999926 0.005035321244108631
88.29999999999926 0.005035321267449935
88.39999999999925 0.005035321290673869
88.49999999999925 0.005035321313781219
88.59999999999924 0.005035321336772765
88.69999999999924 0.005035321359649276
88.79999999999923 0.005035321382411522
88.89999999999922 0.005035321405060265
88.99999999999922 0.005035321427596252
89.09999999999921 0.005035321450020234
89.19999999999921 0.005035321472332952
89.2999999999992 0.005035321494535142
89.3999999999992 0.00503532151662753
89.49999999999919 0.005035321538610841
89.59999999999918 0.005035321560485793
89.69999999999918 0.005035321582253096
89.79999999999917 0.005035321603913454
89.89999999999917 0.005035321625467568
89.99999999999916 0.005035321646916132
90.09999999999916 0.005035321668259834
90.19999999999915 0.005035321689499358
90.29999999999914 0.005035321710635378
90.39999999999914 0.005035321731668567
90.49999999999913 0.00503532175259959
90.59999999999913 0.005035321773429111
90.69999999999912 0.005035321794157782
90.79999999999912 0.005035321814786255
90.89999999999911 0.005035321835315174
90.9999999999991 0.005035321855745178
91.0999999999991 0.005035321876076903
91.19999999999909 0.005035321896310978
91.29999999999909 0.005035321916448027
91.39999999999908 0.005035321936488671
91.49999999999908 0.005035321956433524
91.59999999999907 0.005035321976283193
91.69999999999906 0.005035321996038285
91.79999999999906 0.005035322015699402
91.89999999999905 0.005035322035267136
91.99999999999905 0.005035322054742078
92.09999999999904 0.005035322074124814
92.19999999999904 0.005035322093415928
92.29999999999903 0.005035322112615993
92.39999999999903 0.005035322131725583
92.49999999999902 0.005035322150745265
92.59999999999901 0.005035322169675603
92.69999999999901 0.005035322188517155
92.799999999999 0.005035322207270476
92.899999999999 0.005035322225936114
92.99999999999899 0.00503532224451462
93.09999999999899 0.005035322263006532
93.19999999999898 0.005035322281412387
93.29999999999897 0.005035322299732718
93.39999999999897 0.005035322317968057
93.49999999999896 0.005035322336118926
93.59999999999896 0.005035322354185847
93.69999999999895 0.00503532237216934
93.79999999999895 0.005035322390069913
93.89999999999894 0.005035322407888077
93.99999999999893 0.005035322425624338
94.09999999999893 0.005035322443279197
94.19999999999892 0.005035322460853152
94.29999999999892 0.005035322478346695
94.39999999999891 0.005035322495760317
94.49999999999891 0.005035322513094504
94.5999999999989 0.005035322530349738
94.69999999999889 0.005035322547526498
94.79999999999889 0.005035322564625261
94.89999999999888 0.005035322581646496
94.99999999999888 0.005035322598590672
95.09999999999887 0.005035322615458255
95.19999999999887 0.005035322632249705
95.29999999999886 0.005035322648965478
95.39999999999885 0.005035322665606029
95.49999999999885 0.00503532268217181
95.59999999999884 0.005035322698663269
95.69999999999884 0.005035322715080847
95.79999999999883 0.005035322731424987
95.89999999999883 0.005035322747696126
95.99999999999882 0.005035322763894696
96.09999999999881 0.005035322780021133
96.19999999999881 0.005035322796075858
96.2999999999988 0.005035322812059302
96.3999999999988 0.005035322827971884
96.49999999999879 0.00503532284381402
96.59999999999879 0.005035322859586129
96.69999999999878 0.00503532287528862
96.79999999999878 0.005035322890921906
96.89999999999877 0.005035322906486389
96.99999999999876 0.005035322921982476
97.09999999999876 0.005035322937410564
97.19999999999875 0.005035322952771052
97.29999999999875 0.005035322968064334
97.39999999999874 0.0050353229832908
97.49999999999874 0.005035322998450841
97.59999999999873 0.005035323013544843
97.69999999999872 0.005035323028573188
97.79999999999872 0.005035323043536257
97.89999999999871 0.005035323058434426
97.99999999999871 0.005035323073268072
98.0999999999987 0.005035323088037565
98.1999999999987 0.005035323102743279
98.29999999999869 0.005035323117385575
98.39999999999868 0.00503532313196482
98.49999999999868 0.005035323146481373
98.59999999999867 0.005035323160935599
98.69999999999867 0.005035323175327848
98.79999999999866 0.005035323189658478
98.89999999999866 0.005035323203927837
98.99999999999865 0.005035323218136275
99.09999999999864 0.005035323232284141
99.19999999999864 0.005035323246371776
99.29999999999863 0.005035323260399521
99.39999999999863 0.005035323274367718
99.49999999999862 0.005035323288276701
99.59999999999862 0.005035323302126804
99.69999999999861 0.00503532331591836
99.7999999999986 0.005035323329651701
99.8999999999986 0.005035323343327152
99.99999999999859 0.005035323356945036
100.0999999999986 0.005035323370505679
