0 -0.0009775776750000002
0.1 -0.000975613298245601
0.2 -0.0009736639556010125
0.3 -0.00097172944076677
0.4 -0.0009698112371087052
0.5 -0.0009679138952934702
0.6 -0.0009660470528081391
0.7 -0.0009642286480890874
0.7999999999999999 -0.0009624903081360943
0.8999999999999999 -0.0009608867638119999
0.9999999999999999 -0.00095951300717592
1.1 -0.0009585370752478622
1.2 -0.0009582663469981626
1.3 -0.000959291309176467
1.4 -0.0009628260598243434
1.5 -0.0009716128952932837
1.6 -0.0009927304791406658
1.7 -0.001048506713095024
1.8 -0.001237177854963479
1.900000000000001 -0.002405254340317884
2 0.00289322194110191
2.100000000000001 0.05292875853741871
2.200000000000001 0.0550851690020395
2.300000000000001 0.05461698334449301
2.400000000000001 0.05449218825219097
2.500000000000001 0.05444825645714783
2.600000000000001 0.05442835356586784
2.700000000000001 0.05441776709611547
2.800000000000001 0.05441149462634376
2.900000000000001 0.0544074811635767
3.000000000000001 0.0544047614176896
3.100000000000001 0.05440283465002604
3.200000000000002 0.05440142051396556
3.300000000000002 0.05440035227744442
3.400000000000002 0.05439952579686239
3.500000000000002 0.05439887332932915
3.600000000000002 0.05439834928012743
3.700000000000002 0.05439792205527276
3.800000000000002 0.05439756920555356
3.900000000000002 0.05439727442653611
4.000000000000002 0.05439702564641019
4.100000000000001 0.05439681377335839
4.200000000000001 0.0543966318548391
4.300000000000001 0.05439647450100931
4.4 0.05439633748156465
4.5 0.05439621743886919
4.6 0.05439611168057313
4.699999999999999 0.05439601802751487
4.799999999999999 0.05439593470068821
4.899999999999999 0.05439586023621729
4.999999999999998 0.05439579342068161
5.099999999999998 0.05439573324141021
5.199999999999998 0.0543956788479133
5.299999999999997 0.05439562952168839
5.399999999999997 0.0543955846523857
5.499999999999996 0.05439554371884742
5.599999999999996 0.05439550627391415
5.699999999999996 0.05439547193216684
5.799999999999995 0.05439544035997389
5.899999999999995 0.0543954112673608
5.999999999999995 0.05439538440133057
6.099999999999994 0.05439535954034695
6.199999999999994 0.05439533648975418
6.299999999999994 0.05439531507795632
6.399999999999993 0.05439529515321538
6.499999999999993 0.05439527658095634
6.599999999999993 0.05439525924148935
6.699999999999992 0.05439524302807696
6.799999999999992 0.05439522784528792
6.899999999999991 0.05439521360759002
6.999999999999991 0.05439520023814299
7.099999999999991 0.0543951876677598
7.19999999999999 0.05439517583400985
7.29999999999999 0.05439516468044246
7.39999999999999 0.05439515415591247
7.499999999999989 0.05439514421399299
7.599999999999989 0.0543951348124625
7.699999999999989 0.05439512591285599
7.799999999999988 0.05439511748007083
7.899999999999988 0.05439510948202024
7.999999999999988 0.05439510188932759
8.099999999999987 0.05439509467505625
8.199999999999987 0.05439508781447043
8.299999999999986 0.05439508128482287
8.399999999999986 0.05439507506516603
8.499999999999986 0.05439506913618391
8.599999999999985 0.05439506348004187
8.699999999999985 0.05439505808025243
8.799999999999985 0.05439505292155493
8.899999999999984 0.0543950479898076
8.999999999999984 0.05439504327189055
9.099999999999984 0.05439503875561844
9.199999999999983 0.05439503442966171
9.299999999999983 0.05439503028347546
9.399999999999983 0.0543950263072351
9.499999999999982 0.05439502249177819
9.599999999999982 0.05439501882855148
9.699999999999982 0.05439501530956306
9.799999999999981 0.05439501192733863
9.899999999999981 0.05439500867488188
9.99999999999998 0.05439500554563817
10.09999999999998 0.05439500253346158
10.19999999999998 0.05439499963258464
10.29999999999998 0.05439499683759076
10.39999999999998 0.05439499414338887
10.49999999999998 0.05439499154519024
10.59999999999998 0.05439498903848725
10.69999999999998 0.0543949866190337
10.79999999999998 0.05439498428282691
10.89999999999998 0.05439498202609115
10.99999999999998 0.05439497984526233
11.09999999999998 0.05439497773697395
11.19999999999998 0.05439497569804411
11.29999999999998 0.05439497372546345
11.39999999999998 0.05439497181638409
11.49999999999998 0.05439496996810933
11.59999999999997 0.05439496817808408
11.69999999999997 0.05439496644388613
11.79999999999997 0.05439496476321782
11.89999999999997 0.0543949631338985
11.99999999999997 0.05439496155385747
12.09999999999997 0.05439496002112732
12.19999999999997 0.05439495853383792
12.29999999999997 0.05439495709021059
12.39999999999997 0.05439495568855283
12.49999999999997 0.05439495432725341
12.59999999999997 0.05439495300477761
12.69999999999997 0.05439495171966306
12.79999999999997 0.05439495047051555
12.89999999999997 0.05439494925600529
12.99999999999997 0.05439494807486344
13.09999999999997 0.05439494692587869
13.19999999999997 0.05439494580789419
13.29999999999997 0.0543949447198047
13.39999999999997 0.05439494366055373
13.49999999999997 0.05439494262913113
13.59999999999997 0.05439494162457055
13.69999999999997 0.05439494064594722
13.79999999999997 0.05439493969237584
13.89999999999997 0.05439493876300856
13.99999999999997 0.0543949378570331
14.09999999999997 0.05439493697367098
14.19999999999997 0.05439493611217582
14.29999999999997 0.05439493527183176
14.39999999999996 0.05439493445195207
14.49999999999996 0.0543949336518776
14.59999999999996 0.05439493287097553
14.69999999999996 0.05439493210863817
14.79999999999996 0.05439493136428165
14.89999999999996 0.05439493063734491
14.99999999999996 0.05439492992728862
15.09999999999996 0.0543949292335941
15.19999999999996 0.05439492855576253
15.29999999999996 0.05439492789331387
15.39999999999996 0.05439492724578614
15.49999999999996 0.05439492661273458
15.59999999999996 0.05439492599373089
15.69999999999996 0.05439492538836247
15.79999999999996 0.05439492479623174
15.89999999999996 0.05439492421695553
15.99999999999996 0.05439492365016445
16.09999999999996 0.05439492309550226
16.19999999999996 0.05439492255262535
16.29999999999996 0.05439492202120219
16.39999999999996 0.0543949215009128
16.49999999999996 0.05439492099144835
16.59999999999997 0.05439492049251057
16.69999999999997 0.05439492000381146
16.79999999999997 0.05439491952507279
16.89999999999997 0.05439491905602569
16.99999999999997 0.05439491859641032
17.09999999999997 0.05439491814597548
17.19999999999997 0.05439491770447829
17.29999999999998 0.05439491727168386
17.39999999999998 0.05439491684736491
17.49999999999998 0.05439491643130162
17.59999999999998 0.05439491602328117
17.69999999999998 0.05439491562309759
17.79999999999998 0.05439491523055147
17.89999999999998 0.05439491484544967
17.99999999999999 0.05439491446760516
18.09999999999999 0.0543949140968367
18.19999999999999 0.05439491373296872
18.29999999999999 0.05439491337583102
18.39999999999999 0.05439491302525865
18.49999999999999 0.05439491268109165
18.59999999999999 0.05439491234317492
18.7 0.05439491201135804
18.8 0.05439491168549507
18.9 0.05439491136544439
19 0.0543949110510686
19.1 0.05439491074223433
19.2 0.0543949104388121
19.3 0.05439491014067618
19.40000000000001 0.05439490984770447
19.50000000000001 0.05439490955977839
19.60000000000001 0.05439490927678275
19.70000000000001 0.05439490899860561
19.80000000000001 0.0543949087251382
19.90000000000001 0.05439490845627478
20.00000000000001 0.0543949081919126
20.10000000000002 0.05439490793195171
20.20000000000002 0.05439490767629496
20.30000000000002 0.05439490742484786
20.40000000000002 0.05439490717751849
20.50000000000002 0.05439490693421743
20.60000000000002 0.05439490669485764
20.70000000000002 0.05439490645935451
20.80000000000003 0.05439490622762558
20.90000000000003 0.05439490599959065
21.00000000000003 0.05439490577517161
21.10000000000003 0.05439490555429241
21.20000000000003 0.05439490533687901
21.30000000000003 0.05439490512285927
21.40000000000003 0.05439490491216292
21.50000000000004 0.0543949047047215
21.60000000000004 0.05439490450046832
21.70000000000004 0.05439490429933837
21.80000000000004 0.05439490410126831
21.90000000000004 0.05439490390619636
22.00000000000004 0.05439490371406233
22.10000000000004 0.05439490352480753
22.20000000000005 0.05439490333837467
22.30000000000005 0.05439490315470796
22.40000000000005 0.05439490297375296
22.50000000000005 0.05439490279545651
22.60000000000005 0.05439490261976682
22.70000000000005 0.05439490244663329
22.80000000000005 0.05439490227600659
22.90000000000006 0.05439490210783856
23.00000000000006 0.05439490194208219
23.10000000000006 0.05439490177869155
23.20000000000006 0.05439490161762187
23.30000000000006 0.05439490145882939
23.40000000000006 0.05439490130227139
23.50000000000006 0.05439490114790613
23.60000000000007 0.05439490099569284
23.70000000000007 0.05439490084559173
23.80000000000007 0.0543949006975639
23.90000000000007 0.0543949005515713
24.00000000000007 0.05439490040757684
24.10000000000007 0.0543949002655442
24.20000000000007 0.05439490012543791
24.30000000000008 0.05439489998722327
24.40000000000008 0.0543948998508664
24.50000000000008 0.05439489971633416
24.60000000000008 0.05439489958359411
24.70000000000008 0.0543948994526146
24.80000000000008 0.05439489932336461
24.90000000000008 0.05439489919581381
25.00000000000009 0.05439489906993254
25.10000000000009 0.05439489894569183
25.20000000000009 0.05439489882306327
25.30000000000009 0.05439489870201909
25.40000000000009 0.0543948985825321
25.50000000000009 0.05439489846457573
25.60000000000009 0.05439489834812394
25.7000000000001 0.05439489823315123
25.8000000000001 0.05439489811963268
25.9000000000001 0.05439489800754386
26.0000000000001 0.05439489789686085
26.1000000000001 0.05439489778756026
26.2000000000001 0.05439489767961915
26.3000000000001 0.05439489757301507
26.40000000000011 0.05439489746772603
26.50000000000011 0.05439489736373051
26.60000000000011 0.05439489726100737
26.70000000000011 0.05439489715953596
26.80000000000011 0.05439489705929602
26.90000000000011 0.0543948969602677
27.00000000000011 0.05439489686243153
27.10000000000012 0.05439489676576851
27.20000000000012 0.05439489667025989
27.30000000000012 0.05439489657588743
27.40000000000012 0.05439489648263311
27.50000000000012 0.05439489639047939
27.60000000000012 0.054394896299409
27.70000000000012 0.05439489620940501
27.80000000000013 0.05439489612045085
27.90000000000013 0.05439489603253026
28.00000000000013 0.05439489594562728
28.10000000000013 0.05439489585972627
28.20000000000013 0.05439489577481189
28.30000000000013 0.05439489569086908
28.40000000000013 0.05439489560788309
28.50000000000014 0.05439489552583941
28.60000000000014 0.05439489544472384
28.70000000000014 0.05439489536452245
28.80000000000014 0.0543948952852215
28.90000000000014 0.05439489520680761
29.00000000000014 0.05439489512926758
29.10000000000014 0.05439489505258848
29.20000000000014 0.05439489497675763
29.30000000000015 0.05439489490176253
29.40000000000015 0.05439489482759095
29.50000000000015 0.05439489475423089
29.60000000000015 0.05439489468167055
29.70000000000015 0.05439489460989837
29.80000000000015 0.05439489453890292
29.90000000000015 0.05439489446867307
30.00000000000016 0.05439489439919785
30.10000000000016 0.05439489433046649
30.20000000000016 0.0543948942624684
30.30000000000016 0.05439489419519319
30.40000000000016 0.05439489412863065
30.50000000000016 0.05439489406277075
30.60000000000016 0.05439489399760364
30.70000000000017 0.05439489393311962
30.80000000000017 0.05439489386930917
30.90000000000017 0.05439489380616298
31.00000000000017 0.05439489374367183
31.10000000000017 0.0543948936818267
31.20000000000017 0.05439489362061872
31.30000000000017 0.05439489356003917
31.40000000000018 0.05439489350007946
31.50000000000018 0.05439489344073117
31.60000000000018 0.05439489338198603
31.70000000000018 0.05439489332383587
31.80000000000018 0.0543948932662727
31.90000000000018 0.05439489320928865
32.00000000000018 0.05439489315287595
32.10000000000019 0.05439489309702704
32.20000000000019 0.05439489304173436
32.30000000000019 0.0543948929869906
32.40000000000019 0.0543948929327885
32.50000000000019 0.05439489287912094
32.60000000000019 0.05439489282598094
32.70000000000019 0.05439489277336156
32.8000000000002 0.05439489272125605
32.9000000000002 0.05439489266965774
33.0000000000002 0.05439489261856006
33.1000000000002 0.05439489256795656
33.2000000000002 0.05439489251784088
33.3000000000002 0.05439489246820678
33.4000000000002 0.0543948924190481
33.50000000000021 0.05439489237035879
33.60000000000021 0.05439489232213292
33.70000000000021 0.05439489227436456
33.80000000000021 0.05439489222704803
33.90000000000021 0.05439489218017758
34.00000000000021 0.05439489213374764
34.10000000000021 0.05439489208775272
34.20000000000022 0.05439489204218739
34.30000000000022 0.05439489199704631
34.40000000000022 0.05439489195232426
34.50000000000022 0.05439489190801605
34.60000000000022 0.05439489186411658
34.70000000000022 0.05439489182062086
34.80000000000022 0.05439489177752393
34.90000000000023 0.05439489173482093
35.00000000000023 0.05439489169250709
35.10000000000023 0.0543948916505777
35.20000000000023 0.0543948916090281
35.30000000000023 0.05439489156785372
35.40000000000023 0.05439489152705006
35.50000000000023 0.05439489148661269
35.60000000000024 0.05439489144653722
35.70000000000024 0.05439489140681936
35.80000000000024 0.05439489136745486
35.90000000000024 0.05439489132843955
36.00000000000024 0.0543948912897693
36.10000000000024 0.05439489125144006
36.20000000000024 0.05439489121344784
36.30000000000025 0.05439489117578868
36.40000000000025 0.0543948911384587
36.50000000000025 0.0543948911014541
36.60000000000025 0.05439489106477109
36.70000000000025 0.05439489102840596
36.80000000000025 0.05439489099235503
36.90000000000025 0.05439489095661472
37.00000000000026 0.05439489092118147
37.10000000000026 0.05439489088605174
37.20000000000026 0.05439489085122209
37.30000000000026 0.05439489081668913
37.40000000000026 0.05439489078244948
37.50000000000026 0.05439489074849984
37.60000000000026 0.05439489071483695
37.70000000000027 0.05439489068145755
37.80000000000027 0.05439489064835849
37.90000000000027 0.05439489061553667
38.00000000000027 0.05439489058298896
38.10000000000027 0.05439489055071234
38.20000000000027 0.05439489051870378
38.30000000000027 0.05439489048696035
38.40000000000028 0.05439489045547911
38.50000000000028 0.05439489042425721
38.60000000000028 0.05439489039329177
38.70000000000028 0.05439489036258
38.80000000000028 0.05439489033211915
38.90000000000028 0.05439489030190649
39.00000000000028 0.05439489027193933
39.10000000000029 0.05439489024221501
39.20000000000029 0.05439489021273092
39.30000000000029 0.0543948901834845
39.40000000000029 0.05439489015447316
39.50000000000029 0.05439489012569441
39.60000000000029 0.05439489009714576
39.70000000000029 0.05439489006882478
39.8000000000003 0.05439489004072905
39.9000000000003 0.05439489001285617
40.0000000000003 0.05439488998520381
40.1000000000003 0.05439488995776964
40.2000000000003 0.05439488993055138
40.3000000000003 0.05439488990354676
40.4000000000003 0.05439488987675356
40.50000000000031 0.05439488985016957
40.60000000000031 0.05439488982379262
40.70000000000031 0.05439488979762056
40.80000000000031 0.05439488977165128
40.90000000000031 0.05439488974588269
41.00000000000031 0.05439488972031273
41.10000000000031 0.05439488969493936
41.20000000000032 0.05439488966976057
41.30000000000032 0.05439488964477436
41.40000000000032 0.0543948896199788
41.50000000000032 0.05439488959537196
41.60000000000032 0.05439488957095188
41.70000000000032 0.05439488954671674
41.80000000000032 0.05439488952266463
41.90000000000033 0.05439488949879372
42.00000000000033 0.05439488947510222
42.10000000000033 0.05439488945158831
42.20000000000033 0.05439488942825023
42.30000000000033 0.05439488940508621
42.40000000000033 0.05439488938209455
42.50000000000033 0.05439488935927353
42.60000000000034 0.05439488933662148
42.70000000000034 0.05439488931413673
42.80000000000034 0.05439488929181761
42.90000000000034 0.05439488926966254
43.00000000000034 0.05439488924766991
43.10000000000034 0.05439488922583809
43.20000000000034 0.05439488920416558
43.30000000000035 0.05439488918265078
43.40000000000035 0.05439488916129218
43.50000000000035 0.0543948891400883
43.60000000000035 0.05439488911903761
43.70000000000035 0.05439488909813867
43.80000000000035 0.05439488907739
43.90000000000035 0.05439488905679018
44.00000000000036 0.05439488903633777
44.10000000000036 0.0543948890160314
44.20000000000036 0.05439488899586965
44.30000000000036 0.05439488897585116
44.40000000000036 0.05439488895597458
44.50000000000036 0.05439488893623858
44.60000000000036 0.05439488891664181
44.70000000000037 0.05439488889718298
44.80000000000037 0.05439488887786081
44.90000000000037 0.054394888858674
45.00000000000037 0.05439488883962131
45.10000000000037 0.05439488882070147
45.20000000000037 0.05439488880191326
45.30000000000037 0.05439488878325548
45.40000000000038 0.0543948887647269
45.50000000000038 0.05439488874632634
45.60000000000038 0.05439488872805263
45.70000000000038 0.05439488870990458
45.80000000000038 0.05439488869188107
45.90000000000038 0.05439488867398094
46.00000000000038 0.05439488865620309
46.10000000000039 0.0543948886385464
46.20000000000039 0.05439488862100975
46.30000000000039 0.0543948886035921
46.40000000000039 0.05439488858629233
46.50000000000039 0.05439488856910939
46.60000000000039 0.05439488855204225
46.70000000000039 0.05439488853508986
46.8000000000004 0.05439488851825119
46.9000000000004 0.05439488850152523
47.0000000000004 0.05439488848491098
47.1000000000004 0.05439488846840745
47.2000000000004 0.05439488845201364
47.3000000000004 0.05439488843572859
47.4000000000004 0.05439488841955133
47.50000000000041 0.05439488840348092
47.60000000000041 0.05439488838751642
47.70000000000041 0.05439488837165692
47.80000000000041 0.05439488835590147
47.90000000000041 0.05439488834024919
48.00000000000041 0.05439488832469917
48.10000000000041 0.05439488830925052
48.20000000000041 0.05439488829390234
48.30000000000042 0.05439488827865379
48.40000000000042 0.05439488826350398
48.50000000000042 0.0543948882484521
48.60000000000042 0.05439488823349729
48.70000000000042 0.05439488821863872
48.80000000000042 0.05439488820387553
48.90000000000042 0.05439488818920696
49.00000000000043 0.05439488817463217
49.10000000000043 0.05439488816015035
49.20000000000043 0.05439488814576076
49.30000000000043 0.05439488813146259
49.40000000000043 0.05439488811725506
49.50000000000043 0.05439488810313741
49.60000000000043 0.05439488808910889
49.70000000000044 0.05439488807516873
49.80000000000044 0.05439488806131624
49.90000000000044 0.05439488804755063
50.00000000000044 0.05439488803387121
50.10000000000044 0.05439488802027724
50.20000000000044 0.05439488800676803
50.30000000000044 0.05439488799334286
50.40000000000045 0.05439488798000103
50.50000000000045 0.05439488796674187
50.60000000000045 0.0543948879535647
50.70000000000045 0.05439488794046884
50.80000000000045 0.05439488792745362
50.90000000000045 0.05439488791451837
51.00000000000045 0.05439488790166244
51.10000000000046 0.0543948878888852
51.20000000000046 0.05439488787618597
51.30000000000046 0.05439488786356417
51.40000000000046 0.05439488785101913
51.50000000000046 0.05439488783855026
51.60000000000046 0.05439488782615692
51.70000000000046 0.05439488781383851
51.80000000000047 0.05439488780159441
51.90000000000047 0.05439488778942406
52.00000000000047 0.05439488777732684
52.10000000000047 0.05439488776530218
52.20000000000047 0.05439488775334949
52.30000000000047 0.0543948877414682
52.40000000000047 0.05439488772965773
52.50000000000048 0.05439488771791755
52.60000000000048 0.05439488770624708
52.70000000000048 0.05439488769464579
52.80000000000048 0.0543948876831131
52.90000000000048 0.0543948876716485
53.00000000000048 0.05439488766025143
53.10000000000048 0.0543948876489214
53.20000000000049 0.05439488763765783
53.30000000000049 0.05439488762646025
53.40000000000049 0.05439488761532812
53.50000000000049 0.05439488760426095
53.60000000000049 0.05439488759325822
53.70000000000049 0.05439488758231942
53.80000000000049 0.05439488757144408
53.9000000000005 0.05439488756063169
54.0000000000005 0.05439488754988179
54.1000000000005 0.05439488753919389
54.2000000000005 0.05439488752856748
54.3000000000005 0.05439488751800215
54.4000000000005 0.05439488750749739
54.5000000000005 0.05439488749705274
54.60000000000051 0.05439488748666776
54.70000000000051 0.05439488747634198
54.80000000000051 0.05439488746607497
54.90000000000051 0.05439488745586624
55.00000000000051 0.0543948874457154
55.10000000000051 0.054394887435622
55.20000000000051 0.05439488742558561
55.30000000000052 0.05439488741560579
55.40000000000052 0.05439488740568212
55.50000000000052 0.05439488739581417
55.60000000000052 0.05439488738600154
55.70000000000052 0.0543948873762438
55.80000000000052 0.05439488736654057
55.90000000000052 0.05439488735689141
56.00000000000053 0.05439488734729594
56.10000000000053 0.05439488733775377
56.20000000000053 0.05439488732826449
56.30000000000053 0.0543948873188277
56.40000000000053 0.05439488730944304
56.50000000000053 0.0543948873001101
56.60000000000053 0.05439488729082854
56.70000000000054 0.05439488728159794
56.80000000000054 0.05439488727241796
56.90000000000054 0.05439488726328821
57.00000000000054 0.05439488725420832
57.10000000000054 0.05439488724517795
57.20000000000054 0.05439488723619672
57.30000000000054 0.05439488722726429
57.40000000000055 0.05439488721838031
57.50000000000055 0.0543948872095444
57.60000000000055 0.05439488720075625
57.70000000000055 0.05439488719201549
57.80000000000055 0.05439488718332179
57.90000000000055 0.05439488717467481
58.00000000000055 0.05439488716607423
58.10000000000056 0.0543948871575197
58.20000000000056 0.0543948871490109
58.30000000000056 0.05439488714054751
58.40000000000056 0.05439488713212921
58.50000000000056 0.05439488712375565
58.60000000000056 0.05439488711542655
58.70000000000056 0.05439488710714158
58.80000000000057 0.05439488709890043
58.90000000000057 0.05439488709070279
59.00000000000057 0.05439488708254835
59.10000000000057 0.05439488707443681
59.20000000000057 0.05439488706636788
59.30000000000057 0.05439488705834125
59.40000000000057 0.05439488705035663
59.50000000000058 0.05439488704241373
59.60000000000058 0.05439488703451226
59.70000000000058 0.05439488702665193
59.80000000000058 0.05439488701883245
59.90000000000058 0.05439488701105354
60.00000000000058 0.05439488700331493
60.10000000000058 0.05439488699561633
60.20000000000059 0.05439488698795746
60.30000000000059 0.05439488698033805
60.40000000000059 0.05439488697275784
60.50000000000059 0.05439488696521656
60.60000000000059 0.05439488695771393
60.70000000000059 0.05439488695024972
60.80000000000059 0.05439488694282364
60.9000000000006 0.05439488693543541
61.0000000000006 0.05439488692808481
61.1000000000006 0.05439488692077157
61.2000000000006 0.05439488691349544
61.3000000000006 0.05439488690625618
61.4000000000006 0.05439488689905352
61.5000000000006 0.05439488689188723
61.60000000000061 0.05439488688475706
61.70000000000061 0.05439488687766278
61.80000000000061 0.05439488687060411
61.90000000000061 0.05439488686358086
62.00000000000061 0.05439488685659276
62.10000000000061 0.05439488684963961
62.20000000000061 0.05439488684272113
62.30000000000062 0.05439488683583713
62.40000000000062 0.05439488682898736
62.50000000000062 0.05439488682217159
62.60000000000062 0.05439488681538962
62.70000000000062 0.05439488680864121
62.80000000000062 0.05439488680192615
62.90000000000062 0.05439488679524419
63.00000000000063 0.05439488678859516
63.10000000000063 0.0543948867819788
63.20000000000063 0.05439488677539492
63.30000000000063 0.05439488676884331
63.40000000000063 0.05439488676232376
63.50000000000063 0.05439488675583604
63.60000000000063 0.05439488674937996
63.70000000000064 0.05439488674295532
63.80000000000064 0.0543948867365619
63.90000000000064 0.0543948867301995
64.00000000000064 0.05439488672386793
64.10000000000063 0.054394886717567
64.20000000000063 0.05439488671129648
64.30000000000062 0.05439488670505619
64.40000000000062 0.05439488669884596
64.50000000000061 0.05439488669266557
64.60000000000061 0.05439488668651484
64.7000000000006 0.05439488668039357
64.80000000000059 0.05439488667430158
64.90000000000059 0.05439488666823869
65.00000000000058 0.0543948866622047
65.10000000000058 0.05439488665619944
65.20000000000057 0.05439488665022272
65.30000000000057 0.05439488664427435
65.40000000000056 0.05439488663835417
65.50000000000055 0.054394886632462
65.60000000000055 0.05439488662659765
65.70000000000054 0.05439488662076096
65.80000000000054 0.05439488661495175
65.90000000000053 0.05439488660916983
66.00000000000053 0.05439488660341506
66.10000000000052 0.05439488659768725
66.20000000000051 0.05439488659198624
66.30000000000051 0.05439488658631187
66.4000000000005 0.05439488658066396
66.5000000000005 0.05439488657504235
66.60000000000049 0.05439488656944688
66.70000000000049 0.05439488656387738
66.80000000000048 0.05439488655833371
66.90000000000047 0.05439488655281569
67.00000000000047 0.05439488654732316
67.10000000000046 0.05439488654185597
67.20000000000046 0.05439488653641398
67.30000000000045 0.05439488653099702
67.40000000000045 0.05439488652560494
67.50000000000044 0.05439488652023759
67.60000000000043 0.0543948865148948
67.70000000000043 0.05439488650957646
67.80000000000042 0.05439488650428238
67.90000000000042 0.05439488649901243
68.00000000000041 0.05439488649376647
68.10000000000041 0.05439488648854434
68.2000000000004 0.0543948864833459
68.3000000000004 0.05439488647817103
68.40000000000039 0.05439488647301956
68.50000000000038 0.05439488646789133
68.60000000000038 0.05439488646278626
68.70000000000037 0.05439488645770416
68.80000000000037 0.05439488645264492
68.90000000000036 0.0543948864476084
69.00000000000036 0.05439488644259445
69.10000000000035 0.05439488643760295
69.20000000000034 0.05439488643263377
69.30000000000034 0.05439488642768674
69.40000000000033 0.05439488642276177
69.50000000000033 0.05439488641785871
69.60000000000032 0.05439488641297744
69.70000000000032 0.05439488640811782
69.80000000000031 0.05439488640327974
69.9000000000003 0.05439488639846304
70.0000000000003 0.05439488639366763
70.10000000000029 0.05439488638889337
70.20000000000029 0.05439488638414013
70.30000000000028 0.0543948863794078
70.40000000000028 0.05439488637469625
70.50000000000027 0.05439488637000535
70.60000000000026 0.05439488636533499
70.70000000000026 0.05439488636068505
70.80000000000025 0.05439488635605541
70.90000000000025 0.05439488635144595
71.00000000000024 0.05439488634685657
71.10000000000024 0.05439488634228711
71.20000000000023 0.0543948863377375
71.30000000000022 0.05439488633320761
71.40000000000022 0.05439488632869731
71.50000000000021 0.05439488632420651
71.60000000000021 0.05439488631973509
71.7000000000002 0.05439488631528294
71.8000000000002 0.05439488631084993
71.90000000000019 0.05439488630643598
72.00000000000018 0.05439488630204098
72.10000000000018 0.05439488629766479
72.20000000000017 0.05439488629330733
72.30000000000017 0.0543948862889685
72.40000000000016 0.05439488628464816
72.50000000000016 0.05439488628034624
72.60000000000015 0.0543948862760626
72.70000000000014 0.05439488627179718
72.80000000000014 0.05439488626754985
72.90000000000013 0.05439488626332049
73.00000000000013 0.05439488625910903
73.10000000000012 0.05439488625491538
73.20000000000012 0.0543948862507394
73.30000000000011 0.05439488624658102
73.40000000000011 0.05439488624244012
73.5000000000001 0.05439488623831663
73.60000000000009 0.05439488623421043
73.70000000000009 0.05439488623012144
73.80000000000008 0.05439488622604954
73.90000000000008 0.05439488622199466
74.00000000000007 0.05439488621795667
74.10000000000007 0.05439488621393551
74.20000000000006 0.0543948862099311
74.30000000000005 0.05439488620594328
74.40000000000005 0.05439488620197204
74.50000000000004 0.05439488619801722
74.60000000000004 0.0543948861940788
74.70000000000003 0.05439488619015663
74.80000000000003 0.05439488618625064
74.90000000000002 0.05439488618236073
75.00000000000001 0.05439488617848684
75.10000000000001 0.05439488617462885
75.2 0.0543948861707867
75.3 0.0543948861669603
75.39999999999999 0.05439488616314954
75.49999999999999 0.05439488615935436
75.59999999999998 0.05439488615557466
75.69999999999997 0.05439488615181037
75.79999999999997 0.0543948861480614
75.89999999999996 0.05439488614432766
75.99999999999996 0.05439488614060907
76.09999999999995 0.05439488613690555
76.19999999999995 0.05439488613321702
76.29999999999994 0.05439488612954341
76.39999999999993 0.05439488612588462
76.49999999999993 0.05439488612224057
76.59999999999992 0.05439488611861119
76.69999999999992 0.05439488611499641
76.79999999999991 0.05439488611139614
76.89999999999991 0.05439488610781031
76.9999999999999 0.05439488610423884
77.09999999999989 0.05439488610068167
77.19999999999989 0.05439488609713867
77.29999999999988 0.05439488609360982
77.39999999999988 0.05439488609009502
77.49999999999987 0.05439488608659419
77.59999999999987 0.05439488608310727
77.69999999999986 0.05439488607963421
77.79999999999986 0.05439488607617489
77.89999999999985 0.05439488607272926
77.99999999999984 0.05439488606929725
78.09999999999984 0.05439488606587878
78.19999999999983 0.05439488606247379
78.29999999999983 0.05439488605908219
78.39999999999982 0.05439488605570393
78.49999999999982 0.05439488605233892
78.59999999999981 0.0543948860489871
78.6999999999998 0.05439488604564842
78.7999999999998 0.05439488604232279
78.89999999999979 0.05439488603901015
78.99999999999979 0.05439488603571042
79.09999999999978 0.05439488603242355
79.19999999999978 0.05439488602914946
79.29999999999977 0.05439488602588809
79.39999999999976 0.05439488602263938
79.49999999999976 0.05439488601940326
79.59999999999975 0.05439488601617965
79.69999999999975 0.05439488601296852
79.79999999999974 0.05439488600976976
79.89999999999974 0.05439488600658334
79.99999999999973 0.05439488600340919
80.09999999999972 0.05439488600024724
80.19999999999972 0.05439488599709744
80.29999999999971 0.05439488599395972
80.39999999999971 0.05439488599083402
80.4999999999997 0.05439488598772028
80.5999999999997 0.05439488598461843
80.69999999999969 0.05439488598152842
80.79999999999968 0.05439488597845019
80.89999999999968 0.05439488597538366
80.99999999999967 0.0543948859723288
81.09999999999967 0.05439488596928553
81.19999999999966 0.0543948859662538
81.29999999999966 0.05439488596323356
81.39999999999965 0.05439488596022474
81.49999999999964 0.05439488595722728
81.59999999999964 0.05439488595424113
81.69999999999963 0.05439488595126623
81.79999999999963 0.05439488594830254
81.89999999999962 0.05439488594534997
81.99999999999962 0.05439488594240847
82.09999999999961 0.05439488593947802
82.1999999999996 0.05439488593655854
82.2999999999996 0.05439488593364999
82.39999999999959 0.05439488593075228
82.49999999999959 0.05439488592786541
82.59999999999958 0.05439488592498927
82.69999999999958 0.05439488592212383
82.79999999999957 0.05439488591926904
82.89999999999957 0.05439488591642485
82.99999999999956 0.05439488591359121
83.09999999999955 0.05439488591076806
83.19999999999955 0.05439488590795535
83.29999999999954 0.05439488590515303
83.39999999999954 0.05439488590236105
83.49999999999953 0.05439488589957935
83.59999999999953 0.0543948858968079
83.69999999999952 0.05439488589404663
83.79999999999951 0.05439488589129549
83.89999999999951 0.05439488588855444
83.9999999999995 0.05439488588582344
84.0999999999995 0.05439488588310241
84.19999999999949 0.05439488588039133
84.29999999999949 0.05439488587769014
84.39999999999948 0.05439488587499881
84.49999999999947 0.05439488587231726
84.59999999999947 0.05439488586964546
84.69999999999946 0.05439488586698336
84.79999999999946 0.05439488586433092
84.89999999999945 0.05439488586168808
84.99999999999945 0.0543948858590548
85.09999999999944 0.05439488585643106
85.19999999999943 0.05439488585381677
85.29999999999943 0.0543948858512119
85.39999999999942 0.05439488584861641
85.49999999999942 0.05439488584603026
85.59999999999941 0.05439488584345339
85.69999999999941 0.05439488584088578
85.7999999999994 0.05439488583832735
85.89999999999939 0.05439488583577809
85.99999999999939 0.05439488583323795
86.09999999999938 0.05439488583070686
86.19999999999938 0.05439488582818482
86.29999999999937 0.05439488582567174
86.39999999999937 0.05439488582316762
86.49999999999936 0.05439488582067239
86.59999999999935 0.05439488581818602
86.69999999999935 0.05439488581570845
86.79999999999934 0.05439488581323967
86.89999999999934 0.05439488581077962
86.99999999999933 0.05439488580832826
87.09999999999933 0.05439488580588554
87.19999999999932 0.05439488580345144
87.29999999999932 0.05439488580102591
87.39999999999931 0.05439488579860891
87.4999999999993 0.05439488579620039
87.5999999999993 0.05439488579380033
87.69999999999929 0.05439488579140867
87.79999999999929 0.05439488578902538
87.89999999999928 0.05439488578665044
87.99999999999928 0.05439488578428376
88.09999999999927 0.05439488578192535
88.19999999999926 0.05439488577957516
88.29999999999926 0.05439488577723314
88.39999999999925 0.05439488577489926
88.49999999999925 0.05439488577257348
88.59999999999924 0.05439488577025577
88.69999999999924 0.05439488576794608
88.79999999999923 0.05439488576564439
88.89999999999922 0.05439488576335065
88.99999999999922 0.05439488576106483
89.09999999999921 0.05439488575878688
89.19999999999921 0.05439488575651678
89.2999999999992 0.0543948857542545
89.3999999999992 0.05439488575199997
89.49999999999919 0.05439488574975319
89.59999999999918 0.05439488574751409
89.69999999999918 0.05439488574528268
89.79999999999917 0.05439488574305889
89.89999999999917 0.0543948857408427
89.99999999999916 0.05439488573863407
90.09999999999916 0.05439488573643297
90.19999999999915 0.05439488573423936
90.29999999999914 0.05439488573205322
90.39999999999914 0.05439488572987449
90.49999999999913 0.05439488572770317
90.59999999999913 0.0543948857255392
90.69999999999912 0.05439488572338256
90.79999999999912 0.0543948857212332
90.89999999999911 0.05439488571909112
90.9999999999991 0.05439488571695625
91.0999999999991 0.05439488571482858
91.19999999999909 0.05439488571270808
91.29999999999909 0.05439488571059469
91.39999999999908 0.05439488570848841
91.49999999999908 0.0543948857063892
91.59999999999907 0.05439488570429702
91.69999999999906 0.05439488570221185
91.79999999999906 0.05439488570013364
91.89999999999905 0.0543948856980624
91.99999999999905 0.05439488569599804
92.09999999999904 0.05439488569394056
92.19999999999904 0.05439488569188995
92.29999999999903 0.05439488568984614
92.39999999999903 0.05439488568780913
92.49999999999902 0.05439488568577886
92.59999999999901 0.05439488568375533
92.69999999999901 0.05439488568173851
92.799999999999 0.05439488567972835
92.899999999999 0.05439488567772483
92.99999999999899 0.05439488567572792
93.09999999999899 0.0543948856737376
93.19999999999898 0.05439488567175383
93.29999999999897 0.05439488566977657
93.39999999999897 0.05439488566780581
93.49999999999896 0.05439488566584152
93.59999999999896 0.05439488566388367
93.69999999999895 0.05439488566193224
93.79999999999895 0.05439488565998718
93.89999999999894 0.05439488565804847
93.99999999999893 0.0543948856561161
94.09999999999893 0.05439488565419003
94.19999999999892 0.05439488565227022
94.29999999999892 0.05439488565035667
94.39999999999891 0.05439488564844933
94.49999999999891 0.05439488564654818
94.5999999999989 0.0543948856446532
94.69999999999889 0.05439488564276436
94.79999999999889 0.05439488564088161
94.89999999999888 0.05439488563900496
94.99999999999888 0.05439488563713436
95.09999999999887 0.05439488563526981
95.19999999999887 0.05439488563341126
95.29999999999886 0.0543948856315587
95.39999999999885 0.05439488562971209
95.49999999999885 0.0543948856278714
95.59999999999884 0.05439488562603662
95.69999999999884 0.05439488562420772
95.79999999999883 0.05439488562238468
95.89999999999883 0.05439488562056746
95.99999999999882 0.05439488561875604
96.09999999999881 0.05439488561695042
96.19999999999881 0.05439488561515052
96.2999999999988 0.05439488561335638
96.3999999999988 0.05439488561156795
96.49999999999879 0.05439488560978518
96.59999999999879 0.0543948856080081
96.69999999999878 0.05439488560623663
96.79999999999878 0.05439488560447078
96.89999999999877 0.05439488560271052
96.99999999999876 0.0543948856009558
97.09999999999876 0.05439488559920664
97.19999999999875 0.054394885597463
97.29999999999875 0.05439488559572484
97.39999999999874 0.05439488559399216
97.49999999999874 0.05439488559226492
97.59999999999873 0.0543948855905431
97.69999999999872 0.05439488558882669
97.79999999999872 0.05439488558711567
97.89999999999871 0.05439488558540999
97.99999999999871 0.05439488558370966
98.0999999999987 0.05439488558201462
98.1999999999987 0.0543948855803249
98.29999999999869 0.05439488557864042
98.39999999999868 0.05439488557696121
98.49999999999868 0.05439488557528722
98.59999999999867 0.05439488557361843
98.69999999999867 0.05439488557195481
98.79999999999866 0.05439488557029636
98.89999999999866 0.05439488556864305
98.99999999999865 0.05439488556699486
99.09999999999864 0.05439488556535177
99.19999999999864 0.05439488556371374
99.29999999999863 0.05439488556208077
99.39999999999863 0.05439488556045285
99.49999999999862 0.05439488555882992
99.59999999999862 0.05439488555721199
99.69999999999861 0.05439488555559904
99.7999999999986 0.05439488555399103
99.8999999999986 0.05439488555238796
99.99999999999859 0.0543948855507898
100.0999999999986 0.05439488554919653
