0 -0.0009775776750000002
0.1 -0.0009775776771811971
0.2 -0.0009775776814296613
0.3 -0.0009775776873527456
0.4 -0.000977577693966605
0.5 -0.0009775776992249124
0.6 -0.0009775776990136706
0.7 -0.0009775776850003688
0.7999999999999999 -0.0009775776398478846
0.8999999999999999 -0.0009775775259342053
0.9999999999999999 -0.0009775772567401785
1.1 -0.0009775766172580179
1.2 -0.0009775750149741036
1.3 -0.0009775705711963973
1.4 -0.0009775560307401113
1.5 -0.0009774937735545618
1.6 -0.0009770653995905313
1.7 -0.0009688464070394197
1.8 0.02584959961603876
1.900000000000001 0.09283364190153065
2 0.09282730057802892
2.100000000000001 0.09282706788539684
2.200000000000001 0.09282703912782578
2.300000000000001 0.09282703296768587
2.400000000000001 0.09282703115363805
2.500000000000001 0.09282703049567351
2.600000000000001 0.09282703021916086
2.700000000000001 0.09282703008948241
2.800000000000001 0.09282703002327662
2.900000000000001 0.09282702998710909
3.000000000000001 0.09282702996622935
3.100000000000001 0.09282702995360896
3.200000000000002 0.09282702994567917
3.300000000000002 0.09282702994052851
3.400000000000002 0.09282702993708553
3.500000000000002 0.09282702993472557
3.600000000000002 0.09282702993307181
3.700000000000002 0.09282702993188989
3.800000000000002 0.09282702993103027
3.900000000000002 0.09282702993039511
4.000000000000002 0.09282702992991911
4.100000000000001 0.09282702992955764
4.200000000000001 0.09282702992927999
4.300000000000001 0.09282702992906439
4.4 0.09282702992889524
4.5 0.09282702992876135
4.6 0.09282702992865449
4.699999999999999 0.09282702992856851
4.799999999999999 0.09282702992849877
4.899999999999999 0.0928270299284419
4.999999999999998 0.09282702992839517
5.099999999999998 0.09282702992835661
5.199999999999998 0.09282702992832453
5.299999999999997 0.09282702992829775
5.399999999999997 0.09282702992827528
5.499999999999996 0.09282702992825632
5.599999999999996 0.09282702992824028
5.699999999999996 0.09282702992822661
5.799999999999995 0.09282702992821495
5.899999999999995 0.09282702992820496
5.999999999999995 0.09282702992819637
6.099999999999994 0.09282702992818895
6.199999999999994 0.09282702992818252
6.299999999999994 0.09282702992817693
6.399999999999993 0.09282702992817211
6.499999999999993 0.09282702992816787
6.599999999999993 0.09282702992816415
6.699999999999992 0.0928270299281609
6.799999999999992 0.09282702992815804
6.899999999999991 0.09282702992815552
6.999999999999991 0.0928270299281533
7.099999999999991 0.0928270299281513
7.19999999999999 0.09282702992814953
7.29999999999999 0.09282702992814799
7.39999999999999 0.09282702992814662
7.499999999999989 0.09282702992814536
7.599999999999989 0.09282702992814423
7.699999999999989 0.09282702992814323
7.799999999999988 0.09282702992814235
7.899999999999988 0.09282702992814156
7.999999999999988 0.09282702992814083
8.099999999999987 0.09282702992814017
8.199999999999987 0.0928270299281396
8.299999999999986 0.09282702992813907
8.399999999999986 0.0928270299281386
8.499999999999986 0.09282702992813817
8.599999999999985 0.09282702992813778
8.699999999999985 0.09282702992813743
8.799999999999985 0.09282702992813713
8.899999999999984 0.09282702992813682
8.999999999999984 0.09282702992813656
9.099999999999984 0.09282702992813632
9.199999999999983 0.09282702992813607
9.299999999999983 0.09282702992813587
9.399999999999983 0.09282702992813564
9.499999999999982 0.09282702992813546
9.599999999999982 0.09282702992813531
9.699999999999982 0.0928270299281352
9.799999999999981 0.09282702992813506
9.899999999999981 0.09282702992813494
9.99999999999998 0.0928270299281348
10.09999999999998 0.0928270299281347
10.19999999999998 0.09282702992813462
10.29999999999998 0.09282702992813453
10.39999999999998 0.09282702992813445
10.49999999999998 0.09282702992813439
10.59999999999998 0.0928270299281343
10.69999999999998 0.09282702992813424
10.79999999999998 0.09282702992813417
10.89999999999998 0.09282702992813414
10.99999999999998 0.0928270299281341
11.09999999999998 0.09282702992813403
11.19999999999998 0.09282702992813398
11.29999999999998 0.09282702992813394
11.39999999999998 0.09282702992813389
11.49999999999998 0.09282702992813387
11.59999999999997 0.09282702992813381
11.69999999999997 0.09282702992813378
11.79999999999997 0.09282702992813377
11.89999999999997 0.09282702992813377
11.99999999999997 0.09282702992813378
12.09999999999997 0.09282702992813378
12.19999999999997 0.09282702992813377
12.29999999999997 0.09282702992813378
12.39999999999997 0.09282702992813377
12.49999999999997 0.09282702992813376
12.59999999999997 0.0928270299281337
12.69999999999997 0.0928270299281337
12.79999999999997 0.09282702992813371
12.89999999999997 0.09282702992813369
12.99999999999997 0.0928270299281337
13.09999999999997 0.09282702992813367
13.19999999999997 0.09282702992813367
13.29999999999997 0.09282702992813364
13.39999999999997 0.09282702992813363
13.49999999999997 0.0928270299281336
13.59999999999997 0.09282702992813363
13.69999999999997 0.09282702992813363
13.79999999999997 0.09282702992813362
13.89999999999997 0.0928270299281336
13.99999999999997 0.09282702992813362
14.09999999999997 0.0928270299281336
14.19999999999997 0.09282702992813362
14.29999999999997 0.09282702992813362
14.39999999999996 0.09282702992813362
14.49999999999996 0.0928270299281336
14.59999999999996 0.09282702992813359
14.69999999999996 0.09282702992813358
14.79999999999996 0.09282702992813359
14.89999999999996 0.09282702992813359
14.99999999999996 0.0928270299281336
15.09999999999996 0.09282702992813359
15.19999999999996 0.09282702992813362
15.29999999999996 0.09282702992813359
15.39999999999996 0.09282702992813362
15.49999999999996 0.09282702992813362
15.59999999999996 0.09282702992813362
15.69999999999996 0.0928270299281336
15.79999999999996 0.09282702992813362
15.89999999999996 0.09282702992813363
15.99999999999996 0.09282702992813363
16.09999999999996 0.0928270299281336
16.19999999999996 0.0928270299281336
16.29999999999996 0.09282702992813362
16.39999999999996 0.0928270299281336
16.49999999999996 0.09282702992813359
16.59999999999997 0.09282702992813359
16.69999999999997 0.09282702992813359
16.79999999999997 0.09282702992813359
16.89999999999997 0.09282702992813358
16.99999999999997 0.09282702992813359
17.09999999999997 0.09282702992813358
17.19999999999997 0.09282702992813358
17.29999999999998 0.09282702992813358
17.39999999999998 0.09282702992813355
17.49999999999998 0.09282702992813355
17.59999999999998 0.09282702992813355
17.69999999999998 0.09282702992813353
17.79999999999998 0.09282702992813353
17.89999999999998 0.09282702992813353
17.99999999999999 0.09282702992813352
18.09999999999999 0.09282702992813351
18.19999999999999 0.09282702992813352
18.29999999999999 0.09282702992813353
18.39999999999999 0.09282702992813353
18.49999999999999 0.09282702992813353
18.59999999999999 0.09282702992813356
18.7 0.09282702992813353
18.8 0.09282702992813352
18.9 0.09282702992813355
19 0.09282702992813356
19.1 0.09282702992813358
19.2 0.09282702992813358
19.3 0.09282702992813358
19.40000000000001 0.09282702992813358
19.50000000000001 0.09282702992813358
19.60000000000001 0.09282702992813359
19.70000000000001 0.0928270299281336
19.80000000000001 0.09282702992813359
19.90000000000001 0.09282702992813358
20.00000000000001 0.09282702992813359
20.10000000000002 0.09282702992813362
20.20000000000002 0.0928270299281336
20.30000000000002 0.09282702992813359
20.40000000000002 0.0928270299281336
20.50000000000002 0.09282702992813362
20.60000000000002 0.09282702992813362
20.70000000000002 0.09282702992813362
20.80000000000003 0.0928270299281336
20.90000000000003 0.09282702992813358
21.00000000000003 0.0928270299281336
21.10000000000003 0.0928270299281336
21.20000000000003 0.0928270299281336
21.30000000000003 0.0928270299281336
21.40000000000003 0.09282702992813362
21.50000000000004 0.09282702992813362
21.60000000000004 0.09282702992813359
21.70000000000004 0.09282702992813362
21.80000000000004 0.0928270299281336
21.90000000000004 0.09282702992813355
22.00000000000004 0.09282702992813355
22.10000000000004 0.09282702992813359
22.20000000000005 0.09282702992813359
22.30000000000005 0.09282702992813358
22.40000000000005 0.09282702992813356
22.50000000000005 0.09282702992813356
22.60000000000005 0.09282702992813356
22.70000000000005 0.09282702992813356
22.80000000000005 0.09282702992813355
22.90000000000006 0.09282702992813356
23.00000000000006 0.09282702992813355
23.10000000000006 0.09282702992813356
23.20000000000006 0.09282702992813353
23.30000000000006 0.09282702992813355
23.40000000000006 0.09282702992813353
23.50000000000006 0.09282702992813353
23.60000000000007 0.09282702992813356
23.70000000000007 0.09282702992813356
23.80000000000007 0.09282702992813358
23.90000000000007 0.09282702992813359
24.00000000000007 0.0928270299281336
24.10000000000007 0.0928270299281336
24.20000000000007 0.09282702992813362
24.30000000000008 0.09282702992813363
24.40000000000008 0.0928270299281336
24.50000000000008 0.09282702992813363
24.60000000000008 0.09282702992813364
24.70000000000008 0.09282702992813363
24.80000000000008 0.09282702992813364
24.90000000000008 0.09282702992813366
25.00000000000009 0.09282702992813364
25.10000000000009 0.09282702992813363
25.20000000000009 0.09282702992813364
25.30000000000009 0.09282702992813364
25.40000000000009 0.09282702992813364
25.50000000000009 0.09282702992813363
25.60000000000009 0.09282702992813364
25.7000000000001 0.09282702992813363
25.8000000000001 0.09282702992813362
25.9000000000001 0.09282702992813362
26.0000000000001 0.09282702992813359
26.1000000000001 0.09282702992813359
26.2000000000001 0.09282702992813359
26.3000000000001 0.0928270299281336
26.40000000000011 0.0928270299281336
26.50000000000011 0.09282702992813359
26.60000000000011 0.09282702992813358
26.70000000000011 0.09282702992813359
26.80000000000011 0.09282702992813359
26.90000000000011 0.09282702992813363
27.00000000000011 0.0928270299281336
27.10000000000012 0.09282702992813359
27.20000000000012 0.09282702992813362
27.30000000000012 0.09282702992813362
27.40000000000012 0.09282702992813363
27.50000000000012 0.09282702992813362
27.60000000000012 0.09282702992813364
27.70000000000012 0.09282702992813366
27.80000000000013 0.09282702992813366
27.90000000000013 0.09282702992813363
28.00000000000013 0.09282702992813362
28.10000000000013 0.0928270299281336
28.20000000000013 0.09282702992813362
28.30000000000013 0.09282702992813364
28.40000000000013 0.09282702992813363
28.50000000000014 0.09282702992813364
28.60000000000014 0.09282702992813366
28.70000000000014 0.09282702992813366
28.80000000000014 0.09282702992813366
28.90000000000014 0.09282702992813366
29.00000000000014 0.09282702992813364
29.10000000000014 0.09282702992813362
29.20000000000014 0.09282702992813366
29.30000000000015 0.09282702992813364
29.40000000000015 0.09282702992813363
29.50000000000015 0.09282702992813362
29.60000000000015 0.09282702992813362
29.70000000000015 0.09282702992813363
29.80000000000015 0.09282702992813364
29.90000000000015 0.09282702992813363
30.00000000000016 0.09282702992813364
30.10000000000016 0.09282702992813366
30.20000000000016 0.09282702992813369
30.30000000000016 0.09282702992813367
30.40000000000016 0.09282702992813364
30.50000000000016 0.09282702992813366
30.60000000000016 0.09282702992813363
30.70000000000017 0.09282702992813362
30.80000000000017 0.09282702992813363
30.90000000000017 0.09282702992813363
31.00000000000017 0.09282702992813363
31.10000000000017 0.0928270299281336
31.20000000000017 0.09282702992813363
31.30000000000017 0.09282702992813363
31.40000000000018 0.09282702992813362
31.50000000000018 0.09282702992813362
31.60000000000018 0.09282702992813362
31.70000000000018 0.09282702992813362
31.80000000000018 0.09282702992813362
31.90000000000018 0.0928270299281336
32.00000000000018 0.0928270299281336
32.10000000000019 0.09282702992813363
32.20000000000019 0.0928270299281336
32.30000000000019 0.09282702992813364
32.40000000000019 0.09282702992813363
32.50000000000019 0.09282702992813363
32.60000000000019 0.09282702992813363
32.70000000000019 0.09282702992813362
32.8000000000002 0.09282702992813362
32.9000000000002 0.09282702992813363
33.0000000000002 0.09282702992813364
33.1000000000002 0.09282702992813363
33.2000000000002 0.09282702992813363
33.3000000000002 0.09282702992813367
33.4000000000002 0.09282702992813366
33.50000000000021 0.09282702992813366
33.60000000000021 0.09282702992813367
33.70000000000021 0.09282702992813366
33.80000000000021 0.09282702992813364
33.90000000000021 0.09282702992813366
34.00000000000021 0.09282702992813366
34.10000000000021 0.09282702992813367
34.20000000000022 0.09282702992813367
34.30000000000022 0.09282702992813367
34.40000000000022 0.09282702992813366
34.50000000000022 0.09282702992813367
34.60000000000022 0.09282702992813366
34.70000000000022 0.09282702992813363
34.80000000000022 0.09282702992813363
34.90000000000023 0.09282702992813363
35.00000000000023 0.09282702992813363
35.10000000000023 0.09282702992813364
35.20000000000023 0.09282702992813364
35.30000000000023 0.09282702992813364
35.40000000000023 0.09282702992813364
35.50000000000023 0.09282702992813364
35.60000000000024 0.09282702992813364
35.70000000000024 0.09282702992813364
35.80000000000024 0.09282702992813364
35.90000000000024 0.09282702992813364
36.00000000000024 0.09282702992813364
36.10000000000024 0.09282702992813364
36.20000000000024 0.09282702992813364
36.30000000000025 0.09282702992813364
36.40000000000025 0.09282702992813367
36.50000000000025 0.09282702992813367
36.60000000000025 0.09282702992813367
36.70000000000025 0.09282702992813369
36.80000000000025 0.09282702992813369
36.90000000000025 0.09282702992813366
37.00000000000026 0.09282702992813366
37.10000000000026 0.09282702992813366
37.20000000000026 0.09282702992813366
37.30000000000026 0.09282702992813364
37.40000000000026 0.09282702992813364
37.50000000000026 0.09282702992813367
37.60000000000026 0.09282702992813369
37.70000000000027 0.09282702992813369
37.80000000000027 0.09282702992813367
37.90000000000027 0.09282702992813367
38.00000000000027 0.09282702992813367
38.10000000000027 0.09282702992813367
38.20000000000027 0.09282702992813366
38.30000000000027 0.09282702992813364
38.40000000000028 0.09282702992813364
38.50000000000028 0.09282702992813364
38.60000000000028 0.09282702992813364
38.70000000000028 0.09282702992813364
38.80000000000028 0.09282702992813364
38.90000000000028 0.09282702992813364
39.00000000000028 0.09282702992813364
39.10000000000029 0.09282702992813366
39.20000000000029 0.09282702992813364
39.30000000000029 0.09282702992813362
39.40000000000029 0.09282702992813359
39.50000000000029 0.0928270299281336
39.60000000000029 0.09282702992813363
39.70000000000029 0.09282702992813366
39.8000000000003 0.09282702992813364
39.9000000000003 0.09282702992813366
40.0000000000003 0.09282702992813366
40.1000000000003 0.09282702992813369
40.2000000000003 0.09282702992813367
40.3000000000003 0.09282702992813366
40.4000000000003 0.09282702992813369
40.50000000000031 0.09282702992813369
40.60000000000031 0.0928270299281337
40.70000000000031 0.09282702992813369
40.80000000000031 0.0928270299281337
40.90000000000031 0.0928270299281337
41.00000000000031 0.09282702992813373
41.10000000000031 0.09282702992813371
41.20000000000032 0.09282702992813374
41.30000000000032 0.0928270299281337
41.40000000000032 0.09282702992813369
41.50000000000032 0.09282702992813371
41.60000000000032 0.09282702992813371
41.70000000000032 0.0928270299281337
41.80000000000032 0.0928270299281337
41.90000000000033 0.09282702992813371
42.00000000000033 0.09282702992813371
42.10000000000033 0.09282702992813371
42.20000000000033 0.09282702992813371
42.30000000000033 0.0928270299281337
42.40000000000033 0.09282702992813373
42.50000000000033 0.09282702992813374
42.60000000000034 0.09282702992813377
42.70000000000034 0.09282702992813378
42.80000000000034 0.09282702992813378
42.90000000000034 0.09282702992813381
43.00000000000034 0.09282702992813378
43.10000000000034 0.09282702992813378
43.20000000000034 0.0928270299281338
43.30000000000035 0.0928270299281338
43.40000000000035 0.09282702992813383
43.50000000000035 0.09282702992813383
43.60000000000035 0.09282702992813383
43.70000000000035 0.09282702992813383
43.80000000000035 0.09282702992813381
43.90000000000035 0.0928270299281338
44.00000000000036 0.09282702992813378
44.10000000000036 0.09282702992813378
44.20000000000036 0.09282702992813376
44.30000000000036 0.09282702992813374
44.40000000000036 0.09282702992813376
44.50000000000036 0.09282702992813374
44.60000000000036 0.09282702992813374
44.70000000000037 0.09282702992813374
44.80000000000037 0.09282702992813376
44.90000000000037 0.09282702992813373
45.00000000000037 0.09282702992813376
45.10000000000037 0.09282702992813376
45.20000000000037 0.09282702992813376
45.30000000000037 0.09282702992813376
45.40000000000038 0.09282702992813374
45.50000000000038 0.09282702992813374
45.60000000000038 0.09282702992813376
45.70000000000038 0.09282702992813376
45.80000000000038 0.09282702992813374
45.90000000000038 0.09282702992813376
46.00000000000038 0.09282702992813376
46.10000000000039 0.09282702992813374
46.20000000000039 0.09282702992813376
46.30000000000039 0.09282702992813377
46.40000000000039 0.09282702992813376
46.50000000000039 0.09282702992813374
46.60000000000039 0.09282702992813371
46.70000000000039 0.09282702992813374
46.8000000000004 0.09282702992813378
46.9000000000004 0.0928270299281338
47.0000000000004 0.09282702992813378
47.1000000000004 0.09282702992813381
47.2000000000004 0.09282702992813381
47.3000000000004 0.09282702992813381
47.4000000000004 0.09282702992813378
47.50000000000041 0.0928270299281338
47.60000000000041 0.09282702992813381
47.70000000000041 0.0928270299281338
47.80000000000041 0.09282702992813383
47.90000000000041 0.09282702992813381
48.00000000000041 0.09282702992813381
48.10000000000041 0.09282702992813381
48.20000000000041 0.0928270299281338
48.30000000000042 0.0928270299281338
48.40000000000042 0.0928270299281338
48.50000000000042 0.09282702992813378
48.60000000000042 0.09282702992813377
48.70000000000042 0.09282702992813377
48.80000000000042 0.09282702992813378
48.90000000000042 0.09282702992813383
49.00000000000043 0.09282702992813381
49.10000000000043 0.09282702992813381
49.20000000000043 0.09282702992813381
49.30000000000043 0.09282702992813381
49.40000000000043 0.09282702992813381
49.50000000000043 0.09282702992813383
49.60000000000043 0.09282702992813383
49.70000000000044 0.09282702992813384
49.80000000000044 0.09282702992813384
49.90000000000044 0.09282702992813384
50.00000000000044 0.09282702992813383
50.10000000000044 0.09282702992813381
50.20000000000044 0.09282702992813383
50.30000000000044 0.09282702992813383
50.40000000000045 0.09282702992813381
50.50000000000045 0.09282702992813383
50.60000000000045 0.09282702992813383
50.70000000000045 0.09282702992813381
50.80000000000045 0.09282702992813384
50.90000000000045 0.09282702992813385
51.00000000000045 0.09282702992813387
51.10000000000046 0.09282702992813388
51.20000000000046 0.09282702992813391
51.30000000000046 0.09282702992813391
51.40000000000046 0.09282702992813391
51.50000000000046 0.09282702992813389
51.60000000000046 0.09282702992813388
51.70000000000046 0.09282702992813389
51.80000000000047 0.09282702992813391
51.90000000000047 0.09282702992813389
52.00000000000047 0.09282702992813388
52.10000000000047 0.09282702992813388
52.20000000000047 0.09282702992813389
52.30000000000047 0.09282702992813387
52.40000000000047 0.09282702992813387
52.50000000000048 0.09282702992813388
52.60000000000048 0.09282702992813385
52.70000000000048 0.09282702992813381
52.80000000000048 0.09282702992813385
52.90000000000048 0.09282702992813383
53.00000000000048 0.0928270299281338
53.10000000000048 0.0928270299281338
53.20000000000049 0.09282702992813381
53.30000000000049 0.09282702992813381
53.40000000000049 0.09282702992813384
53.50000000000049 0.09282702992813383
53.60000000000049 0.0928270299281338
53.70000000000049 0.09282702992813383
53.80000000000049 0.09282702992813381
53.9000000000005 0.09282702992813381
54.0000000000005 0.09282702992813381
54.1000000000005 0.0928270299281338
54.2000000000005 0.09282702992813383
54.3000000000005 0.09282702992813384
54.4000000000005 0.09282702992813383
54.5000000000005 0.09282702992813381
54.60000000000051 0.09282702992813383
54.70000000000051 0.09282702992813383
54.80000000000051 0.09282702992813385
54.90000000000051 0.09282702992813384
55.00000000000051 0.09282702992813384
55.10000000000051 0.09282702992813387
55.20000000000051 0.09282702992813387
55.30000000000052 0.09282702992813384
55.40000000000052 0.09282702992813387
55.50000000000052 0.09282702992813389
55.60000000000052 0.09282702992813388
55.70000000000052 0.09282702992813387
55.80000000000052 0.09282702992813387
55.90000000000052 0.09282702992813384
56.00000000000053 0.09282702992813387
56.10000000000053 0.09282702992813389
56.20000000000053 0.09282702992813388
56.30000000000053 0.09282702992813388
56.40000000000053 0.09282702992813388
56.50000000000053 0.09282702992813389
56.60000000000053 0.09282702992813392
56.70000000000054 0.09282702992813392
56.80000000000054 0.09282702992813388
56.90000000000054 0.09282702992813389
57.00000000000054 0.09282702992813391
57.10000000000054 0.09282702992813392
57.20000000000054 0.09282702992813395
57.30000000000054 0.09282702992813395
57.40000000000055 0.09282702992813396
57.50000000000055 0.09282702992813396
57.60000000000055 0.09282702992813395
57.70000000000055 0.09282702992813398
57.80000000000055 0.09282702992813398
57.90000000000055 0.09282702992813398
58.00000000000055 0.09282702992813401
58.10000000000056 0.09282702992813401
58.20000000000056 0.09282702992813396
58.30000000000056 0.09282702992813396
58.40000000000056 0.09282702992813396
58.50000000000056 0.09282702992813395
58.60000000000056 0.09282702992813395
58.70000000000056 0.09282702992813396
58.80000000000057 0.09282702992813394
58.90000000000057 0.09282702992813394
59.00000000000057 0.09282702992813392
59.10000000000057 0.09282702992813392
59.20000000000057 0.09282702992813394
59.30000000000057 0.09282702992813395
59.40000000000057 0.09282702992813396
59.50000000000058 0.09282702992813395
59.60000000000058 0.09282702992813398
59.70000000000058 0.09282702992813396
59.80000000000058 0.09282702992813396
59.90000000000058 0.09282702992813398
60.00000000000058 0.09282702992813399
60.10000000000058 0.09282702992813399
60.20000000000059 0.09282702992813399
60.30000000000059 0.09282702992813401
60.40000000000059 0.09282702992813402
60.50000000000059 0.09282702992813401
60.60000000000059 0.09282702992813399
60.70000000000059 0.09282702992813396
60.80000000000059 0.09282702992813399
60.9000000000006 0.09282702992813399
61.0000000000006 0.09282702992813401
61.1000000000006 0.09282702992813398
61.2000000000006 0.09282702992813396
61.3000000000006 0.09282702992813396
61.4000000000006 0.09282702992813399
61.5000000000006 0.09282702992813398
61.60000000000061 0.09282702992813398
61.70000000000061 0.09282702992813399
61.80000000000061 0.09282702992813396
61.90000000000061 0.09282702992813399
62.00000000000061 0.09282702992813398
62.10000000000061 0.09282702992813399
62.20000000000061 0.09282702992813401
62.30000000000062 0.09282702992813401
62.40000000000062 0.09282702992813399
62.50000000000062 0.09282702992813399
62.60000000000062 0.09282702992813399
62.70000000000062 0.09282702992813401
62.80000000000062 0.09282702992813401
62.90000000000062 0.09282702992813399
63.00000000000063 0.09282702992813396
63.10000000000063 0.09282702992813396
63.20000000000063 0.09282702992813396
63.30000000000063 0.09282702992813399
63.40000000000063 0.09282702992813396
63.50000000000063 0.09282702992813396
63.60000000000063 0.09282702992813396
63.70000000000064 0.09282702992813396
63.80000000000064 0.09282702992813396
63.90000000000064 0.09282702992813395
64.00000000000064 0.09282702992813396
64.10000000000063 0.09282702992813396
64.20000000000063 0.09282702992813399
64.30000000000062 0.09282702992813402
64.40000000000062 0.09282702992813402
64.50000000000061 0.09282702992813401
64.60000000000061 0.09282702992813403
64.7000000000006 0.09282702992813403
64.80000000000059 0.09282702992813402
64.90000000000059 0.09282702992813406
65.00000000000058 0.09282702992813407
65.10000000000058 0.09282702992813409
65.20000000000057 0.09282702992813407
65.30000000000057 0.09282702992813407
65.40000000000056 0.09282702992813409
65.50000000000055 0.0928270299281341
65.60000000000055 0.09282702992813407
65.70000000000054 0.09282702992813407
65.80000000000054 0.09282702992813405
65.90000000000053 0.09282702992813403
66.00000000000053 0.09282702992813405
66.10000000000052 0.09282702992813407
66.20000000000051 0.09282702992813406
66.30000000000051 0.09282702992813403
66.4000000000005 0.09282702992813407
66.5000000000005 0.09282702992813406
66.60000000000049 0.09282702992813407
66.70000000000049 0.09282702992813407
66.80000000000048 0.09282702992813405
66.90000000000047 0.09282702992813405
67.00000000000047 0.09282702992813403
67.10000000000046 0.09282702992813402
67.20000000000046 0.09282702992813401
67.30000000000045 0.09282702992813399
67.40000000000045 0.09282702992813399
67.50000000000044 0.09282702992813398
67.60000000000043 0.09282702992813395
67.70000000000043 0.09282702992813396
67.80000000000042 0.09282702992813395
67.90000000000042 0.09282702992813396
68.00000000000041 0.09282702992813398
68.10000000000041 0.09282702992813399
68.2000000000004 0.09282702992813399
68.3000000000004 0.09282702992813399
68.40000000000039 0.09282702992813396
68.50000000000038 0.09282702992813395
68.60000000000038 0.09282702992813395
68.70000000000037 0.09282702992813395
68.80000000000037 0.09282702992813395
68.90000000000036 0.09282702992813394
69.00000000000036 0.09282702992813392
69.10000000000035 0.09282702992813391
69.20000000000034 0.09282702992813392
69.30000000000034 0.09282702992813395
69.40000000000033 0.09282702992813394
69.50000000000033 0.09282702992813394
69.60000000000032 0.09282702992813398
69.70000000000032 0.09282702992813395
69.80000000000031 0.09282702992813396
69.9000000000003 0.09282702992813396
70.0000000000003 0.09282702992813396
70.10000000000029 0.09282702992813395
70.20000000000029 0.09282702992813392
70.30000000000028 0.09282702992813394
70.40000000000028 0.09282702992813392
70.50000000000027 0.09282702992813395
70.60000000000026 0.09282702992813398
70.70000000000026 0.09282702992813398
70.80000000000025 0.09282702992813398
70.90000000000025 0.09282702992813399
71.00000000000024 0.09282702992813398
71.10000000000024 0.09282702992813399
71.20000000000023 0.09282702992813399
71.30000000000022 0.09282702992813402
71.40000000000022 0.09282702992813403
71.50000000000021 0.09282702992813403
71.60000000000021 0.09282702992813403
71.7000000000002 0.09282702992813401
71.8000000000002 0.09282702992813402
71.90000000000019 0.09282702992813401
72.00000000000018 0.09282702992813401
72.10000000000018 0.09282702992813401
72.20000000000017 0.09282702992813398
72.30000000000017 0.09282702992813399
72.40000000000016 0.09282702992813398
72.50000000000016 0.09282702992813396
72.60000000000015 0.09282702992813396
72.70000000000014 0.09282702992813401
72.80000000000014 0.09282702992813401
72.90000000000013 0.09282702992813402
73.00000000000013 0.09282702992813401
73.10000000000012 0.09282702992813399
73.20000000000012 0.09282702992813399
73.30000000000011 0.09282702992813402
73.40000000000011 0.09282702992813401
73.5000000000001 0.09282702992813399
73.60000000000009 0.09282702992813399
73.70000000000009 0.09282702992813401
73.80000000000008 0.09282702992813402
73.90000000000008 0.09282702992813403
74.00000000000007 0.09282702992813405
74.10000000000007 0.09282702992813405
74.20000000000006 0.09282702992813405
74.30000000000005 0.09282702992813406
74.40000000000005 0.09282702992813406
74.50000000000004 0.09282702992813405
74.60000000000004 0.09282702992813406
74.70000000000003 0.09282702992813409
74.80000000000003 0.09282702992813407
74.90000000000002 0.09282702992813412
75.00000000000001 0.09282702992813413
75.10000000000001 0.09282702992813412
75.2 0.09282702992813414
75.3 0.09282702992813414
75.39999999999999 0.09282702992813417
75.49999999999999 0.09282702992813416
75.59999999999998 0.09282702992813417
75.69999999999997 0.0928270299281342
75.79999999999997 0.09282702992813417
75.89999999999996 0.09282702992813417
75.99999999999996 0.0928270299281342
76.09999999999995 0.09282702992813419
76.19999999999995 0.09282702992813414
76.29999999999994 0.09282702992813414
76.39999999999993 0.09282702992813416
76.49999999999993 0.09282702992813414
76.59999999999992 0.09282702992813416
76.69999999999992 0.09282702992813414
76.79999999999991 0.09282702992813417
76.89999999999991 0.09282702992813414
76.9999999999999 0.09282702992813416
77.09999999999989 0.09282702992813417
77.19999999999989 0.09282702992813417
77.29999999999988 0.09282702992813414
77.39999999999988 0.09282702992813417
77.49999999999987 0.09282702992813414
77.59999999999987 0.09282702992813416
77.69999999999986 0.09282702992813414
77.79999999999986 0.09282702992813413
77.89999999999985 0.09282702992813413
77.99999999999984 0.09282702992813414
78.09999999999984 0.09282702992813414
78.19999999999983 0.09282702992813412
78.29999999999983 0.09282702992813412
78.39999999999982 0.09282702992813409
78.49999999999982 0.09282702992813409
78.59999999999981 0.09282702992813409
78.6999999999998 0.09282702992813412
78.7999999999998 0.09282702992813412
78.89999999999979 0.09282702992813412
78.99999999999979 0.09282702992813409
79.09999999999978 0.0928270299281341
79.19999999999978 0.0928270299281341
79.29999999999977 0.09282702992813413
79.39999999999976 0.09282702992813414
79.49999999999976 0.09282702992813412
79.59999999999975 0.09282702992813412
79.69999999999975 0.09282702992813416
79.79999999999974 0.09282702992813416
79.89999999999974 0.09282702992813416
79.99999999999973 0.09282702992813419
80.09999999999972 0.09282702992813416
80.19999999999972 0.09282702992813412
80.29999999999971 0.09282702992813413
80.39999999999971 0.09282702992813413
80.4999999999997 0.09282702992813414
80.5999999999997 0.09282702992813413
80.69999999999969 0.09282702992813416
80.79999999999968 0.09282702992813414
80.89999999999968 0.09282702992813416
80.99999999999967 0.09282702992813414
81.09999999999967 0.09282702992813412
81.19999999999966 0.09282702992813416
81.29999999999966 0.09282702992813414
81.39999999999965 0.09282702992813417
81.49999999999964 0.09282702992813417
81.59999999999964 0.09282702992813417
81.69999999999963 0.09282702992813417
81.79999999999963 0.09282702992813416
81.89999999999962 0.09282702992813416
81.99999999999962 0.09282702992813416
82.09999999999961 0.09282702992813417
82.1999999999996 0.09282702992813416
82.2999999999996 0.09282702992813416
82.39999999999959 0.09282702992813417
82.49999999999959 0.09282702992813416
82.59999999999958 0.09282702992813419
82.69999999999958 0.0928270299281342
82.79999999999957 0.09282702992813417
82.89999999999957 0.0928270299281342
82.99999999999956 0.09282702992813417
83.09999999999955 0.09282702992813414
83.19999999999955 0.09282702992813416
83.29999999999954 0.09282702992813413
83.39999999999954 0.09282702992813413
83.49999999999953 0.09282702992813412
83.59999999999953 0.09282702992813412
83.69999999999952 0.0928270299281341
83.79999999999951 0.09282702992813412
83.89999999999951 0.0928270299281341
83.9999999999995 0.0928270299281341
84.0999999999995 0.09282702992813407
84.19999999999949 0.09282702992813412
84.29999999999949 0.0928270299281341
84.39999999999948 0.09282702992813409
84.49999999999947 0.0928270299281341
84.59999999999947 0.09282702992813407
84.69999999999946 0.0928270299281341
84.79999999999946 0.09282702992813409
84.89999999999945 0.0928270299281341
84.99999999999945 0.09282702992813413
85.09999999999944 0.0928270299281341
85.19999999999943 0.09282702992813412
85.29999999999943 0.09282702992813413
85.39999999999942 0.0928270299281341
85.49999999999942 0.0928270299281341
85.59999999999941 0.09282702992813412
85.69999999999941 0.0928270299281341
85.7999999999994 0.09282702992813409
85.89999999999939 0.09282702992813412
85.99999999999939 0.0928270299281341
86.09999999999938 0.09282702992813409
86.19999999999938 0.0928270299281341
86.29999999999937 0.09282702992813409
86.39999999999937 0.09282702992813412
86.49999999999936 0.09282702992813412
86.59999999999935 0.09282702992813414
86.69999999999935 0.09282702992813412
86.79999999999934 0.09282702992813416
86.89999999999934 0.09282702992813414
86.99999999999933 0.09282702992813416
87.09999999999933 0.09282702992813417
87.19999999999932 0.09282702992813416
87.29999999999932 0.09282702992813419
87.39999999999931 0.0928270299281342
87.4999999999993 0.0928270299281342
87.5999999999993 0.09282702992813421
87.69999999999929 0.0928270299281342
87.79999999999929 0.09282702992813419
87.89999999999928 0.09282702992813416
87.99999999999928 0.09282702992813416
88.09999999999927 0.09282702992813414
88.19999999999926 0.09282702992813413
88.29999999999926 0.09282702992813412
88.39999999999925 0.09282702992813412
88.49999999999925 0.0928270299281341
88.59999999999924 0.09282702992813409
88.69999999999924 0.09282702992813407
88.79999999999923 0.09282702992813405
88.89999999999922 0.09282702992813403
88.99999999999922 0.09282702992813405
89.09999999999921 0.09282702992813406
89.19999999999921 0.09282702992813407
89.2999999999992 0.09282702992813406
89.3999999999992 0.09282702992813406
89.49999999999919 0.09282702992813407
89.59999999999918 0.09282702992813406
89.69999999999918 0.09282702992813405
89.79999999999917 0.09282702992813403
89.89999999999917 0.09282702992813406
89.99999999999916 0.09282702992813406
90.09999999999916 0.09282702992813406
90.19999999999915 0.09282702992813405
90.29999999999914 0.09282702992813405
90.39999999999914 0.09282702992813405
90.49999999999913 0.09282702992813403
90.59999999999913 0.09282702992813406
90.69999999999912 0.09282702992813405
90.79999999999912 0.09282702992813406
90.89999999999911 0.09282702992813407
90.9999999999991 0.09282702992813407
91.0999999999991 0.09282702992813406
91.19999999999909 0.09282702992813405
91.29999999999909 0.09282702992813405
91.39999999999908 0.09282702992813403
91.49999999999908 0.09282702992813403
91.59999999999907 0.09282702992813403
91.69999999999906 0.09282702992813403
91.79999999999906 0.09282702992813403
91.89999999999905 0.09282702992813406
91.99999999999905 0.09282702992813407
92.09999999999904 0.09282702992813406
92.19999999999904 0.09282702992813405
92.29999999999903 0.09282702992813401
92.39999999999903 0.09282702992813403
92.49999999999902 0.09282702992813402
92.59999999999901 0.09282702992813402
92.69999999999901 0.09282702992813402
92.799999999999 0.09282702992813402
92.899999999999 0.09282702992813402
92.99999999999899 0.09282702992813403
93.09999999999899 0.09282702992813405
93.19999999999898 0.09282702992813407
93.29999999999897 0.09282702992813403
93.39999999999897 0.09282702992813405
93.49999999999896 0.09282702992813406
93.59999999999896 0.09282702992813405
93.69999999999895 0.09282702992813406
93.79999999999895 0.09282702992813405
93.89999999999894 0.09282702992813406
93.99999999999893 0.09282702992813402
94.09999999999893 0.09282702992813403
94.19999999999892 0.09282702992813405
94.29999999999892 0.09282702992813405
94.39999999999891 0.09282702992813405
94.49999999999891 0.09282702992813405
94.5999999999989 0.09282702992813406
94.69999999999889 0.09282702992813406
94.79999999999889 0.09282702992813407
94.89999999999888 0.09282702992813409
94.99999999999888 0.09282702992813409
95.09999999999887 0.09282702992813407
95.19999999999887 0.09282702992813407
95.29999999999886 0.09282702992813412
95.39999999999885 0.0928270299281341
95.49999999999885 0.09282702992813413
95.59999999999884 0.09282702992813413
95.69999999999884 0.09282702992813414
95.79999999999883 0.09282702992813416
95.89999999999883 0.09282702992813417
95.99999999999882 0.09282702992813414
96.09999999999881 0.09282702992813412
96.19999999999881 0.09282702992813412
96.2999999999988 0.09282702992813412
96.3999999999988 0.09282702992813412
96.49999999999879 0.09282702992813412
96.59999999999879 0.0928270299281341
96.69999999999878 0.0928270299281341
96.79999999999878 0.09282702992813412
96.89999999999877 0.09282702992813409
96.99999999999876 0.09282702992813412
97.09999999999876 0.09282702992813409
97.19999999999875 0.09282702992813412
97.29999999999875 0.09282702992813409
97.39999999999874 0.09282702992813407
97.49999999999874 0.09282702992813406
97.59999999999873 0.09282702992813403
97.69999999999872 0.09282702992813402
97.79999999999872 0.09282702992813402
97.89999999999871 0.09282702992813401
97.99999999999871 0.09282702992813401
98.0999999999987 0.09282702992813401
98.1999999999987 0.09282702992813401
98.29999999999869 0.09282702992813399
98.39999999999868 0.09282702992813401
98.49999999999868 0.09282702992813402
98.59999999999867 0.09282702992813402
98.69999999999867 0.09282702992813403
98.79999999999866 0.09282702992813402
98.89999999999866 0.09282702992813406
98.99999999999865 0.09282702992813403
99.09999999999864 0.09282702992813406
99.19999999999864 0.09282702992813406
99.29999999999863 0.09282702992813406
99.39999999999863 0.09282702992813403
99.49999999999862 0.09282702992813406
99.59999999999862 0.09282702992813407
99.69999999999861 0.09282702992813409
99.7999999999986 0.0928270299281341
99.8999999999986 0.09282702992813412
99.99999999999859 0.0928270299281341
100.0999999999986 0.09282702992813407
