0 -0.0009775776750000002
0.1 -0.0009775814604825893
0.2 -0.0009775852826250666
0.3 -0.0009775893496547876
0.4 -0.0009775940051321968
0.5 -0.0009775998012519552
0.6 -0.0009776076331953327
0.7 -0.000977618986771361
0.7999999999999999 -0.0009776364095667408
0.8999999999999999 -0.000977664449815611
0.9999999999999999 -0.0009777116404624416
1.1 -0.0009777950086506857
1.2 -0.0009779513041694968
1.3 -0.0009782684349392344
1.4 -0.0009789883719586862
1.5 -0.0009809270791839709
1.6 -0.0009878791766300811
1.7 -0.00103198176002131
1.8 -0.002595449319657883
1.900000000000001 0.2601202900187677
2 0.2579947011380003
2.100000000000001 0.2580490129948678
2.200000000000001 0.2580547913111357
2.300000000000001 0.258056177066832
2.400000000000001 0.258056662193728
2.500000000000001 0.2580568736468714
2.600000000000001 0.25805698000616
2.700000000000001 0.2580570391891672
2.800000000000001 0.2580570746884116
2.900000000000001 0.258057097253117
3.000000000000001 0.2580571122737749
3.100000000000001 0.2580571226558949
3.200000000000002 0.2580571300596798
3.300000000000002 0.2580571354806072
3.400000000000002 0.2580571395402454
3.500000000000002 0.2580571426403249
3.600000000000002 0.258057145048338
3.700000000000002 0.2580571469470774
3.800000000000002 0.2580571484643392
3.900000000000002 0.2580571496912957
4.000000000000002 0.2580571506941763
4.100000000000001 0.2580571515218786
4.200000000000001 0.2580571522110359
4.300000000000001 0.2580571527894612
4.4 0.2580571532785283
4.5 0.2580571536948456
4.6 0.2580571540514514
4.699999999999999 0.2580571543586775
4.799999999999999 0.2580571546247828
4.899999999999999 0.2580571548564227
4.999999999999998 0.2580571550590007
5.099999999999998 0.2580571552369351
5.199999999999998 0.2580571553938618
5.299999999999997 0.2580571555327916
5.399999999999997 0.2580571556562322
5.499999999999996 0.2580571557662832
5.599999999999996 0.258057155864712
5.699999999999996 0.2580571559530129
5.799999999999995 0.2580571560324559
5.899999999999995 0.2580571561041243
5.999999999999995 0.2580571561689463
6.099999999999994 0.2580571562277203
6.199999999999994 0.2580571562811355
6.299999999999994 0.258057156329789
6.399999999999993 0.2580571563741997
6.499999999999993 0.2580571564148204
6.599999999999993 0.2580571564520466
6.699999999999992 0.2580571564862257
6.799999999999992 0.2580571565176633
6.899999999999991 0.2580571565466287
6.999999999999991 0.2580571565733603
7.099999999999991 0.2580571565980692
7.19999999999999 0.2580571566209433
7.29999999999999 0.2580571566421498
7.39999999999999 0.2580571566618379
7.499999999999989 0.258057156680141
7.599999999999989 0.2580571566971789
7.699999999999989 0.2580571567130591
7.799999999999988 0.258057156727878
7.899999999999988 0.2580571567417231
7.999999999999988 0.258057156754673
8.099999999999987 0.2580571567667989
8.199999999999987 0.2580571567781653
8.299999999999986 0.2580571567888307
8.399999999999986 0.2580571567988483
8.499999999999986 0.2580571568082667
8.599999999999985 0.2580571568171299
8.699999999999985 0.2580571568254781
8.799999999999985 0.2580571568333485
8.899999999999984 0.2580571568407746
8.999999999999984 0.2580571568477872
9.099999999999984 0.2580571568544149
9.199999999999983 0.2580571568606837
9.299999999999983 0.2580571568666176
9.399999999999983 0.2580571568722385
9.499999999999982 0.2580571568775669
9.599999999999982 0.2580571568826215
9.699999999999982 0.2580571568874198
9.799999999999981 0.2580571568919777
9.899999999999981 0.2580571568963102
9.99999999999998 0.258057156900431
10.09999999999998 0.2580571569043527
10.19999999999998 0.2580571569080874
10.29999999999998 0.2580571569116461
10.39999999999998 0.258057156915039
10.49999999999998 0.2580571569182757
10.59999999999998 0.258057156921365
10.69999999999998 0.2580571569243152
10.79999999999998 0.258057156927134
10.89999999999998 0.2580571569298288
10.99999999999998 0.2580571569324062
11.09999999999998 0.2580571569348726
11.19999999999998 0.2580571569372339
11.29999999999998 0.2580571569394955
11.39999999999998 0.2580571569416629
11.49999999999998 0.2580571569437407
11.59999999999997 0.2580571569457336
11.69999999999997 0.2580571569476458
11.79999999999997 0.2580571569494814
11.89999999999997 0.2580571569512444
11.99999999999997 0.258057156952938
12.09999999999997 0.2580571569545657
12.19999999999997 0.2580571569561308
12.29999999999997 0.2580571569576361
12.39999999999997 0.2580571569590847
12.49999999999997 0.2580571569604788
12.59999999999997 0.2580571569618214
12.69999999999997 0.2580571569631147
12.79999999999997 0.2580571569643608
12.89999999999997 0.2580571569655619
12.99999999999997 0.2580571569667202
13.09999999999997 0.2580571569678373
13.19999999999997 0.2580571569689151
13.29999999999997 0.2580571569699555
13.39999999999997 0.2580571569709599
13.49999999999997 0.25805715697193
13.59999999999997 0.2580571569728671
13.69999999999997 0.2580571569737728
13.79999999999997 0.2580571569746481
13.89999999999997 0.2580571569754945
13.99999999999997 0.2580571569763131
14.09999999999997 0.2580571569771051
14.19999999999997 0.2580571569778716
14.29999999999997 0.2580571569786133
14.39999999999996 0.2580571569793316
14.49999999999996 0.2580571569800272
14.59999999999996 0.258057156980701
14.69999999999996 0.2580571569813539
14.79999999999996 0.2580571569819868
14.89999999999996 0.2580571569826002
14.99999999999996 0.258057156983195
15.09999999999996 0.258057156983772
15.19999999999996 0.2580571569843317
15.29999999999996 0.2580571569848747
15.39999999999996 0.2580571569854018
15.49999999999996 0.2580571569859136
15.59999999999996 0.2580571569864105
15.69999999999996 0.258057156986893
15.79999999999996 0.2580571569873618
15.89999999999996 0.2580571569878172
15.99999999999996 0.2580571569882598
16.09999999999996 0.25805715698869
16.19999999999996 0.2580571569891082
16.29999999999996 0.2580571569895149
16.39999999999996 0.2580571569899104
16.49999999999996 0.2580571569902952
16.59999999999997 0.2580571569906696
16.69999999999997 0.2580571569910339
16.79999999999997 0.2580571569913885
16.89999999999997 0.2580571569917336
16.99999999999997 0.2580571569920697
17.09999999999997 0.258057156992397
17.19999999999997 0.2580571569927158
17.29999999999998 0.2580571569930263
17.39999999999998 0.2580571569933289
17.49999999999998 0.2580571569936237
17.59999999999998 0.2580571569939111
17.69999999999998 0.2580571569941912
17.79999999999998 0.2580571569944644
17.89999999999998 0.2580571569947308
17.99999999999999 0.2580571569949905
18.09999999999999 0.2580571569952438
18.19999999999999 0.258057156995491
18.29999999999999 0.2580571569957322
18.39999999999999 0.2580571569959676
18.49999999999999 0.2580571569961974
18.59999999999999 0.2580571569964216
18.7 0.2580571569966406
18.8 0.2580571569968544
18.9 0.2580571569970631
19 0.2580571569972671
19.1 0.2580571569974662
19.2 0.2580571569976609
19.3 0.258057156997851
19.40000000000001 0.2580571569980368
19.50000000000001 0.2580571569982184
19.60000000000001 0.2580571569983961
19.70000000000001 0.2580571569985696
19.80000000000001 0.2580571569987393
19.90000000000001 0.2580571569989053
20.00000000000001 0.2580571569990677
20.10000000000002 0.2580571569992264
20.20000000000002 0.2580571569993818
20.30000000000002 0.2580571569995337
20.40000000000002 0.2580571569996824
20.50000000000002 0.2580571569998278
20.60000000000002 0.2580571569999703
20.70000000000002 0.2580571570001096
20.80000000000003 0.2580571570002461
20.90000000000003 0.2580571570003797
21.00000000000003 0.2580571570005105
21.10000000000003 0.2580571570006386
21.20000000000003 0.2580571570007641
21.30000000000003 0.2580571570008869
21.40000000000003 0.2580571570010073
21.50000000000004 0.2580571570011252
21.60000000000004 0.2580571570012408
21.70000000000004 0.258057157001354
21.80000000000004 0.2580571570014649
21.90000000000004 0.2580571570015737
22.00000000000004 0.2580571570016802
22.10000000000004 0.2580571570017847
22.20000000000005 0.2580571570018871
22.30000000000005 0.2580571570019876
22.40000000000005 0.258057157002086
22.50000000000005 0.2580571570021826
22.60000000000005 0.2580571570022773
22.70000000000005 0.2580571570023702
22.80000000000005 0.2580571570024613
22.90000000000006 0.2580571570025507
23.00000000000006 0.2580571570026384
23.10000000000006 0.2580571570027245
23.20000000000006 0.258057157002809
23.30000000000006 0.2580571570028918
23.40000000000006 0.2580571570029732
23.50000000000006 0.258057157003053
23.60000000000007 0.2580571570031314
23.70000000000007 0.2580571570032084
23.80000000000007 0.2580571570032839
23.90000000000007 0.2580571570033581
24.00000000000007 0.2580571570034309
24.10000000000007 0.2580571570035025
24.20000000000007 0.2580571570035727
24.30000000000008 0.2580571570036418
24.40000000000008 0.2580571570037095
24.50000000000008 0.2580571570037761
24.60000000000008 0.2580571570038415
24.70000000000008 0.2580571570039058
24.80000000000008 0.258057157003969
24.90000000000008 0.2580571570040311
25.00000000000009 0.258057157004092
25.10000000000009 0.2580571570041519
25.20000000000009 0.2580571570042109
25.30000000000009 0.2580571570042688
25.40000000000009 0.2580571570043258
25.50000000000009 0.2580571570043818
25.60000000000009 0.2580571570044368
25.7000000000001 0.2580571570044909
25.8000000000001 0.2580571570045442
25.9000000000001 0.2580571570045965
26.0000000000001 0.258057157004648
26.1000000000001 0.2580571570046986
26.2000000000001 0.2580571570047483
26.3000000000001 0.2580571570047974
26.40000000000011 0.2580571570048454
26.50000000000011 0.2580571570048928
26.60000000000011 0.2580571570049394
26.70000000000011 0.2580571570049853
26.80000000000011 0.2580571570050305
26.90000000000011 0.2580571570050749
27.00000000000011 0.2580571570051186
27.10000000000012 0.2580571570051616
27.20000000000012 0.258057157005204
27.30000000000012 0.2580571570052457
27.40000000000012 0.2580571570052867
27.50000000000012 0.2580571570053271
27.60000000000012 0.2580571570053669
27.70000000000012 0.258057157005406
27.80000000000013 0.2580571570054446
27.90000000000013 0.2580571570054825
28.00000000000013 0.2580571570055199
28.10000000000013 0.2580571570055567
28.20000000000013 0.2580571570055929
28.30000000000013 0.2580571570056286
28.40000000000013 0.2580571570056638
28.50000000000014 0.2580571570056984
28.60000000000014 0.2580571570057325
28.70000000000014 0.2580571570057661
28.80000000000014 0.2580571570057993
28.90000000000014 0.2580571570058319
29.00000000000014 0.258057157005864
29.10000000000014 0.2580571570058957
29.20000000000014 0.2580571570059269
29.30000000000015 0.2580571570059577
29.40000000000015 0.258057157005988
29.50000000000015 0.2580571570060178
29.60000000000015 0.2580571570060473
29.70000000000015 0.2580571570060762
29.80000000000015 0.2580571570061049
29.90000000000015 0.2580571570061331
30.00000000000016 0.2580571570061609
30.10000000000016 0.2580571570061883
30.20000000000016 0.2580571570062153
30.30000000000016 0.2580571570062419
30.40000000000016 0.2580571570062681
30.50000000000016 0.2580571570062941
30.60000000000016 0.2580571570063196
30.70000000000017 0.2580571570063449
30.80000000000017 0.2580571570063697
30.90000000000017 0.2580571570063942
31.00000000000017 0.2580571570064183
31.10000000000017 0.2580571570064422
31.20000000000017 0.2580571570064657
31.30000000000017 0.2580571570064888
31.40000000000018 0.2580571570065117
31.50000000000018 0.2580571570065343
31.60000000000018 0.2580571570065565
31.70000000000018 0.2580571570065785
31.80000000000018 0.2580571570066001
31.90000000000018 0.2580571570066215
32.00000000000018 0.2580571570066426
32.10000000000019 0.2580571570066635
32.20000000000019 0.258057157006684
32.30000000000019 0.2580571570067043
32.40000000000019 0.2580571570067243
32.50000000000019 0.258057157006744
32.60000000000019 0.2580571570067635
32.70000000000019 0.2580571570067827
32.8000000000002 0.2580571570068018
32.9000000000002 0.2580571570068205
33.0000000000002 0.2580571570068391
33.1000000000002 0.2580571570068573
33.2000000000002 0.2580571570068754
33.3000000000002 0.2580571570068932
33.4000000000002 0.2580571570069108
33.50000000000021 0.2580571570069282
33.60000000000021 0.2580571570069454
33.70000000000021 0.2580571570069622
33.80000000000021 0.258057157006979
33.90000000000021 0.2580571570069954
34.00000000000021 0.2580571570070118
34.10000000000021 0.2580571570070278
34.20000000000022 0.2580571570070437
34.30000000000022 0.2580571570070594
34.40000000000022 0.2580571570070749
34.50000000000022 0.2580571570070902
34.60000000000022 0.2580571570071054
34.70000000000022 0.2580571570071203
34.80000000000022 0.2580571570071352
34.90000000000023 0.2580571570071497
35.00000000000023 0.2580571570071641
35.10000000000023 0.2580571570071784
35.20000000000023 0.2580571570071925
35.30000000000023 0.2580571570072064
35.40000000000023 0.2580571570072201
35.50000000000023 0.2580571570072336
35.60000000000024 0.2580571570072471
35.70000000000024 0.2580571570072603
35.80000000000024 0.2580571570072734
35.90000000000024 0.2580571570072864
36.00000000000024 0.2580571570072992
36.10000000000024 0.2580571570073119
36.20000000000024 0.2580571570073244
36.30000000000025 0.2580571570073367
36.40000000000025 0.2580571570073489
36.50000000000025 0.258057157007361
36.60000000000025 0.258057157007373
36.70000000000025 0.2580571570073847
36.80000000000025 0.2580571570073963
36.90000000000025 0.2580571570074079
37.00000000000026 0.2580571570074193
37.10000000000026 0.2580571570074306
37.20000000000026 0.2580571570074418
37.30000000000026 0.2580571570074528
37.40000000000026 0.2580571570074636
37.50000000000026 0.2580571570074743
37.60000000000026 0.258057157007485
37.70000000000027 0.2580571570074956
37.80000000000027 0.258057157007506
37.90000000000027 0.2580571570075163
38.00000000000027 0.2580571570075266
38.10000000000027 0.2580571570075366
38.20000000000027 0.2580571570075466
38.30000000000027 0.2580571570075564
38.40000000000028 0.2580571570075662
38.50000000000028 0.2580571570075758
38.60000000000028 0.2580571570075854
38.70000000000028 0.2580571570075949
38.80000000000028 0.2580571570076041
38.90000000000028 0.2580571570076133
39.00000000000028 0.2580571570076224
39.10000000000029 0.2580571570076315
39.20000000000029 0.2580571570076404
39.30000000000029 0.2580571570076493
39.40000000000029 0.258057157007658
39.50000000000029 0.2580571570076666
39.60000000000029 0.2580571570076752
39.70000000000029 0.2580571570076837
39.8000000000003 0.258057157007692
39.9000000000003 0.2580571570077004
40.0000000000003 0.2580571570077085
40.1000000000003 0.2580571570077167
40.2000000000003 0.2580571570077247
40.3000000000003 0.2580571570077327
40.4000000000003 0.2580571570077406
40.50000000000031 0.2580571570077484
40.60000000000031 0.2580571570077561
40.70000000000031 0.2580571570077638
40.80000000000031 0.2580571570077713
40.90000000000031 0.2580571570077788
41.00000000000031 0.2580571570077861
41.10000000000031 0.2580571570077935
41.20000000000032 0.2580571570078007
41.30000000000032 0.258057157007808
41.40000000000032 0.2580571570078151
41.50000000000032 0.2580571570078221
41.60000000000032 0.2580571570078291
41.70000000000032 0.258057157007836
41.80000000000032 0.2580571570078427
41.90000000000033 0.2580571570078494
42.00000000000033 0.2580571570078561
42.10000000000033 0.2580571570078627
42.20000000000033 0.2580571570078693
42.30000000000033 0.2580571570078758
42.40000000000033 0.2580571570078822
42.50000000000033 0.2580571570078886
42.60000000000034 0.2580571570078948
42.70000000000034 0.258057157007901
42.80000000000034 0.2580571570079072
42.90000000000034 0.2580571570079133
43.00000000000034 0.2580571570079195
43.10000000000034 0.2580571570079254
43.20000000000034 0.2580571570079314
43.30000000000035 0.2580571570079372
43.40000000000035 0.258057157007943
43.50000000000035 0.2580571570079488
43.60000000000035 0.2580571570079545
43.70000000000035 0.2580571570079602
43.80000000000035 0.2580571570079658
43.90000000000035 0.2580571570079712
44.00000000000036 0.2580571570079768
44.10000000000036 0.2580571570079823
44.20000000000036 0.2580571570079876
44.30000000000036 0.2580571570079929
44.40000000000036 0.2580571570079983
44.50000000000036 0.2580571570080035
44.60000000000036 0.2580571570080087
44.70000000000037 0.2580571570080139
44.80000000000037 0.258057157008019
44.90000000000037 0.258057157008024
45.00000000000037 0.258057157008029
45.10000000000037 0.2580571570080339
45.20000000000037 0.2580571570080388
45.30000000000037 0.2580571570080438
45.40000000000038 0.2580571570080486
45.50000000000038 0.2580571570080534
45.60000000000038 0.258057157008058
45.70000000000038 0.2580571570080628
45.80000000000038 0.2580571570080674
45.90000000000038 0.258057157008072
46.00000000000038 0.2580571570080766
46.10000000000039 0.258057157008081
46.20000000000039 0.2580571570080856
46.30000000000039 0.25805715700809
46.40000000000039 0.2580571570080945
46.50000000000039 0.2580571570080988
46.60000000000039 0.2580571570081031
46.70000000000039 0.2580571570081074
46.8000000000004 0.2580571570081116
46.9000000000004 0.2580571570081158
47.0000000000004 0.25805715700812
47.1000000000004 0.2580571570081241
47.2000000000004 0.2580571570081281
47.3000000000004 0.2580571570081323
47.4000000000004 0.2580571570081363
47.50000000000041 0.2580571570081403
47.60000000000041 0.2580571570081443
47.70000000000041 0.2580571570081482
47.80000000000041 0.2580571570081521
47.90000000000041 0.2580571570081559
48.00000000000041 0.2580571570081597
48.10000000000041 0.2580571570081635
48.20000000000041 0.2580571570081672
48.30000000000042 0.258057157008171
48.40000000000042 0.2580571570081747
48.50000000000042 0.2580571570081784
48.60000000000042 0.2580571570081819
48.70000000000042 0.2580571570081856
48.80000000000042 0.2580571570081891
48.90000000000042 0.2580571570081927
49.00000000000043 0.2580571570081962
49.10000000000043 0.2580571570081997
49.20000000000043 0.2580571570082031
49.30000000000043 0.2580571570082065
49.40000000000043 0.2580571570082099
49.50000000000043 0.2580571570082133
49.60000000000043 0.2580571570082166
49.70000000000044 0.25805715700822
49.80000000000044 0.2580571570082232
49.90000000000044 0.2580571570082265
50.00000000000044 0.2580571570082297
50.10000000000044 0.2580571570082328
50.20000000000044 0.258057157008236
50.30000000000044 0.2580571570082392
50.40000000000045 0.2580571570082422
50.50000000000045 0.2580571570082453
50.60000000000045 0.2580571570082484
50.70000000000045 0.2580571570082514
50.80000000000045 0.2580571570082545
50.90000000000045 0.2580571570082574
51.00000000000045 0.2580571570082604
51.10000000000046 0.2580571570082633
51.20000000000046 0.2580571570082662
51.30000000000046 0.2580571570082691
51.40000000000046 0.2580571570082721
51.50000000000046 0.2580571570082749
51.60000000000046 0.2580571570082777
51.70000000000046 0.2580571570082805
51.80000000000047 0.2580571570082834
51.90000000000047 0.2580571570082861
52.00000000000047 0.2580571570082889
52.10000000000047 0.2580571570082916
52.20000000000047 0.2580571570082943
52.30000000000047 0.258057157008297
52.40000000000047 0.2580571570082996
52.50000000000048 0.2580571570083022
52.60000000000048 0.2580571570083049
52.70000000000048 0.2580571570083074
52.80000000000048 0.2580571570083101
52.90000000000048 0.2580571570083126
53.00000000000048 0.2580571570083152
53.10000000000048 0.2580571570083177
53.20000000000049 0.2580571570083202
53.30000000000049 0.2580571570083226
53.40000000000049 0.258057157008325
53.50000000000049 0.2580571570083274
53.60000000000049 0.2580571570083299
53.70000000000049 0.2580571570083322
53.80000000000049 0.2580571570083346
53.9000000000005 0.258057157008337
54.0000000000005 0.2580571570083393
54.1000000000005 0.2580571570083416
54.2000000000005 0.2580571570083439
54.3000000000005 0.2580571570083462
54.4000000000005 0.2580571570083485
54.5000000000005 0.2580571570083507
54.60000000000051 0.258057157008353
54.70000000000051 0.2580571570083552
54.80000000000051 0.2580571570083575
54.90000000000051 0.2580571570083596
55.00000000000051 0.2580571570083618
55.10000000000051 0.2580571570083639
55.20000000000051 0.258057157008366
55.30000000000052 0.2580571570083682
55.40000000000052 0.2580571570083702
55.50000000000052 0.2580571570083724
55.60000000000052 0.2580571570083745
55.70000000000052 0.2580571570083766
55.80000000000052 0.2580571570083786
55.90000000000052 0.2580571570083806
56.00000000000053 0.2580571570083826
56.10000000000053 0.2580571570083846
56.20000000000053 0.2580571570083866
56.30000000000053 0.2580571570083886
56.40000000000053 0.2580571570083905
56.50000000000053 0.2580571570083924
56.60000000000053 0.2580571570083944
56.70000000000054 0.2580571570083963
56.80000000000054 0.2580571570083982
56.90000000000054 0.2580571570084
57.00000000000054 0.2580571570084019
57.10000000000054 0.2580571570084038
57.20000000000054 0.2580571570084056
57.30000000000054 0.2580571570084075
57.40000000000055 0.2580571570084093
57.50000000000055 0.2580571570084111
57.60000000000055 0.2580571570084129
57.70000000000055 0.2580571570084146
57.80000000000055 0.2580571570084165
57.90000000000055 0.2580571570084182
58.00000000000055 0.2580571570084199
58.10000000000056 0.2580571570084216
58.20000000000056 0.2580571570084234
58.30000000000056 0.258057157008425
58.40000000000056 0.2580571570084267
58.50000000000056 0.2580571570084284
58.60000000000056 0.2580571570084301
58.70000000000056 0.2580571570084318
58.80000000000057 0.2580571570084334
58.90000000000057 0.258057157008435
59.00000000000057 0.2580571570084367
59.10000000000057 0.2580571570084383
59.20000000000057 0.2580571570084399
59.30000000000057 0.2580571570084415
59.40000000000057 0.2580571570084431
59.50000000000058 0.2580571570084447
59.60000000000058 0.2580571570084462
59.70000000000058 0.2580571570084477
59.80000000000058 0.2580571570084493
59.90000000000058 0.2580571570084508
60.00000000000058 0.2580571570084524
60.10000000000058 0.2580571570084538
60.20000000000059 0.2580571570084554
60.30000000000059 0.2580571570084568
60.40000000000059 0.2580571570084583
60.50000000000059 0.2580571570084598
60.60000000000059 0.2580571570084613
60.70000000000059 0.2580571570084627
60.80000000000059 0.258057157008464
60.9000000000006 0.2580571570084655
61.0000000000006 0.2580571570084669
61.1000000000006 0.2580571570084683
61.2000000000006 0.2580571570084698
61.3000000000006 0.2580571570084711
61.4000000000006 0.2580571570084725
61.5000000000006 0.2580571570084738
61.60000000000061 0.2580571570084752
61.70000000000061 0.2580571570084765
61.80000000000061 0.2580571570084779
61.90000000000061 0.2580571570084793
62.00000000000061 0.2580571570084805
62.10000000000061 0.2580571570084818
62.20000000000061 0.2580571570084832
62.30000000000062 0.2580571570084844
62.40000000000062 0.2580571570084857
62.50000000000062 0.258057157008487
62.60000000000062 0.2580571570084883
62.70000000000062 0.2580571570084896
62.80000000000062 0.2580571570084908
62.90000000000062 0.2580571570084921
63.00000000000063 0.2580571570084932
63.10000000000063 0.2580571570084945
63.20000000000063 0.2580571570084958
63.30000000000063 0.258057157008497
63.40000000000063 0.2580571570084981
63.50000000000063 0.2580571570084993
63.60000000000063 0.2580571570085006
63.70000000000064 0.2580571570085018
63.80000000000064 0.258057157008503
63.90000000000064 0.2580571570085041
64.00000000000064 0.2580571570085053
64.10000000000063 0.2580571570085065
64.20000000000063 0.2580571570085076
64.30000000000062 0.2580571570085088
64.40000000000062 0.2580571570085099
64.50000000000061 0.2580571570085111
64.60000000000061 0.2580571570085122
64.7000000000006 0.2580571570085132
64.80000000000059 0.2580571570085144
64.90000000000059 0.2580571570085154
65.00000000000058 0.2580571570085166
65.10000000000058 0.2580571570085177
65.20000000000057 0.2580571570085187
65.30000000000057 0.2580571570085198
65.40000000000056 0.2580571570085209
65.50000000000055 0.2580571570085219
65.60000000000055 0.258057157008523
65.70000000000054 0.2580571570085241
65.80000000000054 0.2580571570085251
65.90000000000053 0.2580571570085262
66.00000000000053 0.2580571570085272
66.10000000000052 0.2580571570085282
66.20000000000051 0.2580571570085292
66.30000000000051 0.2580571570085302
66.4000000000005 0.2580571570085312
66.5000000000005 0.2580571570085322
66.60000000000049 0.2580571570085332
66.70000000000049 0.2580571570085341
66.80000000000048 0.2580571570085351
66.90000000000047 0.258057157008536
67.00000000000047 0.258057157008537
67.10000000000046 0.2580571570085379
67.20000000000046 0.2580571570085389
67.30000000000045 0.2580571570085399
67.40000000000045 0.2580571570085408
67.50000000000044 0.2580571570085418
67.60000000000043 0.2580571570085426
67.70000000000043 0.2580571570085436
67.80000000000042 0.2580571570085445
67.90000000000042 0.2580571570085454
68.00000000000041 0.2580571570085463
68.10000000000041 0.2580571570085473
68.2000000000004 0.2580571570085481
68.3000000000004 0.258057157008549
68.40000000000039 0.2580571570085499
68.50000000000038 0.2580571570085508
68.60000000000038 0.2580571570085516
68.70000000000037 0.2580571570085525
68.80000000000037 0.2580571570085534
68.90000000000036 0.2580571570085542
69.00000000000036 0.2580571570085551
69.10000000000035 0.2580571570085559
69.20000000000034 0.2580571570085568
69.30000000000034 0.2580571570085576
69.40000000000033 0.2580571570085585
69.50000000000033 0.2580571570085594
69.60000000000032 0.2580571570085602
69.70000000000032 0.258057157008561
69.80000000000031 0.2580571570085618
69.9000000000003 0.2580571570085626
70.0000000000003 0.2580571570085634
70.10000000000029 0.2580571570085642
70.20000000000029 0.258057157008565
70.30000000000028 0.2580571570085657
70.40000000000028 0.2580571570085665
70.50000000000027 0.2580571570085673
70.60000000000026 0.258057157008568
70.70000000000026 0.2580571570085688
70.80000000000025 0.2580571570085696
70.90000000000025 0.2580571570085703
71.00000000000024 0.2580571570085711
71.10000000000024 0.2580571570085718
71.20000000000023 0.2580571570085726
71.30000000000022 0.2580571570085733
71.40000000000022 0.2580571570085741
71.50000000000021 0.2580571570085748
71.60000000000021 0.2580571570085755
71.7000000000002 0.2580571570085762
71.8000000000002 0.258057157008577
71.90000000000019 0.2580571570085777
72.00000000000018 0.2580571570085784
72.10000000000018 0.2580571570085791
72.20000000000017 0.2580571570085798
72.30000000000017 0.2580571570085806
72.40000000000016 0.2580571570085812
72.50000000000016 0.2580571570085819
72.60000000000015 0.2580571570085826
72.70000000000014 0.2580571570085833
72.80000000000014 0.2580571570085841
72.90000000000013 0.2580571570085847
73.00000000000013 0.2580571570085853
73.10000000000012 0.2580571570085861
73.20000000000012 0.2580571570085867
73.30000000000011 0.2580571570085873
73.40000000000011 0.2580571570085879
73.5000000000001 0.2580571570085886
73.60000000000009 0.2580571570085893
73.70000000000009 0.25805715700859
73.80000000000008 0.2580571570085906
73.90000000000008 0.2580571570085912
74.00000000000007 0.2580571570085918
74.10000000000007 0.2580571570085925
74.20000000000006 0.2580571570085931
74.30000000000005 0.2580571570085937
74.40000000000005 0.2580571570085943
74.50000000000004 0.2580571570085949
74.60000000000004 0.2580571570085956
74.70000000000003 0.2580571570085962
74.80000000000003 0.2580571570085969
74.90000000000002 0.2580571570085975
75.00000000000001 0.2580571570085981
75.10000000000001 0.2580571570085988
75.2 0.2580571570085993
75.3 0.2580571570086
75.39999999999999 0.2580571570086005
75.49999999999999 0.2580571570086011
75.59999999999998 0.2580571570086017
75.69999999999997 0.2580571570086023
75.79999999999997 0.2580571570086028
75.89999999999996 0.2580571570086034
75.99999999999996 0.2580571570086039
76.09999999999995 0.2580571570086045
76.19999999999995 0.2580571570086052
76.29999999999994 0.2580571570086057
76.39999999999993 0.2580571570086062
76.49999999999993 0.2580571570086067
76.59999999999992 0.2580571570086073
76.69999999999992 0.2580571570086079
76.79999999999991 0.2580571570086084
76.89999999999991 0.2580571570086089
76.9999999999999 0.2580571570086095
77.09999999999989 0.25805715700861
77.19999999999989 0.2580571570086106
77.29999999999988 0.2580571570086111
77.39999999999988 0.2580571570086116
77.49999999999987 0.2580571570086121
77.59999999999987 0.2580571570086126
77.69999999999986 0.2580571570086131
77.79999999999986 0.2580571570086136
77.89999999999985 0.2580571570086141
77.99999999999984 0.2580571570086146
78.09999999999984 0.2580571570086152
78.19999999999983 0.2580571570086156
78.29999999999983 0.2580571570086162
78.39999999999982 0.2580571570086166
78.49999999999982 0.2580571570086172
78.59999999999981 0.2580571570086177
78.6999999999998 0.2580571570086181
78.7999999999998 0.2580571570086187
78.89999999999979 0.2580571570086191
78.99999999999979 0.2580571570086197
79.09999999999978 0.2580571570086201
79.19999999999978 0.2580571570086207
79.29999999999977 0.2580571570086211
79.39999999999976 0.2580571570086216
79.49999999999976 0.2580571570086221
79.59999999999975 0.2580571570086226
79.69999999999975 0.2580571570086231
79.79999999999974 0.2580571570086235
79.89999999999974 0.2580571570086239
79.99999999999973 0.2580571570086244
80.09999999999972 0.2580571570086249
80.19999999999972 0.2580571570086252
80.29999999999971 0.2580571570086257
80.39999999999971 0.2580571570086262
80.4999999999997 0.2580571570086266
80.5999999999997 0.258057157008627
80.69999999999969 0.2580571570086275
80.79999999999968 0.258057157008628
80.89999999999968 0.2580571570086285
80.99999999999967 0.2580571570086289
81.09999999999967 0.2580571570086293
81.19999999999966 0.2580571570086297
81.29999999999966 0.2580571570086302
81.39999999999965 0.2580571570086307
81.49999999999964 0.2580571570086311
81.59999999999964 0.2580571570086315
81.69999999999963 0.258057157008632
81.79999999999963 0.2580571570086324
81.89999999999962 0.2580571570086327
81.99999999999962 0.2580571570086332
82.09999999999961 0.2580571570086337
82.1999999999996 0.258057157008634
82.2999999999996 0.2580571570086344
82.39999999999959 0.2580571570086348
82.49999999999959 0.2580571570086352
82.59999999999958 0.2580571570086357
82.69999999999958 0.258057157008636
82.79999999999957 0.2580571570086365
82.89999999999957 0.2580571570086369
82.99999999999956 0.2580571570086372
83.09999999999955 0.2580571570086377
83.19999999999955 0.258057157008638
83.29999999999954 0.2580571570086385
83.39999999999954 0.2580571570086388
83.49999999999953 0.2580571570086392
83.59999999999953 0.2580571570086396
83.69999999999952 0.25805715700864
83.79999999999951 0.2580571570086404
83.89999999999951 0.2580571570086407
83.9999999999995 0.2580571570086411
84.0999999999995 0.2580571570086415
84.19999999999949 0.2580571570086418
84.29999999999949 0.2580571570086423
84.39999999999948 0.2580571570086427
84.49999999999947 0.258057157008643
84.59999999999947 0.2580571570086434
84.69999999999946 0.2580571570086438
84.79999999999946 0.2580571570086441
84.89999999999945 0.2580571570086445
84.99999999999945 0.2580571570086448
85.09999999999944 0.2580571570086452
85.19999999999943 0.2580571570086456
85.29999999999943 0.2580571570086459
85.39999999999942 0.2580571570086463
85.49999999999942 0.2580571570086466
85.59999999999941 0.2580571570086469
85.69999999999941 0.2580571570086473
85.7999999999994 0.2580571570086476
85.89999999999939 0.258057157008648
85.99999999999939 0.2580571570086482
86.09999999999938 0.2580571570086486
86.19999999999938 0.258057157008649
86.29999999999937 0.2580571570086493
86.39999999999937 0.2580571570086497
86.49999999999936 0.25805715700865
86.59999999999935 0.2580571570086504
86.69999999999935 0.2580571570086507
86.79999999999934 0.258057157008651
86.89999999999934 0.2580571570086513
86.99999999999933 0.2580571570086516
87.09999999999933 0.2580571570086519
87.19999999999932 0.2580571570086522
87.29999999999932 0.2580571570086526
87.39999999999931 0.2580571570086528
87.4999999999993 0.2580571570086532
87.5999999999993 0.2580571570086535
87.69999999999929 0.2580571570086538
87.79999999999929 0.2580571570086541
87.89999999999928 0.2580571570086544
87.99999999999928 0.2580571570086547
88.09999999999927 0.258057157008655
88.19999999999926 0.2580571570086553
88.29999999999926 0.2580571570086556
88.39999999999925 0.2580571570086559
88.49999999999925 0.2580571570086562
88.59999999999924 0.2580571570086566
88.69999999999924 0.2580571570086569
88.79999999999923 0.2580571570086571
88.89999999999922 0.2580571570086575
88.99999999999922 0.2580571570086577
89.09999999999921 0.258057157008658
89.19999999999921 0.2580571570086583
89.2999999999992 0.2580571570086586
89.3999999999992 0.2580571570086589
89.49999999999919 0.2580571570086592
89.59999999999918 0.2580571570086595
89.69999999999918 0.2580571570086598
89.79999999999917 0.2580571570086601
89.89999999999917 0.2580571570086603
89.99999999999916 0.2580571570086607
90.09999999999916 0.258057157008661
90.19999999999915 0.2580571570086613
90.29999999999914 0.2580571570086616
90.39999999999914 0.2580571570086618
90.49999999999913 0.2580571570086621
90.59999999999913 0.2580571570086623
90.69999999999912 0.2580571570086626
90.79999999999912 0.2580571570086629
90.89999999999911 0.2580571570086632
90.9999999999991 0.2580571570086635
91.0999999999991 0.2580571570086638
91.19999999999909 0.2580571570086641
91.29999999999909 0.2580571570086643
91.39999999999908 0.2580571570086646
91.49999999999908 0.2580571570086649
91.59999999999907 0.2580571570086652
91.69999999999906 0.2580571570086654
91.79999999999906 0.2580571570086657
91.89999999999905 0.2580571570086659
91.99999999999905 0.2580571570086662
92.09999999999904 0.2580571570086664
92.19999999999904 0.2580571570086667
92.29999999999903 0.2580571570086669
92.39999999999903 0.2580571570086672
92.49999999999902 0.2580571570086674
92.59999999999901 0.2580571570086678
92.69999999999901 0.258057157008668
92.799999999999 0.2580571570086683
92.899999999999 0.2580571570086684
92.99999999999899 0.2580571570086687
93.09999999999899 0.258057157008669
93.19999999999898 0.2580571570086693
93.29999999999897 0.2580571570086695
93.39999999999897 0.2580571570086698
93.49999999999896 0.25805715700867
93.59999999999896 0.2580571570086702
93.69999999999895 0.2580571570086705
93.79999999999895 0.2580571570086708
93.89999999999894 0.258057157008671
93.99999999999893 0.2580571570086713
94.09999999999893 0.2580571570086715
94.19999999999892 0.2580571570086718
94.29999999999892 0.258057157008672
94.39999999999891 0.2580571570086722
94.49999999999891 0.2580571570086724
94.5999999999989 0.2580571570086727
94.69999999999889 0.2580571570086729
94.79999999999889 0.2580571570086732
94.89999999999888 0.2580571570086733
94.99999999999888 0.2580571570086736
95.09999999999887 0.2580571570086738
95.19999999999887 0.258057157008674
95.29999999999886 0.2580571570086743
95.39999999999885 0.2580571570086745
95.49999999999885 0.2580571570086748
95.59999999999884 0.258057157008675
95.69999999999884 0.2580571570086752
95.79999999999883 0.2580571570086754
95.89999999999883 0.2580571570086757
95.99999999999882 0.2580571570086759
96.09999999999881 0.258057157008676
96.19999999999881 0.2580571570086763
96.2999999999988 0.2580571570086765
96.3999999999988 0.2580571570086768
96.49999999999879 0.2580571570086769
96.59999999999879 0.2580571570086771
96.69999999999878 0.2580571570086774
96.79999999999878 0.2580571570086775
96.89999999999877 0.2580571570086777
96.99999999999876 0.2580571570086779
97.09999999999876 0.2580571570086782
97.19999999999875 0.2580571570086784
97.29999999999875 0.2580571570086786
97.39999999999874 0.2580571570086788
97.49999999999874 0.258057157008679
97.59999999999873 0.2580571570086793
97.69999999999872 0.2580571570086794
97.79999999999872 0.2580571570086796
97.89999999999871 0.2580571570086798
97.99999999999871 0.25805715700868
98.0999999999987 0.2580571570086803
98.1999999999987 0.2580571570086804
98.29999999999869 0.2580571570086806
98.39999999999868 0.2580571570086808
98.49999999999868 0.258057157008681
98.59999999999867 0.2580571570086811
98.69999999999867 0.2580571570086814
98.79999999999866 0.2580571570086815
98.89999999999866 0.2580571570086817
98.99999999999865 0.2580571570086819
99.09999999999864 0.2580571570086821
99.19999999999864 0.2580571570086824
99.29999999999863 0.2580571570086826
99.39999999999863 0.2580571570086828
99.49999999999862 0.258057157008683
99.59999999999862 0.2580571570086831
99.69999999999861 0.2580571570086834
99.7999999999986 0.2580571570086835
99.8999999999986 0.2580571570086837
99.99999999999859 0.2580571570086839
100.0999999999986 0.2580571570086841
