0 -0.0009775776750000002
0.1 -0.0009775776754361706
0.2 -0.0009775776777526427
0.3 -0.0009775776823600841
0.4 -0.0009775776901261601
0.5 -0.0009775777026522704
0.6 -0.000977577722842166
0.7 -0.0009775777560802699
0.7999999999999999 -0.0009775778127833995
0.8999999999999999 -0.0009775779142837473
0.9999999999999999 -0.0009775781074989986
1.1 -0.0009775785052380491
1.2 -0.000977579411272128
1.3 -0.0009775817746462822
1.4 -0.0009775892317467859
1.5 -0.0009776205920336829
1.6 -0.0009778351032120585
1.7 -0.0009819180182031612
1.8 -0.01342279711765023
1.900000000000001 0.1022240115513917
2 0.1022357111777105
2.100000000000001 0.1022360054051885
2.200000000000001 0.1022360369571452
2.300000000000001 0.1022360432249078
2.400000000000001 0.1022360449862005
2.500000000000001 0.10223604560502
2.600000000000001 0.1022360458591875
2.700000000000001 0.1022360459763546
2.800000000000001 0.1022360460353845
2.900000000000001 0.1022360460672968
3.000000000000001 0.1022360460855668
3.100000000000001 0.1022360460965357
3.200000000000002 0.1022360461033903
3.300000000000002 0.1022360461078229
3.400000000000002 0.1022360461107754
3.500000000000002 0.1022360461127934
3.600000000000002 0.1022360461142043
3.700000000000002 0.102236046115211
3.800000000000002 0.1022360461159422
3.900000000000002 0.1022360461164819
4.000000000000002 0.1022360461168863
4.100000000000001 0.1022360461171933
4.200000000000001 0.1022360461174292
4.300000000000001 0.1022360461176124
4.4 0.1022360461177563
4.5 0.1022360461178702
4.6 0.1022360461179613
4.699999999999999 0.1022360461180346
4.799999999999999 0.1022360461180942
4.899999999999999 0.102236046118143
4.999999999999998 0.1022360461181831
5.099999999999998 0.1022360461182163
5.199999999999998 0.1022360461182439
5.299999999999997 0.1022360461182671
5.399999999999997 0.1022360461182866
5.499999999999996 0.102236046118303
5.599999999999996 0.102236046118317
5.699999999999996 0.1022360461183289
5.799999999999995 0.1022360461183391
5.899999999999995 0.1022360461183479
5.999999999999995 0.1022360461183555
6.099999999999994 0.102236046118362
6.199999999999994 0.1022360461183678
6.299999999999994 0.1022360461183727
6.399999999999993 0.1022360461183771
6.499999999999993 0.1022360461183809
6.599999999999993 0.1022360461183842
6.699999999999992 0.1022360461183872
6.799999999999992 0.1022360461183898
6.899999999999991 0.1022360461183921
6.999999999999991 0.1022360461183942
7.099999999999991 0.102236046118396
7.19999999999999 0.1022360461183976
7.29999999999999 0.1022360461183991
7.39999999999999 0.1022360461184004
7.499999999999989 0.1022360461184016
7.599999999999989 0.1022360461184026
7.699999999999989 0.1022360461184036
7.799999999999988 0.1022360461184045
7.899999999999988 0.1022360461184052
7.999999999999988 0.1022360461184059
8.099999999999987 0.1022360461184066
8.199999999999987 0.1022360461184072
8.299999999999986 0.1022360461184078
8.399999999999986 0.1022360461184082
8.499999999999986 0.1022360461184086
8.599999999999985 0.102236046118409
8.699999999999985 0.1022360461184094
8.799999999999985 0.1022360461184097
8.899999999999984 0.10223604611841
8.999999999999984 0.1022360461184103
9.099999999999984 0.1022360461184105
9.199999999999983 0.1022360461184107
9.299999999999983 0.102236046118411
9.399999999999983 0.1022360461184112
9.499999999999982 0.1022360461184113
9.599999999999982 0.1022360461184115
9.699999999999982 0.1022360461184117
9.799999999999981 0.1022360461184118
9.899999999999981 0.1022360461184119
9.99999999999998 0.102236046118412
10.09999999999998 0.1022360461184121
10.19999999999998 0.1022360461184122
10.29999999999998 0.1022360461184123
10.39999999999998 0.1022360461184124
10.49999999999998 0.1022360461184125
10.59999999999998 0.1022360461184126
10.69999999999998 0.1022360461184127
10.79999999999998 0.1022360461184127
10.89999999999998 0.1022360461184128
10.99999999999998 0.1022360461184128
11.09999999999998 0.1022360461184129
11.19999999999998 0.102236046118413
11.29999999999998 0.102236046118413
11.39999999999998 0.1022360461184131
11.49999999999998 0.1022360461184131
11.59999999999997 0.1022360461184131
11.69999999999997 0.1022360461184132
11.79999999999997 0.1022360461184132
11.89999999999997 0.1022360461184133
11.99999999999997 0.1022360461184133
12.09999999999997 0.1022360461184134
12.19999999999997 0.1022360461184134
12.29999999999997 0.1022360461184134
12.39999999999997 0.1022360461184134
12.49999999999997 0.1022360461184135
12.59999999999997 0.1022360461184135
12.69999999999997 0.1022360461184135
12.79999999999997 0.1022360461184135
12.89999999999997 0.1022360461184135
12.99999999999997 0.1022360461184135
13.09999999999997 0.1022360461184135
13.19999999999997 0.1022360461184135
13.29999999999997 0.1022360461184136
13.39999999999997 0.1022360461184136
13.49999999999997 0.1022360461184136
13.59999999999997 0.1022360461184136
13.69999999999997 0.1022360461184137
13.79999999999997 0.1022360461184137
13.89999999999997 0.1022360461184137
13.99999999999997 0.1022360461184137
14.09999999999997 0.1022360461184137
14.19999999999997 0.1022360461184137
14.29999999999997 0.1022360461184137
14.39999999999996 0.1022360461184137
14.49999999999996 0.1022360461184137
14.59999999999996 0.1022360461184137
14.69999999999996 0.1022360461184138
14.79999999999996 0.1022360461184138
14.89999999999996 0.1022360461184138
14.99999999999996 0.1022360461184138
15.09999999999996 0.1022360461184138
15.19999999999996 0.1022360461184138
15.29999999999996 0.1022360461184138
15.39999999999996 0.1022360461184138
15.49999999999996 0.1022360461184138
15.59999999999996 0.1022360461184138
15.69999999999996 0.1022360461184138
15.79999999999996 0.1022360461184138
15.89999999999996 0.1022360461184138
15.99999999999996 0.1022360461184138
16.09999999999996 0.1022360461184138
16.19999999999996 0.1022360461184138
16.29999999999996 0.1022360461184139
16.39999999999996 0.1022360461184139
16.49999999999996 0.1022360461184139
16.59999999999997 0.1022360461184139
16.69999999999997 0.1022360461184139
16.79999999999997 0.1022360461184139
16.89999999999997 0.1022360461184139
16.99999999999997 0.1022360461184139
17.09999999999997 0.1022360461184139
17.19999999999997 0.1022360461184139
17.29999999999998 0.102236046118414
17.39999999999998 0.1022360461184139
17.49999999999998 0.1022360461184139
17.59999999999998 0.102236046118414
17.69999999999998 0.1022360461184139
17.79999999999998 0.102236046118414
17.89999999999998 0.102236046118414
17.99999999999999 0.102236046118414
18.09999999999999 0.102236046118414
18.19999999999999 0.102236046118414
18.29999999999999 0.102236046118414
18.39999999999999 0.102236046118414
18.49999999999999 0.102236046118414
18.59999999999999 0.102236046118414
18.7 0.102236046118414
18.8 0.102236046118414
18.9 0.102236046118414
19 0.102236046118414
19.1 0.1022360461184141
19.2 0.1022360461184141
19.3 0.1022360461184141
19.40000000000001 0.1022360461184141
19.50000000000001 0.1022360461184141
19.60000000000001 0.1022360461184141
19.70000000000001 0.1022360461184141
19.80000000000001 0.102236046118414
19.90000000000001 0.102236046118414
20.00000000000001 0.102236046118414
20.10000000000002 0.102236046118414
20.20000000000002 0.102236046118414
20.30000000000002 0.102236046118414
20.40000000000002 0.102236046118414
20.50000000000002 0.102236046118414
20.60000000000002 0.102236046118414
20.70000000000002 0.102236046118414
20.80000000000003 0.102236046118414
20.90000000000003 0.102236046118414
21.00000000000003 0.102236046118414
21.10000000000003 0.1022360461184139
21.20000000000003 0.1022360461184139
21.30000000000003 0.102236046118414
21.40000000000003 0.102236046118414
21.50000000000004 0.102236046118414
21.60000000000004 0.102236046118414
21.70000000000004 0.102236046118414
21.80000000000004 0.102236046118414
21.90000000000004 0.102236046118414
22.00000000000004 0.102236046118414
22.10000000000004 0.102236046118414
22.20000000000005 0.102236046118414
22.30000000000005 0.102236046118414
22.40000000000005 0.1022360461184141
22.50000000000005 0.102236046118414
22.60000000000005 0.102236046118414
22.70000000000005 0.102236046118414
22.80000000000005 0.102236046118414
22.90000000000006 0.102236046118414
23.00000000000006 0.102236046118414
23.10000000000006 0.102236046118414
23.20000000000006 0.102236046118414
23.30000000000006 0.102236046118414
23.40000000000006 0.102236046118414
23.50000000000006 0.1022360461184139
23.60000000000007 0.1022360461184139
23.70000000000007 0.102236046118414
23.80000000000007 0.1022360461184139
23.90000000000007 0.102236046118414
24.00000000000007 0.102236046118414
24.10000000000007 0.102236046118414
24.20000000000007 0.102236046118414
24.30000000000008 0.102236046118414
24.40000000000008 0.1022360461184141
24.50000000000008 0.1022360461184141
24.60000000000008 0.1022360461184141
24.70000000000008 0.1022360461184141
24.80000000000008 0.1022360461184141
24.90000000000008 0.1022360461184141
25.00000000000009 0.1022360461184141
25.10000000000009 0.1022360461184141
25.20000000000009 0.1022360461184141
25.30000000000009 0.1022360461184141
25.40000000000009 0.1022360461184141
25.50000000000009 0.1022360461184142
25.60000000000009 0.1022360461184142
25.7000000000001 0.1022360461184141
25.8000000000001 0.1022360461184141
25.9000000000001 0.1022360461184141
26.0000000000001 0.1022360461184142
26.1000000000001 0.1022360461184142
26.2000000000001 0.1022360461184141
26.3000000000001 0.1022360461184141
26.40000000000011 0.1022360461184142
26.50000000000011 0.1022360461184142
26.60000000000011 0.1022360461184142
26.70000000000011 0.1022360461184141
26.80000000000011 0.1022360461184141
26.90000000000011 0.1022360461184141
27.00000000000011 0.1022360461184141
27.10000000000012 0.1022360461184141
27.20000000000012 0.1022360461184141
27.30000000000012 0.1022360461184142
27.40000000000012 0.1022360461184142
27.50000000000012 0.1022360461184142
27.60000000000012 0.1022360461184142
27.70000000000012 0.1022360461184142
27.80000000000013 0.1022360461184142
27.90000000000013 0.1022360461184142
28.00000000000013 0.1022360461184142
28.10000000000013 0.1022360461184142
28.20000000000013 0.1022360461184142
28.30000000000013 0.1022360461184142
28.40000000000013 0.1022360461184142
28.50000000000014 0.1022360461184141
28.60000000000014 0.1022360461184141
28.70000000000014 0.1022360461184141
28.80000000000014 0.1022360461184141
28.90000000000014 0.1022360461184141
29.00000000000014 0.1022360461184141
29.10000000000014 0.1022360461184141
29.20000000000014 0.1022360461184141
29.30000000000015 0.1022360461184141
29.40000000000015 0.1022360461184141
29.50000000000015 0.1022360461184141
29.60000000000015 0.1022360461184141
29.70000000000015 0.1022360461184141
29.80000000000015 0.1022360461184141
29.90000000000015 0.1022360461184141
30.00000000000016 0.1022360461184141
30.10000000000016 0.1022360461184141
30.20000000000016 0.1022360461184141
30.30000000000016 0.1022360461184141
30.40000000000016 0.1022360461184141
30.50000000000016 0.1022360461184141
30.60000000000016 0.1022360461184141
30.70000000000017 0.1022360461184141
30.80000000000017 0.1022360461184141
30.90000000000017 0.1022360461184141
31.00000000000017 0.1022360461184141
31.10000000000017 0.1022360461184141
31.20000000000017 0.1022360461184141
31.30000000000017 0.1022360461184141
31.40000000000018 0.102236046118414
31.50000000000018 0.102236046118414
31.60000000000018 0.1022360461184141
31.70000000000018 0.1022360461184141
31.80000000000018 0.1022360461184141
31.90000000000018 0.1022360461184141
32.00000000000018 0.1022360461184141
32.10000000000019 0.1022360461184141
32.20000000000019 0.1022360461184141
32.30000000000019 0.1022360461184141
32.40000000000019 0.1022360461184141
32.50000000000019 0.1022360461184142
32.60000000000019 0.1022360461184141
32.70000000000019 0.1022360461184141
32.8000000000002 0.1022360461184141
32.9000000000002 0.1022360461184141
33.0000000000002 0.1022360461184141
33.1000000000002 0.1022360461184141
33.2000000000002 0.1022360461184141
33.3000000000002 0.1022360461184141
33.4000000000002 0.1022360461184141
33.50000000000021 0.1022360461184141
33.60000000000021 0.1022360461184141
33.70000000000021 0.1022360461184141
33.80000000000021 0.1022360461184141
33.90000000000021 0.1022360461184141
34.00000000000021 0.1022360461184141
34.10000000000021 0.1022360461184141
34.20000000000022 0.1022360461184141
34.30000000000022 0.1022360461184141
34.40000000000022 0.1022360461184142
34.50000000000022 0.1022360461184142
34.60000000000022 0.1022360461184142
34.70000000000022 0.1022360461184142
34.80000000000022 0.1022360461184142
34.90000000000023 0.1022360461184142
35.00000000000023 0.1022360461184142
35.10000000000023 0.1022360461184142
35.20000000000023 0.1022360461184142
35.30000000000023 0.1022360461184142
35.40000000000023 0.1022360461184142
35.50000000000023 0.1022360461184142
35.60000000000024 0.1022360461184142
35.70000000000024 0.1022360461184142
35.80000000000024 0.1022360461184142
35.90000000000024 0.1022360461184142
36.00000000000024 0.1022360461184142
36.10000000000024 0.1022360461184142
36.20000000000024 0.1022360461184142
36.30000000000025 0.1022360461184142
36.40000000000025 0.1022360461184142
36.50000000000025 0.1022360461184142
36.60000000000025 0.1022360461184142
36.70000000000025 0.1022360461184142
36.80000000000025 0.1022360461184142
36.90000000000025 0.1022360461184142
37.00000000000026 0.1022360461184142
37.10000000000026 0.1022360461184142
37.20000000000026 0.1022360461184142
37.30000000000026 0.1022360461184142
37.40000000000026 0.1022360461184142
37.50000000000026 0.1022360461184142
37.60000000000026 0.1022360461184143
37.70000000000027 0.1022360461184142
37.80000000000027 0.1022360461184143
37.90000000000027 0.1022360461184142
38.00000000000027 0.1022360461184142
38.10000000000027 0.1022360461184142
38.20000000000027 0.1022360461184142
38.30000000000027 0.1022360461184142
38.40000000000028 0.1022360461184142
38.50000000000028 0.1022360461184142
38.60000000000028 0.1022360461184142
38.70000000000028 0.1022360461184142
38.80000000000028 0.1022360461184142
38.90000000000028 0.1022360461184142
39.00000000000028 0.1022360461184143
39.10000000000029 0.1022360461184143
39.20000000000029 0.1022360461184143
39.30000000000029 0.1022360461184143
39.40000000000029 0.1022360461184143
39.50000000000029 0.1022360461184142
39.60000000000029 0.1022360461184142
39.70000000000029 0.1022360461184143
39.8000000000003 0.1022360461184142
39.9000000000003 0.1022360461184142
40.0000000000003 0.1022360461184142
40.1000000000003 0.1022360461184142
40.2000000000003 0.1022360461184142
40.3000000000003 0.1022360461184142
40.4000000000003 0.1022360461184142
40.50000000000031 0.1022360461184142
40.60000000000031 0.1022360461184142
40.70000000000031 0.1022360461184142
40.80000000000031 0.1022360461184142
40.90000000000031 0.1022360461184142
41.00000000000031 0.1022360461184143
41.10000000000031 0.1022360461184142
41.20000000000032 0.1022360461184142
41.30000000000032 0.1022360461184142
41.40000000000032 0.1022360461184142
41.50000000000032 0.1022360461184141
41.60000000000032 0.1022360461184142
41.70000000000032 0.1022360461184142
41.80000000000032 0.1022360461184142
41.90000000000033 0.1022360461184142
42.00000000000033 0.1022360461184142
42.10000000000033 0.1022360461184142
42.20000000000033 0.1022360461184142
42.30000000000033 0.1022360461184142
42.40000000000033 0.1022360461184142
42.50000000000033 0.1022360461184142
42.60000000000034 0.1022360461184142
42.70000000000034 0.1022360461184142
42.80000000000034 0.1022360461184142
42.90000000000034 0.1022360461184141
43.00000000000034 0.1022360461184142
43.10000000000034 0.1022360461184142
43.20000000000034 0.1022360461184142
43.30000000000035 0.1022360461184142
43.40000000000035 0.1022360461184142
43.50000000000035 0.1022360461184142
43.60000000000035 0.1022360461184142
43.70000000000035 0.1022360461184142
43.80000000000035 0.1022360461184142
43.90000000000035 0.1022360461184142
44.00000000000036 0.1022360461184142
44.10000000000036 0.1022360461184142
44.20000000000036 0.1022360461184141
44.30000000000036 0.1022360461184142
44.40000000000036 0.1022360461184142
44.50000000000036 0.1022360461184142
44.60000000000036 0.1022360461184142
44.70000000000037 0.1022360461184142
44.80000000000037 0.1022360461184142
44.90000000000037 0.1022360461184142
45.00000000000037 0.1022360461184142
45.10000000000037 0.1022360461184142
45.20000000000037 0.1022360461184142
45.30000000000037 0.1022360461184143
45.40000000000038 0.1022360461184142
45.50000000000038 0.1022360461184142
45.60000000000038 0.1022360461184142
45.70000000000038 0.1022360461184142
45.80000000000038 0.1022360461184142
45.90000000000038 0.1022360461184142
46.00000000000038 0.1022360461184141
46.10000000000039 0.1022360461184141
46.20000000000039 0.1022360461184141
46.30000000000039 0.1022360461184141
46.40000000000039 0.1022360461184141
46.50000000000039 0.1022360461184141
46.60000000000039 0.1022360461184141
46.70000000000039 0.1022360461184141
46.8000000000004 0.1022360461184141
46.9000000000004 0.1022360461184141
47.0000000000004 0.1022360461184141
47.1000000000004 0.1022360461184141
47.2000000000004 0.1022360461184141
47.3000000000004 0.1022360461184141
47.4000000000004 0.1022360461184141
47.50000000000041 0.1022360461184142
47.60000000000041 0.1022360461184141
47.70000000000041 0.1022360461184141
47.80000000000041 0.1022360461184142
47.90000000000041 0.1022360461184142
48.00000000000041 0.1022360461184142
48.10000000000041 0.1022360461184142
48.20000000000041 0.1022360461184142
48.30000000000042 0.1022360461184142
48.40000000000042 0.1022360461184143
48.50000000000042 0.1022360461184142
48.60000000000042 0.1022360461184142
48.70000000000042 0.1022360461184142
48.80000000000042 0.1022360461184143
48.90000000000042 0.1022360461184142
49.00000000000043 0.1022360461184142
49.10000000000043 0.1022360461184142
49.20000000000043 0.1022360461184142
49.30000000000043 0.1022360461184142
49.40000000000043 0.1022360461184143
49.50000000000043 0.1022360461184142
49.60000000000043 0.1022360461184142
49.70000000000044 0.1022360461184142
49.80000000000044 0.1022360461184142
49.90000000000044 0.1022360461184142
50.00000000000044 0.1022360461184142
50.10000000000044 0.1022360461184142
50.20000000000044 0.1022360461184142
50.30000000000044 0.1022360461184142
50.40000000000045 0.1022360461184142
50.50000000000045 0.1022360461184142
50.60000000000045 0.1022360461184142
50.70000000000045 0.1022360461184142
50.80000000000045 0.1022360461184142
50.90000000000045 0.1022360461184142
51.00000000000045 0.1022360461184142
51.10000000000046 0.1022360461184142
51.20000000000046 0.1022360461184142
51.30000000000046 0.1022360461184142
51.40000000000046 0.1022360461184143
51.50000000000046 0.1022360461184143
51.60000000000046 0.1022360461184143
51.70000000000046 0.1022360461184143
51.80000000000047 0.1022360461184143
51.90000000000047 0.1022360461184143
52.00000000000047 0.1022360461184143
52.10000000000047 0.1022360461184142
52.20000000000047 0.1022360461184142
52.30000000000047 0.1022360461184142
52.40000000000047 0.1022360461184142
52.50000000000048 0.1022360461184142
52.60000000000048 0.1022360461184142
52.70000000000048 0.1022360461184142
52.80000000000048 0.1022360461184142
52.90000000000048 0.1022360461184142
53.00000000000048 0.1022360461184142
53.10000000000048 0.1022360461184143
53.20000000000049 0.1022360461184143
53.30000000000049 0.1022360461184143
53.40000000000049 0.1022360461184143
53.50000000000049 0.1022360461184143
53.60000000000049 0.1022360461184142
53.70000000000049 0.1022360461184142
53.80000000000049 0.1022360461184142
53.9000000000005 0.1022360461184142
54.0000000000005 0.1022360461184142
54.1000000000005 0.1022360461184142
54.2000000000005 0.1022360461184142
54.3000000000005 0.1022360461184142
54.4000000000005 0.1022360461184142
54.5000000000005 0.1022360461184142
54.60000000000051 0.1022360461184142
54.70000000000051 0.1022360461184142
54.80000000000051 0.1022360461184142
54.90000000000051 0.1022360461184142
55.00000000000051 0.1022360461184142
55.10000000000051 0.1022360461184142
55.20000000000051 0.1022360461184142
55.30000000000052 0.1022360461184142
55.40000000000052 0.1022360461184142
55.50000000000052 0.1022360461184142
55.60000000000052 0.1022360461184142
55.70000000000052 0.1022360461184143
55.80000000000052 0.1022360461184142
55.90000000000052 0.1022360461184143
56.00000000000053 0.1022360461184142
56.10000000000053 0.1022360461184142
56.20000000000053 0.1022360461184143
56.30000000000053 0.1022360461184142
56.40000000000053 0.1022360461184143
56.50000000000053 0.1022360461184142
56.60000000000053 0.1022360461184142
56.70000000000054 0.1022360461184142
56.80000000000054 0.1022360461184142
56.90000000000054 0.1022360461184142
57.00000000000054 0.1022360461184142
57.10000000000054 0.1022360461184142
57.20000000000054 0.1022360461184142
57.30000000000054 0.1022360461184143
57.40000000000055 0.1022360461184143
57.50000000000055 0.1022360461184143
57.60000000000055 0.1022360461184143
57.70000000000055 0.1022360461184142
57.80000000000055 0.1022360461184142
57.90000000000055 0.1022360461184142
58.00000000000055 0.1022360461184142
58.10000000000056 0.1022360461184142
58.20000000000056 0.1022360461184142
58.30000000000056 0.1022360461184142
58.40000000000056 0.1022360461184143
58.50000000000056 0.1022360461184143
58.60000000000056 0.1022360461184143
58.70000000000056 0.1022360461184144
58.80000000000057 0.1022360461184143
58.90000000000057 0.1022360461184144
59.00000000000057 0.1022360461184144
59.10000000000057 0.1022360461184144
59.20000000000057 0.1022360461184144
59.30000000000057 0.1022360461184144
59.40000000000057 0.1022360461184144
59.50000000000058 0.1022360461184144
59.60000000000058 0.1022360461184144
59.70000000000058 0.1022360461184144
59.80000000000058 0.1022360461184144
59.90000000000058 0.1022360461184143
60.00000000000058 0.1022360461184143
60.10000000000058 0.1022360461184144
60.20000000000059 0.1022360461184144
60.30000000000059 0.1022360461184144
60.40000000000059 0.1022360461184144
60.50000000000059 0.1022360461184144
60.60000000000059 0.1022360461184144
60.70000000000059 0.1022360461184144
60.80000000000059 0.1022360461184144
60.9000000000006 0.1022360461184144
61.0000000000006 0.1022360461184144
61.1000000000006 0.1022360461184144
61.2000000000006 0.1022360461184144
61.3000000000006 0.1022360461184144
61.4000000000006 0.1022360461184144
61.5000000000006 0.1022360461184145
61.60000000000061 0.1022360461184145
61.70000000000061 0.1022360461184144
61.80000000000061 0.1022360461184144
61.90000000000061 0.1022360461184144
62.00000000000061 0.1022360461184144
62.10000000000061 0.1022360461184144
62.20000000000061 0.1022360461184145
62.30000000000062 0.1022360461184145
62.40000000000062 0.1022360461184145
62.50000000000062 0.1022360461184144
62.60000000000062 0.1022360461184145
62.70000000000062 0.1022360461184144
62.80000000000062 0.1022360461184144
62.90000000000062 0.1022360461184144
63.00000000000063 0.1022360461184144
63.10000000000063 0.1022360461184145
63.20000000000063 0.1022360461184144
63.30000000000063 0.1022360461184144
63.40000000000063 0.1022360461184144
63.50000000000063 0.1022360461184144
63.60000000000063 0.1022360461184144
63.70000000000064 0.1022360461184145
63.80000000000064 0.1022360461184145
63.90000000000064 0.1022360461184145
64.00000000000064 0.1022360461184144
64.10000000000063 0.1022360461184144
64.20000000000063 0.1022360461184144
64.30000000000062 0.1022360461184145
64.40000000000062 0.1022360461184145
64.50000000000061 0.1022360461184145
64.60000000000061 0.1022360461184145
64.7000000000006 0.1022360461184145
64.80000000000059 0.1022360461184145
64.90000000000059 0.1022360461184145
65.00000000000058 0.1022360461184145
65.10000000000058 0.1022360461184145
65.20000000000057 0.1022360461184146
65.30000000000057 0.1022360461184146
65.40000000000056 0.1022360461184145
65.50000000000055 0.1022360461184145
65.60000000000055 0.1022360461184146
65.70000000000054 0.1022360461184145
65.80000000000054 0.1022360461184146
65.90000000000053 0.1022360461184146
66.00000000000053 0.1022360461184145
66.10000000000052 0.1022360461184146
66.20000000000051 0.1022360461184146
66.30000000000051 0.1022360461184146
66.4000000000005 0.1022360461184146
66.5000000000005 0.1022360461184145
66.60000000000049 0.1022360461184145
66.70000000000049 0.1022360461184145
66.80000000000048 0.1022360461184145
66.90000000000047 0.1022360461184145
67.00000000000047 0.1022360461184145
67.10000000000046 0.1022360461184145
67.20000000000046 0.1022360461184145
67.30000000000045 0.1022360461184145
67.40000000000045 0.1022360461184145
67.50000000000044 0.1022360461184145
67.60000000000043 0.1022360461184145
67.70000000000043 0.1022360461184145
67.80000000000042 0.1022360461184145
67.90000000000042 0.1022360461184145
68.00000000000041 0.1022360461184145
68.10000000000041 0.1022360461184145
68.2000000000004 0.1022360461184145
68.3000000000004 0.1022360461184145
68.40000000000039 0.1022360461184145
68.50000000000038 0.1022360461184145
68.60000000000038 0.1022360461184145
68.70000000000037 0.1022360461184145
68.80000000000037 0.1022360461184145
68.90000000000036 0.1022360461184145
69.00000000000036 0.1022360461184145
69.10000000000035 0.1022360461184145
69.20000000000034 0.1022360461184145
69.30000000000034 0.1022360461184145
69.40000000000033 0.1022360461184145
69.50000000000033 0.1022360461184145
69.60000000000032 0.1022360461184145
69.70000000000032 0.1022360461184145
69.80000000000031 0.1022360461184145
69.9000000000003 0.1022360461184145
70.0000000000003 0.1022360461184145
70.10000000000029 0.1022360461184144
70.20000000000029 0.1022360461184145
70.30000000000028 0.1022360461184144
70.40000000000028 0.1022360461184145
70.50000000000027 0.1022360461184145
70.60000000000026 0.1022360461184145
70.70000000000026 0.1022360461184144
70.80000000000025 0.1022360461184144
70.90000000000025 0.1022360461184145
71.00000000000024 0.1022360461184144
71.10000000000024 0.1022360461184144
71.20000000000023 0.1022360461184144
71.30000000000022 0.1022360461184144
71.40000000000022 0.1022360461184144
71.50000000000021 0.1022360461184144
71.60000000000021 0.1022360461184144
71.7000000000002 0.1022360461184144
71.8000000000002 0.1022360461184144
71.90000000000019 0.1022360461184144
72.00000000000018 0.1022360461184144
72.10000000000018 0.1022360461184144
72.20000000000017 0.1022360461184144
72.30000000000017 0.1022360461184145
72.40000000000016 0.1022360461184145
72.50000000000016 0.1022360461184144
72.60000000000015 0.1022360461184144
72.70000000000014 0.1022360461184145
72.80000000000014 0.1022360461184145
72.90000000000013 0.1022360461184145
73.00000000000013 0.1022360461184145
73.10000000000012 0.1022360461184145
73.20000000000012 0.1022360461184145
73.30000000000011 0.1022360461184145
73.40000000000011 0.1022360461184145
73.5000000000001 0.1022360461184145
73.60000000000009 0.1022360461184145
73.70000000000009 0.1022360461184145
73.80000000000008 0.1022360461184145
73.90000000000008 0.1022360461184145
74.00000000000007 0.1022360461184145
74.10000000000007 0.1022360461184145
74.20000000000006 0.1022360461184145
74.30000000000005 0.1022360461184145
74.40000000000005 0.1022360461184146
74.50000000000004 0.1022360461184146
74.60000000000004 0.1022360461184146
74.70000000000003 0.1022360461184145
74.80000000000003 0.1022360461184146
74.90000000000002 0.1022360461184146
75.00000000000001 0.1022360461184146
75.10000000000001 0.1022360461184146
75.2 0.1022360461184145
75.3 0.1022360461184145
75.39999999999999 0.1022360461184146
75.49999999999999 0.1022360461184146
75.59999999999998 0.1022360461184146
75.69999999999997 0.1022360461184146
75.79999999999997 0.1022360461184146
75.89999999999996 0.1022360461184146
75.99999999999996 0.1022360461184146
76.09999999999995 0.1022360461184146
76.19999999999995 0.1022360461184146
76.29999999999994 0.1022360461184146
76.39999999999993 0.1022360461184145
76.49999999999993 0.1022360461184146
76.59999999999992 0.1022360461184146
76.69999999999992 0.1022360461184146
76.79999999999991 0.1022360461184147
76.89999999999991 0.1022360461184146
76.9999999999999 0.1022360461184147
77.09999999999989 0.1022360461184147
77.19999999999989 0.1022360461184147
77.29999999999988 0.1022360461184146
77.39999999999988 0.1022360461184146
77.49999999999987 0.1022360461184146
77.59999999999987 0.1022360461184146
77.69999999999986 0.1022360461184146
77.79999999999986 0.1022360461184146
77.89999999999985 0.1022360461184146
77.99999999999984 0.1022360461184145
78.09999999999984 0.1022360461184146
78.19999999999983 0.1022360461184146
78.29999999999983 0.1022360461184146
78.39999999999982 0.1022360461184146
78.49999999999982 0.1022360461184146
78.59999999999981 0.1022360461184146
78.6999999999998 0.1022360461184146
78.7999999999998 0.1022360461184146
78.89999999999979 0.1022360461184146
78.99999999999979 0.1022360461184146
79.09999999999978 0.1022360461184145
79.19999999999978 0.1022360461184146
79.29999999999977 0.1022360461184146
79.39999999999976 0.1022360461184146
79.49999999999976 0.1022360461184145
79.59999999999975 0.1022360461184145
79.69999999999975 0.1022360461184145
79.79999999999974 0.1022360461184146
79.89999999999974 0.1022360461184146
79.99999999999973 0.1022360461184146
80.09999999999972 0.1022360461184146
80.19999999999972 0.1022360461184146
80.29999999999971 0.1022360461184146
80.39999999999971 0.1022360461184147
80.4999999999997 0.1022360461184147
80.5999999999997 0.1022360461184146
80.69999999999969 0.1022360461184146
80.79999999999968 0.1022360461184146
80.89999999999968 0.1022360461184147
80.99999999999967 0.1022360461184146
81.09999999999967 0.1022360461184146
81.19999999999966 0.1022360461184146
81.29999999999966 0.1022360461184146
81.39999999999965 0.1022360461184147
81.49999999999964 0.1022360461184146
81.59999999999964 0.1022360461184147
81.69999999999963 0.1022360461184146
81.79999999999963 0.1022360461184146
81.89999999999962 0.1022360461184147
81.99999999999962 0.1022360461184146
82.09999999999961 0.1022360461184146
82.1999999999996 0.1022360461184146
82.2999999999996 0.1022360461184147
82.39999999999959 0.1022360461184147
82.49999999999959 0.1022360461184147
82.59999999999958 0.1022360461184147
82.69999999999958 0.1022360461184147
82.79999999999957 0.1022360461184146
82.89999999999957 0.1022360461184146
82.99999999999956 0.1022360461184147
83.09999999999955 0.1022360461184147
83.19999999999955 0.1022360461184146
83.29999999999954 0.1022360461184146
83.39999999999954 0.1022360461184146
83.49999999999953 0.1022360461184147
83.59999999999953 0.1022360461184147
83.69999999999952 0.1022360461184147
83.79999999999951 0.1022360461184146
83.89999999999951 0.1022360461184146
83.9999999999995 0.1022360461184146
84.0999999999995 0.1022360461184146
84.19999999999949 0.1022360461184146
84.29999999999949 0.1022360461184146
84.39999999999948 0.1022360461184146
84.49999999999947 0.1022360461184146
84.59999999999947 0.1022360461184145
84.69999999999946 0.1022360461184145
84.79999999999946 0.1022360461184145
84.89999999999945 0.1022360461184145
84.99999999999945 0.1022360461184145
85.09999999999944 0.1022360461184145
85.19999999999943 0.1022360461184145
85.29999999999943 0.1022360461184145
85.39999999999942 0.1022360461184145
85.49999999999942 0.1022360461184146
85.59999999999941 0.1022360461184146
85.69999999999941 0.1022360461184145
85.7999999999994 0.1022360461184145
85.89999999999939 0.1022360461184145
85.99999999999939 0.1022360461184145
86.09999999999938 0.1022360461184145
86.19999999999938 0.1022360461184145
86.29999999999937 0.1022360461184145
86.39999999999937 0.1022360461184145
86.49999999999936 0.1022360461184145
86.59999999999935 0.1022360461184145
86.69999999999935 0.1022360461184145
86.79999999999934 0.1022360461184145
86.89999999999934 0.1022360461184145
86.99999999999933 0.1022360461184145
87.09999999999933 0.1022360461184145
87.19999999999932 0.1022360461184145
87.29999999999932 0.1022360461184145
87.39999999999931 0.1022360461184145
87.4999999999993 0.1022360461184145
87.5999999999993 0.1022360461184145
87.69999999999929 0.1022360461184145
87.79999999999929 0.1022360461184145
87.89999999999928 0.1022360461184144
87.99999999999928 0.1022360461184144
88.09999999999927 0.1022360461184143
88.19999999999926 0.1022360461184143
88.29999999999926 0.1022360461184143
88.39999999999925 0.1022360461184144
88.49999999999925 0.1022360461184144
88.59999999999924 0.1022360461184144
88.69999999999924 0.1022360461184144
88.79999999999923 0.1022360461184143
88.89999999999922 0.1022360461184143
88.99999999999922 0.1022360461184143
89.09999999999921 0.1022360461184143
89.19999999999921 0.1022360461184143
89.2999999999992 0.1022360461184143
89.3999999999992 0.1022360461184143
89.49999999999919 0.1022360461184143
89.59999999999918 0.1022360461184144
89.69999999999918 0.1022360461184143
89.79999999999917 0.1022360461184144
89.89999999999917 0.1022360461184143
89.99999999999916 0.1022360461184143
90.09999999999916 0.1022360461184143
90.19999999999915 0.1022360461184143
90.29999999999914 0.1022360461184143
90.39999999999914 0.1022360461184142
90.49999999999913 0.1022360461184142
90.59999999999913 0.1022360461184142
90.69999999999912 0.1022360461184142
90.79999999999912 0.1022360461184142
90.89999999999911 0.1022360461184142
90.9999999999991 0.1022360461184142
91.0999999999991 0.1022360461184142
91.19999999999909 0.1022360461184142
91.29999999999909 0.1022360461184142
91.39999999999908 0.1022360461184142
91.49999999999908 0.1022360461184142
91.59999999999907 0.1022360461184141
91.69999999999906 0.1022360461184142
91.79999999999906 0.1022360461184142
91.89999999999905 0.1022360461184142
91.99999999999905 0.1022360461184142
92.09999999999904 0.1022360461184142
92.19999999999904 0.1022360461184142
92.29999999999903 0.1022360461184142
92.39999999999903 0.1022360461184142
92.49999999999902 0.1022360461184142
92.59999999999901 0.1022360461184142
92.69999999999901 0.1022360461184142
92.799999999999 0.1022360461184142
92.899999999999 0.1022360461184142
92.99999999999899 0.1022360461184142
93.09999999999899 0.1022360461184142
93.19999999999898 0.1022360461184142
93.29999999999897 0.1022360461184143
93.39999999999897 0.1022360461184142
93.49999999999896 0.1022360461184143
93.59999999999896 0.1022360461184143
93.69999999999895 0.1022360461184143
93.79999999999895 0.1022360461184142
93.89999999999894 0.1022360461184142
93.99999999999893 0.1022360461184142
94.09999999999893 0.1022360461184142
94.19999999999892 0.1022360461184142
94.29999999999892 0.1022360461184142
94.39999999999891 0.1022360461184142
94.49999999999891 0.1022360461184142
94.5999999999989 0.1022360461184142
94.69999999999889 0.1022360461184142
94.79999999999889 0.1022360461184142
94.89999999999888 0.1022360461184141
94.99999999999888 0.1022360461184142
95.09999999999887 0.1022360461184142
95.19999999999887 0.1022360461184142
95.29999999999886 0.1022360461184142
95.39999999999885 0.1022360461184142
95.49999999999885 0.1022360461184142
95.59999999999884 0.1022360461184142
95.69999999999884 0.1022360461184142
95.79999999999883 0.1022360461184142
95.89999999999883 0.1022360461184142
95.99999999999882 0.1022360461184142
96.09999999999881 0.1022360461184142
96.19999999999881 0.1022360461184142
96.2999999999988 0.1022360461184142
96.3999999999988 0.1022360461184142
96.49999999999879 0.1022360461184142
96.59999999999879 0.1022360461184142
96.69999999999878 0.1022360461184142
96.79999999999878 0.1022360461184142
96.89999999999877 0.1022360461184141
96.99999999999876 0.1022360461184142
97.09999999999876 0.1022360461184142
97.19999999999875 0.1022360461184142
97.29999999999875 0.1022360461184142
97.39999999999874 0.1022360461184142
97.49999999999874 0.1022360461184142
97.59999999999873 0.1022360461184142
97.69999999999872 0.1022360461184142
97.79999999999872 0.1022360461184142
97.89999999999871 0.1022360461184142
97.99999999999871 0.1022360461184142
98.0999999999987 0.1022360461184142
98.1999999999987 0.1022360461184142
98.29999999999869 0.1022360461184142
98.39999999999868 0.1022360461184142
98.49999999999868 0.1022360461184142
98.59999999999867 0.1022360461184142
98.69999999999867 0.1022360461184141
98.79999999999866 0.1022360461184141
98.89999999999866 0.1022360461184141
98.99999999999865 0.1022360461184141
99.09999999999864 0.1022360461184141
99.19999999999864 0.1022360461184141
99.29999999999863 0.1022360461184141
99.39999999999863 0.1022360461184141
99.49999999999862 0.102236046118414
99.59999999999862 0.102236046118414
99.69999999999861 0.102236046118414
99.7999999999986 0.1022360461184139
99.8999999999986 0.1022360461184139
99.99999999999859 0.1022360461184139
100.0999999999986 0.1022360461184139
