0 -0.0009775776750000002
0.1 -0.000977082982646547
0.2 -0.0009765891419589476
0.3 -0.000976096194311686
0.4 -0.0009756047136876717
0.5 -0.0009751162473472483
0.6 -0.000974634011300278
0.7 -0.0009741640635819115
0.7999999999999999 -0.0009737173825457089
0.8999999999999999 -0.0009733137213211383
0.9999999999999999 -0.0009729891303245011
1.1 -0.0009728115646129465
1.2 -0.0009729158358398018
1.3 -0.0009735899871135389
1.4 -0.0009755188371447924
1.5 -0.0009806113158684366
1.6 -0.0009957433322133641
1.7 -0.001061097968745057
1.8 -0.002117578690285826
1.900000000000001 0.08813347460134612
2 0.08815413041873754
2.100000000000001 0.08815018772894109
2.200000000000001 0.08814411405428951
2.300000000000001 0.08814031367311115
2.400000000000001 0.08813806620691243
2.500000000000001 0.08813668207607327
2.600000000000001 0.0881357845484534
2.700000000000001 0.08813517469427935
2.800000000000001 0.08813474352325645
2.900000000000001 0.08813442836561695
3.000000000000001 0.088134191472694
3.100000000000001 0.08813400914191999
3.200000000000002 0.08813386593840641
3.300000000000002 0.08813375148673983
3.400000000000002 0.08813365861621897
3.500000000000002 0.0881335822487706
3.600000000000002 0.0881335187100963
3.700000000000002 0.08813346529039416
3.800000000000002 0.08813341995685507
3.900000000000002 0.08813338116105233
4.000000000000002 0.0881333477071637
4.100000000000001 0.08813331866008388
4.200000000000001 0.08813329328023688
4.300000000000001 0.08813327097659765
4.4 0.08813325127234603
4.5 0.0881332337794226
4.6 0.08813321817944908
4.699999999999999 0.08813320420925976
4.799999999999999 0.08813319164981477
4.899999999999999 0.08813318031762313
4.999999999999998 0.08813317005804636
5.099999999999998 0.08813316074002743
5.199999999999998 0.08813315225190857
5.299999999999997 0.08813314449808837
5.399999999999997 0.08813313739633161
5.499999999999996 0.08813313087558995
5.599999999999996 0.08813312487422602
5.699999999999996 0.08813311933855748
5.799999999999995 0.08813311422165696
5.899999999999995 0.08813310948235807
5.999999999999995 0.08813310508442768
6.099999999999994 0.08813310099587357
6.199999999999994 0.08813309718836294
6.299999999999994 0.08813309363673158
6.399999999999993 0.08813309031856829
6.499999999999993 0.08813308721386137
6.599999999999993 0.088133084304697
6.699999999999992 0.08813308157500097
6.799999999999992 0.08813307901031651
6.899999999999991 0.08813307659761313
6.999999999999991 0.08813307432512094
7.099999999999991 0.08813307218218727
7.19999999999999 0.08813307015915177
7.29999999999999 0.08813306824723768
7.39999999999999 0.08813306643845652
7.499999999999989 0.08813306472552467
7.599999999999989 0.08813306310179009
7.699999999999989 0.08813306156116782
7.799999999999988 0.08813306009808279
7.899999999999988 0.08813305870741962
7.999999999999988 0.08813305738447778
8.099999999999987 0.08813305612493175
8.199999999999987 0.08813305492479601
8.299999999999986 0.0881330537803931
8.399999999999986 0.08813305268832582
8.499999999999986 0.08813305164545179
8.599999999999985 0.08813305064886093
8.699999999999985 0.08813304969585518
8.799999999999985 0.0881330487839302
8.899999999999984 0.08813304791075889
8.999999999999984 0.08813304707417663
9.099999999999984 0.08813304627216774
9.199999999999983 0.08813304550285354
9.299999999999983 0.08813304476448108
9.399999999999983 0.08813304405541342
9.499999999999982 0.0881330433741204
9.599999999999982 0.08813304271917041
9.699999999999982 0.08813304208922292
9.799999999999981 0.08813304148302159
9.899999999999981 0.08813304089938789
9.99999999999998 0.0881330403372156
10.09999999999998 0.08813303979546545
10.19999999999998 0.08813303927316025
10.29999999999998 0.08813303876938053
10.39999999999998 0.08813303828326068
10.49999999999998 0.08813303781398486
10.59999999999998 0.08813303736078397
10.69999999999998 0.08813303692293219
10.79999999999998 0.08813303649974424
10.89999999999998 0.08813303609057269
10.99999999999998 0.08813303569480534
11.09999999999998 0.08813303531186313
11.19999999999998 0.08813303494119792
11.29999999999998 0.08813303458229056
11.39999999999998 0.08813303423464905
11.49999999999998 0.08813303389780681
11.59999999999997 0.08813303357132111
11.69999999999997 0.08813303325477184
11.79999999999997 0.0881330329477599
11.89999999999997 0.08813303264990592
11.99999999999997 0.08813303236084938
12.09999999999997 0.08813303208024721
12.19999999999997 0.08813303180777295
12.29999999999997 0.08813303154311565
12.39999999999997 0.08813303128597928
12.49999999999997 0.08813303103608146
12.59999999999997 0.08813303079315317
12.69999999999997 0.08813303055693755
12.79999999999997 0.08813303032718962
12.89999999999997 0.08813303010367542
12.99999999999997 0.08813302988617144
13.09999999999997 0.08813302967446419
13.19999999999997 0.08813302946834946
13.29999999999997 0.08813302926763206
13.39999999999997 0.08813302907212515
13.49999999999997 0.08813302888164995
13.59999999999997 0.08813302869603527
13.69999999999997 0.08813302851511719
13.79999999999997 0.08813302833873858
13.89999999999997 0.08813302816674887
13.99999999999997 0.08813302799900356
14.09999999999997 0.08813302783536422
14.19999999999997 0.08813302767569792
14.29999999999997 0.0881330275198771
14.39999999999996 0.08813302736777925
14.49999999999996 0.08813302721928672
14.59999999999996 0.08813302707428647
14.69999999999996 0.08813302693266986
14.79999999999996 0.08813302679433238
14.89999999999996 0.08813302665917362
14.99999999999996 0.08813302652709695
15.09999999999996 0.08813302639800932
15.19999999999996 0.08813302627182128
15.29999999999996 0.08813302614844658
15.39999999999996 0.08813302602780224
15.49999999999996 0.08813302590980829
15.59999999999996 0.0881330257943877
15.69999999999996 0.08813302568146608
15.79999999999996 0.08813302557097194
15.89999999999996 0.08813302546283615
15.99999999999996 0.088133025356992
16.09999999999996 0.0881330252533753
16.19999999999996 0.08813302515192394
16.29999999999996 0.08813302505257802
16.39999999999996 0.08813302495527967
16.49999999999996 0.08813302485997301
16.59999999999997 0.08813302476660405
16.69999999999997 0.08813302467512066
16.79999999999997 0.08813302458547236
16.89999999999997 0.08813302449761039
16.99999999999997 0.08813302441148765
17.09999999999997 0.08813302432705854
17.19999999999997 0.08813302424427893
17.29999999999998 0.08813302416310609
17.39999999999998 0.08813302408349878
17.49999999999998 0.08813302400541692
17.59999999999998 0.08813302392882184
17.69999999999998 0.08813302385367604
17.79999999999998 0.08813302377994316
17.89999999999998 0.08813302370758799
17.99999999999999 0.08813302363657646
18.09999999999999 0.0881330235668755
18.19999999999999 0.08813302349845301
18.29999999999999 0.08813302343127795
18.39999999999999 0.0881330233653202
18.49999999999999 0.08813302330055049
18.59999999999999 0.08813302323694051
18.7 0.08813302317446269
18.8 0.08813302311309032
18.9 0.08813302305279747
19 0.088133022993559
19.1 0.08813302293535046
19.2 0.0881330228781481
19.3 0.08813302282192891
19.40000000000001 0.08813302276667039
19.50000000000001 0.08813302271235086
19.60000000000001 0.08813302265894921
19.70000000000001 0.08813302260644476
19.80000000000001 0.08813302255481759
19.90000000000001 0.08813302250404823
20.00000000000001 0.08813302245411779
20.10000000000002 0.08813302240500789
20.20000000000002 0.08813302235670072
20.30000000000002 0.0881330223091788
20.40000000000002 0.08813302226242524
20.50000000000002 0.08813302221642355
20.60000000000002 0.0881330221711577
20.70000000000002 0.08813302212661205
20.80000000000003 0.08813302208277139
20.90000000000003 0.08813302203962105
21.00000000000003 0.08813302199714647
21.10000000000003 0.08813302195533368
21.20000000000003 0.08813302191416894
21.30000000000003 0.08813302187363903
21.40000000000003 0.08813302183373088
21.50000000000004 0.08813302179443187
21.60000000000004 0.08813302175572965
21.70000000000004 0.08813302171761223
21.80000000000004 0.08813302168006787
21.90000000000004 0.0881330216430851
22.00000000000004 0.08813302160665283
22.10000000000004 0.08813302157076021
22.20000000000005 0.08813302153539658
22.30000000000005 0.08813302150055158
22.40000000000005 0.08813302146621518
22.50000000000005 0.08813302143237749
22.60000000000005 0.08813302139902893
22.70000000000005 0.08813302136616008
22.80000000000005 0.08813302133376182
22.90000000000006 0.08813302130182515
23.00000000000006 0.08813302127034144
23.10000000000006 0.08813302123930207
23.20000000000006 0.08813302120869874
23.30000000000006 0.08813302117852333
23.40000000000006 0.08813302114876795
23.50000000000006 0.08813302111942474
23.60000000000007 0.08813302109048624
23.70000000000007 0.08813302106194493
23.80000000000007 0.08813302103379365
23.90000000000007 0.08813302100602534
24.00000000000007 0.08813302097863301
24.10000000000007 0.08813302095160995
24.20000000000007 0.08813302092494955
24.30000000000008 0.0881330208986453
24.40000000000008 0.08813302087269097
24.50000000000008 0.08813302084708029
24.60000000000008 0.08813302082180731
24.70000000000008 0.08813302079686607
24.80000000000008 0.08813302077225081
24.90000000000008 0.08813302074795583
25.00000000000009 0.08813302072397564
25.10000000000009 0.08813302070030482
25.20000000000009 0.08813302067693803
25.30000000000009 0.08813302065387013
25.40000000000009 0.08813302063109602
25.50000000000009 0.08813302060861078
25.60000000000009 0.08813302058640948
25.7000000000001 0.08813302056448741
25.8000000000001 0.08813302054283988
25.9000000000001 0.08813302052146231
26.0000000000001 0.08813302050035031
26.1000000000001 0.08813302047949943
26.2000000000001 0.08813302045890538
26.3000000000001 0.08813302043856397
26.40000000000011 0.08813302041847107
26.50000000000011 0.0881330203986227
26.60000000000011 0.08813302037901485
26.70000000000011 0.08813302035964365
26.80000000000011 0.08813302034050535
26.90000000000011 0.08813302032159626
27.00000000000011 0.08813302030291263
27.10000000000012 0.08813302028445097
27.20000000000012 0.08813302026620772
27.30000000000012 0.08813302024817948
27.40000000000012 0.0881330202303629
27.50000000000012 0.08813302021275467
27.60000000000012 0.08813302019535157
27.70000000000012 0.08813302017815035
27.80000000000013 0.08813302016114799
27.90000000000013 0.08813302014434143
28.00000000000013 0.08813302012772765
28.10000000000013 0.08813302011130372
28.20000000000013 0.08813302009506671
28.30000000000013 0.08813302007901384
28.40000000000013 0.08813302006314233
28.50000000000014 0.08813302004744945
28.60000000000014 0.08813302003193256
28.70000000000014 0.08813302001658901
28.80000000000014 0.08813302000141621
28.90000000000014 0.0881330199864117
29.00000000000014 0.08813301997157294
29.10000000000014 0.0881330199568975
29.20000000000014 0.08813301994238301
29.30000000000015 0.08813301992802713
29.40000000000015 0.08813301991382755
29.50000000000015 0.08813301989978203
29.60000000000015 0.08813301988588834
29.70000000000015 0.08813301987214427
29.80000000000015 0.08813301985854768
29.90000000000015 0.08813301984509649
30.00000000000016 0.08813301983178866
30.10000000000016 0.08813301981862209
30.20000000000016 0.08813301980559485
30.30000000000016 0.08813301979270496
30.40000000000016 0.08813301977995051
30.50000000000016 0.0881330197673296
30.60000000000016 0.08813301975484032
30.70000000000017 0.08813301974248094
30.80000000000017 0.08813301973024958
30.90000000000017 0.08813301971814452
31.00000000000017 0.08813301970616404
31.10000000000017 0.0881330196943064
31.20000000000017 0.08813301968256995
31.30000000000017 0.08813301967095306
31.40000000000018 0.08813301965945407
31.50000000000018 0.08813301964807144
31.60000000000018 0.08813301963680356
31.70000000000018 0.08813301962564889
31.80000000000018 0.08813301961460597
31.90000000000018 0.08813301960367328
32.00000000000018 0.08813301959284936
32.10000000000019 0.08813301958213277
32.20000000000019 0.08813301957152204
32.30000000000019 0.08813301956101589
32.40000000000019 0.08813301955061287
32.50000000000019 0.08813301954031168
32.60000000000019 0.08813301953011096
32.70000000000019 0.08813301952000945
32.8000000000002 0.08813301951000586
32.9000000000002 0.0881330195000989
33.0000000000002 0.0881330194902873
33.1000000000002 0.0881330194805699
33.2000000000002 0.08813301947094548
33.3000000000002 0.08813301946141285
33.4000000000002 0.08813301945197088
33.50000000000021 0.08813301944261835
33.60000000000021 0.08813301943335419
33.70000000000021 0.0881330194241773
33.80000000000021 0.08813301941508654
33.90000000000021 0.08813301940608086
34.00000000000021 0.08813301939715923
34.10000000000021 0.08813301938832055
34.20000000000022 0.08813301937956387
34.30000000000022 0.0881330193708881
34.40000000000022 0.08813301936229229
34.50000000000022 0.08813301935377546
34.60000000000022 0.08813301934533661
34.70000000000022 0.08813301933697483
34.80000000000022 0.08813301932868922
34.90000000000023 0.08813301932047879
35.00000000000023 0.08813301931234266
35.10000000000023 0.08813301930427991
35.20000000000023 0.08813301929628967
35.30000000000023 0.08813301928837108
35.40000000000023 0.08813301928052331
35.50000000000023 0.08813301927274547
35.60000000000024 0.08813301926503676
35.70000000000024 0.08813301925739639
35.80000000000024 0.08813301924982349
35.90000000000024 0.08813301924231728
36.00000000000024 0.0881330192348771
36.10000000000024 0.08813301922750202
36.20000000000024 0.08813301922019136
36.30000000000025 0.08813301921294436
36.40000000000025 0.08813301920576026
36.50000000000025 0.08813301919863839
36.60000000000025 0.08813301919157795
36.70000000000025 0.08813301918457833
36.80000000000025 0.08813301917763876
36.90000000000025 0.08813301917075858
37.00000000000026 0.08813301916393711
37.10000000000026 0.0881330191571737
37.20000000000026 0.08813301915046766
37.30000000000026 0.08813301914381841
37.40000000000026 0.08813301913722524
37.50000000000026 0.08813301913068754
37.60000000000026 0.08813301912420468
37.70000000000027 0.08813301911777607
37.80000000000027 0.08813301911140112
37.90000000000027 0.08813301910507923
38.00000000000027 0.0881330190988098
38.10000000000027 0.08813301909259223
38.20000000000027 0.08813301908642597
38.30000000000027 0.08813301908031046
38.40000000000028 0.08813301907424513
38.50000000000028 0.08813301906822946
38.60000000000028 0.08813301906226288
38.70000000000028 0.08813301905634485
38.80000000000028 0.08813301905047485
38.90000000000028 0.08813301904465241
39.00000000000028 0.08813301903887698
39.10000000000029 0.08813301903314807
39.20000000000029 0.08813301902746515
39.30000000000029 0.08813301902182774
39.40000000000029 0.08813301901623538
39.50000000000029 0.08813301901068757
39.60000000000029 0.08813301900518387
39.70000000000029 0.08813301899972377
39.8000000000003 0.0881330189943068
39.9000000000003 0.08813301898893255
40.0000000000003 0.08813301898360058
40.1000000000003 0.08813301897831044
40.2000000000003 0.08813301897306164
40.3000000000003 0.08813301896785379
40.4000000000003 0.08813301896268648
40.50000000000031 0.08813301895755926
40.60000000000031 0.08813301895247175
40.70000000000031 0.08813301894742352
40.80000000000031 0.08813301894241418
40.90000000000031 0.08813301893744331
41.00000000000031 0.08813301893251051
41.10000000000031 0.08813301892761542
41.20000000000032 0.08813301892275764
41.30000000000032 0.08813301891793682
41.40000000000032 0.08813301891315252
41.50000000000032 0.08813301890840444
41.60000000000032 0.08813301890369221
41.70000000000032 0.08813301889901544
41.80000000000032 0.08813301889437378
41.90000000000033 0.08813301888976686
42.00000000000033 0.0881330188851944
42.10000000000033 0.08813301888065601
42.20000000000033 0.08813301887615134
42.30000000000033 0.08813301887168012
42.40000000000033 0.08813301886724194
42.50000000000033 0.0881330188628365
42.60000000000034 0.08813301885846349
42.70000000000034 0.08813301885412261
42.80000000000034 0.08813301884981353
42.90000000000034 0.08813301884553588
43.00000000000034 0.08813301884128946
43.10000000000034 0.08813301883707395
43.20000000000034 0.08813301883288902
43.30000000000035 0.08813301882873432
43.40000000000035 0.08813301882460967
43.50000000000035 0.08813301882051465
43.60000000000035 0.08813301881644911
43.70000000000035 0.08813301881241269
43.80000000000035 0.08813301880840516
43.90000000000035 0.08813301880442624
44.00000000000036 0.08813301880047561
44.10000000000036 0.08813301879655304
44.20000000000036 0.08813301879265821
44.30000000000036 0.08813301878879094
44.40000000000036 0.08813301878495094
44.50000000000036 0.08813301878113795
44.60000000000036 0.08813301877735172
44.70000000000037 0.08813301877359202
44.80000000000037 0.08813301876985853
44.90000000000037 0.08813301876615107
45.00000000000037 0.08813301876246933
45.10000000000037 0.0881330187588132
45.20000000000037 0.08813301875518234
45.30000000000037 0.08813301875157654
45.40000000000038 0.08813301874799556
45.50000000000038 0.08813301874443921
45.60000000000038 0.08813301874090723
45.70000000000038 0.0881330187373994
45.80000000000038 0.08813301873391555
45.90000000000038 0.08813301873045538
46.00000000000038 0.08813301872701876
46.10000000000039 0.08813301872360546
46.20000000000039 0.08813301872021524
46.30000000000039 0.08813301871684785
46.40000000000039 0.08813301871350317
46.50000000000039 0.08813301871018094
46.60000000000039 0.08813301870688099
46.70000000000039 0.08813301870360313
46.8000000000004 0.08813301870034713
46.9000000000004 0.08813301869711285
47.0000000000004 0.08813301869390001
47.1000000000004 0.0881330186907085
47.2000000000004 0.08813301868753803
47.3000000000004 0.08813301868438854
47.4000000000004 0.08813301868125975
47.50000000000041 0.0881330186781516
47.60000000000041 0.08813301867506376
47.70000000000041 0.0881330186719962
47.80000000000041 0.08813301866894858
47.90000000000041 0.08813301866592087
48.00000000000041 0.08813301866291282
48.10000000000041 0.08813301865992428
48.20000000000041 0.08813301865695505
48.30000000000042 0.08813301865400504
48.40000000000042 0.08813301865107399
48.50000000000042 0.08813301864816182
48.60000000000042 0.08813301864526833
48.70000000000042 0.08813301864239337
48.80000000000042 0.08813301863953681
48.90000000000042 0.08813301863669842
49.00000000000043 0.0881330186338781
49.10000000000043 0.0881330186310757
49.20000000000043 0.08813301862829104
49.30000000000043 0.08813301862552397
49.40000000000043 0.08813301862277438
49.50000000000043 0.08813301862004209
49.60000000000043 0.08813301861732697
49.70000000000044 0.08813301861462886
49.80000000000044 0.08813301861194765
49.90000000000044 0.08813301860928319
50.00000000000044 0.08813301860663529
50.10000000000044 0.08813301860400391
50.20000000000044 0.08813301860138879
50.30000000000044 0.0881330185987899
50.40000000000045 0.08813301859620704
50.50000000000045 0.08813301859364013
50.60000000000045 0.08813301859108902
50.70000000000045 0.08813301858855355
50.80000000000045 0.08813301858603362
50.90000000000045 0.08813301858352914
51.00000000000045 0.08813301858103993
51.10000000000046 0.08813301857856586
51.20000000000046 0.08813301857610684
51.30000000000046 0.08813301857366275
51.40000000000046 0.08813301857123343
51.50000000000046 0.08813301856881883
51.60000000000046 0.08813301856641875
51.70000000000046 0.08813301856403313
51.80000000000047 0.08813301856166181
51.90000000000047 0.08813301855930473
52.00000000000047 0.08813301855696176
52.10000000000047 0.08813301855463274
52.20000000000047 0.08813301855231762
52.30000000000047 0.08813301855001628
52.40000000000047 0.08813301854772858
52.50000000000048 0.08813301854545444
52.60000000000048 0.08813301854319371
52.70000000000048 0.08813301854094634
52.80000000000048 0.08813301853871221
52.90000000000048 0.08813301853649119
53.00000000000048 0.08813301853428318
53.10000000000048 0.08813301853208813
53.20000000000049 0.08813301852990589
53.30000000000049 0.08813301852773638
53.40000000000049 0.08813301852557948
53.50000000000049 0.08813301852343509
53.60000000000049 0.08813301852130317
53.70000000000049 0.08813301851918356
53.80000000000049 0.08813301851707622
53.9000000000005 0.088133018514981
54.0000000000005 0.08813301851289786
54.1000000000005 0.08813301851082662
54.2000000000005 0.0881330185087673
54.3000000000005 0.08813301850671976
54.4000000000005 0.08813301850468389
54.5000000000005 0.08813301850265964
54.60000000000051 0.08813301850064691
54.70000000000051 0.08813301849864555
54.80000000000051 0.08813301849665557
54.90000000000051 0.08813301849467682
55.00000000000051 0.08813301849270924
55.10000000000051 0.08813301849075277
55.20000000000051 0.08813301848880725
55.30000000000052 0.0881330184868727
55.40000000000052 0.08813301848494898
55.50000000000052 0.08813301848303599
55.60000000000052 0.08813301848113368
55.70000000000052 0.088133018479242
55.80000000000052 0.08813301847736084
55.90000000000052 0.08813301847549009
56.00000000000053 0.08813301847362971
56.10000000000053 0.08813301847177961
56.20000000000053 0.08813301846993973
56.30000000000053 0.08813301846811
56.40000000000053 0.08813301846629032
56.50000000000053 0.0881330184644806
56.60000000000053 0.08813301846268082
56.70000000000054 0.08813301846089089
56.80000000000054 0.08813301845911072
56.90000000000054 0.08813301845734026
57.00000000000054 0.08813301845557944
57.10000000000054 0.08813301845382819
57.20000000000054 0.08813301845208638
57.30000000000054 0.08813301845035403
57.40000000000055 0.08813301844863101
57.50000000000055 0.0881330184469173
57.60000000000055 0.08813301844521282
57.70000000000055 0.08813301844351749
57.80000000000055 0.08813301844183126
57.90000000000055 0.08813301844015402
58.00000000000055 0.08813301843848574
58.10000000000056 0.08813301843682636
58.20000000000056 0.08813301843517578
58.30000000000056 0.08813301843353405
58.40000000000056 0.08813301843190099
58.50000000000056 0.08813301843027661
58.60000000000056 0.08813301842866079
58.70000000000056 0.0881330184270535
58.80000000000057 0.08813301842545468
58.90000000000057 0.08813301842386427
59.00000000000057 0.0881330184222822
59.10000000000057 0.08813301842070843
59.20000000000057 0.08813301841914288
59.30000000000057 0.08813301841758553
59.40000000000057 0.08813301841603625
59.50000000000058 0.08813301841449507
59.60000000000058 0.08813301841296187
59.70000000000058 0.08813301841143664
59.80000000000058 0.08813301840991929
59.90000000000058 0.08813301840840979
60.00000000000058 0.08813301840690808
60.10000000000058 0.08813301840541408
60.20000000000059 0.0881330184039278
60.30000000000059 0.08813301840244915
60.40000000000059 0.08813301840097802
60.50000000000059 0.08813301839951447
60.60000000000059 0.08813301839805836
60.70000000000059 0.08813301839660967
60.80000000000059 0.08813301839516838
60.9000000000006 0.08813301839373437
61.0000000000006 0.08813301839230767
61.1000000000006 0.0881330183908882
61.2000000000006 0.08813301838947588
61.3000000000006 0.08813301838807074
61.4000000000006 0.08813301838667265
61.5000000000006 0.08813301838528156
61.60000000000061 0.08813301838389749
61.70000000000061 0.08813301838252034
61.80000000000061 0.08813301838115012
61.90000000000061 0.0881330183797867
62.00000000000061 0.08813301837843009
62.10000000000061 0.08813301837708021
62.20000000000061 0.08813301837573707
62.30000000000062 0.08813301837440057
62.40000000000062 0.08813301837307071
62.50000000000062 0.08813301837174743
62.60000000000062 0.08813301837043064
62.70000000000062 0.08813301836912038
62.80000000000062 0.08813301836781656
62.90000000000062 0.08813301836651916
63.00000000000063 0.08813301836522812
63.10000000000063 0.08813301836394338
63.20000000000063 0.08813301836266496
63.30000000000063 0.08813301836139273
63.40000000000063 0.08813301836012676
63.50000000000063 0.08813301835886696
63.60000000000063 0.08813301835761325
63.70000000000064 0.08813301835636562
63.80000000000064 0.08813301835512403
63.90000000000064 0.08813301835388845
64.00000000000064 0.08813301835265884
64.10000000000063 0.08813301835143511
64.20000000000063 0.08813301835021728
64.30000000000062 0.08813301834900536
64.40000000000062 0.08813301834779919
64.50000000000061 0.08813301834659884
64.60000000000061 0.08813301834540417
64.7000000000006 0.08813301834421525
64.80000000000059 0.08813301834303197
64.90000000000059 0.0881330183418543
65.00000000000058 0.08813301834068224
65.10000000000058 0.0881330183395157
65.20000000000057 0.08813301833835474
65.30000000000057 0.08813301833719926
65.40000000000056 0.08813301833604922
65.50000000000055 0.08813301833490467
65.60000000000055 0.08813301833376543
65.70000000000054 0.08813301833263157
65.80000000000054 0.088133018331503
65.90000000000053 0.08813301833037973
66.00000000000053 0.08813301832926172
66.10000000000052 0.08813301832814895
66.20000000000051 0.08813301832704136
66.30000000000051 0.08813301832593892
66.4000000000005 0.08813301832484161
66.5000000000005 0.08813301832374937
66.60000000000049 0.08813301832266218
66.70000000000049 0.08813301832158005
66.80000000000048 0.0881330183205029
66.90000000000047 0.0881330183194307
67.00000000000047 0.0881330183183635
67.10000000000046 0.08813301831730112
67.20000000000046 0.08813301831624365
67.30000000000045 0.08813301831519102
67.40000000000045 0.08813301831414325
67.50000000000044 0.08813301831310028
67.60000000000043 0.08813301831206201
67.70000000000043 0.08813301831102847
67.80000000000042 0.08813301830999964
67.90000000000042 0.08813301830897552
68.00000000000041 0.08813301830795602
68.10000000000041 0.08813301830694115
68.2000000000004 0.08813301830593086
68.3000000000004 0.08813301830492512
68.40000000000039 0.08813301830392392
68.50000000000038 0.08813301830292722
68.60000000000038 0.088133018301935
68.70000000000037 0.08813301830094723
68.80000000000037 0.08813301829996389
68.90000000000036 0.08813301829898494
69.00000000000036 0.08813301829801037
69.10000000000035 0.08813301829704018
69.20000000000034 0.08813301829607426
69.30000000000034 0.08813301829511269
69.40000000000033 0.08813301829415532
69.50000000000033 0.08813301829320225
69.60000000000032 0.0881330182922534
69.70000000000032 0.08813301829130872
69.80000000000031 0.08813301829036822
69.9000000000003 0.0881330182894319
70.0000000000003 0.08813301828849969
70.10000000000029 0.08813301828757156
70.20000000000029 0.08813301828664752
70.30000000000028 0.08813301828572748
70.40000000000028 0.08813301828481149
70.50000000000027 0.08813301828389952
70.60000000000026 0.0881330182829915
70.70000000000026 0.08813301828208746
70.80000000000025 0.08813301828118733
70.90000000000025 0.08813301828029114
71.00000000000024 0.08813301827939883
71.10000000000024 0.08813301827851039
71.20000000000023 0.0881330182776258
71.30000000000022 0.08813301827674504
71.40000000000022 0.08813301827586803
71.50000000000021 0.08813301827499485
71.60000000000021 0.0881330182741254
71.7000000000002 0.08813301827325963
71.8000000000002 0.08813301827239763
71.90000000000019 0.08813301827153935
72.00000000000018 0.0881330182706847
72.10000000000018 0.08813301826983368
72.20000000000017 0.08813301826898631
72.30000000000017 0.08813301826814254
72.40000000000016 0.08813301826730237
72.50000000000016 0.08813301826646579
72.60000000000015 0.08813301826563275
72.70000000000014 0.08813301826480319
72.80000000000014 0.08813301826397717
72.90000000000013 0.08813301826315466
73.00000000000013 0.08813301826233558
73.10000000000012 0.08813301826151992
73.20000000000012 0.08813301826070774
73.30000000000011 0.08813301825989898
73.40000000000011 0.08813301825909359
73.5000000000001 0.08813301825829155
73.60000000000009 0.0881330182574929
73.70000000000009 0.0881330182566976
73.80000000000008 0.08813301825590557
73.90000000000008 0.08813301825511688
74.00000000000007 0.08813301825433144
74.10000000000007 0.08813301825354927
74.20000000000006 0.08813301825277033
74.30000000000005 0.08813301825199463
74.40000000000005 0.08813301825122212
74.50000000000004 0.0881330182504528
74.60000000000004 0.08813301824968664
74.70000000000003 0.08813301824892365
74.80000000000003 0.0881330182481638
74.90000000000002 0.0881330182474071
75.00000000000001 0.08813301824665348
75.10000000000001 0.08813301824590296
75.2 0.0881330182451555
75.3 0.0881330182444111
75.39999999999999 0.08813301824366972
75.49999999999999 0.08813301824293138
75.59999999999998 0.08813301824219602
75.69999999999997 0.08813301824146368
75.79999999999997 0.08813301824073426
75.89999999999996 0.08813301824000783
75.99999999999996 0.08813301823928435
76.09999999999995 0.08813301823856379
76.19999999999995 0.08813301823784613
76.29999999999994 0.08813301823713138
76.39999999999993 0.08813301823641947
76.49999999999993 0.08813301823571047
76.59999999999992 0.08813301823500425
76.69999999999992 0.08813301823430088
76.79999999999991 0.08813301823360034
76.89999999999991 0.08813301823290259
76.9999999999999 0.08813301823220762
77.09999999999989 0.08813301823151541
77.19999999999989 0.08813301823082599
77.29999999999988 0.08813301823013929
77.39999999999988 0.08813301822945534
77.49999999999987 0.08813301822877406
77.59999999999987 0.08813301822809555
77.69999999999986 0.08813301822741969
77.79999999999986 0.0881330182267465
77.89999999999985 0.08813301822607593
77.99999999999984 0.08813301822540802
78.09999999999984 0.08813301822474275
78.19999999999983 0.08813301822408007
78.29999999999983 0.08813301822342
78.39999999999982 0.08813301822276252
78.49999999999982 0.08813301822210763
78.59999999999981 0.08813301822145529
78.6999999999998 0.08813301822080549
78.7999999999998 0.08813301822015819
78.89999999999979 0.08813301821951347
78.99999999999979 0.08813301821887121
79.09999999999978 0.0881330182182315
79.19999999999978 0.08813301821759426
79.29999999999977 0.08813301821695947
79.39999999999976 0.08813301821632713
79.49999999999976 0.08813301821569726
79.59999999999975 0.08813301821506976
79.69999999999975 0.08813301821444472
79.79999999999974 0.08813301821382208
79.89999999999974 0.08813301821320181
79.99999999999973 0.08813301821258394
80.09999999999972 0.08813301821196842
80.19999999999972 0.0881330182113553
80.29999999999971 0.08813301821074448
80.39999999999971 0.08813301821013601
80.4999999999997 0.08813301820952989
80.5999999999997 0.08813301820892606
80.69999999999969 0.08813301820832453
80.79999999999968 0.08813301820772523
80.89999999999968 0.08813301820712825
80.99999999999967 0.08813301820653352
81.09999999999967 0.08813301820594105
81.19999999999966 0.08813301820535081
81.29999999999966 0.08813301820476278
81.39999999999965 0.088133018204177
81.49999999999964 0.08813301820359341
81.59999999999964 0.08813301820301209
81.69999999999963 0.0881330182024329
81.79999999999963 0.08813301820185586
81.89999999999962 0.08813301820128101
81.99999999999962 0.0881330182007083
82.09999999999961 0.08813301820013773
82.1999999999996 0.08813301819956931
82.2999999999996 0.08813301819900297
82.39999999999959 0.08813301819843876
82.49999999999959 0.08813301819787665
82.59999999999958 0.0881330181973166
82.69999999999958 0.0881330181967587
82.79999999999957 0.08813301819620281
82.89999999999957 0.088133018195649
82.99999999999956 0.08813301819509724
83.09999999999955 0.08813301819454751
83.19999999999955 0.08813301819399981
83.29999999999954 0.08813301819345414
83.39999999999954 0.08813301819291046
83.49999999999953 0.08813301819236878
83.59999999999953 0.08813301819182907
83.69999999999952 0.08813301819129135
83.79999999999951 0.08813301819075561
83.89999999999951 0.0881330181902218
83.9999999999995 0.08813301818968997
84.0999999999995 0.08813301818916006
84.19999999999949 0.08813301818863213
84.29999999999949 0.08813301818810607
84.39999999999948 0.08813301818758189
84.49999999999947 0.08813301818705969
84.59999999999947 0.08813301818653931
84.69999999999946 0.08813301818602086
84.79999999999946 0.08813301818550427
84.89999999999945 0.08813301818498959
84.99999999999945 0.08813301818447668
85.09999999999944 0.08813301818396566
85.19999999999943 0.08813301818345648
85.29999999999943 0.08813301818294916
85.39999999999942 0.08813301818244361
85.49999999999942 0.08813301818193991
85.59999999999941 0.08813301818143801
85.69999999999941 0.08813301818093788
85.7999999999994 0.08813301818043957
85.89999999999939 0.088133018179943
85.99999999999939 0.08813301817944824
86.09999999999938 0.08813301817895522
86.19999999999938 0.08813301817846396
86.29999999999937 0.08813301817797446
86.39999999999937 0.0881330181774867
86.49999999999936 0.08813301817700064
86.59999999999935 0.08813301817651631
86.69999999999935 0.08813301817603368
86.79999999999934 0.08813301817555277
86.89999999999934 0.08813301817507355
86.99999999999933 0.08813301817459603
87.09999999999933 0.08813301817412016
87.19999999999932 0.08813301817364601
87.29999999999932 0.0881330181731735
87.39999999999931 0.08813301817270265
87.4999999999993 0.08813301817223342
87.5999999999993 0.08813301817176585
87.69999999999929 0.08813301817129993
87.79999999999929 0.08813301817083563
87.89999999999928 0.08813301817037297
87.99999999999928 0.08813301816991184
88.09999999999927 0.0881330181694524
88.19999999999926 0.08813301816899453
88.29999999999926 0.08813301816853825
88.39999999999925 0.08813301816808351
88.49999999999925 0.08813301816763043
88.59999999999924 0.08813301816717883
88.69999999999924 0.08813301816672886
88.79999999999923 0.08813301816628043
88.89999999999922 0.08813301816583351
88.99999999999922 0.08813301816538811
89.09999999999921 0.08813301816494429
89.19999999999921 0.08813301816450199
89.2999999999992 0.0881330181640612
89.3999999999992 0.08813301816362194
89.49999999999919 0.08813301816318414
89.59999999999918 0.08813301816274785
89.69999999999918 0.08813301816231306
89.79999999999917 0.08813301816187974
89.89999999999917 0.0881330181614479
89.99999999999916 0.08813301816101753
90.09999999999916 0.08813301816058863
90.19999999999915 0.08813301816016121
90.29999999999914 0.08813301815973522
90.39999999999914 0.08813301815931068
90.49999999999913 0.08813301815888758
90.59999999999913 0.08813301815846589
90.69999999999912 0.08813301815804563
90.79999999999912 0.08813301815762679
90.89999999999911 0.08813301815720938
90.9999999999991 0.08813301815679336
91.0999999999991 0.08813301815637874
91.19999999999909 0.08813301815596551
91.29999999999909 0.08813301815555369
91.39999999999908 0.08813301815514323
91.49999999999908 0.08813301815473416
91.59999999999907 0.08813301815432643
91.69999999999906 0.08813301815392006
91.79999999999906 0.08813301815351504
91.89999999999905 0.08813301815311139
91.99999999999905 0.08813301815270905
92.09999999999904 0.08813301815230806
92.19999999999904 0.08813301815190841
92.29999999999903 0.08813301815151009
92.39999999999903 0.08813301815111307
92.49999999999902 0.08813301815071739
92.59999999999901 0.08813301815032301
92.69999999999901 0.08813301814992995
92.799999999999 0.08813301814953819
92.899999999999 0.08813301814914767
92.99999999999899 0.08813301814875849
93.09999999999899 0.08813301814837052
93.19999999999898 0.08813301814798387
93.29999999999897 0.08813301814759847
93.39999999999897 0.08813301814721437
93.49999999999896 0.08813301814683151
93.59999999999896 0.0881330181464499
93.69999999999895 0.08813301814606954
93.79999999999895 0.08813301814569041
93.89999999999894 0.08813301814531251
93.99999999999893 0.08813301814493586
94.09999999999893 0.0881330181445604
94.19999999999892 0.08813301814418621
94.29999999999892 0.08813301814381323
94.39999999999891 0.08813301814344143
94.49999999999891 0.08813301814307083
94.5999999999989 0.08813301814270141
94.69999999999889 0.08813301814233321
94.79999999999889 0.08813301814196618
94.89999999999888 0.08813301814160034
94.99999999999888 0.08813301814123572
95.09999999999887 0.0881330181408722
95.19999999999887 0.08813301814050989
95.29999999999886 0.08813301814014873
95.39999999999885 0.08813301813978874
95.49999999999885 0.08813301813942991
95.59999999999884 0.08813301813907223
95.69999999999884 0.08813301813871573
95.79999999999883 0.08813301813836032
95.89999999999883 0.08813301813800606
95.99999999999882 0.08813301813765288
96.09999999999881 0.08813301813730086
96.19999999999881 0.08813301813694993
96.2999999999988 0.08813301813660014
96.3999999999988 0.08813301813625146
96.49999999999879 0.08813301813590391
96.59999999999879 0.08813301813555742
96.69999999999878 0.08813301813521207
96.79999999999878 0.08813301813486776
96.89999999999877 0.08813301813452458
96.99999999999876 0.08813301813418246
97.09999999999876 0.08813301813384142
97.19999999999875 0.08813301813350145
97.29999999999875 0.08813301813316257
97.39999999999874 0.08813301813282473
97.49999999999874 0.08813301813248796
97.59999999999873 0.08813301813215221
97.69999999999872 0.08813301813181755
97.79999999999872 0.08813301813148393
97.89999999999871 0.08813301813115136
97.99999999999871 0.08813301813081981
98.0999999999987 0.08813301813048929
98.1999999999987 0.08813301813015981
98.29999999999869 0.0881330181298314
98.39999999999868 0.08813301812950398
98.49999999999868 0.08813301812917754
98.59999999999867 0.08813301812885213
98.69999999999867 0.08813301812852772
98.79999999999866 0.08813301812820434
98.89999999999866 0.08813301812788193
98.99999999999865 0.08813301812756054
99.09999999999864 0.08813301812724013
99.19999999999864 0.08813301812692073
99.29999999999863 0.08813301812660228
99.39999999999863 0.08813301812628482
99.49999999999862 0.08813301812596834
99.59999999999862 0.08813301812565283
99.69999999999861 0.08813301812533829
99.7999999999986 0.08813301812502473
99.8999999999986 0.08813301812471211
99.99999999999859 0.08813301812440046
100.0999999999986 0.08813301812408976
