0 -0.0009775776750000002
0.1 -0.0009775776860411736
0.2 -0.0009775777437748725
0.3 -0.0009775778545648437
0.4 -0.0009775780313776932
0.5 -0.0009775782969104641
0.6 -0.0009775786897025908
0.7 -0.0009775792760729079
0.7999999999999999 -0.0009775801743508886
0.8999999999999999 -0.0009775816070650028
0.9999999999999999 -0.0009775840222088644
1.1 -0.0009775884029316951
1.2 -0.0009775971581014054
1.3 -0.0009776171073865466
1.4 -0.0009776717785730674
1.5 -0.0009778694607240322
1.6 -0.0009790036912006837
1.7 -0.000995472839249664
1.8 -0.008361320366451612
1.900000000000001 0.03931351017035991
2 0.03939925591076372
2.100000000000001 0.0394004419286882
2.200000000000001 0.03940054730438915
2.300000000000001 0.03940056636581483
2.400000000000001 0.03940057143012367
2.500000000000001 0.03940057314431852
2.600000000000001 0.03940057382994717
2.700000000000001 0.03940057413980488
2.800000000000001 0.03940057429353427
2.900000000000001 0.03940057437563119
3.000000000000001 0.0394005744221659
3.100000000000001 0.03940057444987406
3.200000000000002 0.03940057446706892
3.300000000000002 0.03940057447812224
3.400000000000002 0.03940057448544678
3.500000000000002 0.03940057449043061
3.600000000000002 0.03940057449390157
3.700000000000002 0.03940057449636923
3.800000000000002 0.03940057449815617
3.900000000000002 0.03940057449947169
4.000000000000002 0.0394005745004547
4.100000000000001 0.03940057450119924
4.200000000000001 0.03940057450177012
4.300000000000001 0.03940057450221285
4.4 0.03940057450255972
4.5 0.03940057450283413
4.6 0.03940057450305312
4.699999999999999 0.03940057450322933
4.799999999999999 0.03940057450337218
4.899999999999999 0.03940057450348883
4.999999999999998 0.03940057450358472
5.099999999999998 0.03940057450366401
5.199999999999998 0.03940057450372998
5.299999999999997 0.03940057450378517
5.399999999999997 0.03940057450383158
5.499999999999996 0.03940057450387079
5.599999999999996 0.03940057450390408
5.699999999999996 0.03940057450393246
5.799999999999995 0.03940057450395675
5.899999999999995 0.03940057450397762
5.999999999999995 0.03940057450399563
6.099999999999994 0.03940057450401122
6.199999999999994 0.03940057450402477
6.299999999999994 0.03940057450403655
6.399999999999993 0.03940057450404685
6.499999999999993 0.03940057450405592
6.599999999999993 0.03940057450406388
6.699999999999992 0.03940057450407088
6.799999999999992 0.03940057450407707
6.899999999999991 0.03940057450408256
6.999999999999991 0.03940057450408743
7.099999999999991 0.03940057450409177
7.19999999999999 0.03940057450409565
7.29999999999999 0.0394005745040991
7.39999999999999 0.03940057450410221
7.499999999999989 0.03940057450410499
7.599999999999989 0.03940057450410751
7.699999999999989 0.03940057450410977
7.799999999999988 0.03940057450411182
7.899999999999988 0.03940057450411367
7.999999999999988 0.03940057450411534
8.099999999999987 0.03940057450411684
8.199999999999987 0.03940057450411821
8.299999999999986 0.03940057450411948
8.399999999999986 0.03940057450412063
8.499999999999986 0.03940057450412166
8.599999999999985 0.03940057450412261
8.699999999999985 0.03940057450412347
8.799999999999985 0.03940057450412426
8.899999999999984 0.039400574504125
8.999999999999984 0.03940057450412567
9.099999999999984 0.03940057450412629
9.199999999999983 0.03940057450412686
9.299999999999983 0.03940057450412737
9.399999999999983 0.03940057450412787
9.499999999999982 0.03940057450412831
9.599999999999982 0.03940057450412873
9.699999999999982 0.03940057450412911
9.799999999999981 0.03940057450412948
9.899999999999981 0.03940057450412981
9.99999999999998 0.03940057450413011
10.09999999999998 0.03940057450413039
10.19999999999998 0.03940057450413065
10.29999999999998 0.03940057450413088
10.39999999999998 0.03940057450413113
10.49999999999998 0.03940057450413133
10.59999999999998 0.03940057450413154
10.69999999999998 0.03940057450413173
10.79999999999998 0.03940057450413191
10.89999999999998 0.03940057450413208
10.99999999999998 0.03940057450413222
11.09999999999998 0.03940057450413237
11.19999999999998 0.03940057450413251
11.29999999999998 0.03940057450413264
11.39999999999998 0.03940057450413275
11.49999999999998 0.03940057450413285
11.59999999999997 0.03940057450413295
11.69999999999997 0.03940057450413306
11.79999999999997 0.03940057450413315
11.89999999999997 0.03940057450413324
11.99999999999997 0.03940057450413332
12.09999999999997 0.03940057450413339
12.19999999999997 0.03940057450413347
12.29999999999997 0.03940057450413353
12.39999999999997 0.03940057450413359
12.49999999999997 0.03940057450413365
12.59999999999997 0.03940057450413371
12.69999999999997 0.03940057450413376
12.79999999999997 0.03940057450413383
12.89999999999997 0.03940057450413388
12.99999999999997 0.03940057450413392
13.09999999999997 0.03940057450413396
13.19999999999997 0.03940057450413401
13.29999999999997 0.03940057450413405
13.39999999999997 0.03940057450413409
13.49999999999997 0.03940057450413414
13.59999999999997 0.03940057450413417
13.69999999999997 0.03940057450413419
13.79999999999997 0.03940057450413423
13.89999999999997 0.03940057450413425
13.99999999999997 0.03940057450413428
14.09999999999997 0.0394005745041343
14.19999999999997 0.03940057450413433
14.29999999999997 0.03940057450413435
14.39999999999996 0.03940057450413437
14.49999999999996 0.03940057450413439
14.59999999999996 0.03940057450413443
14.69999999999996 0.03940057450413444
14.79999999999996 0.03940057450413446
14.89999999999996 0.03940057450413448
14.99999999999996 0.03940057450413448
15.09999999999996 0.0394005745041345
15.19999999999996 0.03940057450413451
15.29999999999996 0.03940057450413453
15.39999999999996 0.03940057450413454
15.49999999999996 0.03940057450413457
15.59999999999996 0.03940057450413459
15.69999999999996 0.0394005745041346
15.79999999999996 0.0394005745041346
15.89999999999996 0.03940057450413461
15.99999999999996 0.03940057450413462
16.09999999999996 0.03940057450413464
16.19999999999996 0.03940057450413465
16.29999999999996 0.03940057450413468
16.39999999999996 0.03940057450413469
16.49999999999996 0.0394005745041347
16.59999999999997 0.03940057450413471
16.69999999999997 0.03940057450413473
16.79999999999997 0.03940057450413473
16.89999999999997 0.03940057450413473
16.99999999999997 0.03940057450413473
17.09999999999997 0.03940057450413475
17.19999999999997 0.03940057450413474
17.29999999999998 0.03940057450413476
17.39999999999998 0.03940057450413475
17.49999999999998 0.03940057450413476
17.59999999999998 0.03940057450413476
17.69999999999998 0.03940057450413476
17.79999999999998 0.03940057450413476
17.89999999999998 0.03940057450413477
17.99999999999999 0.03940057450413477
18.09999999999999 0.03940057450413476
18.19999999999999 0.03940057450413476
18.29999999999999 0.03940057450413478
18.39999999999999 0.03940057450413477
18.49999999999999 0.03940057450413476
18.59999999999999 0.03940057450413476
18.7 0.03940057450413477
18.8 0.03940057450413477
18.9 0.03940057450413478
19 0.03940057450413478
19.1 0.0394005745041348
19.2 0.03940057450413481
19.3 0.03940057450413482
19.40000000000001 0.03940057450413482
19.50000000000001 0.03940057450413482
19.60000000000001 0.03940057450413483
19.70000000000001 0.03940057450413483
19.80000000000001 0.03940057450413485
19.90000000000001 0.03940057450413484
20.00000000000001 0.03940057450413486
20.10000000000002 0.03940057450413487
20.20000000000002 0.03940057450413487
20.30000000000002 0.03940057450413487
20.40000000000002 0.03940057450413486
20.50000000000002 0.03940057450413486
20.60000000000002 0.03940057450413485
20.70000000000002 0.03940057450413486
20.80000000000003 0.03940057450413487
20.90000000000003 0.03940057450413487
21.00000000000003 0.03940057450413486
21.10000000000003 0.03940057450413487
21.20000000000003 0.03940057450413488
21.30000000000003 0.03940057450413488
21.40000000000003 0.03940057450413489
21.50000000000004 0.03940057450413488
21.60000000000004 0.03940057450413489
21.70000000000004 0.03940057450413488
21.80000000000004 0.03940057450413488
21.90000000000004 0.03940057450413488
22.00000000000004 0.03940057450413487
22.10000000000004 0.03940057450413487
22.20000000000005 0.03940057450413485
22.30000000000005 0.03940057450413485
22.40000000000005 0.03940057450413485
22.50000000000005 0.03940057450413487
22.60000000000005 0.03940057450413487
22.70000000000005 0.03940057450413487
22.80000000000005 0.03940057450413487
22.90000000000006 0.03940057450413488
23.00000000000006 0.03940057450413487
23.10000000000006 0.03940057450413487
23.20000000000006 0.03940057450413487
23.30000000000006 0.03940057450413489
23.40000000000006 0.03940057450413488
23.50000000000006 0.03940057450413487
23.60000000000007 0.03940057450413488
23.70000000000007 0.03940057450413489
23.80000000000007 0.03940057450413488
23.90000000000007 0.03940057450413487
24.00000000000007 0.03940057450413487
24.10000000000007 0.03940057450413488
24.20000000000007 0.03940057450413488
24.30000000000008 0.03940057450413489
24.40000000000008 0.03940057450413489
24.50000000000008 0.03940057450413489
24.60000000000008 0.03940057450413489
24.70000000000008 0.03940057450413491
24.80000000000008 0.0394005745041349
24.90000000000008 0.0394005745041349
25.00000000000009 0.0394005745041349
25.10000000000009 0.0394005745041349
25.20000000000009 0.03940057450413489
25.30000000000009 0.03940057450413489
25.40000000000009 0.03940057450413489
25.50000000000009 0.03940057450413491
25.60000000000009 0.03940057450413492
25.7000000000001 0.03940057450413491
25.8000000000001 0.03940057450413492
25.9000000000001 0.03940057450413492
26.0000000000001 0.03940057450413492
26.1000000000001 0.03940057450413494
26.2000000000001 0.03940057450413493
26.3000000000001 0.03940057450413495
26.40000000000011 0.03940057450413495
26.50000000000011 0.03940057450413495
26.60000000000011 0.03940057450413494
26.70000000000011 0.03940057450413496
26.80000000000011 0.03940057450413496
26.90000000000011 0.03940057450413496
27.00000000000011 0.03940057450413496
27.10000000000012 0.03940057450413496
27.20000000000012 0.03940057450413496
27.30000000000012 0.03940057450413494
27.40000000000012 0.03940057450413495
27.50000000000012 0.03940057450413494
27.60000000000012 0.03940057450413495
27.70000000000012 0.03940057450413495
27.80000000000013 0.03940057450413494
27.90000000000013 0.03940057450413494
28.00000000000013 0.03940057450413495
28.10000000000013 0.03940057450413494
28.20000000000013 0.03940057450413494
28.30000000000013 0.03940057450413494
28.40000000000013 0.03940057450413493
28.50000000000014 0.03940057450413493
28.60000000000014 0.03940057450413492
28.70000000000014 0.03940057450413494
28.80000000000014 0.03940057450413494
28.90000000000014 0.03940057450413494
29.00000000000014 0.03940057450413494
29.10000000000014 0.03940057450413493
29.20000000000014 0.03940057450413493
29.30000000000015 0.03940057450413492
29.40000000000015 0.03940057450413492
29.50000000000015 0.03940057450413492
29.60000000000015 0.03940057450413493
29.70000000000015 0.03940057450413492
29.80000000000015 0.03940057450413492
29.90000000000015 0.03940057450413493
30.00000000000016 0.03940057450413493
30.10000000000016 0.03940057450413494
30.20000000000016 0.03940057450413495
30.30000000000016 0.03940057450413495
30.40000000000016 0.03940057450413496
30.50000000000016 0.03940057450413496
30.60000000000016 0.03940057450413495
30.70000000000017 0.03940057450413495
30.80000000000017 0.03940057450413496
30.90000000000017 0.03940057450413496
31.00000000000017 0.03940057450413497
31.10000000000017 0.03940057450413496
31.20000000000017 0.03940057450413496
31.30000000000017 0.03940057450413497
31.40000000000018 0.03940057450413497
31.50000000000018 0.03940057450413497
31.60000000000018 0.03940057450413498
31.70000000000018 0.03940057450413498
31.80000000000018 0.03940057450413496
31.90000000000018 0.03940057450413498
32.00000000000018 0.03940057450413498
32.10000000000019 0.03940057450413498
32.20000000000019 0.03940057450413499
32.30000000000019 0.039400574504135
32.40000000000019 0.039400574504135
32.50000000000019 0.03940057450413501
32.60000000000019 0.03940057450413501
32.70000000000019 0.03940057450413501
32.8000000000002 0.03940057450413501
32.9000000000002 0.03940057450413501
33.0000000000002 0.039400574504135
33.1000000000002 0.03940057450413499
33.2000000000002 0.03940057450413498
33.3000000000002 0.03940057450413498
33.4000000000002 0.03940057450413498
33.50000000000021 0.03940057450413497
33.60000000000021 0.03940057450413497
33.70000000000021 0.03940057450413497
33.80000000000021 0.03940057450413497
33.90000000000021 0.03940057450413497
34.00000000000021 0.03940057450413497
34.10000000000021 0.039400574504135
34.20000000000022 0.03940057450413499
34.30000000000022 0.039400574504135
34.40000000000022 0.03940057450413499
34.50000000000022 0.03940057450413498
34.60000000000022 0.03940057450413497
34.70000000000022 0.03940057450413498
34.80000000000022 0.03940057450413498
34.90000000000023 0.03940057450413498
35.00000000000023 0.03940057450413497
35.10000000000023 0.03940057450413497
35.20000000000023 0.03940057450413496
35.30000000000023 0.03940057450413495
35.40000000000023 0.03940057450413495
35.50000000000023 0.03940057450413495
35.60000000000024 0.03940057450413493
35.70000000000024 0.03940057450413494
35.80000000000024 0.03940057450413494
35.90000000000024 0.03940057450413494
36.00000000000024 0.03940057450413493
36.10000000000024 0.03940057450413493
36.20000000000024 0.03940057450413493
36.30000000000025 0.03940057450413493
36.40000000000025 0.03940057450413493
36.50000000000025 0.03940057450413494
36.60000000000025 0.03940057450413493
36.70000000000025 0.03940057450413494
36.80000000000025 0.03940057450413494
36.90000000000025 0.03940057450413494
37.00000000000026 0.03940057450413494
37.10000000000026 0.03940057450413494
37.20000000000026 0.03940057450413494
37.30000000000026 0.03940057450413494
37.40000000000026 0.03940057450413494
37.50000000000026 0.03940057450413494
37.60000000000026 0.03940057450413495
37.70000000000027 0.03940057450413496
37.80000000000027 0.03940057450413495
37.90000000000027 0.03940057450413495
38.00000000000027 0.03940057450413496
38.10000000000027 0.03940057450413496
38.20000000000027 0.03940057450413496
38.30000000000027 0.03940057450413496
38.40000000000028 0.03940057450413496
38.50000000000028 0.03940057450413497
38.60000000000028 0.03940057450413497
38.70000000000028 0.03940057450413496
38.80000000000028 0.03940057450413496
38.90000000000028 0.03940057450413495
39.00000000000028 0.03940057450413496
39.10000000000029 0.03940057450413496
39.20000000000029 0.03940057450413496
39.30000000000029 0.03940057450413496
39.40000000000029 0.03940057450413496
39.50000000000029 0.03940057450413497
39.60000000000029 0.03940057450413498
39.70000000000029 0.03940057450413498
39.8000000000003 0.03940057450413496
39.9000000000003 0.03940057450413496
40.0000000000003 0.03940057450413497
40.1000000000003 0.03940057450413498
40.2000000000003 0.03940057450413498
40.3000000000003 0.03940057450413497
40.4000000000003 0.03940057450413496
40.50000000000031 0.03940057450413496
40.60000000000031 0.03940057450413496
40.70000000000031 0.03940057450413496
40.80000000000031 0.03940057450413494
40.90000000000031 0.03940057450413496
41.00000000000031 0.03940057450413495
41.10000000000031 0.03940057450413495
41.20000000000032 0.03940057450413495
41.30000000000032 0.03940057450413495
41.40000000000032 0.03940057450413494
41.50000000000032 0.03940057450413495
41.60000000000032 0.03940057450413495
41.70000000000032 0.03940057450413494
41.80000000000032 0.03940057450413496
41.90000000000033 0.03940057450413496
42.00000000000033 0.03940057450413495
42.10000000000033 0.03940057450413496
42.20000000000033 0.03940057450413495
42.30000000000033 0.03940057450413494
42.40000000000033 0.03940057450413494
42.50000000000033 0.03940057450413495
42.60000000000034 0.03940057450413496
42.70000000000034 0.03940057450413495
42.80000000000034 0.03940057450413496
42.90000000000034 0.03940057450413496
43.00000000000034 0.03940057450413496
43.10000000000034 0.03940057450413495
43.20000000000034 0.03940057450413494
43.30000000000035 0.03940057450413494
43.40000000000035 0.03940057450413494
43.50000000000035 0.03940057450413494
43.60000000000035 0.03940057450413493
43.70000000000035 0.03940057450413494
43.80000000000035 0.03940057450413494
43.90000000000035 0.03940057450413495
44.00000000000036 0.03940057450413495
44.10000000000036 0.03940057450413494
44.20000000000036 0.03940057450413493
44.30000000000036 0.03940057450413494
44.40000000000036 0.03940057450413492
44.50000000000036 0.03940057450413493
44.60000000000036 0.03940057450413492
44.70000000000037 0.03940057450413491
44.80000000000037 0.03940057450413493
44.90000000000037 0.03940057450413493
45.00000000000037 0.03940057450413492
45.10000000000037 0.03940057450413491
45.20000000000037 0.03940057450413492
45.30000000000037 0.03940057450413492
45.40000000000038 0.03940057450413493
45.50000000000038 0.03940057450413494
45.60000000000038 0.03940057450413494
45.70000000000038 0.03940057450413496
45.80000000000038 0.03940057450413494
45.90000000000038 0.03940057450413495
46.00000000000038 0.03940057450413495
46.10000000000039 0.03940057450413494
46.20000000000039 0.03940057450413496
46.30000000000039 0.03940057450413496
46.40000000000039 0.03940057450413497
46.50000000000039 0.03940057450413496
46.60000000000039 0.03940057450413497
46.70000000000039 0.03940057450413497
46.8000000000004 0.03940057450413498
46.9000000000004 0.03940057450413496
47.0000000000004 0.03940057450413497
47.1000000000004 0.03940057450413498
47.2000000000004 0.03940057450413498
47.3000000000004 0.03940057450413499
47.4000000000004 0.03940057450413499
47.50000000000041 0.03940057450413501
47.60000000000041 0.03940057450413501
47.70000000000041 0.03940057450413501
47.80000000000041 0.03940057450413502
47.90000000000041 0.03940057450413501
48.00000000000041 0.03940057450413502
48.10000000000041 0.03940057450413502
48.20000000000041 0.03940057450413503
48.30000000000042 0.03940057450413501
48.40000000000042 0.03940057450413501
48.50000000000042 0.039400574504135
48.60000000000042 0.03940057450413502
48.70000000000042 0.03940057450413501
48.80000000000042 0.03940057450413502
48.90000000000042 0.03940057450413502
49.00000000000043 0.03940057450413501
49.10000000000043 0.03940057450413502
49.20000000000043 0.03940057450413501
49.30000000000043 0.039400574504135
49.40000000000043 0.039400574504135
49.50000000000043 0.03940057450413501
49.60000000000043 0.03940057450413501
49.70000000000044 0.03940057450413501
49.80000000000044 0.03940057450413501
49.90000000000044 0.03940057450413501
50.00000000000044 0.03940057450413502
50.10000000000044 0.03940057450413501
50.20000000000044 0.039400574504135
50.30000000000044 0.03940057450413501
50.40000000000045 0.03940057450413501
50.50000000000045 0.039400574504135
50.60000000000045 0.039400574504135
50.70000000000045 0.03940057450413499
50.80000000000045 0.03940057450413499
50.90000000000045 0.03940057450413499
51.00000000000045 0.03940057450413498
51.10000000000046 0.03940057450413498
51.20000000000046 0.03940057450413498
51.30000000000046 0.039400574504135
51.40000000000046 0.039400574504135
51.50000000000046 0.039400574504135
51.60000000000046 0.03940057450413501
51.70000000000046 0.039400574504135
51.80000000000047 0.03940057450413501
51.90000000000047 0.03940057450413502
52.00000000000047 0.03940057450413503
52.10000000000047 0.03940057450413503
52.20000000000047 0.03940057450413503
52.30000000000047 0.03940057450413503
52.40000000000047 0.03940057450413505
52.50000000000048 0.03940057450413503
52.60000000000048 0.03940057450413503
52.70000000000048 0.03940057450413502
52.80000000000048 0.03940057450413503
52.90000000000048 0.03940057450413503
53.00000000000048 0.03940057450413503
53.10000000000048 0.03940057450413503
53.20000000000049 0.03940057450413504
53.30000000000049 0.03940057450413504
53.40000000000049 0.03940057450413503
53.50000000000049 0.03940057450413502
53.60000000000049 0.03940057450413501
53.70000000000049 0.03940057450413501
53.80000000000049 0.03940057450413501
53.9000000000005 0.03940057450413499
54.0000000000005 0.03940057450413501
54.1000000000005 0.03940057450413501
54.2000000000005 0.03940057450413501
54.3000000000005 0.039400574504135
54.4000000000005 0.039400574504135
54.5000000000005 0.03940057450413499
54.60000000000051 0.03940057450413499
54.70000000000051 0.039400574504135
54.80000000000051 0.03940057450413499
54.90000000000051 0.03940057450413499
55.00000000000051 0.03940057450413499
55.10000000000051 0.03940057450413499
55.20000000000051 0.03940057450413498
55.30000000000052 0.03940057450413501
55.40000000000052 0.03940057450413499
55.50000000000052 0.03940057450413498
55.60000000000052 0.039400574504135
55.70000000000052 0.03940057450413499
55.80000000000052 0.03940057450413497
55.90000000000052 0.03940057450413498
56.00000000000053 0.03940057450413498
56.10000000000053 0.03940057450413498
56.20000000000053 0.03940057450413498
56.30000000000053 0.03940057450413498
56.40000000000053 0.039400574504135
56.50000000000053 0.039400574504135
56.60000000000053 0.03940057450413501
56.70000000000054 0.039400574504135
56.80000000000054 0.03940057450413501
56.90000000000054 0.039400574504135
57.00000000000054 0.039400574504135
57.10000000000054 0.039400574504135
57.20000000000054 0.03940057450413501
57.30000000000054 0.03940057450413502
57.40000000000055 0.03940057450413502
57.50000000000055 0.03940057450413502
57.60000000000055 0.03940057450413503
57.70000000000055 0.03940057450413504
57.80000000000055 0.03940057450413504
57.90000000000055 0.03940057450413504
58.00000000000055 0.03940057450413504
58.10000000000056 0.03940057450413504
58.20000000000056 0.03940057450413504
58.30000000000056 0.03940057450413505
58.40000000000056 0.03940057450413505
58.50000000000056 0.03940057450413504
58.60000000000056 0.03940057450413504
58.70000000000056 0.03940057450413505
58.80000000000057 0.03940057450413504
58.90000000000057 0.03940057450413505
59.00000000000057 0.03940057450413503
59.10000000000057 0.03940057450413505
59.20000000000057 0.03940057450413505
59.30000000000057 0.03940057450413506
59.40000000000057 0.03940057450413505
59.50000000000058 0.03940057450413506
59.60000000000058 0.03940057450413506
59.70000000000058 0.03940057450413506
59.80000000000058 0.03940057450413507
59.90000000000058 0.03940057450413507
60.00000000000058 0.03940057450413507
60.10000000000058 0.03940057450413507
60.20000000000059 0.03940057450413506
60.30000000000059 0.03940057450413506
60.40000000000059 0.03940057450413507
60.50000000000059 0.03940057450413508
60.60000000000059 0.03940057450413507
60.70000000000059 0.03940057450413508
60.80000000000059 0.03940057450413508
60.9000000000006 0.03940057450413509
61.0000000000006 0.03940057450413507
61.1000000000006 0.03940057450413508
61.2000000000006 0.03940057450413507
61.3000000000006 0.03940057450413507
61.4000000000006 0.03940057450413507
61.5000000000006 0.03940057450413507
61.60000000000061 0.03940057450413507
61.70000000000061 0.03940057450413508
61.80000000000061 0.03940057450413508
61.90000000000061 0.03940057450413509
62.00000000000061 0.03940057450413507
62.10000000000061 0.03940057450413509
62.20000000000061 0.03940057450413508
62.30000000000062 0.03940057450413507
62.40000000000062 0.03940057450413506
62.50000000000062 0.03940057450413505
62.60000000000062 0.03940057450413505
62.70000000000062 0.03940057450413506
62.80000000000062 0.03940057450413506
62.90000000000062 0.03940057450413507
63.00000000000063 0.03940057450413507
63.10000000000063 0.03940057450413507
63.20000000000063 0.03940057450413507
63.30000000000063 0.03940057450413508
63.40000000000063 0.03940057450413507
63.50000000000063 0.03940057450413509
63.60000000000063 0.03940057450413506
63.70000000000064 0.03940057450413507
63.80000000000064 0.03940057450413507
63.90000000000064 0.03940057450413506
64.00000000000064 0.03940057450413507
64.10000000000063 0.03940057450413507
64.20000000000063 0.03940057450413507
64.30000000000062 0.03940057450413508
64.40000000000062 0.03940057450413509
64.50000000000061 0.0394005745041351
64.60000000000061 0.0394005745041351
64.7000000000006 0.0394005745041351
64.80000000000059 0.0394005745041351
64.90000000000059 0.0394005745041351
65.00000000000058 0.0394005745041351
65.10000000000058 0.03940057450413509
65.20000000000057 0.0394005745041351
65.30000000000057 0.0394005745041351
65.40000000000056 0.0394005745041351
65.50000000000055 0.0394005745041351
65.60000000000055 0.03940057450413511
65.70000000000054 0.0394005745041351
65.80000000000054 0.0394005745041351
65.90000000000053 0.0394005745041351
66.00000000000053 0.03940057450413511
66.10000000000052 0.03940057450413511
66.20000000000051 0.0394005745041351
66.30000000000051 0.03940057450413511
66.4000000000005 0.0394005745041351
66.5000000000005 0.0394005745041351
66.60000000000049 0.03940057450413509
66.70000000000049 0.03940057450413508
66.80000000000048 0.03940057450413509
66.90000000000047 0.0394005745041351
67.00000000000047 0.03940057450413509
67.10000000000046 0.0394005745041351
67.20000000000046 0.0394005745041351
67.30000000000045 0.0394005745041351
67.40000000000045 0.03940057450413511
67.50000000000044 0.03940057450413511
67.60000000000043 0.0394005745041351
67.70000000000043 0.03940057450413512
67.80000000000042 0.03940057450413512
67.90000000000042 0.03940057450413512
68.00000000000041 0.03940057450413512
68.10000000000041 0.03940057450413513
68.2000000000004 0.03940057450413512
68.3000000000004 0.03940057450413514
68.40000000000039 0.03940057450413513
68.50000000000038 0.03940057450413512
68.60000000000038 0.03940057450413513
68.70000000000037 0.03940057450413514
68.80000000000037 0.03940057450413514
68.90000000000036 0.03940057450413514
69.00000000000036 0.03940057450413514
69.10000000000035 0.03940057450413515
69.20000000000034 0.03940057450413514
69.30000000000034 0.03940057450413516
69.40000000000033 0.03940057450413518
69.50000000000033 0.03940057450413516
69.60000000000032 0.03940057450413516
69.70000000000032 0.03940057450413516
69.80000000000031 0.03940057450413516
69.9000000000003 0.03940057450413516
70.0000000000003 0.03940057450413517
70.10000000000029 0.03940057450413518
70.20000000000029 0.03940057450413517
70.30000000000028 0.03940057450413519
70.40000000000028 0.03940057450413519
70.50000000000027 0.03940057450413519
70.60000000000026 0.03940057450413519
70.70000000000026 0.0394005745041352
70.80000000000025 0.03940057450413521
70.90000000000025 0.0394005745041352
71.00000000000024 0.03940057450413519
71.10000000000024 0.03940057450413521
71.20000000000023 0.03940057450413521
71.30000000000022 0.03940057450413521
71.40000000000022 0.03940057450413521
71.50000000000021 0.03940057450413521
71.60000000000021 0.03940057450413522
71.7000000000002 0.03940057450413521
71.8000000000002 0.03940057450413521
71.90000000000019 0.03940057450413521
72.00000000000018 0.03940057450413521
72.10000000000018 0.03940057450413521
72.20000000000017 0.03940057450413521
72.30000000000017 0.03940057450413521
72.40000000000016 0.03940057450413521
72.50000000000016 0.03940057450413522
72.60000000000015 0.03940057450413523
72.70000000000014 0.03940057450413523
72.80000000000014 0.03940057450413523
72.90000000000013 0.03940057450413523
73.00000000000013 0.03940057450413523
73.10000000000012 0.03940057450413523
73.20000000000012 0.03940057450413522
73.30000000000011 0.03940057450413522
73.40000000000011 0.03940057450413522
73.5000000000001 0.03940057450413523
73.60000000000009 0.03940057450413522
73.70000000000009 0.03940057450413523
73.80000000000008 0.03940057450413524
73.90000000000008 0.03940057450413523
74.00000000000007 0.03940057450413523
74.10000000000007 0.03940057450413524
74.20000000000006 0.03940057450413524
74.30000000000005 0.03940057450413523
74.40000000000005 0.03940057450413523
74.50000000000004 0.03940057450413523
74.60000000000004 0.03940057450413523
74.70000000000003 0.03940057450413523
74.80000000000003 0.03940057450413523
74.90000000000002 0.03940057450413523
75.00000000000001 0.03940057450413523
75.10000000000001 0.03940057450413524
75.2 0.03940057450413524
75.3 0.03940057450413524
75.39999999999999 0.03940057450413523
75.49999999999999 0.03940057450413524
75.59999999999998 0.03940057450413524
75.69999999999997 0.03940057450413524
75.79999999999997 0.03940057450413525
75.89999999999996 0.03940057450413526
75.99999999999996 0.03940057450413526
76.09999999999995 0.03940057450413526
76.19999999999995 0.03940057450413528
76.29999999999994 0.03940057450413528
76.39999999999993 0.03940057450413529
76.49999999999993 0.03940057450413529
76.59999999999992 0.03940057450413528
76.69999999999992 0.03940057450413528
76.79999999999991 0.03940057450413529
76.89999999999991 0.0394005745041353
76.9999999999999 0.0394005745041353
77.09999999999989 0.0394005745041353
77.19999999999989 0.0394005745041353
77.29999999999988 0.0394005745041353
77.39999999999988 0.0394005745041353
77.49999999999987 0.0394005745041353
77.59999999999987 0.0394005745041353
77.69999999999986 0.0394005745041353
77.79999999999986 0.03940057450413528
77.89999999999985 0.03940057450413528
77.99999999999984 0.03940057450413528
78.09999999999984 0.03940057450413528
78.19999999999983 0.03940057450413528
78.29999999999983 0.03940057450413528
78.39999999999982 0.03940057450413528
78.49999999999982 0.03940057450413527
78.59999999999981 0.03940057450413527
78.6999999999998 0.03940057450413528
78.7999999999998 0.03940057450413527
78.89999999999979 0.03940057450413527
78.99999999999979 0.03940057450413527
79.09999999999978 0.03940057450413528
79.19999999999978 0.03940057450413528
79.29999999999977 0.03940057450413527
79.39999999999976 0.03940057450413528
79.49999999999976 0.03940057450413527
79.59999999999975 0.03940057450413526
79.69999999999975 0.03940057450413526
79.79999999999974 0.03940057450413527
79.89999999999974 0.03940057450413527
79.99999999999973 0.03940057450413526
80.09999999999972 0.03940057450413526
80.19999999999972 0.03940057450413526
80.29999999999971 0.03940057450413527
80.39999999999971 0.03940057450413526
80.4999999999997 0.03940057450413526
80.5999999999997 0.03940057450413526
80.69999999999969 0.03940057450413527
80.79999999999968 0.03940057450413526
80.89999999999968 0.03940057450413527
80.99999999999967 0.03940057450413528
81.09999999999967 0.03940057450413527
81.19999999999966 0.03940057450413528
81.29999999999966 0.03940057450413528
81.39999999999965 0.03940057450413527
81.49999999999964 0.03940057450413528
81.59999999999964 0.03940057450413527
81.69999999999963 0.03940057450413526
81.79999999999963 0.03940057450413526
81.89999999999962 0.03940057450413526
81.99999999999962 0.03940057450413526
82.09999999999961 0.03940057450413526
82.1999999999996 0.03940057450413526
82.2999999999996 0.03940057450413526
82.39999999999959 0.03940057450413524
82.49999999999959 0.03940057450413523
82.59999999999958 0.03940057450413523
82.69999999999958 0.03940057450413524
82.79999999999957 0.03940057450413524
82.89999999999957 0.03940057450413523
82.99999999999956 0.03940057450413523
83.09999999999955 0.03940057450413523
83.19999999999955 0.03940057450413523
83.29999999999954 0.03940057450413522
83.39999999999954 0.03940057450413523
83.49999999999953 0.03940057450413521
83.59999999999953 0.03940057450413521
83.69999999999952 0.03940057450413521
83.79999999999951 0.03940057450413521
83.89999999999951 0.03940057450413521
83.9999999999995 0.03940057450413522
84.0999999999995 0.03940057450413522
84.19999999999949 0.03940057450413522
84.29999999999949 0.03940057450413521
84.39999999999948 0.03940057450413521
84.49999999999947 0.03940057450413522
84.59999999999947 0.03940057450413523
84.69999999999946 0.03940057450413522
84.79999999999946 0.03940057450413523
84.89999999999945 0.03940057450413521
84.99999999999945 0.0394005745041352
85.09999999999944 0.0394005745041352
85.19999999999943 0.03940057450413519
85.29999999999943 0.03940057450413519
85.39999999999942 0.03940057450413519
85.49999999999942 0.03940057450413519
85.59999999999941 0.03940057450413519
85.69999999999941 0.03940057450413519
85.7999999999994 0.0394005745041352
85.89999999999939 0.0394005745041352
85.99999999999939 0.0394005745041352
86.09999999999938 0.03940057450413519
86.19999999999938 0.03940057450413519
86.29999999999937 0.03940057450413521
86.39999999999937 0.0394005745041352
86.49999999999936 0.03940057450413521
86.59999999999935 0.03940057450413521
86.69999999999935 0.0394005745041352
86.79999999999934 0.03940057450413519
86.89999999999934 0.03940057450413521
86.99999999999933 0.0394005745041352
87.09999999999933 0.03940057450413521
87.19999999999932 0.0394005745041352
87.29999999999932 0.0394005745041352
87.39999999999931 0.03940057450413521
87.4999999999993 0.03940057450413521
87.5999999999993 0.03940057450413521
87.69999999999929 0.03940057450413521
87.79999999999929 0.03940057450413521
87.89999999999928 0.03940057450413521
87.99999999999928 0.03940057450413521
88.09999999999927 0.03940057450413521
88.19999999999926 0.03940057450413521
88.29999999999926 0.0394005745041352
88.39999999999925 0.03940057450413519
88.49999999999925 0.03940057450413519
88.59999999999924 0.03940057450413519
88.69999999999924 0.03940057450413519
88.79999999999923 0.03940057450413519
88.89999999999922 0.03940057450413519
88.99999999999922 0.03940057450413517
89.09999999999921 0.03940057450413518
89.19999999999921 0.03940057450413519
89.2999999999992 0.03940057450413519
89.3999999999992 0.03940057450413518
89.49999999999919 0.03940057450413518
89.59999999999918 0.03940057450413518
89.69999999999918 0.03940057450413518
89.79999999999917 0.03940057450413519
89.89999999999917 0.03940057450413519
89.99999999999916 0.03940057450413519
90.09999999999916 0.03940057450413518
90.19999999999915 0.03940057450413518
90.29999999999914 0.03940057450413517
90.39999999999914 0.03940057450413518
90.49999999999913 0.03940057450413517
90.59999999999913 0.03940057450413516
90.69999999999912 0.03940057450413516
90.79999999999912 0.03940057450413516
90.89999999999911 0.03940057450413516
90.9999999999991 0.03940057450413515
91.0999999999991 0.03940057450413516
91.19999999999909 0.03940057450413514
91.29999999999909 0.03940057450413515
91.39999999999908 0.03940057450413516
91.49999999999908 0.03940057450413516
91.59999999999907 0.03940057450413516
91.69999999999906 0.03940057450413516
91.79999999999906 0.03940057450413516
91.89999999999905 0.03940057450413517
91.99999999999905 0.03940057450413516
92.09999999999904 0.03940057450413516
92.19999999999904 0.03940057450413516
92.29999999999903 0.03940057450413515
92.39999999999903 0.03940057450413514
92.49999999999902 0.03940057450413514
92.59999999999901 0.03940057450413513
92.69999999999901 0.03940057450413513
92.799999999999 0.03940057450413512
92.899999999999 0.03940057450413512
92.99999999999899 0.03940057450413513
93.09999999999899 0.03940057450413514
93.19999999999898 0.03940057450413512
93.29999999999897 0.03940057450413512
93.39999999999897 0.03940057450413512
93.49999999999896 0.03940057450413511
93.59999999999896 0.03940057450413512
93.69999999999895 0.03940057450413511
93.79999999999895 0.0394005745041351
93.89999999999894 0.0394005745041351
93.99999999999893 0.0394005745041351
94.09999999999893 0.0394005745041351
94.19999999999892 0.0394005745041351
94.29999999999892 0.03940057450413512
94.39999999999891 0.0394005745041351
94.49999999999891 0.0394005745041351
94.5999999999989 0.03940057450413511
94.69999999999889 0.0394005745041351
94.79999999999889 0.0394005745041351
94.89999999999888 0.03940057450413509
94.99999999999888 0.0394005745041351
95.09999999999887 0.0394005745041351
95.19999999999887 0.0394005745041351
95.29999999999886 0.0394005745041351
95.39999999999885 0.03940057450413509
95.49999999999885 0.03940057450413508
95.59999999999884 0.03940057450413509
95.69999999999884 0.0394005745041351
95.79999999999883 0.0394005745041351
95.89999999999883 0.03940057450413509
95.99999999999882 0.03940057450413509
96.09999999999881 0.0394005745041351
96.19999999999881 0.0394005745041351
96.2999999999988 0.0394005745041351
96.3999999999988 0.03940057450413512
96.49999999999879 0.03940057450413512
96.59999999999879 0.03940057450413513
96.69999999999878 0.03940057450413513
96.79999999999878 0.03940057450413512
96.89999999999877 0.03940057450413514
96.99999999999876 0.03940057450413515
97.09999999999876 0.03940057450413514
97.19999999999875 0.03940057450413512
97.29999999999875 0.03940057450413514
97.39999999999874 0.03940057450413514
97.49999999999874 0.03940057450413514
97.59999999999873 0.03940057450413514
97.69999999999872 0.03940057450413514
97.79999999999872 0.03940057450413514
97.89999999999871 0.03940057450413514
97.99999999999871 0.03940057450413513
98.0999999999987 0.03940057450413513
98.1999999999987 0.03940057450413513
98.29999999999869 0.03940057450413512
98.39999999999868 0.03940057450413511
98.49999999999868 0.03940057450413511
98.59999999999867 0.03940057450413512
98.69999999999867 0.03940057450413512
98.79999999999866 0.03940057450413512
98.89999999999866 0.03940057450413512
98.99999999999865 0.03940057450413512
99.09999999999864 0.03940057450413512
99.19999999999864 0.03940057450413512
99.29999999999863 0.03940057450413511
99.39999999999863 0.03940057450413511
99.49999999999862 0.03940057450413512
99.59999999999862 0.03940057450413512
99.69999999999861 0.03940057450413513
99.7999999999986 0.03940057450413513
99.8999999999986 0.03940057450413512
99.99999999999859 0.03940057450413512
100.0999999999986 0.03940057450413512
