0.1 0.965776
0.2 0.825041
0.3 0.95329
0.4 0.826338
0.5 2.44769e-59
0.6 2.48261
0.7 1.04092
0.8 1.77292
0.9 1.87299
1 1.93327
1.1 1.15401
1.2 1.33937
1.3 1.16377
1.4 2.1225
1.5 2.9507
1.6 0.966056
1.7 1.90176
1.8 2.91081e-59
1.9 1.31573
2 1.1412
2.1 1.68743
2.2 0.759071
2.3 2.46993
2.4 1.25814
2.5 2.44769e-59
2.6 1.67916
2.7 2.44769e-59
2.8 0.94679
2.9 0
3 0.809064
3.1 0.986062
3.2 0.932339
3.3 2.19542
3.4 1.75803
3.5 2.29539
3.6 0.868439
3.7 1.26727
3.8 1.28626
3.9 1.81306
4 1.05212
4.1 1.18336
4.2 1.0225
4.3 1.3348
4.4 0.846431
4.5 1.78731
4.6 2.49459
4.7 1.62025
4.8 2.71728
4.9 2.44515
5 1.33089
5.1 1.50406
5.2 0.906333
5.3 1.21938
5.4 0.949802
5.5 3.22347
5.6 1.17965
5.7 1.81878
5.8 0.840002
5.9 0
6 1.18353
6.1 1.22842
6.2 0.964868
6.3 0.963661
6.4 2.22097
6.5 2.12167
6.6 2.44769e-59
6.7 1.47156
6.8 0.879604
6.9 0.907979
7 1.77039
7.1 1.13769
7.2 2.44769e-59
7.3 0.805254
7.4 0.934864
7.5 0.836294
7.6 1.66973
7.7 2.12385
7.8 3.51079
7.9 2.47404
8 0.826602
8.1 1.20186
8.2 1.27271
8.3 0.902106
8.4 1.03287
8.5 0.761312
8.6 2.84018
8.7 3.2547
8.8 0
8.9 1.62394
9 2.59532
9.1 2.56569
9.2 1.93374
9.3 1.03851
9.4 1.14789
9.5 1.11902
9.6 0.82164
9.7 1.00319
9.8 0.997552
9.9 0.961423
10 0.951735
10.1 0.959995
10.2 1.06566
10.3 1.22105
10.4 1.04356
10.5 1.34738
10.6 0.829755
10.7 1.55686
10.8 2.44769e-59
10.9 2.78575
11 2.90379
11.1 1.9581
11.2 1.61148
11.3 2.44769e-59
11.4 1.00234
11.5 1.58143
11.6 1.9019
11.7 1.08893
11.8 0.899328
11.9 0.869627
12 1.73323
12.1 0.998514
12.2 1.58736
12.3 2.44769e-59
12.4 2.91081e-59
12.5 1.16585
12.6 3.32471
12.7 0.815365
12.8 0.86296
12.9 1.32666
13 0.999028
13.1 1.28384
13.2 2.41736
13.3 0.893681
13.4 2.62924
13.5 1.92619
13.6 2.44769e-59
13.7 1.24753
13.8 1.12879
13.9 1.87146
14 2.2877
14.1 2.49029
14.2 2.5875
14.3 2.62045
14.4 1.17582
14.5 1.49361
14.6 3.19921
14.7 1.0149
14.8 3.02471
14.9 2.59567
15 2.31435
15.1 1.88439
15.2 1.59214
15.3 0.821788
15.4 2.91081e-59
15.5 1.2321
15.6 1.17726
15.7 2.91081e-59
15.8 0.812174
15.9 2.20454
16 1.08269
16.1 1.00161
16.2 1.60249
16.3 1.01775
16.4 2.44769e-59
16.5 1.19555
16.6 0.797322
16.7 1.0477
16.8 3.04962
16.9 2.91081e-59
17 1.61178
17.1 2.19737
17.2 1.08061
17.3 2.44769e-59
17.4 1.79906
17.5 0.878395
17.6 0.989206
17.7 1.41148
17.8 1.63873
17.9 2.44769e-59
18 2.48688
18.1 2.4859
18.2 2.00565
18.3 1.36634
18.4 2.91081e-59
18.5 1.30292
18.6 1.26642
18.7 1.04957
18.8 2.91081e-59
18.9 0.929221
19 0.832785
19.1 0.82764
19.2 0.84323
19.3 2.26964
19.4 0.803731
19.5 0.881218
19.6 0.89734
19.7 1.09369
19.8 0.800366
19.9 0.810386
20 1.15087
20.1 1.46284
20.2 0.973144
20.3 2.52071
20.4 1.62834
20.5 2.44769e-59
20.6 2.02591
20.7 1.20183
20.8 0.880705
20.9 1.04323
21 3.13868
21.1 1.21351
21.2 0.784507
21.3 2.18415
21.4 1.77768
21.5 1.5618
21.6 0.817451
21.7 1.23947
21.8 1.08232
21.9 1.09663
22 3.51407
22.1 2.39592
22.2 1.24987
22.3 0.84195
22.4 2.07935
22.5 0.808339
22.6 1.3154
22.7 0.942439
22.8 1.24634
22.9 0.798436
23 1.17993
23.1 1.22867
23.2 0.838728
23.3 0.976548
23.4 1.05955
23.5 3.4077
23.6 2.36102
23.7 2.53308
23.8 1.16197
23.9 1.28363
24 1.10026
24.1 1.75177
24.2 2.10426
24.3 2.93621
24.4 3.57944
24.5 0.855111
24.6 1.39447
24.7 2.44769e-59
24.8 1.27759
24.9 1.11558
25 1.05228
25.1 2.11994
25.2 2.44769e-59
25.3 1.01113
25.4 2.08638
25.5 1.09951
25.6 1.54842
25.7 0.80202
25.8 1.03179
25.9 1.05849
26 1.84988
26.1 0
26.2 2.91081e-59
26.3 2.11058
26.4 0.852692
26.5 1.06029
26.6 0
26.7 1.06855
26.8 1.03817
26.9 1.1213
27 1.22965
27.1 1.00398
27.2 3.09823
27.3 1.93795
27.4 2.37456
27.5 2.44769e-59
27.6 0.918867
27.7 1.70528
27.8 1.501
27.9 2.43568
28 0.806005
28.1 2.26904
28.2 0.965298
28.3 1.04506
28.4 1.02862
28.5 1.2694
28.6 1.09915
28.7 0.858248
28.8 1.27434
28.9 1.02404
29 2.40063
29.1 1.33789
29.2 1.36538
29.3 0.809335
29.4 1.43692
29.5 1.4744
29.6 1.09337
29.7 2.50854
29.8 3.6666
29.9 1.04634
30 1.67939
30.1 1.25467
30.2 1.67262
30.3 3.05848
30.4 1.00175
30.5 2.22028
30.6 3.55713
30.7 2.23607
30.8 1.82792
30.9 0.902161
31 1.03998
31.1 1.19536
31.2 1.16605
31.3 2.23891
31.4 3.6933
31.5 0.806977
31.6 1.00645
31.7 2.04858
31.8 2.19752
31.9 2.21408
32 0
32.1 0.930915
32.2 0.973998
32.3 1.11128
32.4 1.95301
32.5 0.968176
32.6 1.39194
32.7 3.11777
32.8 2.046
32.9 3.38563
33 1.04105
33.1 1.0549
33.2 0.888628
33.3 2.44081
33.4 2.44769e-59
33.5 1.0327
33.6 2.44769e-59
33.7 2.46279
33.8 0.923937
33.9 2.44769e-59
34 1.65666
34.1 0.820953
34.2 0.8099
34.3 1.21494
34.4 0.847989
34.5 3.61523
34.6 2.89541
34.7 0.813345
34.8 1.09996
34.9 0.841187
35 2.19463
35.1 1.38225
35.2 0.919054
35.3 1.18333
35.4 1.00964
35.5 1.0755
35.6 1.06648
35.7 1.29077
35.8 1.06433
35.9 1.86307
36 0.917548
36.1 0.989855
36.2 2.38628
36.3 2.44769e-59
36.4 1.29208
36.5 2.44769e-59
36.6 1.627
36.7 1.22749
36.8 2.2946
36.9 1.22896
37 2.12018
37.1 0.929501
37.2 1.46441
37.3 1.57313
37.4 0.941843
37.5 1.16929
37.6 3.08116
37.7 0.801001
37.8 0.836079
37.9 1.00241
38 0.96019
38.1 1.07812
38.2 2.05244
38.3 0.90255
38.4 2.44769e-59
38.5 1.07514
38.6 2.44769e-59
38.7 1.11998
38.8 0.820486
38.9 2.05721
39 2.61434
39.1 2.20224
39.2 3.39753
39.3 0
39.4 1.46837
39.5 1.16619
39.6 1.20269
39.7 1.45714
39.8 1.03924
39.9 2.91081e-59
40 1.11318
40.1 3.44293
40.2 3.31993
40.3 2.44769e-59
40.4 0.892127
40.5 1.00971
40.6 0.858916
40.7 1.02811
40.8 0.839759
40.9 1.1211
41 0.960835
41.1 2.03831
41.2 2.44769e-59
41.3 0.998521
41.4 2.91081e-59
41.5 0.895522
41.6 1.84513
41.7 1.24378
41.8 2.55857
41.9 2.4766
42 2.82423
42.1 0.856231
42.2 2.70118
42.3 2.91081e-59
42.4 3.63835
42.5 1.09791
42.6 2.91081e-59
42.7 2.51644
42.8 1.1234
42.9 0.915641
43 1.05849
43.1 2.38062
43.2 1.09791
43.3 2.44769e-59
43.4 0.938275
43.5 1.4554
43.6 2.73598
43.7 1.14363
43.8 2.35982
43.9 2.21747
44 0.964618
44.1 1.01419
44.2 1.09969
44.3 0.834705
44.4 0.817263
44.5 0.961139
44.6 1.14311
44.7 2.15359
44.8 2.44769e-59
44.9 0.800381
45 1.20787
45.1 1.36955
45.2 0.985102
45.3 1.77621
45.4 2.51017
45.5 3.70934
45.6 2.73411
45.7 1.19492
45.8 2.37404
45.9 1.16856
46 2.44769e-59
46.1 1.0167
46.2 2.21758
46.3 2.49563
46.4 2.15217
46.5 1.79204
46.6 1.49437
46.7 0
46.8 1.28774
46.9 2.44769e-59
47 2.44769e-59
47.1 2.15714
47.2 0.906
47.3 0.870482
47.4 1.35098
47.5 0.993029
47.6 2.44769e-59
47.7 1.29662
47.8 2.23709
47.9 2.91081e-59
48 1.11499
48.1 1.17877
48.2 1.3979
48.3 2.44769e-59
48.4 0.89969
48.5 0.96845
48.6 0.938913
48.7 3.14918
48.8 1.70364
48.9 0.978303
49 0.991948
49.1 1.12403
49.2 1.69354
49.3 0.955835
49.4 1.06387
49.5 2.44769e-59
49.6 3.46292
49.7 2.44769e-59
49.8 0.940387
49.9 0.929897
50 2.91081e-59
50.1 1.11743
50.2 1.06729
50.3 2.15531
50.4 1.00889
50.5 2.11418
50.6 2.12703
50.7 0.814239
50.8 1.00599
50.9 0.796646
51 0.955439
51.1 2.44769e-59
51.2 1.25902
51.3 0.813457
51.4 0.829576
51.5 1.05612
51.6 1.86148
51.7 1.07154
51.8 3.67582
51.9 2.49076
52 2.22411
52.1 2.50247
52.2 1.1518
52.3 1.63345
52.4 3.00573
52.5 3.27989
52.6 1.33462
52.7 3.56013
52.8 1.67984
52.9 0.820087
53 1.32552
53.1 1.15698
53.2 1.0412
53.3 2.44769e-59
53.4 0.84085
53.5 1.01625
53.6 1.92511
53.7 0
53.8 1.98978
53.9 1.06549
54 1.0179
54.1 1.23659
54.2 1.23998
54.3 1.88045
54.4 2.39624
54.5 1.3575
54.6 2.91081e-59
54.7 1.73479
54.8 0.905669
54.9 3.39172
55 2.44769e-59
55.1 1.08394
55.2 0.981186
55.3 1.46826
55.4 0.908441
55.5 1.16515
55.6 2.44769e-59
55.7 2.41754
55.8 1.05299
55.9 3.49487
56 1.55168
56.1 0.809688
56.2 2.83934
56.3 2.03126
56.4 0.792826
56.5 2.91081e-59
56.6 1.11836
56.7 0.809336
56.8 2.00591
56.9 0.990419
57 1.42366
57.1 1.73785
57.2 1.15799
57.3 1.06015
57.4 1.89779
57.5 0.804856
57.6 1.1871
57.7 0.992881
57.8 1.04842
57.9 2.20958
58 1.10203
58.1 0.933573
58.2 1.81382
58.3 2.91081e-59
58.4 1.70267
58.5 1.24802
58.6 1.22332
58.7 1.04594
58.8 2.33893
58.9 0.879487
59 4.45743
59.1 1.63718
59.2 1.3951
59.3 1.35273
59.4 1.02008
59.5 2.30897
59.6 0.794247
59.7 0.92788
59.8 0.806344
59.9 0
60 0.833117
60.1 1.0048
60.2 1.00419
60.3 2.15343
60.4 0.962098
60.5 1.91961
60.6 1.2549
60.7 1.38185
60.8 0.828005
60.9 1.50896
61 2.36341
61.1 1.34254
61.2 3.07729
61.3 0
61.4 2.44769e-59
61.5 1.28841
61.6 1.00079
61.7 1.23206
61.8 2.44769e-59
61.9 2.17723
62 1.10889
62.1 2.44769e-59
62.2 1.74541
62.3 0.927727
62.4 1.36158
62.5 1.17048
62.6 2.91081e-59
62.7 2.28292
62.8 0.9641
62.9 2.08699
63 1.09442
63.1 0.825087
63.2 0.821883
63.3 0.86609
63.4 1.13673
63.5 1.06012
63.6 2.11352
63.7 2.17662
63.8 1.34059
63.9 0
64 2.52695
64.1 1.67001
64.2 0.899654
64.3 3.48013
64.4 2.30785
64.5 2.32798
64.6 1.51749
64.7 1.44698
64.8 2.59663
64.9 1.21609
65 2.44769e-59
65.1 1.25186
65.2 3.06108
65.3 1.84515
65.4 0
65.5 2.73055
65.6 2.80374
65.7 2.44769e-59
65.8 2.44769e-59
65.9 1.06073
66 0.959751
66.1 1.91773
66.2 2.44769e-59
66.3 1.95347
66.4 0
66.5 1.06659
66.6 1.08485
66.7 2.06973
66.8 1.88056
66.9 2.44769e-59
67 2.41292
67.1 0
67.2 1.56712
67.3 1.96546
67.4 2.44769e-59
67.5 2.71254
67.6 2.37672
67.7 0
67.8 2.44769e-59
67.9 1.50846
68 1.02851
68.1 2.78361
68.2 3.19577
68.3 0.999006
68.4 2.44769e-59
68.5 0.829975
68.6 0.994564
68.7 1.25912
68.8 1.23147
68.9 1.13096
69 2.44769e-59
69.1 1.04004
69.2 2.17285
69.3 2.91081e-59
69.4 1.8921
69.5 2.05572
69.6 0.805876
69.7 1.19013
69.8 1.04204
69.9 0.973369
70 0.945788
70.1 1.42683
70.2 0.928067
70.3 1.42867
70.4 1.06076
70.5 2.45339
70.6 3.31016
70.7 2.44769e-59
70.8 1.46907
70.9 2.19515
71 1.15962
71.1 2.58792
71.2 1.79591
71.3 0.933038
71.4 2.33082
71.5 0.992274
71.6 2.91081e-59
71.7 2.8808
71.8 1.35418
71.9 2.85292
72 2.39456
72.1 2.95601
72.2 1.13977
72.3 2.44769e-59
72.4 0.808354
72.5 1.09943
72.6 0.823953
72.7 1.41072
72.8 1.29284
72.9 1.14924
73 1.23735
73.1 1.21981
73.2 1.05321
73.3 1.08594
73.4 1.01185
73.5 1.60675
73.6 2.16676
73.7 2.91081e-59
73.8 0.993362
73.9 1.54036
74 1.3815
74.1 1.46978
74.2 2.44769e-59
74.3 1.63532
74.4 1.0094
74.5 2.29834
74.6 1.24179
74.7 1.84987
74.8 0.83894
74.9 1.40905
75 2.92003
75.1 1.2118
75.2 1.04884
75.3 0.789754
75.4 0.794317
75.5 1.10698
75.6 1.09964
75.7 0.830399
75.8 1.01807
75.9 0.876403
76 2.91081e-59
76.1 0.795249
76.2 1.92717
76.3 1.93985
76.4 1.05148
76.5 1.04889
76.6 1.48806
76.7 1.0561
76.8 0.888525
76.9 3.0851
77 2.48255
77.1 0.975533
77.2 2.17256
77.3 1.49459
77.4 0.907506
77.5 1.05619
77.6 2.91081e-59
77.7 0.999833
77.8 0.853278
77.9 1.68124
78 1.43339
78.1 2.6958
78.2 1.21341
78.3 1.13655
78.4 0.950345
78.5 1.04028
78.6 2.44769e-59
78.7 0.810495
78.8 0.825031
78.9 1.82452
79 0.997666
79.1 0.799032
79.2 1.06361
79.3 0.97715
79.4 1.05233
79.5 1.19194
79.6 1.23611
79.7 2.29157
79.8 2.33135
79.9 2.52769
80 1.09058
80.1 2.79387
80.2 2.44769e-59
80.3 1.26263
80.4 1.16684
80.5 1.06292
80.6 0.989089
80.7 1.0829
80.8 0.892973
80.9 2.08838
81 0.936355
81.1 2.9481
81.2 0
81.3 1.2498
81.4 1.16328
81.5 1.14691
81.6 0.789117
81.7 1.22097
81.8 1.16955
81.9 1.37452
82 0.833539
82.1 0.811777
82.2 0
82.3 1.25756
82.4 0.795476
82.5 1.01262
82.6 2.44769e-59
82.7 2.03034
82.8 1.37488
82.9 1.8064
83 2.03025
83.1 3.19602
83.2 0.965373
83.3 1.80163
83.4 1.87405
83.5 0.991539
83.6 1.0994
83.7 1.60023
83.8 1.03983
83.9 3.07362
84 0.966137
84.1 1.13968
84.2 1.02667
84.3 1.42129
84.4 1.28717
84.5 1.12771
84.6 1.18649
84.7 0.978024
84.8 2.84507
84.9 2.91081e-59
85 1.72795
85.1 2.91081e-59
85.2 0.847734
85.3 1.38006
85.4 2.44769e-59
85.5 0.919674
85.6 1.08349
85.7 1.04425
85.8 2.04882
85.9 2.25588
86 1.99354
86.1 1.85696
86.2 1.26018
86.3 0.875541
86.4 1.94861
86.5 1.49723
86.6 1.27304
86.7 1.11287
86.8 1.59512
86.9 0.971979
87 1.0073
87.1 2.95953
87.2 2.00218
87.3 1.05235
87.4 1.48348
87.5 0.800192
87.6 1.76995
87.7 1.14361
87.8 1.08536
87.9 2.13817
88 0.9684
88.1 1.82138
88.2 0.841194
88.3 1.10455
88.4 0.808737
88.5 1.28518
88.6 1.14233
88.7 1.06287
88.8 2.10717
88.9 1.02796
89 1.27341
89.1 1.12133
89.2 2.44769e-59
89.3 2.22111
89.4 3.55595
89.5 1.00265
89.6 1.69886
89.7 1.34527
89.8 2.22339
89.9 1.44023
90 2.52405
90.1 1.01163
90.2 2.22848
90.3 2.08519
90.4 5.00234
90.5 0.922234
90.6 1.37916
90.7 1.32023
90.8 2.01989
90.9 1.12913
91 2.20066
91.1 1.05272
91.2 1.21403
91.3 1.27589
91.4 1.10258
91.5 1.38046
91.6 1.00261
91.7 1.25792
91.8 2.91081e-59
91.9 0.798384
92 1.98201
92.1 1.17186
92.2 1.36166
92.3 2.91081e-59
92.4 2.91081e-59
92.5 3.0858
92.6 1.64724
92.7 1.04633
92.8 1.46638
92.9 1.56682
93 1.50091
93.1 1.08705
93.2 1.86727
93.3 2.15068
93.4 1.24747
93.5 1.88396
93.6 1.60331
93.7 1.39837
93.8 2.74636
93.9 1.19883
94 1.05218
94.1 1.15927
94.2 2.99814
94.3 0
94.4 0.99299
94.5 1.08653
94.6 0.818393
94.7 2.91081e-59
94.8 0.897155
94.9 1.12821
95 1.08405
95.1 1.04644
95.2 0.947283
95.3 1.3623
95.4 1.4342
95.5 1.12171
95.6 1.19001
95.7 3.22022
95.8 2.63714
95.9 2.91081e-59
96 1.64887
96.1 2.12787
96.2 1.49137
96.3 1.77014
96.4 2.44769e-59
96.5 2.20952
96.6 0.957522
96.7 0.827235
96.8 0.812728
96.9 0.799736
97 1.75272
97.1 1.07897
97.2 1.08846
97.3 2.91081e-59
97.4 2.0841
97.5 2.44769e-59
97.6 0.84303
97.7 1.10458
97.8 0.97601
97.9 0.80086
98 0.97498
98.1 0.93167
98.2 1.07315
98.3 1.05797
98.4 2.13741
98.5 1.40542
98.6 1.65067
98.7 2.17223
98.8 0.964188
98.9 0.996696
99 1.55599
99.1 1.82133
99.2 2.44769e-59
99.3 2.20222
99.4 2.44769e-59
99.5 1.34746
99.6 2.91081e-59
99.7 2.91081e-59
99.8 1.80964
99.9 0.817357
100 0.802668
100.1 1.68568
