0.001 1.43585
0.002 1.43584
0.003 1.43582
0.004 1.4358
0.005 0.791057
0.006 0.851565
0.007 1.43567
0.008 1.40622
0.009 0.943199
0.01 1.43549
0.011 1.43541
0.012 1.43533
0.013 1.43524
0.014 1.43514
0.015 1.43503
0.016 1.43492
0.017 1.4348
0.018 1.43467
0.019 0.851713
0.02 0.699164
0.021 1.43425
0.022 1.43409
0.023 1.43393
0.024 0.937999
0.025 1.43358
0.026 1.4334
0.027 1.43321
0.028 1.43301
0.029 1.4032
0.03 1.4326
0.031 1.43238
0.032 0.852016
0.033 1.43192
0.034 1.43168
0.035 1.43144
0.036 0.852147
0.037 1.43093
0.038 1.41379
0.039 1.4304
0.04 1.43012
0.041 1.42983
0.042 1.39359
0.043 0.769317
0.044 1.42895
0.045 1.42864
0.046 0.931237
0.047 1.428
0.048 0.930671
0.049 1.42734
0.05 1.427
0.051 1.4102
0.052 1.42631
0.053 0.929289
0.054 1.42559
0.055 0.660747
0.056 0.852952
0.057 0.816997
0.058 1.42408
0.059 1.42369
0.06 1.4233
0.061 0.572376
0.062 1.38602
0.063 1.39165
0.064 0.926414
0.065 1.42124
0.066 0.817669
0.067 0.817722
0.068 1.41994
0.069 1.4195
0.07 0.924938
0.071 0.924698
0.072 1.41814
0.073 1.41768
0.074 1.38641
0.075 1.41674
0.076 1.41627
0.077 0.788763
0.078 0.923067
0.079 0.922841
0.08 1.41433
0.081 1.41383
0.082 1.41333
0.083 1.41282
0.084 1.41232
0.085 1.4118
0.086 0.861521
0.087 1.41077
0.088 1.37888
0.089 1.40971
0.09 1.40918
0.091 1.40865
0.092 0.920044
0.093 0.820089
0.094 1.40702
0.095 1.40647
0.096 1.40592
0.097 1.39041
0.098 1.4048
0.099 0.85546
0.1 1.40368
0.101 1.40311
0.102 0.918069
0.103 1.40196
0.104 1.36929
0.105 1.40081
0.106 1.40022
0.107 0.917135
0.108 1.36676
0.109 1.39846
0.11 1.36548
0.111 1.39727
0.112 0.776089
0.113 1.3817
0.114 1.39547
0.115 1.38057
0.116 1.39426
0.117 1.39365
0.118 0.740107
0.119 1.39243
0.12 0.856941
0.121 0.861498
0.122 1.39058
0.123 0.914374
0.124 0.857209
0.125 1.38872
0.126 0.857372
0.127 0.913734
0.128 1.38684
0.129 1.38621
0.13 1.38558
0.131 1.38494
0.132 1.38431
0.133 1.35004
0.134 1.3435
0.135 1.3824
0.136 1.38176
0.137 1.38112
0.138 1.38048
0.139 0.911931
0.14 0.911788
0.141 1.37855
0.142 1.34374
0.143 0.911366
0.144 1.37661
0.145 1.37597
0.146 1.37532
0.147 0.765502
0.148 1.37402
0.149 1.37337
0.15 1.37272
0.151 1.37207
0.152 0.731279
0.153 1.37077
0.154 1.37011
0.155 0.826517
0.156 1.36881
0.157 1.33308
0.158 1.3675
0.159 1.36685
0.16 1.36619
0.161 1.36554
0.162 1.36489
0.163 1.36423
0.164 1.36358
0.165 0.908561
0.166 1.36227
0.167 0.908329
0.168 1.36096
0.169 0.860473
0.17 0.860562
0.171 1.359
0.172 1.35835
0.173 0.907658
0.174 1.35705
0.175 1.3564
0.176 1.35574
0.177 1.31874
0.178 1.35444
0.179 1.34244
0.18 1.35314
0.181 1.35249
0.182 1.30944
0.183 1.3512
0.184 1.35055
0.185 0.906413
0.186 1.34926
0.187 1.34861
0.188 1.34797
0.189 1.34732
0.19 0.905931
0.191 1.34604
0.192 1.3454
0.193 1.34476
0.194 1.34412
0.195 0.862289
0.196 0.905379
0.197 1.34221
0.198 1.30382
0.199 1.34093
0.2 1.3403
0.201 1.33967
0.202 1.32901
0.203 0.87102
0.204 1.29962
0.205 0.904606
0.206 0.904524
0.207 1.33589
0.208 1.32561
0.209 1.33465
0.21 0.750817
0.211 1.3334
0.212 1.33278
0.213 1.33216
0.214 0.830607
0.215 1.33093
0.216 1.33032
0.217 1.3297
0.218 1.32909
0.219 1.28357
0.22 1.31897
0.221 1.32726
0.222 1.32666
0.223 1.31734
0.224 0.793736
0.225 0.903107
0.226 1.32425
0.227 1.27818
0.228 1.28326
0.229 1.32246
0.23 1.32186
0.231 1.32127
0.232 1.31256
0.233 0.864723
0.234 1.3195
0.235 1.31892
0.236 0.902404
0.237 1.27735
0.238 1.31717
0.239 1.27028
0.24 0.902154
0.241 1.31543
0.242 1.30741
0.243 1.31429
0.244 1.31372
0.245 1.31315
0.246 1.27157
0.247 1.31201
0.248 0.831102
0.249 1.26388
0.25 1.26325
0.251 1.30977
0.252 1.30921
0.253 1.30866
0.254 1.30811
0.255 1.30756
0.256 0.866034
0.257 1.30646
0.258 1.30591
0.259 1.30537
0.26 1.30483
0.261 0.866301
0.262 1.30375
0.263 1.30322
0.264 1.26047
0.265 0.634126
0.266 0.900899
0.267 0.830799
0.268 0.900819
0.269 1.30004
0.27 1.29952
0.271 1.299
0.272 0.866864
0.273 1.25516
0.274 1.29218
0.275 0.867012
0.276 0.900525
0.277 1.29593
0.278 1.29041
0.279 1.29492
0.28 0.900393
0.281 1.29392
0.282 1.28868
0.283 0.900284
0.284 1.29243
0.285 1.29194
0.286 0.867547
0.287 0.900186
0.288 1.29048
0.289 1.28999
0.29 0.887517
0.291 1.28903
0.292 1.24454
0.293 1.28808
0.294 1.28761
0.295 1.24293
0.296 1.28667
0.297 1.28621
0.298 1.28574
0.299 1.23484
0.3 1.23431
0.301 0.868198
0.302 1.28391
0.303 1.28346
0.304 1.28301
0.305 1.27929
0.306 1.28211
0.307 1.28167
0.308 1.28122
0.309 1.28078
0.31 1.28035
0.311 1.27991
0.312 1.27948
0.313 1.27905
0.314 0.899672
0.315 0.891899
0.316 1.27777
0.317 1.27734
0.318 1.27692
0.319 1.27651
0.32 1.22431
0.321 1.27333
0.322 1.27527
0.323 1.27486
0.324 1.27227
0.325 1.22804
0.326 1.27364
0.327 1.22712
0.328 1.27285
0.329 1.27245
0.33 1.21968
0.331 1.27167
0.332 1.27128
0.333 1.27089
0.334 1.27051
0.335 1.27012
0.336 1.26974
0.337 1.26937
0.338 1.26899
0.339 1.26862
0.34 1.26685
0.341 1.26788
0.342 1.26751
0.343 0.826701
0.344 1.26556
0.345 1.26643
0.346 1.26607
0.347 1.21851
0.348 1.26536
0.349 1.26501
0.35 1.26467
0.351 1.21075
0.352 0.735676
0.353 0.899734
0.354 1.2633
0.355 1.26296
0.356 1.26263
0.357 1.26229
0.358 0.899812
0.359 1.26164
0.36 1.26131
0.361 0.82546
0.362 1.26067
0.363 0.899907
0.364 1.26003
0.365 1.25972
0.366 1.25941
0.367 1.25867
0.368 1.25879
0.369 1.25849
0.37 0.638991
0.371 0.706665
0.372 1.25759
0.373 1.25729
0.374 1.257
0.375 1.20195
0.376 1.2078
0.377 1.25614
0.378 1.25566
0.379 0.870454
0.38 1.20031
0.381 1.25502
0.382 1.25474
0.383 1.25447
0.384 1.2542
0.385 1.25393
0.386 1.25367
0.387 1.2534
0.388 0.870607
0.389 1.25289
0.39 1.25263
0.391 1.25238
0.392 1.25212
0.393 0.870672
0.394 0.823286
0.395 0.87068
0.396 1.25114
0.397 1.2509
0.398 0.901047
0.399 1.25043
0.4 1.2502
0.401 1.24997
0.402 1.24974
0.403 0.708465
0.404 0.87076
0.405 1.24907
0.406 1.24885
0.407 0.901478
0.408 0.708905
0.409 0.901582
0.41 1.24795
0.411 1.24779
0.412 1.24759
0.413 1.24738
0.414 1.24718
0.415 0.901911
0.416 1.24667
0.417 1.2466
0.418 0.468445
0.419 1.24622
0.42 1.19567
0.421 0.902266
0.422 0.870241
0.423 1.24549
0.424 1.24531
0.425 1.24513
0.426 0.902582
0.427 1.24479
0.428 1.24462
0.429 1.24446
0.43 1.2443
0.431 1.19344
0.432 0.870906
0.433 0.903055
0.434 1.24367
0.435 1.24352
0.436 0.901914
0.437 1.19235
0.438 1.24308
0.439 1.192
0.44 1.24279
0.441 0.820857
0.442 1.24252
0.443 1.24239
0.444 1.24226
0.445 1.24213
0.446 0.870872
0.447 1.24188
0.448 0.904193
0.449 1.24164
0.45 1.24153
0.451 0.820472
0.452 1.19004
0.453 1.18393
0.454 0.714966
0.455 1.24098
0.456 1.24088
0.457 1.23935
0.458 1.24068
0.459 1.24058
0.46 1.24049
0.461 0.6736
0.462 1.24031
0.463 1.24023
0.464 1.18271
0.465 1.24006
0.466 1.23998
0.467 1.23796
0.468 0.900808
0.469 1.23976
0.47 1.23969
0.471 1.23962
0.472 1.23956
0.473 1.2372
0.474 1.23708
0.475 0.906664
0.476 1.23684
0.477 0.906869
0.478 0.638058
0.479 1.18739
0.48 1.23639
0.481 1.18727
0.482 1.23904
0.483 1.239
0.484 0.907608
0.485 1.23893
0.486 1.23889
0.487 1.23567
0.488 1.23884
0.489 0.908158
0.49 1.18687
0.491 1.23529
0.492 1.23875
0.493 1.23873
0.494 1.23503
0.495 1.18674
0.496 1.2387
0.497 0.899067
0.498 0.909192
0.499 1.23869
0.5 0.909396
0.501 0.870154
0.502 1.23448
0.503 1.2387
0.504 1.18109
0.505 1.23873
0.506 1.23874
0.507 0.819347
0.508 1.23878
0.509 1.2388
0.51 1.23882
0.511 1.23885
0.512 1.23888
0.513 1.18132
0.514 1.23894
0.515 1.23898
0.516 1.23361
0.517 1.23905
0.518 1.2391
0.519 0.911822
0.52 1.23919
0.521 1.23924
0.522 1.23929
0.523 1.23935
0.524 1.2394
0.525 0.912626
0.526 1.23952
0.527 1.18214
0.528 1.23965
0.529 1.23972
0.53 1.18238
0.531 1.23986
0.532 1.23994
0.533 1.24002
0.534 1.23316
0.535 1.24018
0.536 1.24026
0.537 1.24035
0.538 1.23315
0.539 0.914587
0.54 0.666313
0.541 1.24072
0.542 1.24082
0.543 0.665956
0.544 1.24103
0.545 1.18908
0.546 1.24124
0.547 1.23325
0.548 0.915905
0.549 1.24158
0.55 0.916204
0.551 1.24182
0.552 1.24194
0.553 1.24206
0.554 1.24219
0.555 0.81977
0.556 0.819799
0.557 1.24258
0.558 1.24272
0.559 1.24286
0.56 1.23372
0.561 1.24314
0.562 1.24329
0.563 0.893784
0.564 1.19172
0.565 1.24374
0.566 1.24389
0.567 0.820065
0.568 0.762633
0.569 1.24437
0.57 1.24453
0.571 1.2447
0.572 1.2345
0.573 0.820221
0.574 1.24521
0.575 0.82028
0.576 1.24557
0.577 0.820352
0.578 0.920567
0.579 0.920728
0.58 0.92089
0.581 0.892366
0.582 1.2354
0.583 1.19532
0.584 1.24708
0.585 1.19122
0.586 0.867345
0.587 0.776594
0.588 0.922191
0.589 1.2481
0.59 1.2363
0.591 0.867107
0.592 0.891544
0.593 1.24895
0.594 0.659123
0.595 1.19808
0.596 1.24962
0.597 1.23722
0.598 1.25008
0.599 1.2375
0.6 1.25054
0.601 0.86666
0.602 1.25102
0.603 0.924666
0.604 0.771793
0.605 1.20068
0.606 1.19677
0.607 1.25224
0.608 1.2525
0.609 0.656829
0.61 1.20207
0.611 0.821602
0.612 1.25353
0.613 0.821687
0.614 1.20324
0.615 0.926663
0.616 1.2546
0.617 1.25487
0.618 0.927162
0.619 1.24091
0.62 1.20111
0.621 1.25599
0.622 1.20178
0.623 1.25656
0.624 1.25685
0.625 1.25714
0.626 0.777512
0.627 1.24256
0.628 1.25803
0.629 1.25833
0.63 1.25864
0.631 1.25894
0.632 1.25925
0.633 1.25956
0.634 1.25987
0.635 0.929976
0.636 1.26051
0.637 1.26083
0.638 0.930467
0.639 1.26147
0.64 0.930793
0.641 1.26213
0.642 0.651572
0.643 1.20939
0.644 1.26313
0.645 0.756749
0.646 1.2638
0.647 1.26415
0.648 1.26449
0.649 1.26484
0.65 0.823377
0.651 1.26554
0.652 1.26589
0.653 0.932883
0.654 0.863868
0.655 1.26697
0.656 0.823663
0.657 1.2677
0.658 0.823759
0.659 1.26843
0.66 1.26881
0.661 1.25147
0.662 1.26956
0.663 0.863344
0.664 0.750487
0.665 0.492835
0.666 1.27109
0.667 1.27147
0.668 0.935205
0.669 1.22346
0.67 0.535537
0.671 1.27305
0.672 0.624907
0.673 1.25535
0.674 1.27425
0.675 1.27466
0.676 1.27507
0.677 1.27548
0.678 1.27589
0.679 1.2763
0.68 1.27672
0.681 1.25815
0.682 0.644739
0.683 0.862133
0.684 1.27841
0.685 0.862009
0.686 1.27927
0.687 1.2797
0.688 0.93809
0.689 1.28057
0.69 0.825228
0.691 1.23099
0.692 0.825294
0.693 0.938764
0.694 1.23253
0.695 0.793972
0.696 1.28369
0.697 0.861252
0.698 1.28461
0.699 1.28506
0.7 1.28553
0.701 1.28599
0.702 0.825721
0.703 0.86086
0.704 0.73779
0.705 0.640715
0.706 1.24136
0.707 1.28881
0.708 0.940654
0.709 1.28977
0.71 1.29025
0.711 0.860344
0.712 1.29122
0.713 1.29171
0.714 1.2922
0.715 1.2927
0.716 1.29319
0.717 1.24499
0.718 1.2733
0.719 1.29469
0.72 1.29519
0.721 0.942109
0.722 1.2962
0.723 1.29671
0.724 0.826463
0.725 1.29774
0.726 1.29825
0.727 1.29877
0.728 1.29929
0.729 0.859138
0.73 1.27896
0.731 1.30086
0.732 1.30139
0.733 1.30192
0.734 1.30245
0.735 1.30298
0.736 0.943549
0.737 1.30405
0.738 1.28297
0.739 1.30513
0.74 0.943886
0.741 1.2592
0.742 1.30677
0.743 1.30732
0.744 1.30787
0.745 1.28654
0.746 1.30898
0.747 1.30953
0.748 1.31009
0.749 1.31065
0.75 1.31121
0.751 1.31177
0.752 1.29025
0.753 1.31291
0.754 1.31348
0.755 1.31405
0.756 1.31462
0.757 1.31519
0.758 1.31577
0.759 1.31635
0.76 1.31693
0.761 1.29518
0.762 1.31809
0.763 1.31867
0.764 0.856704
0.765 0.796834
0.766 1.32044
0.767 1.32103
0.768 1.32162
0.769 0.79719
0.77 1.32281
0.771 1.32341
0.772 1.32401
0.773 1.32461
0.774 1.32521
0.775 1.32581
0.776 1.32642
0.777 0.945983
0.778 1.32763
0.779 0.946041
0.78 0.827013
0.781 1.28697
0.782 0.946117
0.783 1.30793
0.784 1.33131
0.785 1.33193
0.786 0.855115
0.787 1.31034
0.788 1.29175
0.789 0.826854
0.79 1.33503
0.791 1.33566
0.792 0.946275
0.793 1.33691
0.794 0.946289
0.795 1.33817
0.796 0.946297
0.797 1.31648
0.798 0.854236
0.799 1.29937
0.8 0.826572
0.801 1.34197
0.802 1.34261
0.803 0.946279
0.804 0.798337
0.805 1.34453
0.806 1.34517
0.807 0.82633
0.808 0.826279
0.809 0.826253
0.81 1.34774
0.811 1.34839
0.812 1.34903
0.813 1.34968
0.814 0.946107
0.815 0.797945
0.816 1.35163
0.817 0.872007
0.818 0.85275
0.819 0.871654
0.82 1.35423
0.821 1.35488
0.822 1.35553
0.823 1.35618
0.824 1.3337
0.825 1.35749
0.826 0.852157
0.827 1.3588
0.828 1.35945
0.829 1.33696
0.83 0.945548
0.831 1.36141
0.832 1.36207
0.833 1.36272
0.834 1.36338
0.835 1.32502
0.836 1.36469
0.837 0.945194
0.838 1.366
0.839 1.36666
0.84 1.36731
0.841 0.944962
0.842 1.36862
0.843 1.36927
0.844 1.36993
0.845 1.34745
0.846 1.37124
0.847 1.33362
0.848 0.824082
0.849 1.37319
0.85 1.37385
0.851 0.944294
0.852 1.35201
0.853 1.3758
0.854 1.37645
0.855 1.37709
0.856 1.37774
0.857 0.849854
0.858 0.793168
0.859 1.35656
0.86 1.38032
0.861 1.38097
0.862 0.823025
0.863 0.849414
0.864 1.38289
0.865 1.34634
0.866 1.38417
0.867 0.94298
0.868 0.84905
0.869 1.38607
0.87 0.942703
0.871 1.38733
0.872 1.38796
0.873 1.38859
0.874 0.848612
0.875 1.38984
0.876 0.848468
0.877 1.39109
0.878 0.821758
0.879 1.39232
0.88 1.39294
0.881 1.39355
0.882 1.39416
0.883 1.37176
0.884 1.39538
0.885 1.39598
0.886 1.39659
0.887 0.940966
0.888 1.3597
0.889 0.940745
0.89 1.39897
0.891 1.36161
0.892 0.820619
0.893 1.40074
0.894 0.940178
0.895 1.4019
0.896 1.40248
0.897 1.40305
0.898 1.40362
0.899 1.40419
0.9 1.40476
0.901 1.3678
0.902 1.40588
0.903 1.40643
0.904 1.40699
0.905 1.38465
0.906 1.40808
0.907 1.40862
0.908 0.819376
0.909 1.4097
0.91 1.41023
0.911 1.41076
0.912 1.41128
0.913 1.37712
0.914 1.41232
0.915 1.37824
0.916 1.41334
0.917 1.41385
0.918 1.41435
0.919 1.41484
0.92 1.41533
0.921 1.38149
0.922 0.936711
0.923 1.41679
0.924 1.41726
0.925 1.41773
0.926 0.605796
0.927 0.817964
0.928 1.41911
0.929 1.41956
0.93 1.42001
0.931 1.42045
0.932 1.38698
0.933 1.42132
0.934 1.42175
0.935 1.42217
0.936 1.39981
0.937 1.38927
0.938 1.38971
0.939 1.40104
0.94 1.4242
0.941 1.42458
0.942 1.42497
0.943 1.42535
0.944 1.42572
0.945 1.42609
0.946 0.603981
0.947 1.4268
0.948 1.42715
0.949 1.4275
0.95 1.42783
0.951 1.42817
0.952 1.42849
0.953 1.42881
0.954 0.932404
0.955 0.8164
0.956 1.39658
0.957 1.43003
0.958 0.816256
0.959 1.4306
0.96 1.43087
0.961 1.43114
0.962 1.43141
0.963 1.43166
0.964 0.843414
0.965 0.930911
0.966 1.4096
0.967 0.448337
0.968 0.930507
0.969 0.930373
0.97 0.843214
0.971 1.43347
0.972 1.43366
0.973 0.60245
0.974 0.929704
0.975 1.43421
0.976 1.43438
0.977 1.43454
0.978 0.780981
0.979 1.43484
0.98 1.43498
0.981 0.928778
0.982 0.76407
0.983 1.43535
0.984 1.43546
0.985 1.43556
0.986 1.43566
0.987 1.40315
0.988 0.815518
0.989 1.4359
0.99 1.43597
0.991 1.41302
0.992 1.43608
0.993 0.927231
0.994 1.43617
0.995 1.4362
0.996 1.43622
0.997 1.43623
0.998 1.43624
0.999 1.41313
1 1.40099
1.001 1.43622
1.002 1.41304
1.003 0.842579
1.004 1.41295
1.005 0.842567
1.006 1.43604
1.007 0.925504
1.008 1.43592
1.009 1.43585
1.01 0.842549
1.011 1.43568
1.012 1.43559
1.013 0.824397
1.014 1.43538
1.015 1.43526
1.016 1.43514
1.017 1.43501
1.018 1.41142
1.019 1.41126
1.02 1.39928
1.021 1.43441
1.022 0.815948
1.023 1.41052
1.024 0.923546
1.025 1.43371
1.026 1.43351
1.027 1.39796
1.028 1.40944
1.029 1.43289
1.03 0.842657
1.031 1.43244
1.032 1.43221
1.033 1.43196
1.034 1.43172
1.035 0.842726
1.036 1.39842
1.037 0.922165
1.038 1.43066
1.039 1.43038
1.04 1.43009
1.041 1.4298
1.042 1.4295
1.043 0.604528
1.044 0.842879
1.045 1.39297
1.046 1.42824
1.047 1.42791
1.048 1.42757
1.049 1.42723
1.05 0.920892
1.051 1.42652
1.052 1.42616
1.053 0.843096
1.054 1.42543
1.055 0.817672
1.056 1.42467
1.057 1.42428
1.058 1.42388
1.059 0.643631
1.06 1.42308
1.061 0.472951
1.062 0.818214
1.063 0.843373
1.064 0.919647
1.065 1.42098
1.066 1.42054
1.067 1.39528
1.068 1.39479
1.069 0.818741
1.07 1.41875
1.071 1.41829
1.072 0.819025
1.073 1.41736
1.074 1.41688
1.075 1.41641
1.076 0.819337
1.077 1.41544
1.078 1.41494
1.079 0.749693
1.08 1.41395
1.081 0.819818
1.082 1.41294
1.083 1.37599
1.084 0.918093
1.085 1.3749
1.086 1.41086
1.087 1.41034
1.088 1.40981
1.089 0.917746
1.09 1.37443
1.091 1.40819
1.092 1.40765
1.093 1.38127
1.094 1.40654
1.095 0.844504
1.096 1.40543
1.097 0.844571
1.098 1.4043
1.099 0.821538
1.1 0.821598
1.101 1.36561
1.102 1.40201
1.103 0.916861
1.104 1.40085
1.105 1.40027
1.106 0.822236
1.107 1.39909
1.108 1.3985
1.109 0.822537
1.11 0.845104
1.111 1.3967
1.112 1.3961
1.113 1.39549
1.114 0.845283
1.115 1.39428
1.116 1.36683
1.117 1.39305
1.118 1.39244
1.119 1.36485
1.12 1.3912
1.121 1.36352
1.122 1.38996
1.123 1.38934
1.124 1.36151
1.125 1.38808
1.126 0.915678
1.127 1.38682
1.128 0.915591
1.129 0.804676
1.13 0.915506
1.131 1.38429
1.132 1.38365
1.133 0.846082
1.134 0.74908
1.135 1.38173
1.136 1.38109
1.137 1.38044
1.138 0.759712
1.139 1.37915
1.14 1.37851
1.141 1.37786
1.142 1.34052
1.143 1.37656
1.144 1.34777
1.145 1.37526
1.146 1.37461
1.147 1.37396
1.148 1.37331
1.149 1.3338
1.15 1.37201
1.151 1.37135
1.152 1.3707
1.153 1.37004
1.154 1.36939
1.155 1.36874
1.156 1.33066
1.157 1.32996
1.158 1.36677
1.159 1.36612
1.16 1.36546
1.161 0.827284
1.162 1.36415
1.163 1.33442
1.164 1.36284
1.165 0.914414
1.166 1.36153
1.167 1.36087
1.168 1.36022
1.169 1.35956
1.17 1.32949
1.171 0.914301
1.172 1.3576
1.173 1.31862
1.174 1.32668
1.175 1.35564
1.176 0.84789
1.177 1.31408
1.178 1.35368
1.179 0.801297
1.18 0.828521
1.181 1.35173
1.182 1.35108
1.183 1.35044
1.184 1.34979
1.185 0.801148
1.186 1.34849
1.187 0.801064
1.188 1.3472
1.189 0.914089
1.19 0.624161
1.191 1.34527
1.192 1.30527
1.193 1.30283
1.194 0.829187
1.195 0.75902
1.196 1.34208
1.197 1.34144
1.198 1.3408
1.199 1.30935
1.2 1.33954
1.201 1.3389
1.202 1.33827
1.203 0.800862
1.204 1.33701
1.205 0.914064
1.206 1.33576
1.207 1.29495
1.208 1.29242
1.209 1.3026
1.21 1.29105
1.211 1.33264
1.212 1.33202
1.213 1.3314
1.214 0.800929
1.215 1.33017
1.216 0.849362
1.217 0.914149
1.218 1.32833
1.219 1.28492
1.22 0.801037
1.221 0.849529
1.222 0.91421
1.223 1.3253
1.224 1.3247
1.225 1.28089
1.226 1.3235
1.227 1.3229
1.228 0.914305
1.229 0.801297
1.23 0.801333
1.231 1.32052
1.232 1.31993
1.233 1.28698
1.234 0.849943
1.235 1.31817
1.236 1.31759
1.237 1.31701
1.238 0.914516
1.239 0.829674
1.24 0.801773
1.241 0.801826
1.242 1.31413
1.243 1.31356
1.244 1.26846
1.245 1.31242
1.246 1.31185
1.247 1.31129
1.248 0.850354
1.249 1.31017
1.25 1.30961
1.251 1.30905
1.252 1.2634
1.253 1.26278
1.254 0.85052
1.255 1.30684
1.256 1.3063
1.257 1.30575
1.258 1.30521
1.259 1.30467
1.26 1.30413
1.261 1.30359
1.262 0.54444
1.263 0.610731
1.264 1.30199
1.265 1.30146
1.266 0.634515
1.267 1.3004
1.268 1.29988
1.269 0.9156
1.27 0.750628
1.271 0.804133
1.272 1.2978
1.273 0.804293
1.274 0.851026
1.275 1.29627
1.276 1.29576
1.277 1.29526
1.278 1.26065
1.279 0.916098
1.28 1.29375
1.281 1.29325
1.282 1.24548
1.283 0.916319
1.284 1.29177
1.285 1.29128
1.286 0.82805
1.287 1.29031
1.288 1.2554
1.289 0.827895
1.29 1.28887
1.291 1.28839
1.292 0.916863
1.293 1.28745
1.294 1.25237
1.295 0.917059
1.296 1.28604
1.297 1.28558
1.298 1.28512
1.299 1.28466
1.3 1.2842
1.301 1.28375
1.302 1.28329
1.303 1.24798
1.304 1.23351
1.305 0.851666
1.306 0.917843
1.307 1.28106
1.308 1.28062
1.309 0.851735
1.31 0.918168
1.311 1.27932
1.312 1.27889
1.313 1.27846
1.314 0.52513
1.315 1.27761
1.316 1.27718
1.317 0.810349
1.318 1.27635
1.319 1.2305
1.32 1.23005
1.321 0.826055
1.322 0.919175
1.323 1.27429
1.324 0.851978
1.325 1.27349
1.326 1.27309
1.327 1.27269
1.328 1.27229
1.329 1.2719
1.33 1.23602
1.331 1.27112
1.332 1.27073
1.333 1.27035
1.334 1.26997
1.335 1.26959
1.336 1.2232
1.337 0.920646
1.338 0.920753
1.339 1.23245
1.34 0.920968
1.341 1.26736
1.342 1.267
1.343 1.26664
1.344 1.26628
1.345 1.23019
1.346 1.26557
1.347 1.22945
1.348 1.26486
1.349 0.92199
1.35 0.817093
1.351 1.26383
1.352 1.21699
1.353 1.26315
1.354 1.26281
1.355 0.922721
1.356 1.26215
1.357 1.26182
1.358 0.923102
1.359 1.26117
1.36 1.26084
1.361 1.26052
1.362 1.22428
1.363 1.25989
1.364 1.25958
1.365 1.21242
1.366 1.25896
1.367 1.22269
1.368 1.25835
1.369 0.646569
1.37 1.25774
1.371 1.25745
1.372 1.21014
1.373 1.25686
1.374 0.496838
1.375 1.20289
1.376 1.256
1.377 1.20859
1.378 1.20187
1.379 1.25515
1.38 1.21886
1.381 1.21858
1.382 0.825604
1.383 1.25406
1.384 1.2538
1.385 0.822068
1.386 1.21724
1.387 0.852664
1.388 0.927506
1.389 1.25249
1.39 1.25224
1.391 0.852696
1.392 1.25174
1.393 0.928353
1.394 1.25125
1.395 1.25101
1.396 0.928878
1.397 1.25053
1.398 0.852744
1.399 0.649512
1.4 1.24984
1.401 1.24961
1.402 1.24938
1.403 1.21318
1.404 1.24894
1.405 1.19388
1.406 1.24851
1.407 0.820911
1.408 0.820862
1.409 0.85281
1.41 1.24766
1.411 1.24746
1.412 0.852828
1.413 1.24706
1.414 1.19911
1.415 1.24667
1.416 0.820467
1.417 1.24628
1.418 1.19829
1.419 1.21007
1.42 0.933544
1.421 1.24554
1.422 1.24537
1.423 1.24519
1.424 0.852896
1.425 1.24484
1.426 1.24467
1.427 1.24451
1.428 0.935295
1.429 1.24418
1.43 1.20833
1.431 1.24386
1.432 1.24371
1.433 1.18768
1.434 1.1875
1.435 0.936912
1.436 1.24311
1.437 1.24296
1.438 1.24282
1.439 1.19469
1.44 1.24254
1.441 1.18631
1.442 0.847372
1.443 1.24215
1.444 1.20659
1.445 1.2419
1.446 1.24177
1.447 1.24165
1.448 1.1935
1.449 1.24142
1.45 0.819158
1.451 1.24119
1.452 1.24108
1.453 1.24098
1.454 1.24087
1.455 1.24077
1.456 1.24067
1.457 1.24058
1.458 1.24048
1.459 1.24039
1.46 1.2403
1.461 1.24021
1.462 1.24012
1.463 1.24004
1.464 1.23996
1.465 1.23988
1.466 1.23981
1.467 0.853088
1.468 1.23966
1.469 1.23959
1.47 1.23952
1.471 1.23946
1.472 1.2394
1.473 1.23934
1.474 1.23928
1.475 1.23923
1.476 1.23917
1.477 1.23912
1.478 1.18225
1.479 1.23903
1.48 1.23898
1.481 1.23894
1.482 1.2389
1.483 0.828424
1.484 0.867569
1.485 1.20454
1.486 1.20455
1.487 1.23875
1.488 0.831021
1.489 0.952303
1.49 1.23868
1.491 1.23866
1.492 1.19066
1.493 1.23863
1.494 1.23862
1.495 0.807663
1.496 1.23861
1.497 1.2386
1.498 1.18163
1.499 1.2386
1.5 1.20493
1.501 1.20497
1.502 1.23862
1.503 0.818224
1.504 0.957572
1.505 0.95794
1.506 0.95831
1.507 1.2387
1.508 1.20538
1.509 0.818205
1.51 1.23877
1.511 1.19096
1.512 1.20567
1.513 1.20575
1.514 0.84548
1.515 0.818204
1.516 1.23898
1.517 1.23902
1.518 1.23907
1.519 1.23911
1.52 1.23916
1.521 1.19149
1.522 1.20659
1.523 0.964911
1.524 1.2068
1.525 1.23945
1.526 0.966139
1.527 0.827225
1.528 1.23965
1.529 1.20739
1.53 1.23979
1.531 1.20764
1.532 1.23995
1.533 1.20791
1.534 1.24011
1.535 0.853385
1.536 1.24028
1.537 0.658517
1.538 0.971237
1.539 1.24056
1.54 0.901251
1.541 1.19331
1.542 1.24086
1.543 1.19354
1.544 0.81844
1.545 1.24117
1.546 1.24129
1.547 1.2414
1.548 0.975716
1.549 1.24163
1.55 1.24175
1.551 1.24187
1.552 1.242
1.553 1.24213
1.554 1.24226
1.555 1.24239
1.556 0.847417
1.557 1.24266
1.558 1.21212
1.559 0.686911
1.56 1.24308
1.561 1.24323
1.562 1.24338
1.563 1.24353
1.564 0.983306
1.565 0.818823
1.566 0.818856
1.567 1.21404
1.568 1.24431
1.569 1.24448
1.57 1.24464
1.571 1.24481
1.572 1.24498
1.573 1.24516
1.574 1.18931
1.575 1.24551
1.576 1.24569
1.577 0.989842
1.578 0.819147
1.579 0.69348
1.58 1.24644
1.581 0.659369
1.582 0.819258
1.583 1.24702
1.584 0.819315
1.585 0.819356
1.586 1.24763
1.587 1.1922
1.588 1.24804
1.589 1.24826
1.59 1.24847
1.591 0.819537
1.592 1.2489
1.593 1.24912
1.594 1.24935
1.595 1.19421
1.596 1.2498
1.597 1.25003
1.598 1.25026
1.599 1.22262
1.6 0.819813
1.601 0.853626
1.602 1.25121
1.603 1.25145
1.604 1.2517
1.605 1.25195
1.606 1.2522
1.607 1.25245
1.608 1.25271
1.609 1.25296
1.61 1.00774
1.611 1.25349
1.612 1.25375
1.613 1.25402
1.614 1.25429
1.615 1.25456
1.616 1.25483
1.617 1.25511
1.618 1.25538
1.619 1.25566
1.62 1.22971
1.621 1.25623
1.622 1.25652
1.623 1.25681
1.624 1.2571
1.625 0.820702
1.626 1.25769
1.627 0.658981
1.628 1.25829
1.629 1.01868
1.63 1.2136
1.631 0.97005
1.632 1.25952
1.633 1.02101
1.634 1.0216
1.635 0.973297
1.636 1.20714
1.637 0.658714
1.638 0.853629
1.639 1.23711
1.64 1.26209
1.641 0.578736
1.642 0.821352
1.643 1.23878
1.644 1.26343
1.645 1.26377
1.646 1.26411
1.647 1.26446
1.648 1.2648
1.649 1.26515
1.65 1.26551
1.651 1.26586
1.652 1.26622
1.653 1.26657
1.654 1.26694
1.655 1.2673
1.656 1.26766
1.657 1.22365
1.658 1.21589
1.659 1.26877
1.66 1.26915
1.661 1.26953
1.662 0.995073
1.663 0.822161
1.664 1.27067
1.665 1.03973
1.666 1.27144
1.667 0.65752
1.668 1.25015
1.669 1.27262
1.67 1.25112
1.671 1.27342
1.672 1.27382
1.673 0.941881
1.674 1.27463
1.675 1.27504
1.676 1.27545
1.677 1.27586
1.678 1.27628
1.679 1.27669
1.68 1.27711
1.681 1.27753
1.682 1.27796
1.683 1.27838
1.684 1.27881
1.685 1.27924
1.686 1.27968
1.687 1.28011
1.688 1.28055
1.689 1.28099
1.69 1.28143
1.691 1.28187
1.692 1.28232
1.693 1.23228
1.694 0.823278
1.695 1.05623
1.696 1.28412
1.697 1.02155
1.698 0.823389
1.699 1.2855
1.7 1.05876
1.701 1.26746
1.702 1.2869
1.703 1.28737
1.704 0.85318
1.705 1.06121
1.706 1.2703
1.707 1.27088
1.708 0.853128
1.709 1.29023
1.71 1.24128
1.711 1.2912
1.712 1.29169
1.713 1.29218
1.714 1.29267
1.715 1.29317
1.716 1.29367
1.717 1.29417
1.718 1.24575
1.719 1.29517
1.72 1.29568
1.721 1.29618
1.722 1.29669
1.723 1.06917
1.724 1.29772
1.725 1.29823
1.726 1.28221
1.727 1.29927
1.728 1.29979
1.729 1.30032
1.73 1.30084
1.731 1.25328
1.732 1.3019
1.733 1.30243
1.734 1.30296
1.735 0.824278
1.736 1.25628
1.737 1.28911
1.738 0.824312
1.739 1.30566
1.74 1.30621
1.741 1.30675
1.742 1.3073
1.743 1.30785
1.744 1.26774
1.745 1.30896
1.746 1.30952
1.747 0.597314
1.748 1.31063
1.749 1.3112
1.75 1.27139
1.751 1.31233
1.752 1.07845
1.753 1.31346
1.754 1.31403
1.755 0.852293
1.756 0.763664
1.757 1.30224
1.758 1.31633
1.759 1.31691
1.76 1.30427
1.761 1.30495
1.762 1.08042
1.763 1.31925
1.764 1.28015
1.765 1.08087
1.766 1.32102
1.767 1.32161
1.768 1.3222
1.769 1.31044
1.77 1.3234
1.771 1.324
1.772 1.3246
1.773 1.31322
1.774 1.3258
1.775 1.32641
1.776 1.32701
1.777 1.31602
1.778 1.32823
1.779 1.32884
1.78 1.08219
1.781 0.647887
1.782 1.33068
1.783 1.32026
1.784 1.00544
1.785 1.33254
1.786 1.08225
1.787 1.33378
1.788 1.3344
1.789 0.851391
1.79 1.33565
1.791 1.33628
1.792 1.33691
1.793 1.29931
1.794 1.33817
1.795 0.824062
1.796 0.824037
1.797 1.34006
1.798 0.851117
1.799 0.823967
1.8 1.34197
1.801 1.34261
1.802 1.30548
1.803 1.06304
1.804 1.34453
1.805 1.34517
1.806 1.08058
1.807 1.06302
1.808 1.3471
1.809 1.08009
1.81 1.33979
1.811 1.34903
1.812 1.34125
1.813 1.35033
1.814 1.35098
1.815 1.35163
1.816 1.35228
1.817 1.35293
1.818 1.07824
1.819 1.31181
1.82 1.35488
1.821 1.35553
1.822 1.35619
1.823 1.35684
1.824 0.850246
1.825 1.35815
1.826 1.07616
1.827 1.07588
1.828 1.31824
1.829 1.36076
1.83 0.570245
1.831 0.849994
1.832 0.8227
1.833 1.36339
1.834 1.36404
1.835 1.3647
1.836 1.35891
1.837 1.36601
1.838 0.822394
1.839 1.36732
1.84 1.36797
1.841 1.36863
1.842 1.36928
1.843 0.849547
1.844 1.05775
1.845 1.37125
1.846 1.33631
1.847 1.33701
1.848 1.33248
1.849 1.36841
1.85 1.37451
1.851 1.37516
1.852 1.37581
1.853 1.37646
1.854 1.37711
1.855 1.06563
1.856 0.475975
1.857 1.37905
1.858 1.37969
1.859 1.34022
1.86 1.38098
1.861 1.37703
1.862 1.37774
1.863 1.06203
1.864 1.38354
1.865 1.38418
1.866 0.848659
1.867 1.38545
1.868 1.35151
1.869 1.05933
1.87 1.38735
1.871 1.38798
1.872 1.38861
1.873 1.05723
1.874 1.38986
1.875 1.39048
1.876 1.38749
1.877 1.39172
1.878 1.39234
1.879 1.39296
1.88 1.39357
1.881 1.39418
1.882 1.04504
1.883 1.3954
1.884 0.819525
1.885 1.39353
1.886 1.39721
1.887 1.3978
1.888 1.36466
1.889 0.819159
1.89 1.39958
1.891 0.847707
1.892 1.40076
1.893 0.847631
1.894 1.40192
1.895 1.4025
1.896 1.40307
1.897 0.847467
1.898 1.40421
1.899 1.40478
1.9 1.40534
1.901 1.36783
1.902 1.03656
1.903 1.40701
1.904 0.818148
1.905 1.40811
1.906 1.40865
1.907 1.40919
1.908 1.40972
1.909 1.37727
1.91 1.41078
1.911 1.41131
1.912 0.817627
1.913 1.41068
1.914 1.03526
1.915 1.41337
1.916 1.41387
1.917 1.03359
1.918 1.37748
1.919 1.03247
1.92 1.02835
1.921 1.41633
1.922 1.41681
1.923 1.41728
1.924 1.41775
1.925 1.41822
1.926 1.41868
1.927 1.02801
1.928 1.41959
1.929 1.42003
1.93 1.42048
1.931 1.02579
1.932 1.42134
1.933 1.42177
1.934 0.626565
1.935 1.42261
1.936 0.816224
1.937 1.42342
1.938 1.42382
1.939 0.816089
1.94 1.42461
1.941 1.02027
1.942 1.01972
1.943 1.42574
1.944 1.42611
1.945 1.42647
1.946 1.42629
1.947 1.42718
1.948 1.42752
1.949 1.42786
1.95 1.42819
1.951 0.845894
1.952 0.429272
1.953 1.01377
1.954 1.42945
1.955 1.39347
1.956 1.01218
1.957 1.43034
1.958 1.43062
1.959 1.43089
1.96 1.43116
1.961 1.00954
1.962 1.43168
1.963 1.43193
1.964 1.43217
1.965 1.00747
1.966 1.43264
1.967 1.43286
1.968 1.43308
1.969 1.39726
1.97 1.43349
1.971 1.0044
1.972 0.814871
1.973 1.43405
1.974 1.00289
1.975 0.814809
1.976 1.4345
1.977 1.0014
1.978 1.43485
1.979 1.43496
1.98 1.40347
1.981 1.43525
1.982 1.43535
1.983 1.40383
1.984 0.997961
1.985 1.43567
1.986 1.43576
1.987 0.845707
1.988 1.43591
1.989 1.43598
1.99 0.995137
1.991 1.43609
1.992 0.994204
1.993 1.43617
1.994 0.993279
1.995 1.43623
1.996 1.43624
1.997 1.43625
1.998 1.40455
1.999 1.43622
2 1.43623
2.001 1.43621
