1 -0.7552963945100917 -0.6903199791005377 0.009724593513270294 0.267798152477994 -0.8742937019524049 -2.0459661671332348
1 -0.6408368976266036 -0.6398879238760449 0.23547906220328021 -1.0370462954063926 -0.5388906802494544 -0.12743628918901373
1 0.29224436977406343 -0.660279230409989 -1.0584940387158628 -0.029327071857837443 0.8206227875551514 -1.7827649279669044
1 2.070212512193421 1.4405797372768177 0.8461775328837702 0.18336914889379477 -1.1370334910141084 -0.3486013478338122
1 -1.347003159615367 -2.960446955260583 -0.009466950117258843 -0.19099112197392468 1.464002037248655 0.38765103983602717
1 1.060754737112063 1.9618420227403883 0.09466281345976002 0.3715429268556631 -1.1889250071488409 1.2676750557394443
1 -2.325357891413387 2.2118724430538403 2.5754564135393108 -0.17330383880828418 0.9675573669490568 2.315338457651218
1 0.6670170180590979 -0.19504510830502825 1.0273719414171052 0.34095305698255196 0.10114214237417285 -0.5890097276325158
1 0.8473764283433395 0.027807440702523202 1.922943857992584 0.07616599994388869 -0.1255340694467817 0.19021608538785506
1 0.5056243039851519 -1.0555700107536008 0.2606135787853228 1.874204606566783 -1.2730123463895955 -1.0379784780546915
1 1.1034345715568172 2.8436287467569397 0.850572212091699 1.4181737615758576 -0.7825224645613643 -0.3284485012174013
1 2.517736579720353 4.133479857178934 -0.3030802715948639 1.4088129031519048 1.281897056150986 -0.9589583902117353
1 -0.5469785847893687 0.9825468040807459 -0.3241801833706669 -0.18321661580875445 -2.5241069838515857 -1.4565261537025205
