1 2.085942027426066 0.03433092280686362 -0.9314934180458897 0.23088848034458856 -0.5351099376453043 -0.5613675998922226
1 -0.0542990791686833 -1.8501490465158645 -0.10884149606147014 1.2834216484289926 -1.080050106871721 -0.570786068069796
1 -1.620690861014719 1.5780925489360582 -1.3311719252027523 -0.45351715428044653 -0.29792026946236894 0.01577719769021824
1 -0.1902766771742912 -0.1866177570919449 -0.7294170142947808 -2.642464467467522 0.32035959055171115 -0.8574328643154899
1 1.1627634438885561 -0.1711314781212493 1.4129312094493762 -0.6291072105820964 -0.7644666828087796 1.4026206364005402
1 1.515203500938062 0.14903250457428865 0.6114550327767598 -0.07953863503704131 0.2139833381186141 0.2501797679337306
1 -0.9251991414334133 -0.16543073056177293 -0.026494258433395475 1.6645242505545619 0.4165373286287456 -1.3568474743368224
1 -0.6802720403849145 0.9220599871744063 0.24605821647695902 -0.3507910633663831 1.014871514666664 0.1296385963375305
1 0.5529781677843356 -0.40007386868686257 -1.8565795603577997 -0.796714414865838 -0.5098551264388084 -0.5727626790379207
1 0.21215254603495565 -0.5180977726677528 1.0725239537043825 1.0080028009921422 -0.20134025638457786 -1.3841556862024005
1 1.6001498799641773 -0.7311168294498037 0.9858941510102665 -1.073955217849371 -0.8405154921804333 0.2132966494693754
1 0.0657097389655058 0.8606423689121496 0.20132249306761607 0.45299767538927904 -0.13331931961002483 -0.7392264322426945
1 -1.6133040904486171 -0.14537951616383424 -0.8308744069630539 -1.3329830908751374 -0.5417802359460238 -1.8121354281653148
1 0.8014470696305231 -0.8605023233254709 -2.0420851901888173 -0.547790496401207 0.3473395369415927 0.4295307562471605
1 0.36859426587127936 0.665701733992157 -0.1833647087312714 -0.979969222658395 2.275504433175793 0.297998854424898
