1 -0.6782742499206657 0.49000243811453886 0.7375616588125677 0.16976102585204672 -0.7996790177717267 1.4087742613455039
1 0.7914189084339495 -0.4652230457033482 0.947868429885264 0.43207384618847755 0.7937905323931186 1.9407235426702258
1 1.6274787758533624 0.8689816317868242 -1.2526973816820166 -0.20649998938902595 -0.25938711677573695 0.8679507683260984
1 1.20870678474157 1.3550896859692765 1.4575508345272086 0.22179084160624343 -0.35110556488414724 1.8813197284171248
1 -0.324256688607835 -0.6748826537221443 1.00516643084739 -0.9479429099814571 -0.001051322432912 -0.7239481413313781
1 -1.920340532885708 1.7754385702559996 -1.3935358909307776 -0.17700648364126942 -1.2530185074921598 -1.5936889667212086
1 -0.6485732116405993 -0.9122597018752665 0.944829632869447 0.2097491546030406 -1.2751555249828246 -0.17840865191926467
1 -0.25896487555637 -0.39279587077068356 0.012815003515361436 0.09161616851027134 -0.35665616790145116 -0.6767852488777172
1 -0.1255345078199989 -0.43255778793394145 0.9471197100319759 0.08212165387228783 0.06380260808898276 -0.6751090037379976
1 0.3396354215484783 0.8353269361019869 0.31126334070717065 0.029014312711006157 -0.5964907417358036 1.2416294166895003
1 0.16356638807366916 0.5767975353504945 -0.16048905327530805 2.1467597919687016 -0.6639493187868154 0.9933509386885815
1 1.1774029884131976 1.0104880128604328 -0.8617223305084353 0.6855528002297059 -0.8186688261559432 0.8761748475647947
1 -1.4196350881450912 -0.31665648129778784 -0.8513557320302524 -0.518021553733997 2.104650579816306 0.6904224169524023
1 -0.3085256502591465 1.9372087001543123 0.03317363849106662 0.969214669195669 1.2919863876702364 1.3346165669275079
1 -0.31180834051668244 -0.12011783494946913 -1.4491375988548671 0.07016871253193331 -0.5123968030448178 0.5517998343845746
1 0.3148364528107912 0.7804913243676586 0.87476847437998 -0.6082755315317435 -1.6562133413130224 -1.427725871550904
1 0.7472977437115121 0.2903901758737996 -0.5918930285945054 0.31512022208928514 -0.7906368032282112 -1.255848293276796
1 -1.5293523281008732 0.9717512113499975 0.4295594916504938 1.102258720533131 -0.29144972457728074 -0.042182376289385086
1 0.07901574413268019 -0.2558043614652132 -1.0067722536362698 -0.34228673155633416 -0.9106283610332755 0.08515943980901612
