1 1.3016096161211268 0.9378650807002012 0.00208749480498577 0.19146834408704003 0.6441032674993582 0.9386757650539309
1 0.3323761255575584 -0.7970636113429784 1.0406787771825454 0.1970143020256291 0.4622728391765226 -0.7592341944998751
1 1.7016049624811234 1.6097550630354271 -0.5982692958370682 1.4895634440885888 0.5292241948453247 -0.3041525161753229
1 0.9293453195004643 -0.6628215071226263 -0.2611920777558143 -0.03107951854252098 0.9694170916951308 -0.5875556487742142
1 -0.4828426588866965 -0.22922501629870884 1.8172868439278926 0.39529995653711447 2.3367749708817844 -1.2610453997780138
1 1.2556168403707653 1.4195896312199312 0.8492577477748798 0.7502445940391975 0.591765457255287 -0.53432829274937
1 0.25146417597995463 0.555120654428089 1.451118732681846 0.39897557867555483 -0.9115187211600372 1.5263101588801402
1 -0.8836412245813756 0.5168140318313201 0.6291594377981717 -0.1879520867025727 1.4989204364265822 -0.30555041498935626
1 0.4552616545096608 0.5342550836348118 1.2306279087407888 0.1773360975151318 1.8768706652030784 -0.40437759990006644
1 0.7284144557761717 -1.0570161466819676 -0.9348684888240419 -0.7388013228212708 0.05644533034892482 -1.4116108834590586
1 -0.13745372275131873 -0.557253616883538 -0.9712876050642983 -0.435338303742705 0.45850348622904463 -1.0466043021752212
1 0.5528345712937885 -1.331196618789504 -0.7861536650524378 0.29062885817134054 -1.2982096673932728 1.7872649185926852
1 0.6796702046561307 0.1744776922383807 1.3166240035105785 -1.6411186504656874 -0.7995173269136889 1.0441234404340238
1 0.13092060193745877 0.42482454068380804 1.29210043818939 0.8096487055630208 -0.11048889213718859 0.8912805356179966
1 0.029468152775158414 0.5538979021328703 1.600284310948584 -0.374223174304142 -0.5413751381959375 1.6714450586663507
1 -0.8555775470596227 0.7965710980880777 0.26023610394082786 1.0694815506328357 0.6836304996306546 1.0101006832930053
1 -0.37115863693534457 1.099408823798591 0.26866415363827656 1.3732643904848327 0.3406479726120318 -0.7544952171159739
1 0.04124780416390163 0.006054231754116915 1.9804964010886843 -0.5257711641830729 0.7142380739119523 -1.2934856270237423
1 -0.4067896145354304 -0.5316654296405963 -1.2669261221568042 -0.21730454843365393 -0.2960643810306766 -0.09309798211966389
1 1.7900976361786864 0.3861419602508088 -0.9454593959922977 0.4330047117389849 -2.447594396667315 -0.4919921425445702
1 -0.3700240094553749 -0.6094147205490983 0.6483187510017876 -0.21436140630016018 1.210332015705906 -0.4635305751510733
