1 0.062142114562093405 0.1395640518274989 -2.2134884146822484 1.7494641902972001 1.273999479108208 0.4958051518467318
1 -1.9043989189506678 1.267982682217745 1.950294806228735 0.9166714182684681 0.3942963878771637 0.5370778821987312
1 -2.2009828375946214 0.7332219600338358 -0.908725492399726 0.9351252662980223 -1.1160646998878576 -0.9139208789823244
1 1.0711390307249133 -1.2331119852426458 0.22539496375400553 -0.6560799680544377 0.8447149768520107 0.17414995289006371
1 -0.15099566480499582 1.2441703845488952 0.8414177684672529 -0.9238605703496718 1.3057776750532584 -0.8354932917551329
1 0.10122311821091155 0.04388390787177572 -0.4891145948817648 -0.8677446694386547 0.18111614504983067 -1.8238010172151549
1 0.40141716804634486 -0.5627825531065802 -0.11954592185521032 -0.9452355396483899 -0.3666704132419187 0.8568990807011655
1 -0.40470824707981606 -1.1673013581266576 -0.29055198050394093 0.19108157231733103 -0.1510457363263907 0.01677823350831645
1 1.4338338605853083 0.5627387018053006 -0.9735728186226074 -1.896233138523573 0.5928136353375681 0.8216255984365776
1 0.5916822365118869 1.1514581672177955 -0.4026089591737089 0.9764408051855294 0.40415163458187153 0.9325686432763491
1 -0.12953118779194953 0.2713209890458617 -0.7517636406816522 -1.293942891523381 0.8903182411142991 -0.9819644341344791
1 -1.5159027490188066 0.12240833340815217 -0.5770455489974066 1.1931996454269926 1.3229322604236342 -1.5142160017343456
1 0.8581826240647664 -0.8817206379072438 -1.639036539490002 -0.9089775949220772 -0.26836480067558866 1.1912708052687195
1 -1.148639322114175 -1.5654339351837414 1.1503608476352254 0.9779625348703198 1.0697892942312706 0.2552048066466784
1 0.3356250022500627 -0.21930156086048314 -1.29828345811777 1.800716913908031 -0.9986121025729526 -0.08145013605146918
1 0.11939832205542057 0.36799573422320425 1.285188634717936 0.4390802111054055 -0.3513603090635412 -0.3106308846242034
1 0.061419784761465375 0.21822195682339351 0.5425716158735996 0.5379167627070764 1.1326430081441685 0.829690427647688
1 -1.4111865655314515 0.4810654528000954 0.010558430317894624 -0.9563967209933915 -0.41304405002254857 -0.22748497120660344
1 -0.12534884291594964 -0.65448351479965 -0.5323023364670233 -0.38848654251945763 -0.16207818252280864 -1.8593786227499112
1 0.4014498574299419 -0.03344118528694223 -1.4390802633124202 1.0819126390593135 -0.5447736329510491 -0.03838369998522444
1 -0.05938692927888226 0.6479773216304932 -0.045226179655421826 -2.182253052845139 -0.4349175412440031 -1.176858524054237
1 0.018269857653659644 -0.9546505379691529 -1.3185584781880353 0.478307930127555 -0.17298391449687997 0.5735384312231165
1 -0.7171583248317478 0.5600992601393949 0.12329090423317304 -0.25036438360529845 -0.40576624362791275 -0.24467365314598052
1 -1.3116830724189619 1.087480036254325 0.8363577451536175 1.877437563105799 0.3748932015880003 -0.9820181770622143
