1 -1.3708424361141955 1.0027339443704117 1.940829989694013 0.2065561863735388 1.2962508053699902 -0.6473634194182987
1 1.1189100561495742 0.22181900733400073 1.5883805660270023 -0.25312365979241286 1.1429738834674679 1.0960707694948304
1 -0.6568839729935141 1.4032108611923049 0.7657610483907884 -0.008697705171911794 -0.6279099491442213 1.0030867081855683
1 -1.859923312245679 -0.24497973319781724 0.989069372446502 0.30304159620922755 -1.035103570796073 0.17528572464991285
1 1.2630162951980501 1.2721993707423167 1.0138976014586951 -1.3812129142967682 1.0255771759122452 -0.4831119965805934
1 -0.6767652128166569 -0.5502947077705214 0.18832423485127822 0.3662036530492644 1.8263343135450665 0.853859618654093
1 -0.26273436186420107 0.011086502648637598 -0.536176498601385 -0.06626797415915427 -1.2675992713990378 -0.04839760402593047
1 0.7574469502075214 1.3570415098079602 0.12215341096832251 -0.9928194101355452 -0.9097546135427276 -0.021770450561136665
1 1.5890525567437472 -0.8872005951082538 0.7117154446578261 -1.1503869195038627 -1.5801056866635255 -0.6732554573729179
1 1.2086104498798074 0.17541198261819307 0.7899209522075955 0.728307432081228 -1.025101322869292 0.055921338705389005
1 -0.6042011883218734 -0.20053052818911027 0.2782126286718324 -0.4554964696136072 -0.15080645598576822 0.34133942767581554
1 -0.5092271724677293 -0.1626784016580082 -2.5387531646891732 0.6059942629837527 0.09595417388057334 -1.5662445337136786
1 0.06216624687908122 -0.7966509132480896 0.713278115938679 -1.6120546557315536 2.1508703828999702 -0.49020811218770316
1 1.467316570050399 -0.3672503380446288 -0.08344060975933244 -0.17119552759125373 0.6849020673114276 -0.9239258032588081
1 -0.5001020332117774 -0.6775336937508428 1.999167352500505 0.4630592089061836 -1.4055614000243064 -0.2648630119252285
1 0.03955667689346673 -0.08703400917937591 -0.18269948970167368 1.2310551353724384 -0.19261553298373593 -0.5633816118695124
1 -0.026100971213497713 -0.09006092658526815 -2.262818804429666 1.0668791567282547 0.2753425917036188 0.16773942342371984
1 -2.46899357139283 -0.09554310527858115 -0.10589342695699464 0.15888741762797576 1.2339332975704698 1.1855644284461506
1 -0.005553714453251563 1.6071214043126656 -0.6537895278510538 1.1402964453839015 -0.1336851126191676 -0.006870330749712466
1 0.5501102371016162 -0.9318131051327188 -2.1925739093887104 0.013594648493603608 0.06901175035434509 1.012631162658161
1 1.74933332133117 -0.912597119723226 -0.9641246359806662 -0.5925660322933612 1.418473730224414 -0.02888411018522057
1 -0.5734445864157521 -0.5375625681940877 -0.6712534232859148 1.3738474504327471 0.8773129995325752 1.2978458196441411
1 -1.0507006652311162 0.7096468581253809 0.8114665082757008 -0.17973290100296643 -0.004084492117046106 -1.1559000575938665
1 -0.5246757668793384 -0.13694444506514564 -0.1722915126774144 1.089345080814282 0.4591667247840831 0.5482812254389382
1 -1.4320823147539936 -0.3608527284707804 0.9947434329319659 0.3746484363635323 -1.477055547217009 -0.9304386763532538
1 0.6531456237594129 0.5610142160391883 -0.08401556329291314 0.9206947053871123 -0.5436313183625474 -1.733585254914743
1 0.9974114696038772 0.45379458723247096 0.18867593993456108 -0.8996356468875337 0.9903462511306935 0.3339566267204661
1 0.5274190751820826 1.0692915982757063 0.005423624339228473 1.1787145107533794 -0.8871366219074932 -0.21699787962465195
1 -1.6387723113705175 -0.2736952482211533 0.2453848478936098 0.3181295091473296 0.5023464524706982 -0.4172518313163288
1 1.527208245645445 -0.28395928561706674 0.4336576380350901 -0.9359884978391851 1.9814971960314018 0.09100772075307507
1 -1.0217234893762481 1.4221569608346796 -1.0636504020119593 0.5117390525620031 0.5478178203704623 0.017017371202739683
1 -1.1230826355065375 -2.0305734714311336 0.3480942405443274 0.6760413173170764 1.6632942826729762 0.24986132650667892
