1 0.8371638210524937 -0.8088233743050697 -1.547806719185638 -0.5807819834998165 0.5532531219610707 0.8555305821506164
1 0.6361218671355638 -0.18678961556962487 0.3851703238487465 1.8453376773068182 -0.5128070604413829 0.6907871536873513
1 2.211821097104613 -0.7527220787881165 0.512834925224025 -1.1777556827596465 -0.381838634967244 0.10848431320058731
1 -0.19863806489787003 -1.4049170274464124 -0.226252853975084 1.028130773169502 2.1408457297067174 -0.03569743970846942
1 -0.9117117163393462 -0.5503985464078436 1.4731427769650307 -1.362426630039912 -0.5632566238753225 0.589706027970702
1 0.5704289121459685 0.5866412554650599 -0.5503278006110688 0.23218853693334643 0.45448460687130804 -1.2805031391419806
1 -0.26523154341322086 -0.23880487767195863 1.4296378392306417 -0.06070217360791163 0.44708136227646156 -0.53770601333096
1 0.9288336761151067 -0.4190078051085475 2.2440165846584716 0.9338097652716773 -1.2954036672580063 -1.0085160030689821
1 0.4802634372110033 -0.7600664006540784 -0.5574215316954164 0.27420192365763046 -0.06218757605863835 0.3142846957841223
1 0.4582785674326071 -0.46335265041391993 2.8898832304996187 -0.5784485713246914 -0.980593695200966 -0.6666347464573169
1 -0.18841309051146515 0.010381204634599447 -1.62591059155948 0.40999271836881046 2.0924796456367436 0.6582786284031348
1 1.811114412154355 1.1964520500591818 -1.2435630343855477 0.08318664192697317 -1.4807336519493524 -0.2968348841520505
1 -0.346352762786897 0.30330981162445525 1.0893627026874082 0.1645930857345261 2.642904855808334 1.2061551454277757
1 -1.3115522826797452 0.8135763080928742 -0.5200942256233574 0.4352436109662492 0.06865746762603227 0.4743091874942744
1 0.6533462805520365 -1.237136731198122 0.00046792706449146163 0.08276799093990324 -2.362911358484645 -0.7423070472165287
1 0.9567722788239483 0.9788504820999904 -0.7914026514288324 -0.10869221937996085 0.7428655005811123 0.3938277553215271
1 -2.5081761440157537 -2.9242680280189464 -0.8359339250914297 0.4485658228215042 0.4332876607153995 0.23120816329819072
1 -1.0246624495279688 0.38707255964749016 0.13120712239464638 -0.14066859920039806 0.054803607296537216 -0.14112207524219833
1 -0.5747866136432069 -3.327111932822568 3.2402884030922294 -1.8181604195874965 -0.16160771159553555 -0.6873265353950124
1 0.4390580911706447 1.246419008678049 -0.16787099046426932 1.5363256556021976 -0.40958314204246293 -1.1232226222109294
1 0.44618352258649585 0.6867986004362794 -2.192011477492166 1.3531873815560485 0.26827983746249573 0.7276083400758481
1 0.2781053439876711 1.0229694771837097 0.41056369056007397 1.5244931615384851 0.6019773217514798 -0.8116977158772068
1 1.7876198474316118 -0.1101253581174394 -0.5442664839593747 0.6808947305999825 0.6061725988904542 0.022897681181825058
1 0.3485924992537656 0.6396613327962204 0.5847936084302129 -0.44102542093622027 0.563468229559015 -1.1559770686005633
1 -1.4285556967066306 0.23002053153110671 0.10383222332832508 0.12142534501024327 -0.6595281821975075 -0.013677224837630906
1 0.6858872284595127 0.5347915123817174 -0.7644496542466924 -0.15239093081271207 0.39474551094038185 -2.375382868958438
1 0.216816633081776 1.3772011322838733 0.3173662571390176 1.4158324238386777 0.6769710763332023 -0.10175566169927885
1 -0.11082307254729205 -0.020157604892108157 -0.7627141289317511 0.8668265904192565 0.6628174891167528 1.0280802155631588
1 0.2519885133420206 -0.11492671853012103 -0.6522619872903993 0.23849854681209645 -1.5420411640908156 0.6166887987802357
1 0.8243990359092601 -0.8780642390962954 -2.0209646480980505 -1.310069232142996 0.8592775829856206 -0.0409453548373018
1 -0.0025171161904965446 0.05834133732314276 1.1979973217840487 -1.2143038448408054 0.4437150480802512 1.5055775100379831
1 1.0992097656125361 -1.3954133312363897 -0.010389967379876896 -1.166031295663093 0.291055340383503 -1.0395694786551108
1 0.6946025336112159 -0.7255863226949817 0.03321620991325217 0.9589774066934443 0.9975066680282573 0.21017205579843456
