1 -0.14286165558761468 -2.039134896309955 -1.0334172605290894 0.24774264719275416 1.261221870470653 3.3194553107541975
1 -0.3145249630878589 0.20782113243918596 -2.9429814760102238 0.11948073506223487 0.6107505530729452 -0.03951059511440868
1 1.3854104555086393 0.9778163904500815 -0.6691141539721271 0.21414823886953072 -0.011397808600582579 0.30418083681816166
1 -2.0059191999589934 0.027432355529153407 1.4133772615170797 1.9178300026850352 -0.40771008218233623 -1.8932035206282778
1 0.5048195943471512 -0.28631611452491035 0.33555570193907025 0.40648560961734354 -0.35406104615121786 0.13871616095721495
1 -1.5055721718366497 -0.31327549957736833 0.6324834280325702 0.21556263307291273 1.2800245300661754 -0.8253699929249781
1 -0.045541198272991766 -0.11694517801444491 0.27639404845186893 0.9315343068554497 -1.1829219580590213 0.08321889388158869
1 -0.5707977736174845 0.10781183815390565 -0.46229158560251504 -0.7546650733131862 0.7916686975361016 -0.26141936871312627
1 1.3367843190945519 -1.3759896655941557 -1.5385096464703558 -1.087058761098605 1.3592640024719846 0.2059681197017789
1 0.3599456812312498 0.7670986383096511 1.6827491047702532 0.6989378457356097 1.3050741017123382 -0.033858685656085546
1 -0.8655731420282455 1.179993425102953 -0.16648594219860824 0.718761650680352 1.3867344405982056 -1.0116467117487198
1 -1.2748394630089765 -0.3534812544765601 0.5001830696991281 0.049397122747521845 0.9750848950171906 -1.2407977619860653
1 0.18386819422821532 0.7068638418109741 -0.4531393609389371 -1.0332038868127338 1.3783858944477119 -0.47214590703496895
1 -1.1180679715341766 -1.0887945501584466 0.08830076688540668 -0.00013607665100483695 -0.9146472868979065 -0.18725259399662422
1 -0.17644096441316615 -0.17351447151845759 0.09281065696141357 -0.6988010696953589 0.31938558801995676 -0.38216179148956264
1 -1.3586196536286075 0.11059887981769986 -0.05572360987687251 -0.11734575059126517 -0.10751440254777704 0.8887770186221805
1 0.9080170715113745 0.12472936611953875 -0.2330523715576249 -0.6006458770596264 1.2999719265439915 1.8513035693038755
1 -0.9207852320302916 -0.4928240363504268 0.7802200902673176 -0.295796756510106 -1.3850256382027986 0.7462769607350078
1 -0.9614553515135039 -0.42470664614829745 1.7471911788986894 0.4798306616859761 0.9181818632791889 0.3888973603660293
1 0.25282751738974424 0.7544729885079745 1.1283144495781867 1.67916751835829 0.22233964210614757 1.7854833044464609
1 -0.7879679138600938 -0.25903557699454893 -0.9187069729212874 -1.613738756377622 -1.7310809945588648 0.12741467666950715
1 1.3175899902933856 -1.1474274185781994 0.09155723625764121 -0.04768770455993094 -0.8888038263236147 -1.0991514627466505
1 1.0769801113953579 0.7467276328501431 -0.7749688914068175 0.05432716250417492 -0.6343668926951812 0.17552405749074493
1 0.3249810025268257 -1.9352485285172034 0.6039620618438352 0.1365448027599024 -1.4568583667290869 -0.9709022986025461
1 0.906658381771349 -2.0664098172352925 -0.6068653285457661 0.8536661616610476 0.8174287402316746 -0.40432013424687785
1 -0.04582094843602075 1.7010310805294482 -1.308768535651924 -0.278179879831718 0.0808431960644038 -1.3516396609622567
1 1.0418523764203353 -0.4321653783705718 1.0852097338129296 -1.2818392643865386 -1.2184836559262917 -0.7545663134531265
1 -2.100349212418002 0.49395562280292876 -0.004290658172930404 0.4641743689038597 -1.7114060466820573 -1.6621375062747945
1 0.37859602509651974 1.0771746702628548 0.7666906876759519 0.20914766303863233 1.0650714625817874 1.158713026639665
1 -0.12587260250222343 1.1966596830664165 0.315612161151932 -0.5764882619012158 0.5622633165787203 0.28804530698043984
1 1.534610429936111 1.7043006440552753 0.5949392221408156 0.3273699914418359 0.5203414781585733 -2.1037685503811776
1 -0.012231239284568991 -0.6475951985483577 1.1328872950754565 -0.7352900197908971 -0.012678273344394595 1.5735074188687452
1 -1.158044739190347 -1.3589219151724292 -1.4011366776774563 -0.0550730556301804 1.1108126542510004 0.3872264076612913
1 0.5947742704026152 1.3232473852889262 -0.2067412990801364 -1.2127070435052627 0.5391434524537835 0.36551366276387737
1 -1.1098136490555408 2.0796462864187193 0.3697041797138027 -0.1522753711926715 1.130493975339764 -1.2155168020345153
1 -0.38236100525566447 -1.5271315993417471 0.5759210754827702 0.3667661663179701 -0.5258592353679198 0.6563372007517775
1 2.186818170211872 2.258075005765073 -0.2621225786743607 1.355306448358948 -0.8618559782881827 -1.9103118747274286
1 -0.3924012748618754 -0.5639681624257485 -0.7874600109759622 0.9725606580136286 0.640707885993065 -0.2962570893641213
