1 -0.8763816658745543 -0.4785767706130224 0.5683838201763647 -0.5390845448382146 -1.3744269019326427 1.0030311000080547
1 0.1837571459807997 -1.2481850675533184 0.0068859629364060385 0.2179265612842696 1.8710592549686422 -0.42845326267307743
1 -0.5180642223065295 -0.5253050716281935 1.4773841623028443 -0.34287581154181274 -0.3642299599366254 -0.6458578845636052
1 -0.011641084413709712 0.2633833329541914 -1.6227742432584453 0.4401528368254426 -1.4852179671933092 -0.9216251538978322
1 -1.8839471267354064 1.8281650169554402 -1.517900669453467 -0.7708859437987645 0.35066753482052865 3.692958789882909
1 1.3063106441007142 0.22573599560870905 0.7103096993703142 -0.26006255374327686 -0.6575941061990769 0.5749828679874865
1 -0.30642752294358827 1.5589438096788362 -1.5108019166018205 2.07928518860257 -0.6752090019095754 -0.8795937019341691
1 -0.36155245838602884 -0.8264082148080656 0.5012635822263521 -0.009400027182855064 0.3344714028015101 0.7761197724138797
1 -0.21903664267120082 -0.7928871612858768 2.3220170352986655 -0.3266685997306556 -0.21487978812660577 1.6216540927709617
1 -0.29484259414617664 0.24221158358613212 1.0774631785130155 -0.3268479842256777 0.5720924475959542 -0.7957008496541529
1 -1.7337371138315614 0.5762548439825133 1.4366069510532193 -0.23396520317345906 -1.501425488376913 -1.5028539788325674
1 2.072637211840763 -0.7887183469726434 -1.0859328615156925 2.357107722421515 0.11490332159309384 0.2576985667175801
1 -0.04874374730603738 -0.8312839834851578 -0.6006806172935947 1.0857603187173048 -1.3555807230578085 -0.8324491124263198
1 0.46678211079324267 -1.3907260354930933 0.51897034494883 -0.15520897164988742 0.8352330971401857 0.73732457776272
1 0.1933103709121234 1.0006280791699174 -2.4282345732733512 2.372340857847307 -0.20127716708031962 1.0054529807585422
1 -0.1945000034795351 -0.3317048602279741 0.08606983721193508 -0.19506549818357988 -0.9244512018517312 0.8980387965976554
1 2.79025223053405 0.7474959561173093 -1.2847384431472393 1.675985260062854 -1.3578877793022772 -1.0282061571115846
1 0.10024534900690615 1.6316924404195041 0.15932723392250742 -0.15888453261991745 0.936912231447122 0.6247532405053803
1 -0.8023009815617654 0.8986146404576485 0.6937243143107732 -2.2103453338221244 0.8810583439066824 -1.177956645619969
1 1.0159298076892256 1.7459041598335496 1.020785438704231 -3.16608500709487 -1.1403755653185974 0.9948859488574356
1 0.6985517863827198 3.487831636266673 -0.18568976634282996 1.112817656929731 0.7465638447662036 0.20086397418783275
1 -0.402766577104773 -1.9321487066847631 -0.39364215302653044 -0.21768472837788233 -0.7468414207600574 0.031025148252432428
1 0.2738619828374958 1.3947689656479805 0.8541601513224694 1.5858304114664232 0.10156757682010745 0.6986279165525443
1 1.2062426361327618 -0.04106209628285999 -1.8786457291711942 1.6230309967919947 -0.8102025209715912 -0.5928882891005203
1 0.7755732978860451 -1.9168138924400322 2.543953550736486 0.36362784480772237 -0.2844224509978141 -0.8300388982154593
1 0.15465990925762876 1.0445507368007627 -0.04569118102475632 -0.02460938041675063 0.4279693311085393 -0.020824756869878582
1 -0.7607007855881263 0.5659563244499006 -0.2918927094287785 0.18816721622312382 0.2081395658855481 0.9504220588574968
1 -0.6796782812337911 1.0703820701507776 -0.7784552003657947 -0.5331448900193355 -1.5559384901206552 0.503128006129146
1 -0.037121751316695706 2.1143473445776757 -2.1998306916528136 -0.10712430284009056 0.9766102096446111 2.668034896599468
1 2.7491495242901323 0.7044650244636379 -0.3113100036339061 -0.43667625273028027 -0.3039344472303698 -0.40399381040715815
1 1.6199146108175162 1.1574256339761029 -0.09663888889109208 0.1825423920359713 -1.5307358277724865 -1.2827780998467069
1 -0.10366094929934429 0.21049644256102434 -0.5797394330675546 0.9256754177497002 -0.8907314053080397 -0.18530797660326784
1 -0.43723815582256803 0.6186784453473303 0.41701504423068386 0.35187234898964603 -0.7511386314107128 0.28016210004176273
1 0.459416320647407 0.9184526705059823 0.0674792079327749 -0.43921638273158703 1.5968711284522248 1.3966484094434644
1 -0.3741588293519275 0.212295736543856 0.8132297051277588 0.023235708756193324 1.1211382638210143 -0.30212668738637904
1 1.0165780695694502 -0.33421100664951575 0.10127505707776928 0.05353804104183511 0.8830831305733331 -1.4438299325933994
1 0.42122965985048316 -0.7202093621001938 1.000013982024137 -0.5564751176548923 -0.056951870562607275 0.3488334941989546
1 0.4926983586949015 -0.46107553642549687 0.8336699800909235 -2.2818039504449654 1.2604024868660815 -0.2870242355954984
1 -0.7232537164305329 -0.25769313544489664 -0.534085731984429 -2.0546782857613017 1.3748036302059001 -1.6692060399458344
1 -0.7599975330285945 -0.2701575914654827 -1.482474229933608 0.5169474963902009 -0.4550214019342373 -0.029326222972518398
1 -0.7531710872692798 -0.4420744297721068 -0.9963159116016798 -0.08769682610514223 0.28704426580955283 -1.6525646119459592
