1 -0.1040862353308112 -0.8607225606381325 2.0874923681244972 0.5150401897378202 1.108080419745069 0.03341515011708195
1 0.24547573868989747 -0.5257248818101574 -0.35807271320428835 0.2309502974738943 -0.6730585377567294 1.0820885781682086
1 1.3883201739046143 1.4438748677567714 -1.6935128306869107 -0.8794289763919565 0.43865327092615247 1.4419550652619952
1 -2.178917112662526 0.4963352374215781 0.6438111598253039 0.5564713515730745 0.32725185773377163 0.12717941511724573
1 1.052505043598097 0.968031470909856 -0.15607063337826133 -0.09449146469402755 1.233534162708106 0.37987229144950446
1 0.2891307545625932 -1.3445032100872663 -0.7111114033591783 1.6564092043883116 -2.253770044690897 0.2976480520237408
1 0.24534707660120914 0.7818187416387095 -0.8857240802686521 -0.8077307913872034 -0.05350601419392855 0.26537835447432107
1 -0.14394351205448935 -0.385091649834295 2.2226864494017056 2.788345607467626 -0.6893239438081492 1.2852244849469372
1 -0.07262028747322954 -1.4507926244480913 0.08584952441645799 0.3765502391746145 1.343325510538477 -0.04552264387917048
1 0.8588940634272911 0.09428946817470185 -0.6889256684011739 -0.590157400457904 0.4018322808491532 0.5547569304114967
1 1.5731935012161444 -2.6563490355692156 -2.023295572847238 0.28122481512531977 -0.3866964715419609 -1.9613605892213475
1 0.3722251445101147 0.18964416976091142 1.3955477665770972 -0.00966726425009086 0.08080726018969424 1.4974218136171147
1 1.530033642482876 -0.8288546691044582 -1.227833293894502 -1.086668509252736 0.22002483617896076 1.21753954003885
1 -0.730398737068903 -0.26922819009276944 -1.694917423031706 1.0859850273269647 0.6771013700107931 -0.7598672231535588
1 1.732456921583459 0.1445060689699616 0.8949633588464503 -0.5701535376975887 0.9567668028541312 -0.623028009977329
1 0.08454737576031471 0.6867667948232146 0.45100946515726953 -1.3561752073103268 0.43255476124774017 1.034638837272378
1 -0.5758694332756241 -1.2195116067232863 -0.8713919447122678 -0.5566071756829639 1.1741546671141254 0.16889321569536633
1 -1.069369640726461 0.9048460701068463 -0.8069190709520089 0.326631181988684 2.0898325289400326 0.007431657151604041
1 0.5947060079773054 0.46964477224128853 -1.9520757277947343e-05 0.0003008097436286017 -0.05300330365729182 0.4352372785578802
1 0.7475037017034635 -0.11684665237086307 0.7305045117206801 -1.129194277623387 0.3792528775382303 -0.1629976632187105
1 -1.786832047687495 -0.22285941009003216 1.4814845932698624 0.012599757119426907 2.44196533487191 1.957752612985831
1 0.5978624052853265 -1.1205708513905817 -1.9395271281436168 0.6184841907931351 0.7443027270303239 -0.5172693481026913
1 -1.1345040848427759 -0.17812247493655275 1.2421469743998799 1.2156964048525856 -0.3487803403645979 -1.3208028655618402
1 1.9729350699862704 1.4079645672643353 -0.24562518803191274 -3.2082785120634103 -0.31334961680675566 0.6129300642269263
1 0.9652600887808196 1.1535014776380164 -0.438911893271385 -0.553728349615529 0.6774725260183122 -1.9206415088403248
1 -0.9817684232498624 0.20925471648792598 -0.4647947627449482 0.6966164942614205 2.360918638713599 -1.0199178806239315
1 1.1166569592577131 -0.521328653684723 0.07949955139876484 -0.20457461165975513 -0.8091998157207978 -0.6719608522601593
1 1.024222874899483 0.870480512149137 -1.4496367497305824 -0.9377633874965112 0.0029068275860439892 0.22466348963747598
1 0.7614153815573849 -0.3710513847458105 -0.7050433097880088 1.946791841241861 -0.13739237646905508 -1.3202201110753846
1 0.2137776881230289 -1.6390714163691122 -0.7312507449078322 -0.37850434676562184 0.5879827638063794 -0.6864163076065305
1 1.2599079715746435 1.105760592549964 -0.8433335241298917 0.5403408250268329 -2.080264060158174 -0.6411808146731771
1 -0.4459102384236329 0.4139676902524936 0.40110201540881 -0.8243544122477998 -1.7668866302762496 0.655440414094708
1 -0.16437889680948148 1.627334366941539 0.5099256179362156 -1.1476983056255898 -0.2829537796739983 -1.3920024467894465
1 1.4111265160814168 1.2448874752805816 0.5727263770958465 -0.6356656550438745 0.025174906076373984 -1.573490356646887
1 2.269337215840844 0.20354772694385342 0.08606760265988682 -0.14068353746154671 0.1143359846791081 0.9225595667174005
1 1.2235738461610088 -0.2220895538462324 -1.3751523311093312 0.3582830347950551 1.4645513855102394 0.12778192887281153
1 -1.3858369619121491 -0.43601726915770805 1.3023977858878362 -0.2854989904846841 -0.7465025482121127 0.4523344634872255
1 -0.6494646207707446 0.4618057297649232 0.7965532154008835 1.0366896815380184 -0.34507565886610597 -0.4871929151950871
1 -0.9985326503883045 -0.376380580768738 -0.8954711013563836 -1.6356327825002632 1.0716617823169587 0.5619106307395016
1 1.1776783516915135 0.6198277915213376 0.10109012279187056 -0.39031062190359506 0.9757848788063366 0.10835366467541191
1 -0.12664978026870052 -0.2075031238510503 2.430376129692376 1.4554068060694008 -0.7419939969890502 -3.8793887429757086
1 1.2413878957272868 1.170088652239947 -0.19285943704612413 0.009287406698195822 0.39172165587909696 -0.16578620643309674
1 0.7974433806893806 1.8317020179823453 -0.21115762336827093 1.0754406913609127 0.2579572823934406 -0.22257652556403731
