1 1.0280942316310384 -0.7994125073149989 1.1579024734080932 0.26385165085741846 1.0390188115510122 0.19246554951282652
1 -0.47600461860256926 0.26126629693602066 1.307553487049697 0.6296448955369165 -1.0769908506148083 0.9247896911050911
1 0.8130989546716322 0.7165306935464995 0.5067580176597477 0.6855951835403 0.6503896494264405 0.24220446686058197
1 0.010189659948349269 -1.3752607893211626 -0.2820435397155632 -1.571987098331603 -0.7466077323780199 -0.40068888616500276
1 2.183261525271142 -1.4408451394753217 1.1119282741617962 -0.9797683148264658 -1.2144667920052679 -0.13834700913861117
1 -1.6510487706446562 -0.7885733267597674 -1.0850751945913408 0.5104170536808257 -0.9063192749990139 0.07942501378571305
1 -0.10872815662605866 -0.9442589638842149 0.6198403600193659 -1.740366089465417 -0.33754816313963437 -1.233632560530881
1 -2.037137481926864 -1.1509624483549032 0.567808840958542 0.8925251377506024 -0.5350156097597042 1.7336078615284816
1 0.6636402341760413 -0.2778990075514012 0.7566201889826408 0.6810036055626967 0.8173138118054613 -1.0422873450664014
1 0.6194162374504425 -0.060175688464216025 -1.9307005617892252 1.0632981320261121 -0.777505767224485 -0.7739609804776684
1 0.1837326258030163 0.6508790757356716 1.222703985939884 0.3452053398880881 -0.696437768435729 2.013844021068694
1 0.6402865328703754 -0.5448625663684392 -0.6397515114522369 0.4041889660684391 1.2626500604007969 0.7785682152977654
1 -0.5793109983772455 0.6448696159281967 0.5916415044309288 -1.3521523534375899 0.19967598323283248 -0.6222447258363163
1 -0.17012789701195874 -0.6666737555858891 -0.6794825863903964 0.20456628601380256 1.5803862180562096 0.34565850066955767
1 1.007541146088438 0.11164398635034029 -0.742637962495287 1.0113364426534976 -0.35461749539645376 -0.26979473902159246
1 -0.36374360545157486 0.2972884288256401 0.9205957933230091 -0.8915771133362048 -0.9835413656381824 -0.48380601144947055
1 0.47274213604697823 -0.06470682725884509 0.45352002689463883 0.38586710444148903 -0.08721442286339796 0.5475287378707454
1 0.23270354218494124 0.991693202998318 0.44181600369207025 0.4875888902164851 0.5668831326868801 0.18169772758523958
1 -1.0100680461270968 0.00999202947680676 0.593382891837947 0.6186109027905776 1.1953706133375026 -0.7196547978008446
1 -1.7922260013982165 0.072161363508352 0.8422384754721913 -1.085537739142007 -1.3995648013717847 1.010458903164514
1 -0.500885042231186 2.0875124962090217 -0.8941188269560202 -0.018990220790020978 -1.3094577826245004 0.8920248666261591
1 -0.12082364899376753 1.245635806407033 -0.0479836762104867 -0.4472488720556355 0.3733417456475331 0.42502384847098634
1 -1.4033051414061077 0.15044698364362483 0.7329803268311383 -1.266628126116481 0.42812835624615075 -1.108789791494534
1 -0.8947641288580399 0.30473918470619393 -0.5090977470033741 0.5557566133268143 0.19566398931437817 0.16482462963802677
1 -0.23609910218402563 -0.2372981691663529 0.6494854449851848 0.17292828347976344 1.6908394802036109 -0.9898339287414758
1 3.0307132704715345 -1.6161643850173921 -0.4938075854364859 -1.4693411308383673 -1.087473307362437 -1.6866959927079106
1 -0.3063067899233736 -0.2125567678646945 -0.9435711409747902 -0.29128503264332356 -0.061184204087887835 0.07331810037325946
1 1.4699544667718845 0.8478545148717266 0.7836792862573679 2.109277001603696 -0.8573806900353087 -0.0523311632458591
1 0.31716462812947044 0.5974982515744389 -0.751576567801368 0.252591961398009 0.4299250614838043 0.14299117058701782
1 -0.6191659057560058 2.367059458443674 0.3721037068915212 1.3141891856203431 -1.4944118155233581 -1.14404959554678
1 0.6387586968479299 0.24524195363788595 0.9146649933731332 -2.3321038866410486 -0.6642817489523304 -1.5972748294385386
1 -0.5930907909393468 -0.10382950384866707 -0.49180082948208426 -0.5057014540907383 -2.0812856581169776 -1.2497852025139433
1 -0.7721290419388177 0.5792393189287031 1.205932143903554 -3.0684940661538094 0.11248750526601124 -0.42492561857652184
1 0.5500540196985555 -0.5103426089339443 -1.4044119774368171 0.6990918830662981 0.0742537970284351 0.7288634279342684
1 -0.3436475826170773 -1.3360404013880023 0.9591838519662931 1.4156519673707841 0.9380629312891203 0.5039520339507372
1 -0.24684261088688925 0.7488070248005024 1.44560379111839 0.612621992213304 -0.09304874561676078 -1.2124968855330909
1 -0.29759904059484527 0.45418716462886277 -0.10475471384028194 -0.3780755917033938 -0.3634611893508394 0.5467825090594961
1 0.35444464997955094 0.5926074602182386 -2.012149574411048 -1.7717851987293056 2.482733004584581 -0.07050262560170302
1 0.3706145897905482 -0.02655628089225077 0.07212417346252778 0.24683592151371378 1.90646857035874 0.19742267881223335
1 0.4174538874130614 -0.3908842500062605 -0.513781094114674 1.108819339303907 -1.0798580893902745 0.4087220628825105
1 1.4319493666403416 1.4785986272092793 -0.1642674602360893 -1.9374366641092111 0.434697628649398 0.534237743361424
1 -1.1090449244739309 0.47923277892822524 0.6720000747150844 -2.9411610321919968 -0.3267527030874143 -1.0565080102747977
1 -0.987992136789148 0.3828440854093871 -0.727279615808411 0.6902671731383595 -1.0333948005940707 -0.6438673282433086
1 0.12256092785430871 -0.037781797998661416 0.8691205755853948 0.35002002420326217 0.188939967281708 -0.9000889011452459
1 2.114897737029308 0.35863708306896414 -0.3466286673808723 -1.1236825711887029 -0.48570257040136117 -0.19849053272428296
1 0.2597772337649397 -0.1320188717186079 -0.1902663114788198 0.7859480592739579 1.2095013023375012 -1.2925515383841915
1 -0.13821148891645357 -0.48503095986421635 0.006253544761549808 -1.6920226138948162 -0.07153630008985085 -0.26695167696685207
