1 -0.7353067884979192 0.15410470189842823 0.7824369114818133 -1.3952067283238345 1.5961301349465833 0.9136826464042114
1 -0.09446672139380438 0.012154307151090393 -0.8243947355417346 0.824510624273094 -0.30034872645124405 -0.8677287181565907
1 -1.036723161703489 0.8836131921222949 -0.6045524538709531 0.5436699271043779 1.7096902121764945 -0.8769554304419881
1 -0.7521466997881543 0.06748620255264319 0.38880011837787193 -0.45876278774158485 1.1320159456901953 -0.0055342030673827605
1 -0.5536240885120535 1.1861102161731334 -0.5581106431841895 -0.6175095219923059 0.042617996491602556 0.7462218372480254
1 0.22429499710723433 -0.18617822957889923 -0.3528898625905622 1.1685156894230084 1.9745055832372986 -0.17107591138185754
1 0.0482854738106888 -0.04451215856164423 2.0550506608377055 -0.8803617070639989 0.7578316385206894 -0.12918109961584232
1 -0.11829757167725727 1.1596862115341664 2.503386453587614 -0.029586157941046354 -1.2836572486481608 -0.019505676545757918
1 1.6588457221926505 -0.09117234125118259 -1.827992922330218 -0.25330592643546357 -2.5402184630551496 -0.8466500256142692
1 -1.1045258360076986 2.5229975337940123 0.85763966817399 0.4168981474048499 -1.1788400606474878 0.6276797218777234
1 -0.10092262536714515 -1.7488479022728518 -0.9162308039835464 0.3528342975572703 0.8774466551615031 -1.0682817961958522
1 0.29890861548291003 0.48198866904291343 -0.6622690967346739 1.772991585675928 1.4507634277613035 0.2439225531800697
1 1.0877957379174248 -0.7242440628706869 0.9645592959785483 -0.28452841834634357 -1.4083891747535668 -2.737778727481914
1 0.8055989093441593 -2.13003545339593 0.36718498793182014 -0.739147073219588 -0.6920362897911071 0.6171916721291053
1 -0.35406033518194185 0.6418954653735124 -0.5856157595672143 -1.0590226277537296 -0.913026247772955 0.45740237506434983
1 0.4325048479922645 -2.208031596343757 0.8052577997643671 2.1730097596318028 0.05559275360531547 1.055121449960945
1 1.229731553176153 -1.2724223282753362 1.0112727074025372 -0.9286219015357364 1.1176296882915482 -1.7282225501501058
1 0.031325655156568336 -0.865195563953338 0.9056934800840117 0.5840446769788301 0.4995728331612822 0.6764965199060728
1 -1.099092483183769 1.9801937375059608 0.5399165270964424 0.8110060753323367 -0.3758322892534522 -0.24885082656773663
1 0.2949904293539588 -1.0510521148693837 0.8487362865740737 0.7064769767492685 -0.20087422918646075 -0.6257409133147191
1 0.30866078722922374 0.34940437023349324 -0.03394451791886009 -0.4903804955546802 0.00990841726049338 -1.0113124239527294
1 0.4673744576456316 2.176965513870853 -0.26165928822228707 0.6741910522474484 0.2981201977150628 0.32003492013602663
1 0.31253633521550306 1.6841851200611888 1.3578418087673352 -1.6845698071036783 -0.29032927323655167 -0.14999618972739404
1 1.0685708102417848 1.4472444014508354 0.7126756543208658 -0.014425773942541435 1.8487002223468656 -0.43973753906401764
1 -1.4830781917509819 -0.21752748206057668 0.0010685088228277115 0.10162913335208629 -0.573501637745395 0.9017194889113962
1 0.0953559342420118 0.26722086215956226 -0.10568992701761852 -1.7887495312840542 -0.644300246425072 0.29802672366742866
1 -0.24832215986528036 -1.426295996818699 -2.0205742449797213 -1.544392364521775 -0.43587054840126316 -0.8797779644840333
1 0.390537208283912 -0.1559500519492059 0.527643433179399 -0.6595275704472212 0.3881613373900456 0.8763590390046897
1 0.5043177628422179 -0.31191823589570356 -1.3423943258402438 -0.19916164536283287 -0.6404564027178742 0.214167479490308
1 0.5570447568873346 -0.34629379818048517 -0.2639317212217763 -0.5854052680811087 2.8504976389416883 -0.05403412573207958
1 -0.7687839742367891 0.9457692739329221 0.34972731037839944 0.2805969446542829 1.2764763536385948 -1.5629366289466062
1 0.2112502978167744 1.420051326288366 -0.9239953690520819 0.013287834877542794 -0.5002995361192678 -0.546311125752447
1 -1.4809345667989742 0.4963583017989344 -1.9496247930929986 0.014428612903863441 -2.6995884669300954 -1.4182443190320773
1 -0.3641279364112123 0.818526813318697 1.9478013616245087 0.6869020504564844 0.34908487431257545 -1.013494904066863
1 -1.391303466638503 0.6832338473990208 0.4578371901164727 0.05109430807346673 -0.7660493811058366 0.8598307251417308
1 -0.5656011406034601 -0.4596081608083922 0.04331879587851548 -0.3636616592362639 -0.43627831818412083 0.15375512595769664
1 0.6477077676712174 -0.34190747253413667 1.998729544295404 0.2946915851786596 -1.834034882758176 0.36081469713610537
1 -0.7127508587909608 0.3148718978813633 0.5924026548249481 -0.5311901021388535 -0.18492983088098636 1.3553692529194132
1 -0.9366735648563559 0.0741154653286335 2.7770565151345163 -0.680996344128861 1.20096245460433 0.766836553651129
1 -2.9774756772269564 -0.5081986010767968 1.4057376528351244 0.3306785882810478 0.8214481494796538 -0.7232739883650041
1 -0.7096024062992866 -0.9893826369477681 0.34675064336193107 -0.27361080547434674 2.6762241513996194 0.46590535891652946
1 -1.232233781173715 0.011261691566127479 -2.2190551319184033 -1.9540900501676164 2.832934300783932 -0.5258607408656987
1 0.6545819773934136 0.3257850151369266 -0.07420650304493015 -0.004979020398546866 -0.8000421887937706 -1.317998512240936
1 1.4184305317592272 1.0352447032757646 0.8423325669175266 0.5846442654056316 -1.1728865319537556 -0.010822072229198757
1 1.090874608168402 -0.710283628323566 1.438182812539427 1.6911011156570719 1.7033517816834343 0.4191497604455206
1 -1.5177318112958142 -0.36963840766951217 -0.9384133284981528 0.6049579015103873 -0.10113010361339278 0.5512908828264832
1 -0.39334749376785527 -1.5280493895168252 -1.2134263459720884 1.6044203699991302 -0.9364781383724035 0.242800277824565
1 -0.026547767423635786 -0.09749885167214581 1.1694857595889758 1.1656648152195008 1.1616570717000518 0.037735040211816645
1 -0.20637534672881855 -0.6416019960061341 0.8284218302083868 -1.1460770322098566 -0.05338786794231075 -0.30097225461032656
1 0.18390656043500736 0.7529635923374735 -0.3339918579956044 -0.6597057283358169 0.27163855124109193 0.2853909451734821
