1 -0.42688395701560755 -0.6146478504554422 -1.0931749606607124 0.20186544462766357 1.4293144457853033 -0.6183301952116393
1 1.1763472563604809 -0.9184507202734533 1.6909099376134569 0.14791698058087305 -0.6333035160653722 -0.7584766574105508
1 0.24735351352304966 -0.3972814070405049 0.9218998548935288 1.4535916686432424 -0.24637954283816055 -0.22532743977255426
1 -0.627973402488986 0.9295623566462494 1.6742056427637775 -0.5510894577528701 2.303991970217091 -2.3194607003308083
1 1.2011960544579277 -1.4938790207978943 0.0814050343023596 -0.08075703990933834 -1.8804758037655576 0.6937541821340999
1 -0.227506703845938 -0.9734756683592024 -0.6229952287695384 2.2370266207702905 0.6907782857095467 0.06631036639967913
1 0.007308176123209942 -2.0085881393787828 -0.3476738261676373 -0.9447126304995404 -0.49300614675197163 1.6363710883019307
1 -0.44277801416760093 0.3466459315107284 -0.7951671632901471 0.6235512710138035 -0.23989691868177854 -0.046402138270501575
1 0.5430050281536503 1.8805294005578477 0.16199830349362526 0.9748751626762049 0.8066356570263075 -0.32296610649060675
1 -1.7109633468776795 -0.0693823190865509 0.9300487260142768 0.5536497483340287 -0.9067174274173986 0.7090147440147252
1 2.1265334466299106 -2.150366779039992 0.7264864841304313 -1.159640670540942 -0.6112763103326808 -0.35089175831958874
1 0.1881026378674562 0.7502801347723408 -0.44675091449873355 -0.7812079688073637 -1.7766786122444431 -0.056857476928970564
1 -2.0028249527113933 -0.010307791177238438 -0.8080040224836122 0.727815990617753 2.5276529611988634 -0.588183824142016
1 -1.2598751389122667 -0.462297195642583 0.8022879434068689 -1.4038572306109147 -0.06638338995059599 -0.015185556767201442
1 0.5791974831486209 1.5080914894493067 -0.33861118758567393 -0.3587816096021483 -0.7769477515324125 -0.2762399958587819
1 -0.6801566282541452 -0.5951347736979596 -0.19926956956383438 -0.09227407065156766 -2.1396351728253404 -1.5195147037145942
1 -1.470701833708011 0.2200114142469513 -0.6065382747990945 -0.316358283294539 -1.4134191781389265 1.3577893138904926
1 -0.19898003418080715 0.8569939564233376 2.0878775663840887 -0.6290983169082253 0.21217545622846318 0.7402583120106958
1 2.1662049479208414 -0.22522438796181965 0.5767615191833001 -0.17959384784569507 -0.49683757807832735 0.3008896345520671
1 -0.5477123845276441 -0.6073069573399207 -0.1315837448802726 0.1502841398321013 -0.37439491493115273 -2.247756327704315
1 1.261648362484534 -0.7118283584946213 0.3031559002669282 -0.06616437856128327 0.08433311243731333 -0.397326624924604
1 -0.9737688236800524 -0.5199283008079547 -0.5831657297154031 -1.3127604013531466 0.3674372742253389 1.78552721968556
1 -2.6614465180214357 -1.04121823816018 -1.8004562569916793 -0.9786151375708537 -0.48229751732705345 -0.19255805180322316
1 0.17108389953355516 -0.36621980737352106 -0.3376515592330937 -0.9183498466505172 0.8799068321274585 0.16034742451153128
1 0.41265636670580724 0.27183622530626705 0.3847527240642116 -1.0970061262741082 -0.9956490469588545 0.5544298745622243
1 0.4920692230560617 -0.9539799835626678 0.240026721579394 1.01614736978591 -0.31935208271690413 -0.9953195289301416
1 -1.7342289023756141 0.04515757884383518 1.3663857175658825 -0.07028195998271021 1.7228703298890293 -0.27328936929492403
1 1.2841492555130325 -0.8170468175213835 -2.100472415053738 -0.9140804707673771 0.08876045875257785 -0.44476445921571817
1 0.8073036595443646 -0.8970878189119275 -0.9077358304109788 0.3625172841406759 0.14617054596519793 -1.049372081163233
1 0.35508641058146506 1.3805355910809496 -0.7623289093122636 -1.4122309201956855 0.9360482786618055 -1.0904451714560135
1 -0.424655989692387 -0.7563499108119883 0.5623032294767237 0.594053281519332 -0.6998656288825252 0.4280499847155145
1 -1.1013106930179108 0.6272274869162116 -1.5046579000700204 0.46120703111839484 -0.6002891149055636 -0.6241473490396622
1 0.13173871875863438 0.07829640396056692 0.5826717691873057 0.6648234672724948 0.32692929575913726 0.2587281004278202
1 1.2405404170828613 1.0425294637949631 -0.8365093444221765 -0.5252858755220717 1.2686869818679374 0.028671823922252725
1 1.4943695204050234 2.009109394748812 -0.24130204146810258 -1.4071588166443476 0.312893365194774 0.7544879721693126
1 0.7330822132602679 -0.76034125507486 -0.6927042210996738 1.2090041812398973 -0.753785056725716 0.10109548805123118
1 -0.3312310892630659 -0.04255568344547299 -1.2205695270960204 1.837167522192289 -0.7092824106818079 -0.37862259318052455
1 -1.016275949008622 -0.262196009310339 0.5392816619874767 0.9704666450264016 0.7286496853516796 -0.1979521074787195
1 1.9926466660283728 0.2419793964406299 0.9111317290779851 -1.54546601269853 -1.4215981881069013 0.3833825104664733
1 -0.4170690869855436 1.7873533802727728 -1.4456019688356656 0.3406248567265219 -1.2036276714386864 -1.112427000455234
1 -0.4924585150388948 1.9981508687498433 -2.038133252958199 -0.6846356254330594 -0.6367539163368985 1.24654534007592
1 0.4307279073909466 -0.20162415823762428 -0.058021566930695746 0.7449251901011206 1.1241516051773885 1.4451789012057912
1 1.63939144209954 -0.9724450458758301 -1.0151975614711262 0.5011252923653999 -0.618117370899288 1.3240036388582455
1 0.7329436676182243 -1.387752754918903 2.619824205513406 1.1080758902873769 -1.0350993396437616 0.25855947916439503
1 0.6695727850588198 -1.4318392186810538 -0.6119064350841064 0.8582066811858046 0.9013523571172996 -0.8618803721034326
1 -1.1090719250728864 2.0240883753660683 -0.17813054913935164 2.7406120152439137 1.1702109392137006 1.0275024392277097
1 0.2695467313204063 -0.9483939720058386 -0.11499296499184153 -0.12182932281308784 1.4151424721000891 -0.5100008070336743
1 -1.1542366205018637 0.2034035990883692 0.32944470177515583 -0.5140366099366812 1.1792184261728529 0.423143579650502
1 1.4469700122080593 1.2633387070929594 1.068997587207935 1.0361922598526265 -1.761757503887956 0.21186469933129304
1 1.6033686921141195 0.28867239163341013 -0.08114840411356361 1.2495050139499613 0.2374707982631481 1.299617618206092
1 1.7938242206864576 -0.9029113930259938 0.8979557009719603 0.7649381179176641 0.02579636167090472 -0.7150241644060393
1 -0.5325840939948963 -3.078593174361327 1.6046599500951366 0.01599301744208441 -0.7351239646000259 0.7856323410851698
