1 0.2867612075718151 0.47006039571944536 0.7311222810993242 1.1019495740628054 0.7897822833555793 0.05125312159977641
1 -0.9389711612338915 2.1995498502194315 -0.04866010516023149 -1.7074165160394488 -0.3645681925734091 1.0274282399937016
1 0.35277603377412575 2.318277658080387 1.6944874151148888 -2.1529849938038255 -0.7590396364552344 -0.018686751580748943
1 -0.489514875867867 1.412835165304336 0.8633279060438552 -1.3751743075465825 -0.501555514860596 -1.171617268604501
1 -0.45977429146254023 0.7048228566823526 0.6605091422957935 0.4063778075597813 -1.9937123709253486 -0.19728875170276944
1 0.5099271007521609 1.0179362284388132 -0.20826576546300468 -1.4925478118136273 -0.5308289143471789 0.6906855070048179
1 0.37399486688782935 0.7410747296060578 -0.7893930753225612 -0.6360161151319823 -1.2624336395798537 0.9913092990508509
1 -0.6655551468892086 -0.27686905536736167 1.604983005747689 0.06066407711503784 0.5115343755205953 0.17033324678341233
1 0.5565664246785385 -0.47226952255612137 -0.030329648626442846 0.7258565711567204 -0.9740070229172774 0.9200577253112227
1 1.0262612042570853 -0.3101271908236046 0.572118600672325 -1.6598817374069557 -0.7224572503948364 0.09321580413362059
1 0.09131027841751173 -0.45395000836430605 -0.33789307264509344 0.6305616113129267 1.0867575368312352 0.13807903496043633
1 0.7257971127904127 0.6764347221221112 -0.22813905713482863 -0.00643715819360231 -0.28367970824089367 -0.4910910451659793
1 1.1203258213686436 -0.39990317768173145 -1.2292971179773755 -0.03207427664521508 0.030469107750031282 0.8332646345921914
1 -0.2961344894552419 -1.6218685465250027 0.6972278559919746 -0.8369002232755162 -0.4490086307061934 -0.5715891708676109
1 -1.5203431435191983 -0.059820307844346575 -1.6964014418100253 0.6411662009510033 -0.0289081157826229 1.62428903058603
1 1.5639458539424524 0.4059258579319417 -0.47375995221164324 -1.0484343009915484 0.7500565573235386 -0.2589328614881206
1 -0.5326286058020608 -0.5125901461100774 -1.1731197323376186 -0.4190416837324575 -0.23025559510144744 1.215076470088808
1 0.3315827109415541 1.0775907522254904 -1.7940606094849 0.3304502286090661 -0.7783787486470609 -1.8059928457106131
1 1.1306373261722331 -0.15872878312190886 0.2215191403157077 -0.8133768268653996 -0.8360397884946745 0.30890561328044036
1 -1.1764701464101532 -1.3691796558257767 0.04479676565097037 1.088695208368501 -0.35421231854664753 -0.8327799751832821
1 0.5000115303371955 1.239832700260181 -0.43271023835481565 0.15316321360458485 0.9014585986395655 0.21958612375859524
1 0.08295730305458056 -0.0615324750068088 -0.6880599978781374 1.591210287411178 -0.38826603113149805 1.2772929512191533
1 0.9863271260203352 -0.987271144996784 1.8289885603254052 -0.19750850129689662 -0.4313970006104787 1.1393720072272797
1 0.2898098899657447 0.665608735486978 -0.4542891987889893 0.14783962768117373 -0.9960800429519591 1.6836972406647404
1 -1.0880304492189645 -0.6766082505280759 0.9005619910387911 0.7100011504522389 -1.8664704141513113 -2.3542825062889965
1 0.7837335274220071 1.0360694748276087 0.6438684429196272 0.24212119179113062 0.2507998500819134 -0.07837270332463354
1 -0.19688609129387932 -0.10010126296033474 2.3399482617165654 0.20978929117226353 0.7517171415363081 0.6684142592860115
1 -1.2315994464785254 -0.23570956854780553 2.0104197733828255 0.9458393114025492 0.22142817763321332 -1.446897089790156
1 0.7812666040433304 0.09683689784935219 -0.21563986954455894 0.1812774013443184 -0.005968845612123303 0.13041294332264142
1 0.0356686358026677 1.6218598294818583 -0.2704054477914517 -0.9807374016029712 -0.42767643708358755 -0.2762993219856795
1 0.4800032341918659 -1.5512218757736962 1.1865744177538902 -0.8819265647201889 -0.7791484922309462 -1.4131681755832106
1 -0.650481250802351 -0.1111731773254367 0.16232353863383758 0.9169149919275499 0.7061622730416717 -0.04729361535702081
1 1.3282040411540392 1.0776255715370187 1.0368355732567354 0.03011859509177603 -1.3688544972510077 -0.057062530894543204
1 1.2413653095507098 -1.626403768294101 -0.4500581886410705 0.21172211474509642 -1.4647327108605446 0.11032120489731526
1 -0.021001678721455076 0.6380196090755659 0.5496120248575048 -0.251460005053775 -1.2173456026289662 -0.29730331897469026
1 1.288985119088444 -0.004781515685397852 -2.156723516711717 1.1347034727525116 0.6833553791512176 0.8198239246359009
1 2.9283306845392962 0.737143227388858 -0.7919634235420085 -0.9872836440793196 0.5855929476391947 -0.2404014473893642
1 -0.896669393169203 -0.4162236627029156 0.7619933074215562 2.3145634720257466 0.09606688513303244 -0.10413770244682634
1 -0.6096537313627594 -0.5038118090077631 -0.7440951284599532 0.08255115901565577 1.2415926765988667 -0.2636878746820377
1 -0.9042322503875267 0.4632043250048181 1.0680660526798973 -1.2283200835181276 -0.5327332659675972 0.1547462386189641
1 -1.20569057457281 -0.9004632772061271 -0.036803309544042304 -0.033347681837289665 0.7820295634046855 -0.7984310986559138
1 -0.12611476646376207 0.33580307169913737 -1.108042492318801 0.9077606381289312 -0.8700657834333168 -0.8053618079486894
1 1.3465106739601946 -0.9466489750769859 0.8456038992844283 -0.8302694785799155 0.26849383342071453 -0.8083776566526184
1 -1.0163127828526974 -1.00714677140654 -2.5408013170122774 -1.2101025677349708 -0.40214057771344663 0.3863215293580465
1 1.4163520509595302 -0.7836034144883656 -0.10680374887654877 -0.9649704577899233 0.7052039533728135 1.0234332697244113
1 -0.4982873633310775 -0.12043194403962272 1.2234557715618566 1.120431025260399 0.049796799271466276 -0.45308840954684804
1 -0.02219180470887868 0.07553808756018708 0.6653548275920407 0.2771485343752455 -1.2526185055729797 -1.8461906396297252
1 -2.7028521703551203 -0.04445027700720643 -2.9251961629253467 -0.7381430688908995 -0.8020277593182846 0.2720536564024227
1 -0.7268230901183717 -1.3627897005064606 -1.31016972830323 -0.05846519521228789 -0.1344666840632584 0.24727204180158358
1 -1.857761520969638 0.6852256680884233 0.9778462287487651 -0.5711045344562694 0.9305000468478334 -2.865810338216596
1 -0.4644506338771233 2.1900411786637157 -1.452651694372737 1.2444598027805174 0.11626868061325535 0.46507347354065715
1 0.05064244425478705 0.922400706234013 0.5760385657721285 0.8281207642807188 2.0779889122624535 1.1853572643845767
1 0.8454024976429034 0.6072608793373658 1.7875804907981288 0.3002970262980225 0.1000731436482797 -1.390794008660107
1 -1.144079389975099 -0.8043717924852394 0.10370832837759697 0.4531611134335936 -2.156315732799215 0.06936332494970905
