1 0.5338669852194639 1.8070842488268395 -0.6582414979690588 -0.5762129987072135 0.5489897078185989 -0.3347157921396545
1 0.7237780431228581 -1.8330333996446528 2.0098901519154957 1.1544040342633572 0.1056467920879905 1.074501409366954
1 0.6947268797354118 0.025957199637807894 -0.5040506545253285 1.1765419098739611 -0.7579846983491205 1.1393149545447117
1 -0.2737473267923211 0.3790101544766809 -1.0029306420564743 -0.7301350274266375 -0.549670774285671 -1.3233797143401858
1 0.20195580562913998 0.25261302324805707 -1.286131843808242 0.8787739681544152 -0.11264902075510788 0.8335890921222856
1 -0.1985303336118949 1.41261797221441 -2.396234849426494 -0.5517984027883316 0.5297498850115997 1.0668896164111197
1 0.9274003146987033 -0.2140659116730605 -0.8439335582646625 -0.9055726807730036 -1.266770522091412 0.532813698729262
1 -0.47678679664995355 0.9388676520533947 -0.41151835351055005 2.4901406278331875 -1.7951430829904358 1.5449807858568918
1 0.7180999629878316 -0.6676406307999895 0.09321812279177073 0.7536613177553526 -0.7210899175491297 -1.0072368305229233
1 -0.06896783695801599 -0.9289947266572941 -0.305475787299055 -0.04924440103056283 -0.06597261381226258 -1.8936112246176053
1 -0.22595394012200176 -1.0325900607489322 -1.6004504855251935 -1.6590828868214957 -0.7238820242177828 0.661621326693678
1 -0.8065313507507175 0.7614678584209008 -0.44148512670256046 2.2495085038139058 0.18024081380365123 1.7076190833246812
1 -0.4031188655726203 -0.6067906883675374 -0.7432391654899358 -1.4606132906879923 0.13283232657677793 -0.23253856499568556
1 2.358495497928938 -0.6712333454344509 -1.0845644246540331 0.020011223421476695 0.4084694386397449 0.15018549073655582
1 0.7104841210659903 -0.453535678424283 0.9090954260185291 0.9514691053855936 -0.5719613019829338 -0.7053014062534951
1 1.0257044108218232 2.1710453609007407 0.15862853525266413 -0.30347949033588 -1.4129594683673627 -0.3078078538022963
1 0.44266227977705075 0.8236461790291761 1.2020882760302123 0.9216665823076292 -0.4900195945956899 -2.0468398075067515
1 0.2093672461905809 -0.7265590447685096 -0.1777735781774657 1.0666459020580357 -0.9771432131422714 0.008668086909713442
1 0.7902410788337717 -0.19586632326214948 0.2849125063540582 0.9203060025585762 0.5708913128609615 -1.207648719428136
1 0.13503902699558237 -1.0938125764383986 2.057203043380158 -2.115742361069207 -0.32895858455410526 1.9331575482039987
1 0.7228474243930796 0.7189622878407183 0.4303711889870003 0.7915401380678349 1.1614333194503774 -0.9923537554965328
1 -0.49814089660138167 -0.04029880615037165 -0.6727645395482164 -0.6893192571682131 -0.7136645195332003 -0.9707052260015648
1 -2.496544245572971 1.8256103789035105 0.45641822995209885 -1.454854723368643 1.506791895984789 -0.41973509481889987
1 -0.9156042886765349 0.2348318786267501 0.2256802471161988 -0.4494826517006544 1.0446645894661193 0.08354083787059219
1 1.5697872541523112 -1.128232371770775 -1.0814543073720775 0.5702994545075758 0.3871933401286517 1.0953878652225204
1 -0.5367194921964775 0.7171032606252266 -0.7491624702259233 0.663840933468752 -0.6665190618936834 0.008335572081056359
1 0.35335662535720885 0.5350212700932604 0.30847952376267546 0.9005340471333942 2.66428919863776 -1.0300580820522975
1 0.268804548053348 0.9143189367073739 -1.4031747418183773 0.24178590662544294 -1.0265190973667602 -0.8571091075593783
1 1.38212962204305 0.22491648922861177 0.8462224397946729 0.5143238278509323 1.5586333036888576 -0.843456499831885
1 0.039860658382526726 0.8922715249465648 -0.0003412347841317698 0.8867580184054664 -1.6114509521504476 0.19229461536326345
1 -0.3017582980372233 0.4587911122110489 0.15526464985580737 -1.266504104245362 -0.10556447415838606 -0.04136156755619231
1 0.9815478301584505 0.03723326741272985 1.4508478610384794 0.62221309091656 -0.6398484927988776 -0.16454710169766304
1 1.2935530547792664 -0.32314385641648313 -0.8637308584138873 1.0882113763259402 0.47080599667745815 0.28397107306142355
1 1.0756086197394497 -0.9235765169861594 0.009818881848120282 -0.08691405321231052 -0.06055850486083463 1.2405248332619618
1 0.596913086416765 0.03888156759859957 0.5008091803671088 0.7369715913183984 1.7571550428280243 2.0820750306430984
1 0.974248120436717 -0.20930807353825318 -0.34264205999710506 -0.6123806848594092 0.6323891303518002 -0.6192524466084239
1 0.19205812238983183 0.681546257474878 -1.033210954223436 1.8200979857387978 -1.0020279656399786 -1.0185410930020644
1 -0.9287909698707562 0.13866221321159833 0.5784224090072828 2.0451892130056986 -0.6746060282982247 0.35402595977319734
1 0.8984086741806236 0.7549120787664063 0.9973432073785045 -0.4745676353031294 -1.1685335205412177 -1.0079750794836269
1 -2.010211095949673 1.3084913757998937 -0.9945786007262776 0.8898896054393357 -0.8558351036267539 0.5967590266683934
1 2.281466446992189 1.201244800099246 0.18111053961683177 0.9756558879241108 0.09922004396622394 -0.07496099499345173
1 -0.41965257054390703 -1.3890398555521173 -2.0337081189377693 0.554337241623709 -0.21164725109383045 -0.5899556824859875
1 1.5273332711496939 -0.6581095440762327 1.6520827673388387 -0.5237614650589204 -1.1673119804669028 -1.7483811508696119
1 -0.24093608298815436 0.3860728690336619 -0.9837569920989206 -0.47039674250301994 0.07519473148965236 0.004558340528606712
1 -1.1123036435949352 0.3624798021449962 1.4427965258076034 -0.4688344433381139 1.1730032709896612 -1.6860555879298376
1 -1.5296017399185609 -1.4170427683489148 -0.4804447276906068 0.4166211987309083 -0.6075802964017575 0.6122529443783244
1 -1.3174624853179089 -0.16451194821660642 0.24045934564969446 2.1396868685448833 -0.7054712374972358 1.7140426211975612
1 -1.4114379052045956 -0.2065483682441877 0.13737233102762025 1.4664637345869826 -2.5299816574779057 1.152858002006359
1 0.020467115754389344 0.632206906380656 -1.1408163427214053 -0.7951457591001528 0.46988831548417487 0.7886325436512706
1 -0.36113091911405226 0.31504791284116135 0.4110089469518618 -0.15998122066921525 0.03411846179997811 -0.05740619301850742
1 -0.19935217040130537 0.5087162148512961 -0.22871612144211764 -0.31423954269766435 0.013750774106239863 -0.5532312906032694
1 0.36641535676405557 -0.4343206738415121 -1.2286946771199092 1.3429587799223848 -2.6598447362941546 2.4691527171593113
1 -1.185497850084388 0.25251582382699694 0.08541060300656317 0.4219097947879129 1.80293083363459 0.9740368460498794
1 -0.32054992438336977 -1.177747261914109 -0.4153582052341569 0.27947646601516846 -0.0833225312646011 0.0018456337930931536
1 0.19855796126650277 -0.2795426285692689 -2.0022867129726296 1.9866611754700934 1.2674044882499969 -0.7815571584394037
