1 -0.9467677966914136 -0.3257605417247254 -1.7385036870862411 0.8651514020741401 -0.5134377614943271 -0.4543198837383288
1 1.060076371310894 1.753088103213578 -0.7836680556453015 1.0608985970818317 -0.17814745457278633 0.5968320599379078
1 0.45905031916643446 0.8765245378077351 0.8537782584499937 0.44442649997104855 -1.739672680803225 -0.27859056938934157
1 0.016261903072315637 -0.45671581044932585 -1.310385820651435 0.4285936821750755 -1.2593577239629912 -0.6201778468534398
1 -2.2379898765620156 -0.6330618697286039 -0.5398255817987042 -0.4854303618914136 -0.053862479752040816 -0.21429243106375706
1 0.06193779359783804 -0.2513368538139172 -0.650217518336044 -0.5127127164059904 1.189521692447007 0.02748595014975627
1 0.9984546422055519 -0.6517003444537303 -1.7423575235762996 -0.2376956549943879 -1.0068501050400502 -0.5625431047291167
1 -1.0724988370989257 0.9594555147576183 -0.825203326212573 -0.12222149268356809 -0.15857280157874543 -0.014763059454583158
1 0.4210640689643378 -0.5949678403473504 1.0490632916416671 -0.0920701097974031 1.2830441811056468 -2.1751032809746116
1 -1.5647306468257887 0.25301407475460713 0.7813477049798003 1.3685724144114064 -0.2595020113602588 -0.9040993816085114
1 0.07888437316948482 1.3695698209449256 -0.974976785720559 1.0731681110628004 -0.9456261816350543 -0.32811262698418164
1 -1.3307752924552496 -0.5282181525883164 0.4114861181158098 -1.3067634018497856 0.5178749934024703 1.1585578442886202
1 0.4105603227407992 -0.15320301549895943 -0.37342960693361615 0.6368268763734084 2.076076665653014 -0.7485981057002133
1 -0.40056858172512383 -0.18210171129843963 0.6851438046633505 0.19292705543388264 1.0109931206949803 0.3897513673460706
1 -1.3041343622573238 -0.6287349412038413 1.0861030491521924 -0.6589054255623894 -0.6612728878072902 1.1111712990187477
1 0.5606862552549409 0.6043099042618331 1.2405047793036 1.1137577239098815 0.7108313596408695 -0.3730896745191641
1 -1.172559897328012 -1.3425395973169205 -0.6011666215404976 2.391427544993612 0.9118696955195045 2.475416389904825
1 0.08731758438830561 0.0314758744376135 -0.15160421505425253 -0.9681931414068671 0.28632631674689457 -0.8558521747579424
1 -2.3404500361117084 -1.3497979446734076 -1.602933286499599 -3.6333160874519814 2.6179402581606395 -0.5614150672385317
1 0.6313426412965235 -0.5519119085530874 2.766199829788765 0.5596994896195573 -0.678070254087528 -0.4522561327772772
1 -1.7535411973770763 0.621995318158022 -1.7464500756155674 -0.9379499258324189 0.02317693409401009 -0.540137142733365
1 1.2446514604166716 -0.7192409347909169 -0.060178279676334615 1.1146956869988873 -0.028342037063628225 0.8006804823996688
1 -0.09559549767731504 -0.9603220582701926 -0.5213025389725507 -0.7381821476814052 2.508669924463385 0.29640304133011336
1 -0.5264688270458849 -0.08080419499361996 2.3869441685436708 1.5279389908891357 0.2984285567444382 1.6938965559026626
1 0.05089275182250181 -0.20252881429275646 -0.06070829532273198 -0.9572505458642879 -1.5275281499239466 1.3979199572394614
1 -1.284244229954172 -0.3880767423646965 -0.3840819328150875 0.18365003849002748 1.5384801015711242 0.31870124398151206
1 -0.3674709093444489 -0.3932768109266872 -1.4676777420473628 0.5663539662650829 -0.432982394762204 1.0007725054972694
1 0.8700400721993781 -0.22990619139576007 -1.0567285928459693 0.1496713472117412 0.6440364544265235 -0.1106793547358836
1 0.9550126525897924 0.6644748807248461 -0.6181505408019987 0.6887744102193066 0.3067677251010354 -0.6375703880066202
1 -1.5796899405386513 -0.9991456386379851 0.8282391050797587 0.990460082595798 0.7764949996840134 -0.5454086922848093
1 -0.025560516356433634 -0.7747286279545283 -0.6298656482063657 0.5323341989271813 0.3342367095058498 -1.2853983056437375
1 0.4862374886688311 0.10856177358499955 0.2722657036748335 2.2839007126296815 -0.2225357068861116 -0.22329493755106564
1 0.19690540184778005 -0.7482277413192661 -1.0424527561423322 0.6071945949230587 -0.11288858176677762 -0.6016409933275211
1 -0.796166727120698 -0.9977067674235195 0.4577722503656435 -0.9860299837697222 0.9120652402663753 0.2005135113248185
1 3.3861495550826386 0.03250750501158427 -1.1562087556922098 -1.1116350335482277 -1.9117999116924853 -1.381054473600158
1 1.9212382386933018 0.25841425994367495 0.6390338318669998 0.7704586631479641 0.23528548056168785 -0.4781956773778309
1 -3.0556239997787915 0.7867660099314389 -0.03880681598263827 1.6878318487949897 -0.45833771361665027 -0.7248458969650752
1 0.11319297075206328 0.20070350228594178 1.2318624731385241 -0.7963937734144209 0.11891513553216237 -0.39757174218264146
1 1.9193841160913734 0.21786957641218532 0.2685099357968344 -0.1149444620040666 -0.07708181776522337 0.5611847401374067
1 -0.545719764255035 -0.11481361821578401 0.5301154918420665 -0.8635451106172511 1.9024426528248708 -1.6234121677792142
1 0.14679499944759644 -2.139802821187183 0.0194780179510187 0.014454273057704232 -1.0509020041125485 -1.6188138140809183
1 1.7927350637926134 2.4006189191868255 1.1046120072037717 0.05990568471931188 -0.7057793606080264 1.1050755283274492
1 -0.17245937649791038 -1.2929519968065308 0.6031274178303027 0.9551715165834944 -3.44664571627835 1.5916727097365957
1 2.2813096040834355 0.9425887413167717 1.321858801406363 -0.5308843581327167 0.0658281406529343 -1.1085721057639302
1 -0.21697893141602387 0.3675013132911849 -1.3646255424847473 1.0885739169364337 -0.22058438121441837 0.28919112957662063
1 -0.58882473480128 0.31066247216960796 1.1619713564501042 -0.9334364456315611 -0.8845619026235488 -1.1805325659427588
1 -0.8512808216365555 -0.8912110357335432 -0.4351729112946922 -0.6760455982017924 -0.172121565369992 0.1953087304118905
1 -0.5914106165001786 0.38306833709745935 -1.5265551439665657 -0.519830204422794 -0.6948842583327035 -1.8194063020851585
1 0.08909492778262192 0.07959465434710872 -0.2589465039729511 0.23446241017146005 0.0790031855151084 0.4363653459479546
1 0.2442187872450835 0.041339706328004044 0.028964157530842676 1.3527992595060248 -0.31270781656188473 -2.193508886993288
1 -0.25859053755928596 1.4930396334823839 0.9113434616537402 1.073794556268132 0.3223140391387243 -0.012222953104293685
1 1.7606584114205794 -1.4310845394802794 -2.310098534741454 -0.7155786816835759 0.6490819962513531 -0.6391655964844578
1 -0.4478236228910387 0.6696999257883405 -0.22713826481727442 -0.6231989898858337 -0.6959715887937838 -0.43178599400612405
1 -1.7123576193567924 -1.1239063404980125 -0.3139903397520943 -0.5691493646333169 0.3686355189439453 0.6822135199400439
1 1.56574488317581 -0.7311054726440127 -1.3095427558719253 0.0823768461847155 -0.029675546546765498 -0.5807799725037512
1 -1.5294918897978989 0.5028338405187381 -0.5665762612081634 -0.2751572396612824 -0.7897333330632267 0.8238999742687688
