1 -1.4060180207139723 1.0067748868551984 0.7401535164166124 -0.04128513493239923 -0.8164343949308267 0.7078326833018079
1 0.0013248138275042088 -0.5649624518813219 1.556292258604575 0.21343917718867073 1.1733866682877723 0.04237700719749617
1 -1.672174268465471 0.5522174942933528 0.12156298082926363 0.113783112145154 0.8998445970448826 -1.3812232775902347
1 0.013242105998355989 0.23205043856084248 0.3354617696488441 -0.8925246366618316 -0.18572622373229053 0.5052996897807165
1 -0.42061780650931074 -0.13488871889644355 -0.7352670535850954 2.020532467748759 -0.03700265705781596 -1.1028659058205548
1 0.2755338852247688 -0.6514430456769423 -0.7304461769321925 0.288566869340483 -0.007721547461626542 0.06480231115401548
1 1.051915937280452 1.5354689449999837 -0.07988094674485777 -0.6689407883723452 -0.5946134158648304 -0.5427296247726769
1 -1.7016546220546567 0.011046040105479889 -0.3227320970544772 0.7096327540054532 -1.8221113443743737 0.7165262349787503
1 -0.09222259805449494 0.10022416402611095 0.3058842965047927 0.255476792869472 0.8582042261851413 2.104154560290672
1 2.192524955566582 2.441798610146297 1.0139936053205654 -1.763310165703292 -0.481477452807233 -1.4623523042869462
1 -2.06491979475372 0.36471063149907107 1.9141600064413717 -0.24478864790263216 1.2323393226845782 0.2822211576711116
1 -1.4966765347749313 -2.135850155940008 0.4328025572371347 -0.561462670693929 -1.0800664361892722 0.0014589675864194454
1 -1.4079063758421986 -0.8186435374440311 -2.0372436618534593 0.07452454771895807 -2.3514572050379647 -0.6074399529123693
1 0.5193309517828376 -0.31405369644393527 -0.9769284121453375 -0.5310522234894705 1.1669738655586297 0.4254990551555644
1 -0.10061524037160297 -0.3564279063303658 -1.269328517064832 0.9589569809618684 -1.7302422358105374 1.5788833118467873
1 -0.5492755615144838 -0.3909493224365344 1.0782650549222603 -0.07928413338142934 1.727551449701239 -0.44152561118837796
1 -0.06813631727244641 0.15374740843662474 -0.9008196551367591 -0.17995965432572084 -1.5451634934614515 -1.3313006317505451
1 -0.23491772593775204 -0.3277989822150379 -1.6059111167851243 1.5981804020427506 1.0866131661485334 -0.17265222143247694
1 2.798269721092915 -0.7088154942850667 0.0827688237923569 -1.0297078600401437 -1.4796355753319672 0.5721405368842295
1 -1.1416325049276768 -1.3389982624825922 -2.312576846571799 -0.2744467112416919 -0.44137191712398516 0.30202810311960837
1 -0.3200243670105325 0.050962224557935476 -1.1863791081816908 0.1386286530137269 0.8716401051624474 1.2197677517778784
1 -0.36592469334877026 -1.9181128108112584 0.6936252767666874 -0.5046404173211337 0.9037998120280973 -0.9163579659345713
1 -1.0575173363784476 -2.4684784988110087 -0.16237016457779674 0.46899797071597943 -0.013264639421824664 -2.366795235207958
1 0.01659825672160714 -0.33640482418488654 -0.46128430406170745 0.1288578567687161 1.5909077243434733 0.9569249537616606
1 -0.35687869642973247 1.2523210692675244 -3.2917022638253908 0.2024673365646402 -1.2017570348288549 3.4847460355612414
1 -1.6972979516338338 0.025189395455092422 1.410190083657647 0.44704849338072045 0.7663248747411618 -0.4808593878177219
1 1.0315076665909042 0.36269421189166984 -1.1447542103688968 -0.7256870051205667 -1.528712714200284 1.4409619818505062
1 0.6309784250666747 -0.34956853123753145 -1.5632300762227473 -1.240509140402126 1.3969010626684693 -0.9104701494669618
1 1.0923152302545216 1.1705594403206485 -0.8759158265832498 -0.40143230820037873 -0.28515645137283496 -0.994816238812151
1 1.8915088216282052 -1.9981223413058868 0.6860043698587257 -1.1979642965755484 0.23118578168860113 0.8211582823044213
1 0.7117973953263406 -0.8957859572023339 -1.851588030128664 -0.006863959263956569 0.5860622212778162 -0.716060350733774
1 1.6621837357018145 2.420995322150334 -1.845006343351025 -0.6941234987541606 -0.06285013690721912 -1.0278669785847376
1 -0.6749015773722952 -1.018250362698386 0.38323693206771436 -0.16609357908498065 -1.5720550506530173 0.39902063103128144
1 -1.5143009431457792 -0.21511564392776444 -1.3991818861961207 0.17392946557591699 -0.5159332535843629 -0.1356106957892806
1 -2.6654728811750195 -2.2556635975020396 0.22055012814933686 0.3644647147020513 -0.8441149535686495 -0.6382639142954717
1 0.07023067384065391 -0.770981372608224 -0.18524095812723101 -0.2765011566912903 0.29820319746073476 0.6265013487766121
1 -0.30283041338389016 -0.022364053620537068 -0.5942718947894127 -1.8565824473943204 0.24031090115274858 -0.6018345344246853
1 0.7921479679128709 0.8835399682479886 -2.537869139028592 2.769959969608756 -1.5669528374066644 0.08400420232447722
1 0.6629018092204829 0.3928425560875789 -1.212412459581174 0.6042629138592458 -1.3127905954854733 0.04360926327206884
1 0.791246926516913 -0.3646196894978301 0.6460071959483047 -0.018387262822126865 0.9371018644616191 -0.20814620567553838
1 -0.7736124809928776 -0.9479759715774115 -0.6504067987471145 -0.8105033608918869 -0.28366574499413943 1.0978812248016463
1 1.0592359945059213 1.811735041650196 1.2497933919078503 -0.7060954532524463 0.12199937390322746 -0.3362219723453194
1 -0.31065099454349787 -0.8309753048878336 -0.31748570883283284 1.4513823413900449 0.07784728510326958 -0.6250069739272375
1 0.1856938508157328 -0.3898764632309989 0.2378753449734042 -0.482639023629328 -0.4660278735416107 0.36750999416944874
1 -0.6791542789815992 -1.4697885349701596 0.3634305455096394 -0.14585528896568456 1.4922064682293241 -0.9078981093804591
1 1.4924089075337592 0.3315903477768828 1.0881003412375057 -0.11864057110415807 -0.7463373832459471 1.2869009016144215
1 -0.22779732671284206 0.2832053596269591 -1.341760153396463 -0.9087403430420758 1.035324489519232 0.6712649236441727
1 0.2850190686206409 -1.4196427718238178 -0.6529580943555605 -1.1302376782081425 0.04648200237552008 -0.6355380368231012
1 0.9016438376446022 -0.8709736294920247 0.5514406915774425 -0.03512151512745207 1.4342967822516195 -1.3246776514125254
1 0.8781322531073316 -0.11169057259070848 2.021418288665009 -0.7156239429683656 -0.46814928360107627 1.021127604946164
1 -0.2519536559339221 -1.7287978583593024 -0.5905928067814242 -0.4939055990204245 1.5050375356857912 0.271933204085088
1 -1.4486615273931753 0.13861877310539547 -0.9636216628074158 -0.4200507628857778 -1.4159057751292294 0.2738637040220625
1 0.29980341266687865 -1.5769527309927267 1.601997599816095 -1.050911572403685 1.0060889640048094 -1.2657134592558745
1 -0.41155670657202553 -0.8130612727948617 -1.0472713804447917 0.8890136554643492 -1.0034990084703568 -0.39990013774776556
1 -0.9004936859901773 -0.702561451992679 -1.3535249183718479 -2.224681473593463 0.37430574640519515 -0.5879598894611996
1 0.3741551150968702 0.0408612746172653 -1.255129871941238 -0.15539715221339118 0.09172376984065957 1.6260989787878788
1 0.28272675446460865 1.549871405338202 -1.118341110253279 -1.2470139857272773 1.53530768680407 0.49136570686336417
1 -0.9087926144605738 -0.4416031757935676 0.886056172671887 -0.8534015801518683 -0.10995388101580934 1.8460577697857672
1 1.777585988675813 -0.020321918219002484 0.7810450892347838 0.4299883406914672 -0.8497223595182056 -1.4733290883157564
