1 -0.36734332879633674 0.8394008881566041 -1.856428420993614 -0.20665464389079408 0.3685613654066527 -1.9648675782358986
1 0.7668682174142759 -0.18449724608229465 -0.4446529650660992 -1.0065461570103635 -1.4082044495534307 0.10301650456427416
1 -0.877482334459496 0.8089619238058041 -1.6737156176983254 -1.1423030126203142 0.16975116526098366 1.6317361910913106
1 1.013400964952767 -0.8048209468911093 0.4039866820525706 0.9006263489744006 -0.4579107133076531 -0.5823016920961019
1 1.1871642122055872 0.48898802697571975 0.7016371352183889 -0.22682321197485578 0.7701838743167967 1.3674171892418856
1 0.07354831939129729 0.725476350336646 -0.9280547568787026 -0.2816382590767672 -1.155879991386358 0.0545787759049241
1 0.7366603746531418 -0.8769049879823743 0.2035577455325063 0.9801115734045538 1.5694118761935243 0.9550148776975513
1 -1.0114508875645176 0.16925614171906506 -0.48878690766377175 -0.4212877759444756 -0.7479437680922862 1.3419512256727573
1 -0.045337447688425264 2.0800838184742303 -0.13537760392430387 -0.2800631269994866 -0.544742967164817 -1.2426355765476806
1 -1.2038197001208286 0.9696633225180148 -0.589779672613742 -0.3923842812132415 1.8069197043892422 -0.5799106975398267
1 -0.16430686571790012 0.34738172123977273 0.0444668137704074 -0.00694963667375239 -1.6107748208911556 0.9076249286025236
1 -0.15702950609581592 -0.78213679426146 -0.06753585454867848 -0.9545209753981538 0.08166667762607673 0.59663563295554
1 -1.1209402822557433 -0.010296387221493347 -0.7781614959227809 0.6023486679577887 1.1170358690994875 -1.0922466664160435
1 0.3860740092730968 1.5409400593267177 -0.7578439626595885 0.9111725664390322 -1.6444833536045507 1.307768901984327
1 -1.6821818687272656 0.05769567588004961 -0.4588696040528669 0.5090522386790339 0.24490766145731685 -0.6022115750689494
1 -0.9392537195687289 0.6352184420041245 0.4997815572782208 -0.7632791039104597 -0.2652898374240215 0.19010603500175446
1 -0.8643113038907716 -0.22999790468031295 -0.006584434433638218 -0.08032532672930379 -1.0244265804281907 -0.9291307141674856
1 -0.48869708949451307 0.24504409374238106 0.050281625810281186 0.19352087378296 0.1990641122297032 -0.1607746424263273
1 -0.0795599199514228 0.033953027842510204 0.16744043269650327 1.114684054846143 0.11204787892300526 1.2663144305469858
1 -0.01565398119542392 -0.33999772904534936 -1.8550094252350942 0.28294466827018544 -1.0984479124329904 0.08393371884671241
1 0.032528317121795984 -0.31432843662546833 1.371666523830253 0.3061090110264001 -0.24047852503623005 -1.7464361395131829
1 -1.1303507274272542 -0.296443092250654 -0.6230754282214593 -0.013262521282004593 0.8495922970059219 0.26090821378943035
1 0.5326184505887288 1.2424047647411398 -1.5100740708535825 -1.744335602308585 -1.4018226995870553 0.1273791633134585
1 -0.40912354963075065 0.7489369707291167 1.774290615087977 -0.24422922969993047 -0.28356166206990796 -0.1711081109135221
1 0.5315265214721556 -0.9301642623381562 -1.1423717518635559 0.09895784001854849 1.8862487194729758 -0.5828598740305375
1 -1.112088070414607 0.25251588634866917 0.6978241481308052 0.9088474474119447 0.9251465000541036 0.563069672854422
1 -0.013168455811861043 1.1060743540744526 0.959273783440544 -0.35812520698149547 -0.8346991094410339 -0.32430787671644656
1 -0.012439759560367525 -0.6753969105023254 -1.1813321351617772 -0.5415322846292333 0.31889183430013207 -2.4869871212636943
1 -1.2165240678880804 -0.8375421301998499 1.580978250707155 1.3712261394173335 0.5205089267147804 -0.222684114804031
1 -1.1061110840616213 -1.2413775029397789 -0.7270284191126499 0.42118176912904964 -1.993921099557958 0.13287592479448057
1 0.3023791591979283 0.4874745307307583 0.8416381403673135 1.4700315318112478 0.9019304536210314 2.33725271737292
1 2.116075530362997 -1.8207945979928108 -1.6492457890205856 -2.184815826990782 1.4252389501840412 1.9545975971528249
1 -0.27648076086262396 0.2656749967504786 0.047613030041572225 -1.641648774707768 0.12136737628344614 -0.02568754535122172
1 -0.7679695558140475 0.6976283959999527 1.4038961130161376 0.47517679489259185 -0.38305969191460193 -0.8868005918248802
1 -0.7820224604455558 0.12278263463313904 1.1719829186747566 0.34317072753662603 -0.6391130765306012 2.1214910659077937
1 0.53416717930484 0.8518663913436288 -1.608133117048685 0.1441283816644004 0.8798300110101283 0.8779269731565188
1 2.614486875575219 1.1166674647592902 0.7926046407580836 -0.5885064859379725 -0.20396073635321937 0.0835713680009204
1 -0.24632927260566623 1.036913917642652 -0.618500306349459 1.3351048683618687 -1.5239087320011138 -1.7166433028281063
1 0.1546590954485939 0.13272660406817927 0.4918985988516733 -0.494963849355658 -0.36918961575118053 0.3271273193780954
1 -1.3504995808382696 0.06099299664199957 0.7485634272805918 -0.3422319380580864 -0.6983581314003227 -0.348242709773909
1 -0.09292480555459107 1.258098138267378 -0.14536660618061062 -0.9042378396519906 -1.557246400519677 0.548364432648941
1 0.9869625798784963 1.5149718980210638 -0.028310593388667697 2.1906130318366173 1.0790161043002373 -0.7512039366311574
1 -2.5128551536494346 -0.3118497143194596 1.5019200674028383 1.227272592056162 0.27826038008239484 0.879521382862129
1 0.06796952428653326 2.238737265069268 0.08219437517331249 0.48505431030248797 0.5666177284986442 -0.890278434619994
1 -1.1732834776379104 0.0722783240310187 0.9236873677455514 -0.10045874695059703 -0.2871463824206488 -0.3288368013890399
1 0.5218899414622928 0.3537158242639214 1.3208419580255408 -0.6210820996244626 -0.04176360691977372 -0.05459600048177061
1 -0.9111910009232217 0.1514076755346446 1.1660441713807688 -0.6066328472753366 0.016336097490122627 0.8315961421802907
1 -0.2029145182271399 -0.7614623521405268 -2.830811333457063 1.5569548013265955 -0.5798761368917362 -0.9220660644837045
1 -2.372690126520635 0.18752684857648663 -0.47649880976539283 0.6903300450301669 -0.6656371698115734 0.19132085038685426
1 0.09558379424945734 0.19371858994769636 -1.1813684946853509 0.3510513057114646 0.23259368982118522 0.8432201557576899
1 -0.3629747084462847 -0.4345394299184619 0.9545622770644979 -0.1834101010220518 1.313674333281676 -0.2963355373820064
1 0.42874063696441306 0.043283308287406945 -1.6621613007567786 -0.1646628180646915 -0.05917654410209051 0.07694336071453833
1 0.8351056456810196 0.8323890376739587 -0.3849297562412843 0.88060999896009 0.9388970365183864 -1.063972925847548
1 0.003176835681046656 0.4141210850854751 0.3360634663829761 0.6603395724231865 -0.7141396256133979 1.1320147682845998
1 0.08697127662178089 0.8523515954866913 -0.18051350563806767 1.2355294805809744 -0.9395873143159308 0.6539758068585269
1 0.19589446242971628 0.20992673102085907 -0.9194164629960749 -3.660238275433422 -0.20585894496975096 0.8961617684659632
1 -1.906977301190475 -0.2628559550414549 -0.7810646976769837 -0.27021770130862893 -0.6310691868738575 0.5727012665841315
1 -0.34480692708107996 0.06672303432412073 -0.6813277548908645 0.9548725766928492 0.47739900742705993 0.5017594483167356
1 -0.5503194017854569 0.858333272611058 -1.0214100496753682 0.6337635243956579 -1.2314452238526845 -0.030377022658455235
1 -0.7864897884021765 1.2586061684818817 -0.8158863625342719 0.6947275282282999 0.7311302613887789 -0.11709348829056278
1 -1.1743595270776201 0.16014150328673946 -0.6107443590290456 -1.8364123887224895 0.5015909656466521 1.588550288371936
1 -0.16883383085906828 0.0605197139596796 0.15071213037511552 0.9699300353700565 -1.876147746091027 -0.6382379501419158
