1 0.36354423674400105 0.6727194027023247 -0.927704448318088 -0.8407175499869888 0.33516298931572897 -0.7449872649060186
1 -0.34782695831760296 0.3466059769012891 -1.1483358330806919 0.7942619806648951 1.997189521464705 0.19409275664493034
1 -1.08977206538723 1.5211598710869663 -0.5592180280631783 0.5150028535594716 -1.3980557545478562 0.07867668581732079
1 2.1801857215788423 0.1882654859300375 -0.0985087543313314 -1.4019327191130235 -1.1123938149411532 -0.22612086324839345
1 -0.5496139067719072 0.900985823281415 1.5992694079025158 1.4496634797855943 0.7326658669202335 -0.16825660893271424
1 -2.1452349306774092 -0.8185654650019012 -0.07808967988919134 -0.19412050873068423 0.6064293705135146 1.0695880469118302
1 -0.9776907945007393 0.7474578059878241 -0.1462257365512552 -1.4809719945311726 -0.8034764912986355 -1.5746839668225172
1 -0.8912251196803439 -0.3550328499526009 -0.5464275395261242 -1.4173695629061036 0.40891066597226344 0.905959561914589
1 -0.32788760889953494 -0.4485909618941769 0.7326049363161912 -0.1857656466772738 -0.7045829427096727 -0.2965489395543689
1 0.800942160317163 -0.3215041005159063 1.2355607465914333 -0.23253390698726437 -0.10270377823017521 0.6355584770855772
1 0.27291337245027425 0.9818859602848078 1.2640552490021228 -1.020418504919124 1.2860078278195801 0.16101584471766495
1 -0.11974874482762582 0.3830311140627282 -0.04811034468142749 0.2766366000896616 -0.5755982874509348 0.5057826213991663
1 -0.5213205628002751 -1.08569719948773 0.004433882753780823 -0.507841859070412 -1.1446189930236306 -1.396336767937244
1 0.6646880942314136 -0.5030384761893288 0.7403546415518804 1.193139911847015 -0.6553796342399049 -1.525305395928557
1 0.7533049128345577 -0.2462127309219305 1.3519635625768742 1.678686944104115 -3.0438192385123664 -2.3341094222548024
1 -0.4721927200225056 0.9221605188001626 0.016966273802637724 1.0921916931191338 -1.85456141563472 0.1178748285109364
1 0.3588769827476813 0.05963602543233892 0.049610193675509076 0.33679233637912825 -0.5450381242570012 0.7516201750131409
1 0.3569014808573786 -0.9368499728581731 -0.29631390611302383 0.7517616289591272 -0.8898019688723168 1.2456398423218817
1 0.6443472357259779 0.04258938776315268 0.4406967743939121 -0.43568365983180424 -1.0577157711119112 1.2786418799030081
1 1.1239455935553406 -1.4904501079794774 0.08800444276908385 0.4922980569347268 -0.44277257472199366 -2.0570367266771146
1 1.020095397619918 -0.7477391301805397 -0.38759157478157047 -0.5553806880964784 0.12161413109854881 -0.10151651935137733
1 1.325357604055054 1.2001977990553927 -0.8165957225583698 -1.0133231081584648 0.3513743320482181 0.16669084376699586
1 -0.7876778628294403 0.7037699965563396 -0.5649697566724929 0.49485142066758364 -0.3144526674487224 1.4699747573010997
1 0.03517413835742831 -3.883182841685702 -0.18261908684916237 1.0203520291783454 1.34715171823062 0.44342678594342916
1 -2.3360096057406965 -0.39512854935376135 0.0571172379285809 1.5473616347050345 -0.4243038034743587 -0.7597585321343638
1 -1.8646835131351713 -0.15945589232553598 -0.8923420382147601 -0.5691902580447215 0.7303125899288553 -0.2936360977472827
1 -2.748827891768712 -1.1872346211846576 0.003371598123998685 0.09186938293168832 -0.44552415350213953 0.8907818307610034
1 -0.29641979866317897 1.4031978406640413 -0.8759202615063383 -0.25915879223207844 -0.09951240861928418 -1.8824130379191761
1 1.879170177131607 0.2583343904449675 0.5488562894293465 -0.9679067134381706 0.3350962333895637 1.0815024669420374
1 -1.5446018985871885 0.9588545381102548 -0.2387040184402398 -1.0517334784678323 -2.847348413446138 -1.794294927113396
1 0.37194590081411616 0.7041530476031765 0.3818062148013595 -2.3224519375607793 -1.3612853443232078 -1.417457228698068
1 1.6841135782414576 0.6467232754596741 0.021696253822615585 1.3629039793826474 -0.6267116503951615 0.5650103947818317
1 4.08264636445718 -0.8775778334777161 -0.8677313732678261 0.837937933274759 0.9239354778276554 -0.14177971015812502
1 -0.5117632396173318 1.3365188123664415 -0.6861107419581489 -0.4834276715602452 0.3680309971373655 -0.5202588387022254
1 -0.3972570512512577 1.3002351663566072 0.3743334362120163 -1.1503358678567186 0.18527180474487748 0.3979115994416856
1 -1.1526573187822988 1.3435945465020052 -0.21739188400375672 0.9165761063880346 0.8851009014711128 0.15465612939611514
1 -0.32474661940088195 -1.0675786603056656 -0.684245257852498 -1.6334530038025654 0.9810358286047608 -0.36127675920686636
1 0.08341860133490113 -0.1432336004459726 0.9671591030529342 1.192879221228374 0.022721778340447484 0.8737011045312777
1 -0.8807160026589629 1.6725491083020176 -0.7606148161949418 0.40659056642784613 0.04617999403056803 0.6515713433987074
1 1.2803376141923473 -0.7356185313480873 -0.3209004698036654 -2.1217408125586332 0.9714828151660911 -0.16242186367187245
1 0.30102274071894075 -1.0694171781261852 -0.7909135051456295 0.8992526873137014 -0.10996836302232721 0.7330807010691199
1 -0.7498155767814737 -0.4290642141660112 0.4237153822915631 0.2881672700988615 0.8679464288580094 0.16087067711910377
1 0.8760538279408562 1.6399668046280882 0.6646874325840787 0.30906632079462176 -0.13972989395035806 -0.9165127429342964
1 -0.09610881319156599 0.004870677816533105 1.594230192158343 -0.3536516125226978 1.516181580303377 -0.1470280163605305
1 -1.1195565539129901 -0.5352432409143502 -1.8083006852789658 0.3189528657914779 -0.5558942874011671 0.2742881003453724
1 -0.25895397495664285 -0.10148371932749274 0.3792184660141572 -0.35313026202617864 1.8095184249326859 -1.4315998187261292
1 1.3469396583784425 1.4882326767500376 -0.7335721432183245 -0.7924205705332652 1.5280087097941448 -0.08033877201100087
1 -0.28786049610704356 -0.3442621782284593 -2.2663066534826872 -0.5901197796080654 0.15174862893009186 -0.6220044210808472
1 0.6656674653836109 0.9723737342110467 -0.700759080627021 0.9544447478520629 0.07776108884637023 0.22450930168810465
1 -0.2112277271053314 -0.49213317391493794 -0.9613900203632497 -0.15674728985219236 -0.7105281737765019 -1.2656482880118787
1 -0.7750517628651309 -0.8957097466405542 -0.220088741122265 0.6422241325661513 0.2913347005515519 0.7651582021885202
1 -0.5216433577392966 0.9245364256990045 0.708964363749387 -0.11130945929980125 -0.23143026902691877 0.4935317020844931
1 1.3339102090590436 1.405021108393558 -0.5993451245333421 0.15925806393658026 1.2214824309995922 1.0210955433258486
1 1.8907518801478764 -1.1620523792904136 1.4001373148538194 -0.5705498466346179 1.173637055001796 -0.35366039240655567
1 0.1205443043795623 0.07808900382226668 -0.9708395569289908 0.04811407958993398 -2.6274051247672805 0.6816115800862116
1 1.3927898447045433 0.25525249542098466 0.4044763982304292 0.8380826505526313 0.831506226562017 -0.4224729435972671
1 -1.9322734282439764 -0.6399950636046662 0.9491994646654535 -1.6525864901707779 -0.2583128167866693 -1.4001474552175959
1 0.7793331722706801 -0.07569312378280542 0.9516975391836575 1.2395224251320027 -0.9676020480640797 0.5603942972841122
1 1.7236730341999877 0.742955009893737 -1.1059248376545305 -0.16855214953316688 -0.7674608603031263 0.7923838206824204
1 1.273659432107194 -0.21527941832681946 0.8808005193746059 -0.5471010249675385 -0.6423649059472303 -0.9725562054317025
1 -0.8513030712594449 -2.418908896905353 -0.3069923992512038 0.34980937168048043 0.08485551441589072 0.11112785107454587
1 -1.7691642481654317 -0.01872251220085741 -0.46823519572736744 0.6500829337889504 1.033554052666981 0.33067314030922135
1 0.30416851616036283 -0.3881221750543157 -1.3230308563641586 0.5626542749482217 0.015644188062986696 -0.5782263691324464
