1 0.10300980518855207 0.3312064953551508 -0.6352817397673527 0.9669885339251532 0.31943293477902057 -1.6672632341307199
1 0.9696876496056873 -1.478208435122994 0.6496048019501351 0.9066657577002403 -0.7634323801760553 -0.06007885445737561
1 1.3629644437144737 1.0177295251034337 0.06912812749372876 -0.39186771959336514 1.681162690868937 0.05280823835667727
1 1.5357099335349258 -0.7074507557233606 1.1441067450160007 0.70820791627719 -0.17806261433774984 0.10269466156675024
1 0.11821447839852622 1.3870838979756543 0.9397886848184835 -1.1933185191044464 -0.8173933188377756 -0.792868060303067
1 0.982918687060287 1.5378495160073953 -0.79919585246742 -0.12852111036727823 -0.002559264773039432 -0.939637440854498
1 -0.2504828532865301 0.3266755198329734 -0.25934227975476704 -0.5833519036139686 -0.5921544141552634 -0.1483405449405321
1 -0.09094522524897726 -1.782753108868774 0.1406549447739204 -2.092479220784481 -0.16661469194027484 -1.3758977621670796
1 0.7101898983360396 0.32864161788061014 -1.1444793201949732 0.30253972541396973 -1.1484754823216208 -1.7298596979398668
1 0.5661880463299382 -0.17390300545495657 -0.4054981683707486 1.2308981455589407 -1.4514380821435453 -0.4952530365967894
1 -0.33887523756943694 0.3904661384730588 0.2229849967433915 -0.15631687859221133 -0.5194234587061679 -0.8284902983915365
1 0.7759004024315759 0.6273658935034173 0.6358552045748213 0.3053226467699519 0.6692487455146963 0.41925031499092846
1 2.1589586361284034 0.9067074047164291 -1.2155088779569574 -0.9408129847364322 -1.2695564280547567 0.9102220682233415
1 -1.5124726534375375 0.6496242060493491 -0.4100607413893509 -0.21589615566286946 -0.7071622975007171 0.43466104531882477
1 0.9103937024004284 1.063246612340789 -1.8450890736861532 0.9141799212197849 1.2980457678551784 0.13616026484841942
1 -1.4672371578546664 -0.8703586877368957 0.9021750136774436 1.1338524773729601 -0.5359345017884937 -0.9407926679687195
1 -1.637698488459425 -0.7808957978907917 0.3385466775338865 -1.2552653380790137 2.3850818803477702 0.5253228187997221
1 0.5664398224947629 -0.9354863889366727 0.6007710668210773 -0.5643407647418114 -1.0153665106489 -1.2291482621194216
1 -1.6666364546633976 -0.564777812062766 0.3847054924141857 0.6901609687866649 -1.8466791225988453 -0.39367697898560855
1 -1.3093653630613435 -0.08119962255257387 -0.21074270389306954 0.10538376346613498 -0.37797428587485316 -0.8441474590501008
1 0.4000707107408369 0.298710844815946 -0.8165652251418437 -0.9996750579322886 -0.8023258679389499 -0.06345987735988547
1 -0.8318115767322568 0.3603206033564292 -2.5959147639173015 1.1123285555586075 -0.26594515422247633 0.751816734061123
1 -1.579314477954427 0.10266660824826745 1.6667458172204381 -1.34728985001916 0.26173390319096673 0.8976518784462698
1 -0.15655664519694532 0.8315850086503384 -0.494649152266145 0.8266183184282406 0.5627863634290864 0.7598506850298566
1 0.27805158867703716 1.0516788907024823 -1.7593050899411182 2.959969104166441 -0.9530048407662272 -1.8124359991628711
1 0.8735611535994803 1.6454668917670283 -1.399912972812477 -0.1580071102421721 -0.671340669291867 -1.4353145674011174
1 1.667767039069117 -0.03620704997635433 0.09679497730354016 -2.6642508108288467 1.5385017086543336 -1.0015454054817048
1 1.1135890767867938 0.273988951547676 -0.8768103291973675 -0.18936141173840418 -1.5365464287457318 -1.4508405077958042
1 -0.03581586711480161 -2.115074039231951 -0.9586568127421781 0.45735437845590565 0.7225082725254004 0.48434077861356695
1 -0.7965460512627345 0.6045488770883832 -2.0144591176182685 0.969379900814242 0.9881878884116644 -0.2357682963641569
1 -0.8331860111791085 -0.29513692514387047 0.44546650784303476 -0.8357683772890736 0.9946471395906334 -0.20454107707954133
1 0.9667102764229906 -1.0987918437186666 -1.6132379418392726 -0.21769605232815753 -0.23931024857718086 -1.2043815531760784
1 -0.9724528666952279 0.9856545740568634 1.5852550741003606 0.7466092148194264 0.2128961115530554 1.9300163024117774
1 -1.1516020158751883 -0.7969684081211623 0.1334224013590355 1.6242630857340647 2.2535287155024153 -0.5593943119675286
1 -0.3905969452678499 0.5047497362176786 0.7592852876741757 -0.42783117837260637 0.17069177045928086 0.16905175648677553
1 0.6679700558751309 0.5607413571292169 0.8647262052680513 0.3435575032987892 0.5998670633318355 1.5312772616283263
1 -0.04329904812332273 0.7728772044009031 0.7446675911231742 -0.04659391590526335 0.3133183298927827 -0.20838407969165237
1 1.1893402378830356 -0.07737377638912622 -0.6399815588138582 0.9511811831346125 -0.2839802269710135 -0.5245537481011573
1 0.007683929064823318 -0.9008360861899763 0.6572327783575287 -0.8647950696119561 -0.49477924584554434 -1.2870835706683588
1 0.7606469928839525 -1.342630852378855 0.3605837955819149 0.5012373275787585 0.5703733443414896 0.665482926958621
1 -1.1128837287652271 -0.6354501833526355 -0.12173185057892093 -0.509878139454218 2.5130264626676624 1.8212866387835878
1 0.6058686548446305 -0.08151645061360945 0.47416338937711855 -0.7086038145700957 1.4538379129861525 0.9104885012654009
1 0.05094871140038774 0.49817882919549017 0.7108048511185179 1.1449360640670327 1.181480923390898 0.8243094091928016
1 0.22590420788633603 0.46957539521783526 -1.0855400959346329 -0.6330686189311496 0.9126720792252213 -1.9072703202769674
1 1.9225062994958326 0.9646641012760033 -0.905420188407049 0.5098513045299096 0.2119478699996227 -0.5553233727513706
1 0.13074240564547776 -0.4736528280905404 0.6294784093097158 -1.5753182447997323 0.6424158540495988 0.7336563525339191
1 0.1827989253170377 -0.8363496655896209 0.9324604500171595 0.03166854932338907 -0.06062059641569276 -0.5097481471372338
1 2.7337805473960075 -1.9428899680070273 -1.0751531136750396 -0.5997253830079124 -0.47039493269817756 -1.9962042424375208
1 -0.44264537327249465 -1.452345896206134 -1.017874187264469 1.0748196141174517 -0.5489456968352707 0.8178718590009214
1 1.2120742108860345 -0.5155466899632041 1.55817007015901 2.05550258317883 -0.96733136376252 2.747029963582424
1 -0.1591607685578453 -1.0590857211515838 -1.2950358740418793 1.2591267919532352 -0.8121966944894914 -0.0972743040576233
1 0.854774900683798 0.7466158445526629 1.2485452424734473 0.3135649857717554 1.1460794329493609 1.0198188565747976
1 1.1186608766453512 -0.4571479255121594 1.1253476949785588 -0.16468805577802376 -0.6859134482963285 -1.1019655856811954
1 0.20568180750753226 -0.9181001914978905 -0.22172443397401592 -0.3125919348405425 0.15002549352124528 0.5908761507710529
1 1.891587456933041 1.2998509953769748 0.4070335653141126 -1.6746322889514034 -0.8980529914019659 0.22175946460001741
1 0.16029535869873088 -0.7609249092387119 -0.21834122752410673 0.25023029348891496 -0.11074520707653286 -0.10631781262433805
1 0.2704969357631724 -0.3660095999741786 0.2562613157536888 0.1497536611707927 0.41907461484274616 -1.1331869610787675
1 -0.13013972864866405 0.4468427015439204 1.0650263843068961 0.35887185463219146 0.2104686094915193 0.7721970428760342
1 -0.7549862317745449 -1.1855879912013356 -0.7707763433871969 1.0951077302482193 0.8148795424059783 0.06688068638643278
1 -0.8291042703420772 0.9249135369788578 1.0342158437042517 0.8127435866211097 0.5553318870586392 -1.0763677238587517
1 -1.0458778190276727 -0.15311093210879406 -0.7716523337792214 0.0044833152990714 -0.3597845011629033 0.1298232217864513
1 -0.19517147289000705 -0.7728006303037874 1.0425579821297455 1.082831375773449 0.6863664547100709 1.1772207623080928
1 -1.1596693180766606 0.39650954933111493 -0.9307905409237545 0.6055272615911504 -2.2557427139351014 -1.3363034217010021
1 -0.08964983330521956 0.4779723883231805 -0.15036566460586373 0.5219362239213222 0.6444761949600532 -0.2941558695545041
1 -1.2109363188962987 -0.03906166042100607 0.3550144446826542 -1.4168743955730732 -0.9038765738044515 -0.4491554844659737
