1 1.5485413233018286 1.6053281875652619 -1.3964681962962981 0.7172352093923057 0.6441666191521845 -0.5219577812346379
1 -1.272764834042055 -0.9555613016107908 1.228684356130943 0.4400847081270554 -0.2143659501096523 0.7642274107609699
1 0.2330437081232526 -0.04924738455681458 -1.2226687164258918 0.35877956250406356 -0.5358295452970494 0.7639468260381005
1 0.8251326040758129 0.06392273845046142 -0.20392622198429053 0.5925975905190374 -1.1307103655330677 0.07550997629853377
1 0.1782195040629657 1.3942850852915505 0.7769911979397912 1.0226308349439022 -0.5826718017389859 1.3478075024358334
1 0.6475900684695349 -0.8944092784157731 1.1219608157142238 -0.6928195440952115 -1.7757473550004421 0.20536125488920087
1 0.6524215478962971 -0.3675627126883739 -1.1325128167437197 0.544823678448927 0.4016358329512036 0.9116458285346722
1 -0.4315917995650605 -1.1789570523306836 1.0828429521767675 -0.10634551357207087 0.6372324102809046 0.8244852705684088
1 0.07296729146949307 1.0405502286054729 0.549604500106894 1.1872013348444224 -1.0413697841334781 0.8117522682244978
1 0.9360338717185954 -1.7141452114018436 -1.5794322292007255 -0.11956492111772823 0.4731031514323792 0.1221740658911332
1 1.8716171326565048 1.1342349827327405 2.0458048387710064 -0.24916437675995498 -0.9877790658016508 -1.2991362126447712
1 -0.0405523788672895 -2.5269151051952266 -0.7627310372283886 0.428277761174372 1.3679672712929825 -0.7666474801453812
1 1.4160428196980217 0.8976143207850542 -1.6578156742759578 0.7634450030417046 0.8252691729203582 -1.4063654425589804
1 0.5476855454150406 0.3322429235822486 -0.359686831597539 0.6953935563841409 -0.028137573415326966 -0.850645268869482
1 -0.48015323104778906 -0.2358428532907353 0.20066289087063924 1.988979847293408 -1.9197220291046175 1.2415993843762168
1 -1.8822886625602973 0.307245668031576 -2.2518445544980366 -1.0597771866952297 1.849140024944406 -0.45415613116909326
1 1.0579179521846545 -0.8159191304536636 -1.0725982131678966 -1.0969820105316874 0.2554890582520962 1.3448594668332061
1 0.8887317461681475 -0.5546936168593092 -0.6661341762761178 -0.032473481462854954 0.7406101887959651 0.7705854826275109
1 -0.8963884736798116 0.40779559622117056 -1.1945019515038078 0.17345430336711398 -1.4793545757124302 -0.5376252907922979
1 -0.7970416364668633 1.1489267532496208 2.628396640711043 0.5825426623292493 -0.25591703644488756 -0.375231623297301
1 -0.26365887641156344 1.126930167826949 -0.6111602511874809 0.11157718208796623 0.007634195862543904 -0.18010403612087283
1 0.34969862999496676 -1.249087048038507 -0.05380809177212847 -0.8546531608258132 -0.4624671844182833 -1.2127821091466813
1 0.23175705208969116 0.6069307062194478 1.0225614712286595 0.7674503792577295 -0.4025777981986217 -0.5290540892876086
1 -1.1196617364747319 -0.13773491163713797 0.04471690963768683 0.11857169754961304 -1.1904447310054969 0.9285989508039962
1 -0.5767346771113866 0.5586374369451949 -0.029876404615911765 -0.5518298399365869 -1.2891159587210732 -0.4530350593251213
1 0.688114064182432 0.569803231318856 -1.1156130981650003 -0.8016798595849496 0.5719697706710734 -0.36218434662583465
1 0.08331157183067117 0.8300389850834359 1.3438067223889172 0.5503129388545933 -1.2031266907588527 -1.0862468451765095
1 -1.1665324098753793 1.3804944286083318 0.6275574872661681 0.4779919334442397 0.7541106757047915 -0.590047860927643
1 0.3633307233094975 0.742765425788939 -0.09892258846799995 -1.2142411409316627 2.6376230695978626 -0.49658526468567993
1 0.7839837983955193 -0.09256259456012521 0.9343684518965194 0.27050632819445136 -0.11151302818407503 -1.7958906185167838
1 0.24002312299437395 -0.9143495424500135 -0.25099336413921636 0.26100813739189044 -1.733467162996705 -0.08709188625110617
1 -0.40703933625967065 -0.9740778680722058 0.7865069319414795 0.6157309364373167 -1.3005458452984298 -0.5290467561839922
1 0.1887843128055358 0.7109484208843819 2.6799044435252686 1.6098090668978307 0.5309517934345855 1.2129133293154089
1 -0.6112454921643223 0.9096484776563781 -0.8609668587683524 1.0299153034504016 1.0418960391957772 0.510054350778755
1 1.0401751702989135 1.6128354311565467 0.39869141611401754 -0.7601057682921217 -0.33025336702240565 -1.0971234129519378
1 0.6143769181853532 -1.029186458404514 -1.7557513678862184 -1.2623083458132194 -0.5302984756224766 -0.439493130832646
1 -0.7323507348255499 -0.6736415592520749 -0.16876366407681306 -0.31160169214572103 0.8724341744629956 -1.5146984128844538
1 -1.4030602807572763 1.204222808171153 1.7335116519097302 0.16141488842894772 -1.4672639929698477 -0.27164684255559796
1 -0.5420609072173963 2.188552355053556 0.5147366031123086 -0.7788885606191307 1.6287251461246113 1.2679799603764108
1 -0.6868739629525559 3.046926854147768 -0.7737241683089253 1.023039032655823 0.0698093460286042 -0.1505598852951749
1 0.9804865943387308 -0.3449502480330507 -0.18026986396895542 -0.22713828933569571 -0.0012464939301036876 0.048052637961959
1 -0.49807416971104435 -0.5572675921791728 -1.6910142386347264 0.12992773461298177 -0.18401788140588818 -1.5112476340875292
1 -0.07703336356708486 -1.5114018261102935 -0.46247195909056693 1.4800151596911495 -0.07252133273189126 0.5384321914851516
1 1.4899435094893425 0.18134026973196302 1.0488875146611778 0.05042812225119368 0.07443845713563886 0.4712274149928751
1 0.7814743477808158 -0.4083894401971588 0.5673150588335654 -0.9616680085928964 -0.5773634515269139 0.17715895954876915
1 -1.3197820424068631 1.1149603569017839 -0.6950610021743342 0.988290120990809 0.6633972606446275 -0.6678405518356204
1 2.157431422849271 0.5195398860490251 0.26434371010102004 -0.4602047766486728 0.4027691931911247 0.39555667222534946
1 0.2333083912330668 -0.8687921040278531 -0.888044565117019 1.0210195805075746 -0.07879341903887004 -0.41096624691828476
1 0.5404082357489675 -0.9250352868931376 -0.05209808695894428 -1.32918357173563 -1.0376461904107324 -0.11588395568916866
1 0.012825132362259593 0.29208205242625745 1.972663260628906 0.17377218958249102 -0.25623896015921893 1.2525193557634922
1 -0.6113345679313875 0.058273150871813104 -0.21757700237992575 -0.43777236600350383 0.6854749134199025 1.1624773229253504
1 2.0701561593622553 -1.0509583753926568 0.1039577589430554 0.1713394684944316 -0.7448171683530118 0.6175595820000851
1 -2.8915451594502963 -3.0314471900332007 2.1415245614178438 0.2635390627935669 1.0390719560137909 0.4662765598922415
1 2.256891700661488 0.21652415114930781 1.570325674673101 -0.09540581953116313 0.7215037405981255 -0.3934739410616566
1 0.5627251131569936 0.17662683427046177 0.1759105626958808 0.8413519588981166 0.5748889643732191 -0.7442624210948712
1 -0.6460824144687954 1.0819896673889857 0.08183971082418078 -0.24939599729103315 0.33044154002080134 0.39078917774405464
1 -0.2723455296452163 1.3200029844042436 -2.4309729310206745 -0.395475880885404 1.2717349985961823 -0.03953812416317708
1 -1.288915367796652 0.8751911233920245 0.9205358269314897 0.9307651676725056 0.8087542342118531 -1.3708506206164481
1 -0.23520081230804832 -0.4978851318040494 0.2504050761745778 -0.10803397828766868 0.11152075666283207 -0.07011931803336253
1 1.05765523531746 1.1848103447186038 -1.6147776286320776 -1.6893542607108312 1.0757970211673105 -1.146733947113576
1 -0.2532106951525449 0.6398750155995312 0.48218731569424894 -1.1158867320253878 -0.40296179681620864 0.6686552560772726
1 0.029484626013040076 0.5450959442149438 -0.8485250733239793 -0.10036067949876658 -0.0022649720277845477 -0.39995968110589714
1 0.5972081918351979 -0.2968194684093586 -1.0098643337030053 -0.28014642877350004 -1.4371896310113672 0.6917785552047222
1 1.2114238536080615 0.15561474914152262 -1.0172412027068634 -0.6873791529583355 0.22678588945201675 0.6984695349341481
1 0.5016904942006053 -0.27435996348122094 -0.12929573272708153 -1.5385581041941467 -1.0743818245975467 -0.1869921221303365
1 0.8586077768105113 1.3196120213091083 0.25499838664229063 -1.3645720655922704 -0.7820157576517345 -0.04634005521244381
1 1.1036403818347826 0.5590614579923295 -1.7122205617259907 1.3140747491750067 0.1962033400628801 1.353169900570075
1 2.0129043021994946 -0.8512666687582483 -1.2778399965998146 -0.6965774148602746 -1.2959932986824305 -0.728271386259457
1 -0.40198190785983945 -1.814562390151684 0.18892679168109966 -2.0624936199237265 0.5115084934807272 0.7732660666418262
1 -0.3626044701745947 0.5385709237472274 1.0768619958526353 0.6599870975601269 1.1935306247880486 2.8040087699747547
