1 -0.9586262762075405 -0.1941753468726765 0.9321809399129886 0.4730826503983569 0.3559306618260353 0.12632421429396573
1 -0.7022491090664447 0.16686366761426555 -0.2739889295144566 -1.8317245927175971 0.9381520398979838 -0.5194509681463773
1 0.34599764515794373 -0.7457226882181439 -0.2832186225411833 -0.13054046973160688 1.0733802469312508 0.3170791675589718
1 0.36341055703252323 0.5644959542186706 0.7238827848330286 -0.4507471871039564 1.2336778264026418 1.9193727035363155
1 -3.0466621337127973 -0.662635783452956 -1.4296867598733278 -1.2645502002973008 1.5621342981164907 -1.65055685779363
1 1.318787069759919 0.01671274997782101 1.886246210042889 -1.3932427632068536 -0.8388169929271465 -0.2563396177862883
1 0.5991222792935977 2.186529569640923 0.8352593753753891 -0.5836337460127745 1.794205689394684 0.3565401251007998
1 -0.5330476190172336 -0.034673114084961855 -0.32902451510022296 -1.741425443451173 -0.3110525376350382 1.1369512574877343
1 -0.6871955292339367 0.14413220967831544 -0.4484024821327081 0.9626303686933874 -0.47726554338344146 0.05862254020786479
1 -1.4207383949325423 0.7878445343558951 -0.18467051781615781 -0.403423409311638 1.334785633480038 -0.5570085333289525
1 1.550478804201507 0.6567331740756224 -0.032381794273896446 -0.06857906786139199 0.2292921968965138 1.6466417670624773
1 -0.8094077097016116 -0.28306159762259264 0.2349989140395996 1.9289729843492056 -0.6336905437696121 1.211574012921511
1 -1.5170270875280871 0.4370555910504162 1.197449838044148 0.9112534045143327 -2.114882254409845 -0.19184769207431393
1 0.8571959214070418 0.12710660893408668 1.198172478512913 0.4042749499263348 0.6454024799652874 -0.1240933793990496
1 0.6166017141678964 -0.37141455775914856 -1.3179859847574027 -1.0024518878304727 -0.712159765239883 0.02555109868619674
1 1.4106613629808622 1.5906183187381264 0.5755761738580562 0.2135019173545339 -2.1231965285363215 -0.15204974339554614
1 1.3701108345385882 1.0580695093182524 0.1464610109278191 -1.0383541501333187 -0.14974757660720384 1.6468883826790106
1 1.246264680081507 -0.36051625716370783 0.6287955215268279 1.0598876186797765 0.4637615033743361 -0.6923092010250954
1 -0.528742644130723 0.9765407755719625 -0.7944394729512506 0.51600252615854 -0.07765784913828634 1.1057025385219361
1 0.7258228289295036 0.1028739311396266 0.4756638383984917 1.140510571654698 -1.793728929931261 -1.1729347617827224
1 0.6009841256475794 -0.8176453104896074 0.28273440827382434 -0.1247316845091566 0.1273884691017002 0.995597830998943
1 0.7004145164765834 -0.7217234888313168 1.5392681316463355 0.9506401305318319 -0.030278784357150288 -1.0470273759925846
1 -0.1678955480257316 1.7068623659401665 -2.191297610308643 0.3998680340025518 0.5735290659645824 -0.3344333478958881
1 -0.4576134442371647 1.8747659091395574 0.367751705075352 -0.9528737815889171 -0.9677395662955458 -0.20961230203234935
1 -0.707845199488574 1.1064859767766444 -0.4877737337229727 -0.013669055767687798 0.16064208807521346 -0.6753059584406894
1 1.2919676703764655 -2.070483879639101 1.4082852243774824 0.46572534109315616 -1.2219956881389336 -0.5679400276420371
1 -1.2547138641058915 0.6797550468327884 -0.08885958186682028 -0.017163561388293155 2.077692585527033 -0.8932169208371573
1 1.0909400109727547 -0.11476612205270002 -0.7635830808769274 0.6550110146096861 0.05360168416093182 0.15521862815361007
1 0.7562337823435895 -0.578490062894452 -0.40275300411065 0.4898285252975221 -0.9266397682901485 -0.6897462114802807
1 0.414295650366958 -1.3686733577391235 -1.1012472205675286 -0.4463119252190226 1.5682387881180944 -0.5537877545575328
1 -0.7254861336825047 -1.680885641128155 -0.1746056679063007 -0.2714718062058632 -2.6045327391531936 -0.06132573474797474
1 -1.2168025411862342 0.14465555489226192 -0.8316928307448739 -0.47876744383130465 -0.7427053037165071 1.4147807773830394
1 0.5060778522674518 -0.13167412779224733 -0.4867571423771458 0.3015117637634257 0.22792810868583444 -0.2573377581096087
1 -1.2888452529652228 -0.637993569005422 -1.1845067461401535 0.9781208425617449 -0.3058447701667027 0.19491591165597172
1 0.584886220577858 0.4868572236513164 -1.21928437000005 -0.525427489977662 -0.9254817055060428 0.796683022326542
1 0.6760516639791897 -1.5626846832224228 0.8305534846209377 0.18901914585227644 -0.22149911681384804 0.9523937846534807
1 -1.3063557118945344 1.0693672294882002 -0.5304053529973222 0.9382683839923125 -1.08688324870474 0.4845148257953139
1 -1.0068685793602015 1.9637090481511292 0.1828224919902604 0.02758686521744096 -2.9641808502221973 2.475663151343152
1 -0.6502630384129044 1.2343398739841744 0.28411812843166256 0.1212909509463625 -1.4213751761315636 -0.20360070257795715
1 0.8846536741248385 0.31755533292787375 -0.2876252694391361 -0.706638787896915 0.6720979193810201 0.5127494666554854
1 0.28723843257407644 1.2036579908500689 -1.8089449150971586 0.5213429576712956 -1.293310910372533 -0.3951532393461255
1 -0.38672200344167257 -0.44636787274988116 1.556715925847614 -0.5337936472890384 0.26034601466366936 0.9701961421811008
1 -1.2364119986679178 -0.43710181615741817 -0.5541277385299671 -0.7831147561131752 0.8667472244511298 1.0343159822596812
1 -0.1704280174686457 0.6551069072934053 0.7902326009416801 -2.7762662268394007 0.41048881744486704 -1.6887091171908137
1 -0.12948149644502327 -0.17886400306478867 0.07919822297133397 1.2534298810236755 1.337462209840018 0.2701945497545856
1 -0.428620754810025 0.3892271504637839 -0.4274129869649039 -0.3849660427512838 -0.06868714499602722 0.11061736837609852
1 -0.8881864542805216 -0.8591672177601537 0.21426759874479173 -0.3091782172318234 1.324411837058433 -1.5575964623019047
1 -0.48718530126068743 1.6268318322674773 -1.4600956635600952 1.4251904438656915 -1.249512495541506 -1.088790140626517
1 -1.3433255668219561 0.9808735686265033 0.07700158462286223 0.8290248950326801 -0.9625864968917037 -0.0007116161824273802
1 0.1692098557129147 -0.6982813969011058 0.1182203055245026 1.150410677044413 0.09817807736636819 -0.9278132343700427
1 0.806585357958011 1.7998441124942721 0.8358900687956713 0.08316814431772288 -0.5867337752729912 -1.029025340902667
1 1.2833449913250228 -2.4315636808791945 0.4944158843439567 0.707855173854065 -0.5509962154808071 -0.3691006942702119
1 0.19944348613226182 0.3480373248500617 0.37617614539965777 1.2527009702672918 1.6369046657852242 0.5970887975438194
1 -0.5817415483859762 -0.3774425775859057 0.7361038507706312 -1.1614158457508337 1.0925219841326999 -1.1633200104873642
1 2.2377323930803654 -1.0769839182633818 -1.1075620308051457 -0.47455718161731547 1.4684252644272653 0.8270844835091307
1 0.07284946443683879 0.5783933535982055 0.7085403012997052 -0.6468721621427004 -0.6819007462488618 -0.4762028469571232
1 -0.5996938440467079 -0.5428397250306941 -0.7913452343219166 -2.0859626780033342 1.4456863309192023 2.0676267865404196
1 -0.325973562605691 -0.9103254692352195 0.4163476696499361 1.4950574457327948 0.4601125808751502 -0.6752403944578015
1 -1.1883053520889193 -0.5207069467922893 -1.0218473759578646 0.40385591389622366 1.093250794090339 1.0469956199943151
1 0.37692063141843696 -0.25101142271300325 1.1569299273524674 0.2327335426124875 0.980548124052743 0.8619939891629518
1 2.0478056749714995 -0.26190497598316514 1.2180744596360997 -1.025436155781638 0.2858157179340069 -0.7258945658061893
1 0.6097079355908281 0.9062427607886341 -1.1092276556070888 1.5909329738068938 0.8834239777695153 2.3247450537395222
1 -0.671891281619321 -0.10377986885244808 -0.5170624552370962 0.6165718952099136 -0.8840302437022988 -0.7062571474666742
1 0.00046466740350155215 0.9471047002632916 0.5575505839002317 -0.9388547218552677 -1.5860346887776349 -1.4629983327232203
1 -0.022324236853994706 -1.2650265764384414 0.42702354666319287 0.681838639445952 -0.22516957879911115 -0.2525673001236504
1 0.307907730650577 -0.20141044342401465 -0.04938375916114304 -0.32901434748479413 2.1522823586327595 -2.456927561496709
1 0.6175154334804654 1.2559748884719175 -0.360426487592722 -0.7703545274194088 0.5766374139353279 0.1220946689053449
1 0.4714081381986611 -1.8192860185165998 0.6000957649335315 -0.22052278825841792 0.9066229948330772 0.6082721640412458
1 0.8184967111598539 0.03458773986823802 1.1686892760767122 -0.5649043183415844 -0.11406375423679813 0.2726747122196466
1 -1.3686125305612602 0.8413036558007992 0.23074618056025392 0.50705850124332 1.160392931737265 -1.5952216173201876
1 0.46168121076759944 -0.996721183751126 1.1594698617810282 -0.37070415602504264 0.8116387541399273 1.1536588681274311
