1 1.2318006976807478 1.0038547812451981 0.17840302958120616 1.1216128188740886 0.6140593697755136 -0.3524077002042124
1 -3.1759224311754797 0.7657580944402314 -1.0519834706361604 -0.6065636127853592 0.5456761833812234 0.024568802157002596
1 -0.2700569593524104 -0.1199057096394316 -0.7792125957969219 0.31034969716167027 1.5924757892087216 -0.1714580427541852
1 -0.6870265900358039 -0.01366349971812243 0.7037333559784292 1.8543745077059504 0.626553122037894 -0.29972414025181193
1 0.10188036108975966 0.7203953784714127 -0.03814875788566023 -0.40964284091074393 -1.246366233287972 0.21551259647612742
1 2.0919022828444005 -1.4426344496068733 -2.0372869097559456 0.1993352017298696 1.2051172240168624 1.0729486953676044
1 0.08568684627741895 1.091041352363186 -0.13862617202416905 -1.1127523759667735 0.5871419486780822 -0.3703213923480744
1 1.5490985070971062 -0.032183314189020464 0.4306317144781748 0.5024761340023468 0.4821179991564569 0.20027707325110172
1 0.01244578702091449 1.5906097746163832 1.508101415975629 -0.23246331236206422 0.701051085737211 0.32212742791380805
1 1.6657962346816253 -1.2520901081873654 0.5481227019133367 1.0630693580977806 0.6875614496792289 -0.38852327191551606
1 -0.7304472125477561 0.46450913588543474 1.1498863006614644 2.2123630296323635 0.505695039448706 -0.8018502885129922
1 -1.2667131993685665 -1.2769503254159287 1.6317598624860992 -1.0827287500721174 0.5370319623768579 -0.35253777064458236
1 0.33813258855266276 -1.1747438492323468 -0.42792601597556296 -0.2813219207898666 -1.3960334320822596 1.6562806602272413
1 -0.4475095473914062 0.5566754113262457 -1.3616203496311494 -1.662519142176026 -0.5342317010708074 0.9065798902668412
1 -1.238258078862582 -0.37601063553219716 -0.6126606848057716 1.61882289066737 -1.1687752989973044 0.9133255387037024
1 0.8179583734656259 0.4246546473984507 2.3973479101589743 0.22680056623368597 -0.3209019846597091 0.10650517018953215
1 0.6430712762975005 1.2367947217990563 0.3261575521894388 -0.3748629197460082 -0.20511687180894617 -0.37982385141651925
1 -0.6340433944513767 0.7471435943048957 -0.17758800519916043 -0.7787829610494736 -0.826936422668643 -0.08537482230354913
1 0.24725832251902596 0.623874899092364 -1.2096055179792597 0.415663402693622 -0.32216189043736304 -0.8129010176657255
1 -0.5477215200398711 -0.3886307309294569 -0.4726355686479062 0.6439093865158517 1.1929779704810821 -0.7650621853879465
1 -1.2231359044989905 2.2864604861045676 -1.7532335157747672 -1.157876743507164 -0.6682769812365951 -0.3066083915072151
1 0.4589651571922561 -0.14206880821672052 -1.3865518109394201 0.4388025377815948 0.8330671467681342 -0.8621242518663517
1 1.4132037135638709 0.0929691849959914 -0.6211161718939378 0.7749708257104572 -0.1918971625493333 -0.10094737757641076
1 0.2514544840566027 0.44145952900326946 -0.75504643624077 1.0775124061272567 1.000892889242646 0.6719045188461882
1 0.139180654526089 0.8159970536367694 1.1500656729961618 -0.01262259755247447 1.6396739373783829 0.13115174119308612
1 0.05319541421559397 -0.1906489394071906 -1.1003240101651954 -0.47704555191731574 -0.7921088056990248 1.5334794233197018
1 -0.1639901496899401 1.109849459380693 -0.38120935861414973 0.07964876503826353 -1.7287763741207651 -0.011024516765988574
1 0.9614876466261231 -0.8374123829298878 0.8509275920891938 1.331062917099797 1.0887077528227516 -0.6902379321611827
1 -0.09332724966258732 1.3490919508807346 -0.35892220360188304 -0.5886085559616051 -0.16457996024584462 0.3614458922413973
1 0.8331317342163764 -1.5564910052223455 -1.0734702263122615 -1.5260465508306007 -0.2946921587849408 -0.8111738844926356
1 -1.4809930238659705 -0.039667102539237935 0.6265329871931156 -0.7254562158478115 -1.4607235634358993 0.6934381563262284
1 -0.6566632174823975 -1.9724796562851192 0.6317747646815168 -0.2660581661306174 0.40123183020925285 0.11316355835000502
1 -1.2392522803432044 1.3037684392039466 0.05692653027396514 0.023867914520080226 0.6204341227508008 -0.14037174369773597
1 -2.083578599028548 -0.6725009558990515 -0.5592977165441986 -0.6748781584391705 -0.2017959313116804 -0.1462925825483817
1 -1.7297173932260312 0.9458225925704575 0.875543457907106 0.9528452001726349 0.6431100800477763 0.28980009012379626
1 0.08727016075382944 0.47553254182283594 -0.8420474540978602 -1.0604110971470841 1.395619356750887 -0.5209972478298983
1 0.7675999990757124 -0.9863031371018397 -1.9434455283760466 -0.40738867255515193 0.16907698176939878 -0.4704870637474709
1 -1.392894867105836 -0.8456108996792795 -0.9223946941060922 2.2528624255216703 -0.11281113934524038 0.4886132679799542
1 -0.7575636365883274 0.8528358126095515 1.69978011875139 -0.17181631655986201 0.42090197611515856 -0.8037722810894431
1 0.8592643377692584 1.8570940392853417 -0.06396050613036852 -1.1504235099164608 -2.029966619578303 -1.0999914911248934
1 -0.6701330025562807 0.7703174995408756 -0.5314981640715676 0.9582987397631615 -1.1564734556920955 -0.7593423558537441
1 0.5403731079684002 0.850230396516473 1.6085856098922946 0.34428607464788247 -0.416333060523325 -0.29509939406274077
1 0.040947608343965075 0.7252348870650808 0.3758176928661417 -0.861521852042015 -0.3666003874258208 0.16503596865838585
1 -1.9280654513471152 0.08868144169515368 -1.1726400521319227 0.0873215961639683 -0.8872769931488069 -0.36629568791213796
1 -0.4660210866676457 2.2349733829872545 2.3664029407520957 0.8366177118455718 -0.08094578242474533 -0.8348564428403368
1 0.8265540529444931 0.3365417938048486 0.9031014470495021 -0.17760831824151332 0.41062387090573665 -1.1833174076200221
1 -0.07982543061679917 1.5114625675632114 -0.7294812910814461 -0.06302461544515865 -0.41930572213005846 0.24068666181636766
1 -0.41333120562965103 -0.08917966023173707 -0.6181383860428361 -1.0895474448910896 0.7708526772475502 1.0411240888901514
1 -0.43889425698140133 -1.4493362097956928 0.8507992292900741 -0.6921826307042237 -1.037514187344023 0.20894857493089167
1 1.220810632254237 0.9235515223250053 0.09621248626986563 -1.0034290416557146 0.27057556891481993 1.127908112267863
1 0.7711588797437878 -0.6812506837421097 -0.4906772280853881 0.47221689010516654 -0.17778319869001752 0.007824767084280043
1 -1.1952373840302561 -1.2513275033455442 -0.800111833234728 1.1006213894733714 -0.3563431250834996 0.34047779796203714
1 -0.684242011952426 1.707098400240326 -0.6994549120868205 -1.3505372581145059 -0.19315641594161478 1.1354164760597816
1 -1.4467811680985974 1.0366020286107263 -3.0569383196395092 -0.26496739493099675 -0.13784886643595615 1.2593039233621368
1 1.538985094302719 0.7837534294237525 -1.630797508750578 0.7175639227942718 0.4101866174083894 1.5719551974021253
1 0.08366525218328619 0.5487249370926559 0.7936123577033881 -0.8295657066866883 0.49051097746665323 -0.36390258880869736
1 -1.1612576650898156 0.292422491208917 0.33698368227994463 -0.256130252974322 0.31489305188379463 -0.014084418334612152
1 -0.4082118617710426 -1.3178679733200342 -0.8817867789545201 0.3702350565687552 1.0265539555905914 0.2544096603157776
1 -0.022284761895604445 0.1939734592910289 0.5749144756715587 1.2099819036021722 -0.02801174486250473 -1.0732207204351008
1 1.3954660033524646 0.8936751903411397 0.01401300086340143 -1.049073888140459 -1.3944892869516599 0.2675417502063409
1 -0.35644620080627365 0.26791021875546844 0.5165686316342455 0.24588563110482173 -0.23060824512965247 -0.00572015371043887
1 2.700494045314965 -0.3162445773667849 0.44142657691495824 0.9448210547203553 0.6497561968338773 2.190560392269129
1 0.40223487323429985 -0.5009730861263796 -1.5055752112348095 1.1313427569612227 -0.5981292262705479 -1.0936431116344216
1 0.5407030015719827 -0.5234684826302527 0.21928281185047255 0.22255987750651773 -0.9242715770688128 -0.9425133390251612
1 -0.6921760238270335 -1.5301630323503475 0.46341222861627984 -0.14761300837953506 -1.2161786233361567 -2.231383622914035
1 -2.1308251307302823 0.6664579920484475 0.7721167230079311 0.8613763292909106 0.9972865466714651 -0.5484746806037689
1 0.759265511092713 0.01560420845262691 0.3407492360310887 -0.12424578928885105 1.133826990843413 1.1137541125997337
1 0.6770898990036152 0.07819266511171467 -1.589222198205948 -0.38740254740885294 2.0071313843280163 0.7187004884354995
1 0.6926811970655766 -0.2605774047259371 -0.6668687678885351 -1.0453828089535357 -1.8947122723034509 -2.138727274034488
1 0.7644253039487698 -1.1229894999900425 1.7053253452387591 2.195701049184378 -0.5505772957252976 -1.0543562254498418
1 -0.07349580983819688 -2.047735596039553 -1.3686822720865168 -1.5074514305363724 -0.9590889141638289 1.546408097437188
1 -1.1320520040446451 0.8899680600058156 -0.9580047242622196 1.0678348503023896 -0.7826341708680994 -1.268244413846005
1 -0.24833941195951414 0.17100855860266043 0.2893615262155332 -0.2731840765336463 -0.6347086766496307 0.3359968142403328
1 1.3629410861008688 -0.49557561077302786 -0.10281764190757602 1.798565443395264 0.26025857733304775 -0.8750858117130026
