1 -0.17404441944233814 -0.8092436137157415 -0.15231487086530623 1.0347646596349869 -2.2206740764370023 1.2772780911632848
1 2.1224228306239006 0.8523077637769714 -1.7031268006222289 0.7175015723162124 -0.5714681426385719 2.4944598835479925
1 0.9859398921173327 0.13643351611152618 0.2589721367450147 1.277935802218954 0.1947358351319575 0.7849190063572739
1 0.6435161965916326 0.452859384649059 0.8460653063789801 -0.6701480642953419 0.022745188983634427 -0.3083997695852677
1 0.9617874940578913 -1.1955178699363604 -0.358609030953805 -0.1517142936810906 0.30851137253483507 0.010357895922208414
1 0.03300599982049039 -0.9228559437341327 -0.8865008495714073 0.3372227589760095 -0.36188033241335593 -0.2959813818783303
1 0.4814065574940208 -1.2212186757543435 -1.8844339635722223 -0.5945343645824275 -0.49898549202092396 0.18119691534839785
1 -0.6038023455456444 -1.6783761022779444 1.5062335060107692 -1.333344149374044 -0.4271638143297731 1.993987596295687
1 0.2777414930798861 0.10059186940028259 -1.0976686250358234 -0.0047314958235397135 -1.565019796590955 -0.37908777117079173
1 0.5191169871734477 -2.8288709352790433 1.9210127391510172 0.1344835662147414 -0.08070534377499995 -1.1535365208386352
1 -1.660647918760067 0.30811927924460086 -0.5122208517292174 1.5631129075207026 2.0219511342268435 0.1203005019797143
1 -0.40494265777469 0.36471155506369485 1.5045922865274515 0.3682761531631139 -0.5547255602165533 -0.119371596913544
1 0.8032062815551252 -0.02270487104507403 0.5010264771553863 -0.5812851338931018 -1.0723348935733281 0.22084139029614192
1 -1.0459114818677406 0.08787508602145522 -3.2926764213898743 -0.547552354198285 -1.6481029741427988 0.8710550314420137
1 -1.6847553869308702 -1.1043667786201916 0.0002671828384176258 -0.9252379401321424 -0.47281293354226067 0.3569426509520104
1 0.3866991849720686 0.5615679305948454 1.240647669006345 0.5611815806374642 0.29955905967084867 -1.026700196110751
1 -2.105818701499169 1.267091506630333 1.2143236301423919 0.5033657906728588 0.35956965166153754 -0.8326519930403791
1 1.1178866123336502 0.5612593953469786 2.3746986329568025 -0.7829224320212189 -0.8924002983847007 0.6077672769656325
1 -0.5588535576801782 0.6772888824119072 -0.15132407089833305 2.4260737487383373 0.12302355345966139 0.24855155873348286
1 2.2801711638931694 0.14342472362888606 -1.2688852528958818 -0.6055198800044397 0.6268032957955553 -1.7600957208754733
1 -0.5041083579425323 -1.0507277018074765 0.6815111909285696 -0.21627185783976122 -1.633032689926269 -0.3363778059023102
1 1.165106382286747 -0.5229651884354709 1.5121098403873288 -1.146182339784403 -0.6016550716122243 -1.4966410978561808
1 -0.04883740429445027 1.4681588216483032 1.459201060165709 0.1759302425931349 -0.8104952328095796 1.2309553463425318
1 0.5982510708082277 -0.6419064390429668 0.8845593644709386 -0.8031297030858165 -1.1942113684554094 -1.5443403641383278
1 -0.8062945738316962 0.3088673658049977 -0.19084760752124225 0.08446606323553829 0.7207163143185167 -0.2057368991603084
1 0.9030650012211713 -1.242335560626538 0.8560425018550439 -1.1523560944914053 -0.4721822636999294 1.3133143261519262
1 1.4956607615057382 -0.18170596718098164 -0.27498111763044103 1.8762214741492842 -1.2787724849978963 -1.508093743493099
1 -2.113744098690691 -0.27258337261998794 0.5258575245208055 0.843834143030759 -0.49075757548725846 0.4094559282253226
1 0.1624813504116107 -0.9867066765774236 0.31472157770684145 1.526683103311714 -1.51477213136829 -0.2707120547819997
1 1.5845511590461354 0.5138787792780701 0.13632589371108894 1.1057619110786012 -1.7753676536028626 -1.029996183689642
1 -0.011535638109061651 -0.4733881096519028 0.9417151217941597 0.009146672561204017 0.2429962880145325 -2.288404958190486
1 -0.3378082218134433 0.1098555273806296 1.3321512684628913 -0.8704767230257051 0.6260463678688272 0.8775257585043958
1 0.21320430832886358 0.18834516916056004 0.028880935956425394 -1.740395341373929 1.94245053303398 -1.3727726873433075
1 -0.7595336181830176 -0.8481575897687997 -0.3000529996783869 -0.9680158464858856 -1.240524165220712 -1.143501582098961
1 0.23021532564352334 1.6232818633787613 0.13641234393151583 1.9950121112985388 0.10149663810153874 -0.23733758224817392
1 -1.229726222611728 0.20134566079033642 -0.3860946443086133 0.733551964428021 0.6236597443333606 -0.05660873659086514
1 1.0707032813375583 0.25582815021860983 -0.7799155854494538 -0.14815878185431855 1.435527827695945 -0.10916086579115568
1 -0.46577337297815874 2.275660145586762 -0.9715369976755791 -0.7394299940341519 0.3089438205728875 -0.38578604325229343
1 1.2429466495760058 0.4876423669880154 -0.27609097208643885 0.2794677360736635 -0.9950430323137888 0.8622258269716329
1 1.1157580053524159 0.516791976095642 0.784012579242716 0.3927920275994078 -1.00432340805933 -1.1963448555992873
1 0.7198847765653755 0.8984439813833922 -0.9352129872121934 -1.231142538834706 0.48921706028332856 0.2842182874661399
1 0.5087464985067556 -0.8085543418203706 0.5128207700887548 0.18160064985689464 1.357877110631837 -0.9793176124312146
1 -0.8090101762156846 -0.66828857010544 -1.509371115300317 -0.40464161443260777 -1.5649744026793153 -0.21846038751494237
1 -0.505856383835968 -1.3055639465865743 0.498678166129172 0.7271330176974676 0.40169082941726325 -0.8644965342358514
1 0.23395572714282253 -0.3499473216404196 1.1400335142951419 -1.2693337221309562 0.024381196424725058 0.5196334341987472
1 0.2566829565837563 2.057165682223331 0.9972356166679498 0.6251778215831733 0.29919587414105125 0.5626186389559211
1 -1.4944185449517446 -1.5186216920199258 -0.16473856766651887 0.2690225337299193 -0.8837492767234479 -0.947766240499503
1 0.8337768591970115 1.3139553989869504 -0.46146815858374696 0.8147754763046715 1.344124691552586 -0.9657769197990562
1 -0.818849519870595 0.6782967814119387 -0.8304509544721801 0.3869619460241556 1.3753890020118733 0.3009541105628193
1 -1.1687157316441001 0.07457377482344536 -2.376494354119166 -0.9054386241789035 -0.5578945213483865 1.04886489494145
1 1.5977496119221477 0.7648333021421615 0.4148157696508587 -1.7563058326635455 -1.3379982822157446 -0.8469653699526009
1 0.3219301314810466 -1.556628046335938 0.20666634649384763 -0.10998347283422195 1.6301716765501886 -0.25947350608972
1 0.4037910398063017 0.9021097135377563 -1.3141433843640211 -0.12076641804107606 1.0206481782572883 0.1209017331163391
1 -0.4906730217551483 -1.6929493427214546 0.45941068599310686 0.9749099963895302 -1.1733040960361767 1.2554410901557418
1 1.385284050192649 -0.5615154187382201 -0.4732866451751886 -0.2736411940787029 1.1434399694358257 -1.161718721917023
1 -0.43095841849052113 -1.3997085727803118 -0.24776561752842902 0.3368994928775705 0.7326597741795049 -0.37570821483190847
1 -0.13326728120679782 0.07806531211393285 -2.251053473686114 1.0900030116540391 1.428076555627817 0.3391588303214729
1 -1.1586571075532772 1.690436249518193 0.7385700454038878 2.2697190068978528 0.37414578113265134 0.1978317360540173
1 -1.4925254067645561 0.019526893927780235 0.5178304459234925 0.222310506587916 0.5273403697969528 -0.08899915865538081
1 1.0578788694790766 -0.9317752774563361 -0.40947646967982493 0.5490274305592999 -0.2404900050597578 1.1131416346558747
1 0.50078270180583 -0.8854599022283215 0.24070340555866757 -0.33021475260764743 -1.4241017657129575 -2.780344752465204
1 0.8171007435809399 1.3600327031607653 0.4863196949012414 -0.4162877453098941 -0.5479197546800239 0.5610080458091922
1 -1.3557507171910494 -0.575940567905299 0.8870483051032936 -0.28123612374342677 -0.3827822121178231 -0.43458272473976495
1 -1.08729637537868 -0.8096841511253332 1.2338905443543153 0.8661071991269985 -0.42332513781463865 -0.4573806367603353
1 -0.6511104077368278 -0.5965687697339742 -0.5769344536083918 0.550117056671221 -0.55538996321724 0.7676801786019569
1 1.3305632660434001 -0.5127457141768987 0.8531934354210559 -0.35013089260879976 0.30496807045598623 0.587941324870135
1 0.9943494822419662 1.7472571798014602 -0.4953127792218589 -0.9603954889823832 -0.6485999873906094 0.1290874313066587
1 -0.593832181197628 -1.21199347807368 -0.5885599929907136 -0.8056661028227057 -1.3384243245497378 -0.6528427591071044
1 0.43678275860367743 -0.7756779227064847 0.29744489722153133 -0.44355940859602805 -0.4536153265006315 -2.102627281617082
1 -0.9463221643308272 -1.218627714193239 1.1016902981198045 -0.47902789089710557 -1.6876205539527411 1.0993268523536759
1 0.7990483051190139 0.1649934266108591 -0.5763425719572159 -1.3984049213384302 0.5882825410575149 -1.2334023207100748
1 -0.19923536870137334 1.2314202286444669 2.6986775262930855 0.9281627076535492 -1.1528869214136137 0.9735880679226193
1 -0.1788405702210656 0.1867195209086762 0.44203708254888247 0.6233066320658996 0.03771270674443369 1.188964430087945
1 0.9521727850258543 1.060745180908876 1.0199336316655816 0.44236783016625925 -0.7135232721206465 0.36617264391637167
1 1.0160522854801042 -0.6986789381089117 0.8515494101433746 -0.9750589880398357 0.7402079139849855 1.019025823693709
1 1.1503163436455244 0.09589887227948356 -0.0983427790968487 0.5451172780275673 0.35928172503236 -0.09970263941278083
1 -2.1594333531003307 1.8249756051252153 -1.02222022196445 0.30522393757581845 -1.086223435902357 0.9250711136518527
1 -1.0526122543812937 0.536957123847432 0.4304471100958251 0.282965767091445 0.5610424245863154 -0.38692942998298774
