1 -1.1963502305501876 1.3609594906173075 0.4064990055048955 1.4240574442147833 -1.255402838745751 -0.975429973584972
1 -0.7157122876391073 -0.992641245249221 0.12916718502470828 0.9631341932256262 1.262456015285239 -0.21861436347672783
1 1.347222344003923 1.682520781648841 0.6403753938398535 0.23100856312686222 1.9466983864917458 -0.6493295273569424
1 -1.311139763414471 0.8226957346135 0.9546744854402713 -0.20049179733023267 1.7594420731196176 0.32149572202710136
1 -1.4900649190139483 -0.3699920363965357 -0.767370834760562 -0.15625160121071263 0.7091841606043642 -0.03304069045858603
1 0.8168367624614826 -0.14202977980951162 -0.37882392221449995 1.2482902168874068 -0.8143823448905262 1.293621162145293
1 -0.4475201858492504 0.3830459015933556 -0.26205152891798106 -1.4214430710305006 0.1710648344443053 0.07266232336483175
1 -0.023895817375214116 -0.33967993618212533 0.6476039155335969 0.10051967346970173 0.9959848833883713 1.9197200673848371
1 -0.8072699716885672 -0.40655237934946314 1.4414506379933236 0.5844364859409446 0.8354051222256471 -0.29490152472040515
1 0.4474403345654246 0.4071360694763272 1.3827533582232032 -1.6555641081482773 1.0355947207043594 1.8536559493122282
1 -0.29197424509422726 -0.8098393083036705 -1.3238468740896736 0.97458190673155 0.6068528213366879 0.5050632396700144
1 1.094294194995608 0.13041897831989294 2.3893080206247173 -1.196762221937194 0.5107847259563233 -0.25006835332343585
1 -0.7489372770668221 -0.4657577685241276 -0.2764791299880215 -0.7073870393259638 -1.6589040977998384 1.4759097372737868
1 -0.5690774908133441 -0.5626288290522191 0.3518190138814412 -0.3947990205005436 -0.4916844392624534 -0.6993979639126523
1 -0.7088464469449386 0.17351869138382267 -0.737077394521765 0.6718614683896288 -0.3589299625801502 0.149548352672464
1 0.19780956429258828 0.9626285681018276 0.3730565121048941 0.06932181520439765 -0.30801381432166636 0.1536829912655971
1 0.019959147070832774 0.9357600493018372 -0.5649937004669043 -1.1436720525272832 -1.9817068133026312 -1.4947706957366047
1 -0.7844105496225112 -0.2163028846473633 1.118002000242977 -0.8503874414606034 -1.1089557118660542 -0.3795617510519596
1 0.3804444710615711 0.26797259566862514 -2.1512687914056445 -0.6990962764947412 1.262470955870006 1.3742725039436634
1 -0.45572902236621576 -0.1273984287954115 -1.0769306743655715 -0.7069892564392414 0.23294929196620062 -0.019015633203461127
1 -0.1281738938414489 0.14424388999361468 0.9009750891611703 0.7345245258257075 -0.11202357611997071 -0.2503011695772308
1 0.19452632530916966 0.5069551662686411 2.3963743699004105 -1.4293144332027652 1.1305215447709167 -0.8873251842270525
1 0.20803278796835797 1.1879000796300265 -0.15342068841750983 -0.9773613775017763 0.5126075291302322 0.8667984059174101
1 -0.5045950994036142 -0.20219231589647502 1.6072637781153016 -0.8406639779240974 -1.0941853816757903 -1.6411315424135713
1 0.5101714526209531 0.9871800758391778 -0.5151628855027613 -0.7030879154053299 1.0406685785313126 0.39080486409244064
1 -1.1300731734640048 0.9465336986977226 0.30945550357389584 0.531949841667539 0.46687841503140715 -0.3015827470477194
1 0.41074414431708955 -1.111625067102655 0.2581709904953249 -1.3488749223579108 -0.9877803780893393 -1.4371971466100877
1 0.1282053767416536 -0.8129416358164443 0.117573529965908 -1.1643459325183518 0.04056697279982954 -1.143645805511816
1 -0.0891614533934509 -1.0182522064569575 0.2829069325336837 0.15110297452676974 0.32986326445661823 0.49322454148209505
1 -1.6252018179940064 -0.17197417852838293 -0.27675434077042194 0.5010191329250685 -0.42575862308228224 0.04679780513861188
1 0.8755237414892302 -0.5999467056687384 1.161807258626525 -0.34407918000995236 -1.7097842661561202 -0.8285612586037379
1 -1.90939020867502 2.537256915530984 0.5471523060407312 -0.5395558881989172 1.9284332906409403 -0.753498523937314
1 1.2413367640092206 0.02250388558848206 -1.6909337966727533 -1.222448322915527 0.17091981815722201 -0.4931251193327188
1 0.8158783527337476 0.4160957328344495 -0.41967171614773563 0.9768340293949364 0.7300113195847009 0.45797085281060124
1 -0.3374183479482827 -1.3236663515438738 -1.4971778426039148 0.0343401679407822 -1.3366397851839142 -0.24679350389682325
1 -0.5103150963829218 2.863792691176871 0.8295559901566955 0.7086681559322342 -0.1757232710759343 -0.8953488845189093
1 -1.6840252441298977 0.5187210186251378 -0.3518300558483103 -0.9200040404434081 0.21233879527443209 -0.710476541514892
1 0.8211643955442458 -0.20959826044034421 0.3540653395985426 0.7973150519546759 0.3472527579375552 0.01021318433768138
1 0.47726173615624545 -1.1547882134490384 1.1167961983654533 -0.8295705217283323 -0.8182996545062237 1.817659477991604
1 -0.10675058455723381 -0.7340777907498396 0.7006560514690102 -0.24848347240431273 1.114051242117937 0.4751228695091734
1 -0.12588423440171656 0.24373343824040558 1.265007707923042 2.7861066345859986 1.696750588518406 0.275953539673142
1 -0.8477531482674002 1.069184964328113 -0.422200259207611 0.5638654868094721 0.2710277497622141 -0.46553599962098813
1 1.1181886448402718 -0.967785309012688 -1.8683207512960724 0.10970157195039924 0.7547757479801286 1.580392491551507
1 0.08143334199522283 -0.23374495849149685 0.6875328252619247 1.4887186400069436 0.6615747122384993 -1.1113522707217895
1 0.43914176189688336 1.3156865349374396 -0.6797818663983662 -0.2080810612836813 -0.9987965955149751 0.09741433200707453
1 2.483079986457866 1.5641646346670839 -0.10075998968483801 -0.6517805480235904 -1.3818272944000982 0.7416343881224625
1 1.4589352752975717 -1.6799865500400368 -0.5685931122778515 -0.049429616367154795 -1.554433550823989 0.7320047204788908
1 0.8334936352660791 0.24337705716490857 0.5815228625932495 -1.1742244670526767 -1.3476480277340463 -0.5208009527570993
1 -1.372930878464737 0.3300602443566672 -1.1825938452628662 1.3984164748539625 -0.4962253279080332 1.534105446951767
1 -0.09906103346969361 0.48140213743032323 -0.1206799358107876 -0.004212643761535644 0.9106488756584055 -0.04966397013909187
1 -1.2901950873968302 0.5144512555280629 -1.0307439980070596 2.908353496340705 0.19805619244610123 0.501148396060556
1 -1.774365450352075 -0.6806479808092322 -0.45980035551236115 -0.7816690500001953 -0.7190356618868161 -0.03837879383348851
1 -0.18041524385761568 0.7508281453861598 -0.4258975570191416 -1.0241484641335472 0.6959010900455511 0.04379861865277726
1 -0.20655472523693716 -0.9032951857842496 -1.0208628279784169 0.9822933384503735 -0.1444078935042828 -1.0600184271087616
1 1.4571171137111412 1.0747022353613838 0.06950305518315908 -0.7881376459233613 -0.319457118528042 0.4668921091738598
1 -0.6970922526938317 0.34595649150750835 -0.2649552603693203 -1.3863535801536953 -0.9769593301820291 0.5467244196253693
1 -0.9401654705056061 -0.6942206669113951 -0.3449836863175759 -1.695356455569425 -0.3519323497710743 -1.2009923724895788
1 0.4378556105267667 -0.05088125649732449 -0.5274391150933289 0.6805096173705664 -0.8930065408221787 2.750052092827939
1 -0.5788715970092505 -2.066003552398612 -0.4068050776154153 0.7236870922300297 -0.2644179541168761 -0.22118545439494253
1 -0.5669158077364389 -1.5605142141789186 -0.7844412592518722 0.8053814333378563 1.270612105316785 0.10863780939267037
1 -0.745937159273133 0.21010986140515522 1.9379912053713535 0.2808843841966066 -0.7754836895188573 1.6531070015261446
1 -0.30499809868152805 1.1175928494844793 0.8406346187234631 0.29831205282628825 0.011333188574539316 1.8713259135276166
1 -0.3548347977595242 0.9014234219299772 -0.8097035890657088 0.06439337490616379 0.09172403288622262 0.2853932321836218
1 -0.6710937799123862 0.19542508396502514 0.7324550262597251 0.03980041551755979 0.22430049464967242 -0.6047820125729764
1 1.5874013703624983 1.1166413170569158 0.29286355367761746 -1.9785573602711584 1.1938607334031537 0.622918511358264
1 -0.7759424251337412 0.12029486406932767 0.5357193883721121 0.7474678678188263 -1.0888591048336917 -0.27372032678476554
1 -1.5404416765112423 0.09873229333964867 -2.0279497605344186 -0.935768998386547 -0.5505897351174321 -1.554871609552716
1 1.257122352928006 1.326627581353531 -0.38879967362604423 1.2766647804528872 -2.2689967825095767 -0.9510731358439682
1 0.64405129561117 0.9872942965467284 -0.0635936882499214 0.4769404816485217 1.0904845675069788 -1.8491445115638847
1 0.74468344241599 -0.0809764174716729 -0.68316024540897 -0.845445015298153 -1.0675685947845213 -0.716437503750213
1 -0.5670654687087963 -0.412719786443465 -0.6615523829991927 -1.080532173148081 1.0450131877999393 -0.8615655608354618
1 -1.222182845154167 0.3623178654583239 -0.011347018136727808 -0.8713074684641549 0.47318939257287324 -0.821978910438266
1 -0.1918000629767656 0.9835202616233242 -0.42681375643368513 0.8804763039242004 2.3994610355343178 1.3417972149478157
1 -0.8599031665218303 -1.725852385853019 -1.4050003201199346 -1.6202972320997617 -0.8072512500289295 0.5596010474961894
1 -0.602845520147975 -0.054749877586089006 -0.6075299409425706 0.4337148835686878 0.7124709831714962 -0.7830835185948503
1 0.6683236127996564 0.20460947322415246 -0.4733469504837201 -0.9146599042636097 -1.4634924853488764 1.8113962690197638
1 0.5905693055392607 0.4658933851097194 1.773242344514632 0.34436930676290295 1.2395643121831061 -0.20152481936617114
1 0.0026615148271107894 0.4815399747787244 -0.26839151517641213 1.8431927308377545 0.7196877794109444 1.563660918046178
1 0.29999414304208954 -1.381769267153571 -1.724440983900901 -0.7847218559312805 1.1103965834714649 -0.3163435739044141
1 0.9725777213523926 1.1472422439224026 -0.7377391657282105 1.0373897164593848 -0.8947376467705143 0.33189919613798124
1 -0.696598012014461 -0.6831524313915166 -1.5512596053065242 -0.26684192727362055 -1.8549940556754039 0.20488996036807283
