1 0.7560786198772914 0.47321098105070164 -0.3138997215110885 1.5293142832067415 -0.39135020319598385 0.1263793369864607
1 1.6375880064481378 -0.42820060972748486 1.2805410832885795 0.7326754516537387 -0.3227612403253321 -1.067987032644393
1 -0.589386893610096 0.5534946880403859 2.4639492504604363 -0.08145962561180149 0.9800344951645968 2.356654587729581
1 1.3058380746216358 0.9608129340564253 0.40036305793776117 -1.34493562201312 -0.35965666161142845 -0.9240724288180782
1 0.4852297662272511 -0.5453542175953389 0.4700049299077074 -0.3300144851596912 -0.9481661957694568 2.05049756120513
1 0.6645869535746292 0.016352127333195535 0.3116110008290888 -3.066301497575073 0.3879512978270649 -0.8785292723636963
1 0.42377558970397167 -1.065921764263894 -0.03458047533532024 0.7549934186141315 0.40161135668791026 0.9492843403571684
1 -0.19854096537573376 -0.17772503685876728 0.8463230527088996 -0.7520480931126324 -1.2049074936934596 0.8236736501815871
1 -0.34250001973809496 0.9176078629882465 0.19170107654995075 -1.5825458098355032 0.4753131693617496 -1.0649532762784852
1 -2.0946405968984356 -0.643565560115235 0.7648505176800686 1.4269758308501768 -1.5268463715435183 1.28852238214042
1 0.6992355972554968 0.48411300115064587 -0.0689359526818136 -1.0795925231729275 0.8489838602624045 1.1950633972184153
1 0.14806813956947684 -0.9192498960094923 -1.0572469266559583 -1.1937078855101666 -0.4239293589523914 -1.602186476094506
1 0.045519267494105224 -0.5623222759179594 0.5281257437119266 -0.001243045767781948 -1.338460136790356 1.7201273508257775
1 0.9599543228992498 1.3334939737130602 -0.8036317549124817 -0.7791298776939668 0.6652701310978545 0.40761045779702476
1 -0.0466494088330443 0.47721534553969785 1.7989825683333425 1.6617999936730983 -1.4662472486294111 0.9062967996642448
1 -0.35344758193114834 1.1487292203334154 1.3232589637447365 0.03503550790881287 0.7303263766502257 2.4116825505210264
1 1.0849583738230293 0.06410957636717762 1.4893491847433 -0.49559344986971315 -0.6659791755816822 -0.18699681561989603
1 1.6436076887320974 1.2909734072767944 0.13596821084644398 -0.3890424391730026 2.1106372988700377 -0.5802315889700128
1 -0.5015767097318189 -1.2408117821861187 1.7325397377873533 0.544935192403585 0.01265506093646504 -0.08454174484999255
1 -0.4524063777660657 0.1831027145291555 1.3604903641711577 0.876200878927455 -1.6192564154344915 0.455366604966814
1 1.2631985384772182 0.004635199973552509 -0.18039647171901738 0.9959653534856007 -0.5277738408505711 -0.5337234581009552
1 0.6871796633534578 -0.26393108720786523 0.3300710870753974 0.5710393362367253 0.20207878108968647 -0.4038431151110819
1 0.718493759294879 1.0236690939911488 -0.6273845286160492 -0.35848824234737564 0.6171989713735352 0.9196511128837455
1 -0.8335709218658137 1.8006303738018794 -0.7355216353244644 0.2824509947316826 -1.785483630272187 0.3464851860772477
1 -1.1968048752962113 2.293518585597684 0.7410387997478571 -0.5932614679273684 1.3942095402915868 -0.5044574303125509
1 1.177041186492023 0.3981558687814019 -1.766575758846399 0.8377118963091962 0.18916781167335212 -0.9955905053502757
1 -0.23989996574737915 0.5074488652754194 -1.3959949808779804 -1.1778324073077808 0.2514482184308586 -2.153216379174058
1 0.9477804623758586 0.4175191724489936 0.5177552130424148 0.77692788021676 -0.25077046533494124 1.522049973534007
1 -1.3010055096670747 0.44476008085813573 0.6508391068196845 2.122621469272509 0.503974284600151 1.1748922798320716
1 1.1874428889570332 0.9313589191645867 -0.2472937425959537 0.2735465224096327 0.5456821984453066 0.47791780050303134
1 0.7337463118473049 -1.144689879264472 -0.6970458885510228 -0.20224531520136235 -0.43918236280637973 -0.3599605836940121
1 -1.0111665496519642 -0.4226283462147401 -1.2389457190791937 -0.3536142148795721 -0.4224466275340215 1.5468200521513897
1 -0.1880967457596362 -1.050674647321773 0.35192675332148365 -0.07787283242545177 -1.1031259620607745 -1.0713765663581893
1 -0.946298987803506 -1.4627251095767024 -0.749996416729846 -0.39586100154950893 2.5722815505345547 -0.320893248033404
1 0.44360434587606473 0.7820853457848049 -0.5564230858599081 -0.7729842340248566 -0.6258333722362273 0.9274178659036515
1 0.9988817733411767 -0.04305339697830093 -2.0190328795975647 -0.1818228364371388 -0.4012721928721602 -0.2556679978661665
1 2.027923952986474 -0.2643238759975378 -0.42514852451093443 -2.0239158671417203 0.14643471867503394 -0.6056483420998778
1 0.8447973621754912 -0.3180986869253413 -1.295038191648126 1.7600247105524047 0.2124215785160089 -0.484887645417223
1 -0.688495831782059 -2.682297018163552 -0.06329064431869333 0.9099954847544572 -1.2253286098479017 0.8188688986130253
1 -0.43024582755722435 -0.28832071610517235 -0.17818730582639788 1.2911861082947984 0.2855313059006122 1.7666654762256457
1 -1.0537078326409126 1.5144042591895062 1.188857122070735 -1.9923958282220087 0.18257776482202356 0.887754767069369
1 -0.6768950118760898 0.7142576876923724 -1.1651926297017865 1.0974389851529254 0.4668605864593509 2.2419249620342407
1 0.3249832792574941 1.696329557010659 -0.3324677668368197 -1.695939953378405 -0.44002833513399553 -0.42826343010379325
1 -0.7525685094042884 0.7517275951971006 0.2411193854701322 -0.38877460269143077 0.47123056815977904 1.474456529625479
1 1.7738107173011313 2.4015826485281435 -1.5913717110455412 2.2278530161598593 0.685247313585873 -1.1540370484718636
1 0.001673794143632247 1.029365716345657 0.5144420666793306 1.6144806785275738 0.6573702127341258 0.0021833295206738117
1 1.4091472474932143 -1.3436224277875146 -1.7314880741687422 -0.5423418055343074 0.45940042609965903 -1.7110027676248076
1 0.8089168488750605 0.5143753323871596 -0.40817756930992843 -0.62846257663244 -0.3848622553206138 0.22820754900966544
1 1.3559505468381263 -0.004391558345332923 1.027522246470353 -1.3031282440581087 0.20894524049126637 0.3243174239196267
1 0.35172373811277985 0.23406645119444852 1.3372761104600086 0.113189258403602 -0.9496360320496612 -0.30473230526024414
1 -0.07557415022180226 -0.7703399417703103 -1.3382188523039982 -0.2492634063097773 1.143581951369217 -0.3244992952517055
1 0.1189530342218181 -0.3735802480828748 -0.6002058601947873 0.5377615387869308 -1.0710416656112152 -1.0716667373019586
1 0.6790791697522982 -0.1966785106424384 -1.0157030933061673 0.23525494520885645 0.35369790316417266 1.0930549796262843
1 0.2800602693863549 1.6098482965857985 -1.3624995627775054 1.0558369008367139 -0.7518596005368567 -0.30985881124604703
1 1.1950279527090581 -0.17877667060586502 -2.0153397848033685 -0.39578956117361247 -0.1601295586017273 -0.5744019557922415
1 1.3664504280683099 -1.5833364213324166 1.2588941149795752 -0.14335470421323848 0.857796928256695 -0.15829520106476694
1 0.02563551641412867 -0.6686030720124437 -1.393006656567987 -0.33591002004040293 0.2675786803395762 0.25210853226040386
1 -0.08966553901553771 0.01534015093716076 0.5909901914189144 0.7542402288571434 -0.14340033917705935 -0.5765896379834176
1 0.6674422917501605 0.03755823522917629 0.628463220022121 0.16451109379566622 -0.2739010849323371 0.4044140244943125
1 1.1917489438908617 -0.6150801111382759 0.043416084183539524 -0.6322972967537415 -0.3439089052050171 0.5067167096978695
1 0.4943428953162935 -0.7094300400449831 0.6840473405620551 0.7381680889448425 1.2332540070439575 1.3988216256629662
1 -0.5105520164941022 0.7585192734625325 -0.3069710013477237 -0.47047638891549853 -0.09860837170066898 0.9234591589110274
1 0.08258766253697955 1.5050435217212468 -0.07987745424044491 -0.34114499521402697 -0.13554474650646942 -0.7000969828321187
1 0.3124258892535903 -1.7036288182841852 -1.1758316543530394 -0.8065620072256392 -0.20632741568956683 -0.4248254227169802
1 0.2881152178933334 1.3594108932868167 -1.433010265123259 0.26028844982564525 0.25103585372131787 0.25682565169593696
1 0.015533740774927501 0.11518348861998866 -0.09572284612111756 0.45103018213861634 -0.5981687841783714 0.2381397759931472
1 -0.4966436623545056 1.5300583661142926 -1.2922635119898134 -1.0622459468946712 -1.0527678392835254 -0.45236188049463155
1 1.4342532727143127 -0.9029156407448761 1.172287554741902 0.08710331460359372 -0.23872657152816382 -0.1562553301221776
1 1.268087534859216 -0.7360376314614805 1.2528270818295681 1.5299571215327694 0.9851239238449848 1.302756963801957
1 1.4483407938910342 0.4072326102050828 0.44920176845650994 1.6131639381716698 1.3653953623243074 -1.883721103679634
1 -1.4594155818758974 -0.00797989425918324 0.32664919592621783 1.2734529815144755 0.4149768550679679 0.9916921969816705
1 -0.6602583299377561 -0.9710151670099855 -2.600655057244683 1.0035178223348697 1.7527232244468056 -0.8331013162954566
1 -0.6840503032900678 2.1444233080146105 -0.3862500919734058 -1.8753358680262122 1.3017745703647017 -0.7119785021761403
1 -0.29648056511163745 -0.1603467480218457 -0.9804394982053086 -0.04371486549882617 0.6443623871930327 1.023003709290164
1 -0.1429029899993918 0.13326300200904387 0.6896258337616593 0.2598544151997012 -2.0739081265513484 0.4214309283411232
1 -1.0378866417624593 -0.2146859143082887 -0.5188928705213385 -2.103726122527757 0.07176820661107249 -1.1945374551646613
1 -0.05613301417780771 -0.047340055135582426 0.23360133656871554 -0.11480716843011007 -1.3769407790342105 -1.0866315838878198
1 -0.5540686536301251 -0.06098392375024191 2.4399787906528343 0.2844596679016255 -0.30592245430839426 -0.27985847551394233
1 0.24385352077006395 -0.5963115689723886 1.086384531634267 -1.2099139576599574 -2.244303654216765 -1.0031997631035172
1 -0.5612086485240328 -1.69123111882752 -0.9807109917092486 -0.5644239503278737 0.8394626105098543 0.6096696015262891
1 0.07328244613872753 0.06073606689692785 -0.4857645721170118 -0.2703096371876088 -0.6620392649619845 0.9474881638902579
1 -1.577281405955051 -1.4260790859687085 -1.3629859244261127 0.1622024593222948 -0.7796866469164649 -1.0542122641795033
1 -0.04947542418801937 -1.9744617260977184 0.6292922589611677 -0.1850204193288246 -2.187854133223785 0.8561586864815406
1 -0.3978046268316885 0.3483313360580743 -0.7045329251541329 0.3653149946538978 0.9961186706312135 0.2272267461626528
