1 -0.5486920853558654 0.43688315124033644 -0.3635760461663633 0.22388848409958198 0.7539329044574794 -1.2306228242526678
1 -0.24343412137636186 -1.9379372111944029 -0.3665623813051395 -0.6608464155964782 -1.2135339423973261 -0.5842063211399071
1 -0.9116798938403813 -0.2521544787618365 -0.7458299844842654 0.9719842070111143 -0.6334913150427958 -0.12956783971507535
1 0.07641117983068549 -0.8977915288949263 0.01619231880576733 -0.2012592342539019 -0.621394985189661 -1.081479790462189
1 -0.46229895826267303 0.8895361552911951 -1.2937304473870461 1.3103972800465324 0.1569516090970236 0.15576745966918562
1 2.0933148114804054 -0.4086212810053384 0.9855804971240595 -1.7412572573848821 -0.16820670658048 0.27358219233499115
1 -0.5063472103052347 -0.4155556390921146 -0.10709793534781163 -0.4118829822306929 -1.2392050256665954 -0.6691778364031241
1 -0.4206995311299273 0.6903504295122941 0.029079509816207723 -1.5432410103485292 -0.6992686707134865 0.42150303278592804
1 -2.8693810515956315 -0.5003415052343825 0.3149512931625715 -0.7687978266299026 -1.45193763904269 -0.49162288226839546
1 0.08404121380606039 -1.8593442143705872 -0.5748592672956911 0.29756527642008535 -0.7245346965260939 -0.4802700815503642
1 -0.6605846897352999 0.5536206511465895 0.231576784104057 1.352019766021936 0.48620755935210036 0.14641057149316597
1 -0.6004681859143447 -0.8366853813336367 1.082906137666164 -0.7102505383468046 -1.8912655406444956 -0.5301179489025206
1 0.2872430816630432 0.9634813136279688 0.44442096043489476 -0.3671709837067327 -0.17503106713596764 -1.2624244071211939
1 1.4117288706865199 0.07285007750983288 1.4922735486301564 -0.054023925917757724 -0.04130129648817063 1.0666640521759014
1 -0.4038436003010298 -0.9246428403510591 -0.7009213237805956 -0.7112390182647019 1.8855640153511128 -0.9327104429864838
1 -0.6160010498095807 -2.1250718116443634 1.0062296958191659 0.5015136520098079 1.5051106851568272 -0.46065972027635366
1 0.6810208334955236 -0.415311154865907 0.16395001154768166 0.36700092382838045 0.6072246572872726 -0.9662910585660178
1 0.38855097862493604 0.8614914331814171 -0.6299201820862311 1.4328159081785272 0.30905666382521985 -1.0122408098162314
1 0.4009406758196601 0.9178980891414165 -0.9186081929929193 1.9641782316267213 -1.4437611167362139 -0.6011062838479463
1 1.0776753639153505 0.4615727960161279 -0.49536725977619556 0.30154817013497015 -0.6369313062689288 -0.6552313974204056
1 0.3680741718842923 -0.8192745957470569 -0.01506496857681887 2.540532468590578 1.377832950194027 -0.4017451854371542
1 0.7946423370088745 0.44195785947498856 -2.174230426985735 -1.1373716565403835 -0.37878994911217234 -1.243275361979029
1 1.1386792017646796 0.755664478479046 -0.16732945258402213 0.20128947831590416 -0.5135574343269637 1.4580713419053992
1 0.5973368655916892 0.8716987539578567 -0.6272977691638458 1.3935448659310032 0.41278089008920255 0.13672461998582408
1 1.3390780549807129 0.7366182240524995 -0.718034630351872 0.2005314385226566 -0.42052269277537685 -0.5610051641003119
1 1.5785491649588697 1.0332440517268298 -0.3191961506189547 -1.718531530956445 -1.1233167363684557 -1.5169388526026395
1 0.923014070374401 0.8005085352892197 -0.8794203251855575 1.1534715873166699 -3.1699383046957323 1.816075003620941
1 0.7499468388422302 0.6134059333236365 -0.15065439061086255 0.6586218966960352 0.13864853631836654 -0.962063425306757
1 0.7567758710420608 -0.4846231309600392 -0.4359736439494416 -0.3707430637488323 -1.4954720408843367 0.1032763341737067
1 -0.8281939885690695 -0.09789087585505443 0.7623451105545189 -0.9845899396033774 1.2846058835735443 0.40163682305163356
1 0.6816990005523039 0.7726755669391288 -0.09633649724791568 -0.43201840051620916 -0.7341559558741729 -1.1349267598968356
1 1.0868897754167253 0.3852069044160538 0.5804075296800308 0.08733832798009526 1.2762502134932785 -1.57681391727279
1 0.06532525793548835 -0.5727060663591438 -0.7134345631628524 1.355139049377218 -1.4021147466241435 -0.4176206954657509
1 0.0026272463877338374 -0.6133840900904428 -0.751963887760618 1.3029683309105038 0.8060245067073829 0.12678885911991422
1 -0.927821657323102 -0.601728326994089 -0.9631894741287056 1.145277270938773 0.6124800738771413 -1.174536594403528
1 -0.6256913571456599 0.002102659145292912 -0.044822005104503106 -1.2633946353577092 0.4615003677720185 0.7199649216029865
1 0.5719028262160628 1.3599571724171746 0.41329821348197854 1.0306220647389477 3.3697224854059846 1.2817643512672248
1 -1.728332062963946 -0.6473569009336017 0.9340572495125619 0.8482608037295347 0.23351723703294064 0.04022582470907445
1 0.5508900112491486 -0.3246159072991527 0.2787274727485633 -0.9044533853076122 1.0794564991561129 -0.452027800922412
1 0.38801293883279525 0.7299766650945079 -0.5287297276123449 0.18644296999625468 -0.36629052172470433 0.04579447026784115
1 -1.849251478302546 0.8712832587439291 0.02490420579595352 0.7837955030311448 0.5740725609141766 -0.8958769056714196
1 -0.6040302771000123 -1.1361337546175907 -0.33264363056634605 -0.6936394572150865 0.6032809471514683 -0.6967052187316295
1 0.30219593238887 -0.08149492616389437 -0.28897176584115986 -0.664412211153229 0.2592314565199042 -1.9842319853524257
1 0.11370989462720252 0.8021928662085686 0.8726274610313358 -0.07256079049696615 1.1428650667344051 -1.2417688955491588
1 -0.5535055066546023 0.5818158140310138 -0.3377375876329234 0.43149838209822544 -0.041665440924983324 -0.7403734002409496
1 -1.2921263020180587 -0.289537432324998 0.19153459384582258 -0.9042441974693342 -0.6391087657042177 -0.23120297560176545
1 -0.25428802471914735 0.7805925745878458 0.43856567442692584 1.779678761497716 -1.8744437518236734 0.5118603662132729
1 -0.542967897829778 -2.3457202350251065 -0.322673728784987 -1.3321031978999056 0.834120499146681 0.9870343188435062
1 -1.8824159204865738 0.4478381172693074 -1.2106178248917092 -0.45434106130229507 -1.0132926672545952 -0.6841789880776538
1 -0.35644783620344517 0.9768293300869345 -0.8485097865974006 -0.16786355839676922 0.9614328952692305 -0.9048629537290199
1 0.3185913419115774 -1.761169582994575 -0.2648920443217868 -0.07435383103227504 0.7995602680916424 -0.5949568878244207
1 0.8012196876559997 -0.5186320298246802 1.7084998984889488 1.8679546500182878 -1.2237113241000188 0.13635609756445702
1 -1.6441096169344702 1.6991803176706148 0.5276873789029354 -1.9903681528115122 0.08275454132313854 -0.3149086389097612
1 -0.2844418638016723 1.333872939190071 1.824389550221839 -0.23665536224256747 0.7627129691953486 0.19127882650876007
1 2.1357436253795408 -0.8419499952903907 1.3920094825559544 0.24188160929498234 0.5119976192356985 -0.6186985058239791
1 -0.9201715539180332 -0.39979985078856356 -0.27125280425385284 0.8821285560523775 0.12545122551649596 -0.17714531647030826
1 -0.3136994174437416 -0.23951091044120928 0.055760296954530476 0.5396699293057307 0.7194181746297293 1.587914230866723
1 -0.586187568397914 -1.0469407904468113 -0.18071353417954983 -1.0912860447750947 -1.2108284552822166 -0.46409481605075875
1 1.3452871302546758 0.41330058245488116 2.0200028438851705 1.0202951525622996 0.5377223624029194 1.0489252137350398
1 -0.5197995621125104 1.387915624297124 1.4662847148664326 0.6174304376629629 -1.8540798533277631 1.8356611674370198
1 0.4624592481035613 -1.7886898925736614 -0.5582563015869985 0.8775624815871791 1.1731482828931996 1.3890652217088342
1 0.8636594288055666 -0.3436572643470961 -0.7470036279791259 1.4783105097806182 -1.763011578650565 -0.14749144167598344
1 0.3581451603738528 -1.0785551443604504 -0.19462143402887513 -0.935147657130964 -1.2560852560718918 -0.5382694915015245
1 0.10375397110561924 -0.212770724853452 0.5325859354735547 -0.3539062435430427 1.010937288409105 0.2573320039958288
1 0.06697466598407446 -1.6320565765516717 0.2812896575437501 0.5306538222909976 0.5698867986846782 1.3293137603826486
1 1.1498701158878233 0.7120124001428725 -0.012486359181508408 0.4031007259720181 0.5404752218673454 -0.9640387778966946
1 -3.0782771394083173 -0.27316164524186726 0.2743366551077043 -1.0337531472792076 -0.42013426890790934 0.537787435468926
1 0.8075407710022413 0.581124471666347 0.6437834852246066 -0.8445137768760443 -0.25898402419679317 0.011600293264828965
1 1.2131999358678223 0.5537957033311581 0.35361741458341656 -0.11446457727253324 0.16823677523152694 -0.5866160103085416
1 1.6283535518817491 -0.10998947958361611 -1.752826238920744 -0.062295840829014244 -0.4931250774343077 2.085697398839678
1 0.2597581879544366 -0.4297528070928168 0.19755267826166292 0.8838395089500556 0.6958619904931962 2.5167030288547347
1 1.5486053453930033 0.1610524595131767 -0.6372012093356169 -1.5078398115327019 1.8456754767799888 -0.7566080707147395
1 0.1950484314414236 -0.3502443365275 -1.4137175377753313 -1.8413025563102159 -1.4846087387706985 1.5758607268977949
1 1.4116762817208373 0.8007337858403188 1.2167186822292198 -1.0759884143679352 -0.3097482457692771 -0.4137074375391116
1 -0.4853897787783581 1.279888561447844 0.6415279398134786 0.44248299955896 1.9408680421754791 1.3730226030322863
1 -1.2405543198397413 -0.6385954382482115 -0.22398612989694888 -0.3115174988203558 0.6065136204192382 -1.3930603608158911
1 0.5830613900896104 1.195726088452074 -0.06093193914862624 -0.6092141246503843 1.1434715564079612 0.049266892147038104
1 0.5358781374885689 -1.1632546613970365 0.7067743393708725 1.2301618708394955 0.6426845528461117 1.3645277939260816
1 1.1831721867276441 -1.230443531453793 -1.4321511345436782 1.3414716326294047 -0.12411613264656358 -0.3515946155145843
1 -1.4990730661472038 0.28286327982446857 -0.13207280448218067 -1.044227336401604 -0.019091829739565695 -0.5761017538138092
1 0.7013588220955306 -2.1111873433227926 1.774822929084224 0.14929495545417373 -0.03663770512505087 -0.7042142248923122
1 0.5909851094164214 -0.22370653583630346 1.0563773385758213 0.02522723665545921 -0.6138390791776616 -0.0064688262351441945
1 -1.1803267191769293 0.5573196646312703 -0.8426160455921436 1.5854805009228774 -1.16230037129315 -0.2450620013641472
1 -1.1512359310412352 -1.313808544898085 -0.5480831008963205 -0.5655983206961999 0.6704659559380634 1.1734390615429882
1 -1.528745859310887 0.2918313265612216 -0.04165248829965292 -2.006387579567678 0.3294135279911509 -0.7690049440608897
