1 -0.03021478018359659 1.4488399497305313 1.226445678239386 0.08866488730519552 -0.5202577829997495 0.4506404536168921
1 1.850967332346911 0.031079746670752882 0.9247664520124441 1.5723737012429462 -0.27034974338493717 -3.6170015392746615
1 0.26424919875941866 0.055840438755670706 -0.44300399361416937 0.045534189424357295 1.2320230667970749 -0.48046537441251014
1 -1.1132004488723168 0.30667798216763603 0.47284491258781497 -1.0392912572156923 0.16627947815891933 -0.6341120481728797
1 0.142276577303836 0.26184856167743364 0.5020453584203273 -0.3104095413260103 -0.07702210419225763 -0.9615350245844543
1 0.5556818728871975 1.1309155908771078 0.3452117257437933 -0.8379980403965436 0.08147648115578335 -0.6457228114486047
1 -0.714995932384982 1.7983422591589757 -1.0806059792615612 0.2451806435479847 -1.361285739980484 -1.7171528117781159
1 -0.011375277162629293 -1.0451431055578917 -0.30071671391451316 0.4306712046090242 -2.074594763773804 -0.49542320250815325
1 -1.5149607109032006 0.23197400005408156 0.24021742754536307 -0.8832154725455504 0.1297511856993451 -1.9304800996493303
1 0.168207383554328 0.015335494990936012 0.3818247132769949 -0.8630700810280546 -0.2699238146853659 0.8500084121075605
1 -1.08955223282771 1.732997186201304 -1.7262806160369624 -0.855206575345199 -0.06977838308634579 0.13815865270202166
1 1.4577311299654556 -0.9384237404930108 -2.1468422423315316 0.14791006004481372 0.6625003516042889 1.3104705803328383
1 0.4096106802544571 -1.2553692869388238 1.2633283566174986 -1.9458998148962665 0.2796769397757897 1.1039114804779102
1 -0.01755711104456005 0.9347807744360745 -0.8845088141450631 -0.74066668598256 1.7458392670895198 -0.24445172388286152
1 -0.46327043680268915 1.060136725723955 -0.3911330998937688 -1.0783183687063944 -0.1867115831907667 0.7653059389865996
1 0.14042212715965913 0.8112558524008293 1.7825194165240548 0.7247695515783501 0.17014260010180643 1.4239162165654033
1 -2.1020151548792616 0.00676081628319163 0.12147256798227059 0.6443932326480194 -0.1743779074200683 -0.48165980700002353
1 -0.269010010078384 0.5798695802032413 1.9020073075761785 1.054534514914087 -0.23099883474604638 -0.23948884341542528
1 -0.42959915857941133 0.5217875799771853 1.4262907824321989 0.9542688037278249 -0.5208939702370662 0.21208771021639972
1 -1.030242019545193 0.4180416732147955 -1.4362412114915624 -0.39961478769912484 -0.7624630373483865 1.800313873070803
1 0.43427451990617577 -0.6883927343163011 1.7941354249064234 -0.9328797792819501 -3.796665540856732 1.9766901870804117
1 1.6922201853199152 0.19260524462180836 -0.8193419589424572 1.7064934013758262 -0.4569507903779333 0.04784292587180005
1 -0.9113460833897931 0.7509045809482755 0.20319627407460242 -0.6724431359779476 0.06373727641273574 -0.8388525620844153
1 0.0498224771572916 1.7409705876942352 -0.7434509966032548 -0.32709302045536703 -0.1556511741879995 1.0846471590309528
1 0.18571731425897334 0.5323353572365995 0.912175469985316 -0.5046154849317279 0.8061787932306934 1.6191598571088968
1 0.6725759859914021 -0.2384244060926708 1.1544432526572583 0.24647888084267439 0.2574491654594722 1.0408774526294042
1 -1.1494500339688216 0.9178554299795465 0.3511883432667083 -1.9842098521133764 0.09928945613748377 0.9113527581166277
1 -1.1980574463992053 0.07816164949401788 -0.12163420628201628 1.0227871566343407 0.3947858287894923 -0.7114275986518114
1 -0.3596391567833256 0.008123267604675433 0.6482789903307803 -0.11340594856551181 -1.1834819497466258 0.019146737115666605
1 -1.0603627519999892 0.43462160596279287 -0.34034847565228826 -1.0546249644293058 -0.7302212776536202 1.0551914337806048
1 0.49803115298772316 0.6805833903434342 0.7009024181628283 -3.205643074058383 0.7568251335691183 0.7289153592601332
1 -1.4329584636660777 0.4725329738411797 -0.5515568717641928 0.4072096076110222 -0.36030579492518133 0.33027488521806914
1 -0.2678630504652327 -0.7409211636953508 0.4694207437804883 -0.3448943251510839 0.0325606042905992 0.02431882297513438
1 1.4823537164356535 -0.3795347722666716 0.09394575515881039 -0.38050168122550804 1.4163110662230471 -1.132397828593395
1 0.7352482217776679 -1.0146789680871073 0.839933127728844 -1.1175017857792722 1.8074559224163407 -0.3012070630394877
1 -0.5786409412567131 0.6175597467010463 0.2994849534666862 0.5597376557004248 0.17250255221240832 -0.4450146045260923
1 -0.3552577811401864 -0.6982986517969832 -0.19579265266391913 0.677963552221983 -0.39154089385215546 1.7227256842631375
1 0.5692115388466394 -1.4888902867264935 -0.22368469486152934 0.9614412422992703 -0.24521331780616892 -2.3934322319582124
1 0.34705984604000256 -0.6424869395947029 2.094502920999975 -0.6591653402205292 -0.22761839616873963 0.3754795995993502
1 1.6078500355295275 0.2973057744096955 -1.283088311114434 0.010562240779421419 -0.035396611933915044 -1.8717717496982365
1 -0.7743877854606936 -1.0133707971036054 0.8060469974003244 0.9776745458869179 1.224160038378681 1.5064506834016615
1 0.49038049413906404 1.0221240395729294 -0.5648295982374605 1.9505344968163174 -0.3018951612291185 -1.2687968862196726
1 -0.05881969678373453 -0.2051762513075218 -0.7209292260087782 -1.3635177414128512 -1.394062320320792 0.5645944924781338
1 3.818808417485599 0.966833160072246 -0.27259226514387774 0.7244758854027895 -1.2823937815265896 0.40586336386884786
1 0.4380631577498667 0.7493578120047738 -0.8932365656789224 -0.2514235560445582 0.7073881925559781 0.6758854494993624
1 0.22068790366175722 0.2134668854948347 0.7859001276159565 0.19812555068338272 0.6680423145941589 -0.03739715285623622
1 -2.0261233871650033 -0.2943069097396276 -0.46099253692566927 -1.3357748579704476 -0.49828269400688874 -0.4096199570954306
1 -0.24753254562098986 0.7803017913941813 0.5876560744856052 -0.5357877948278872 0.4494092313470114 0.13020386716450652
1 -0.021651997799389176 0.9971782867460138 -0.5778825411112427 -1.055182790582766 -0.46078291783095493 0.8064181070389782
1 -1.2215481148404865 2.202294393390131 1.1213044046747054 -0.7386306356892061 0.08882098193355102 0.2684596069525273
1 -0.9738232387438369 0.4430054289555075 1.25575486555364 0.5933896943484429 0.34147654450258036 -0.5430499398093334
1 1.509107009829341 0.2227161363422552 -1.0149920548513742 -0.34887863339424124 -1.348248766345717 0.22032173125610416
1 -0.17100734744098714 -0.9019758514055138 0.3551623932509719 -0.5354222756609878 1.159462900048466 0.1528514114285275
1 1.1864163617903394 0.7663500408467827 0.8887790353640237 -1.6000849886836845 -0.19083877220502218 0.19524428985546666
1 -1.4766165423372482 0.03314489801450405 -0.9722832652231937 1.2423251095401087 -0.20783988099105571 -0.30324381300309516
1 1.594840717554814 1.0056884088305826 0.9579655730569816 -0.4075883098231346 1.3066157025797136 0.9065262517517243
1 1.1177400943384155 1.0198762879265364 0.3257961409581369 0.8934101930067289 0.23110427360421854 -0.00025939245678257265
1 -0.08872036584618011 -0.1873242354868219 -0.9573689069044794 -0.38725061370793545 1.0814853283942585 0.6532312020462084
1 1.1371565744864551 -0.9430612505941415 0.01989715557672539 -0.5260547898037338 -0.036196058206956414 0.3445958050107063
1 0.1923073802156738 -1.2989854348174004 0.9155362585240502 -1.2529964984736695 0.9998647128872189 -0.6281448400756314
1 1.5960402684216275 -1.43200471837364 0.13848851305654306 0.4669799206238536 0.4206841203123844 0.37648338333982106
1 1.294471398280982 -0.5501115763619564 1.399195556675029 0.5442262755280413 -0.4242285328456899 1.9240462056650767
1 -0.08735465091977017 0.10619925093260824 -0.03255321046505297 -0.032964265352629904 -2.080719454813558 0.5094895770155128
1 1.4932554713579882 0.19152260905753776 1.8069461629502412 0.3186090153957669 -0.6635626360903378 -0.240372331559194
1 0.49549095714939323 -0.257399522645257 0.476707055145578 -0.027037477666782928 0.5237478721979218 -0.020899017900713447
1 -0.5745736582925206 0.1531964932164587 0.38753576150873287 -0.43412724083423554 -0.4375298593973676 -0.9008541143464864
1 0.6505731499333741 -1.1219559417594207 0.354938443004697 -0.676244451164422 0.036843259645419256 1.7010064419115256
1 0.33863946536836753 -0.2670761643194166 0.6713833997338711 0.31581747341617944 0.42342953462463 -0.8457559426168174
1 0.998116163930533 -1.4961657202773426 -0.7315975726346556 0.8463354160238339 -0.693736493138852 0.5561824848915639
1 3.3232970122460688 -0.3347134442780922 -0.7186057617485161 -0.5872401146736821 -1.9770395205143698 -1.3136935637317615
1 -1.9130016468950262 0.4693975259938681 0.8377556805215781 -0.33111297422599734 -0.8401487120881526 -0.3700064650535128
1 -0.3234078459230218 1.7304562948220747 0.5812828961345059 -1.272232629659402 -1.9210568797082266 2.0265012869875454
1 -0.330692454608524 -0.07824480717724949 -1.5678959097720886 -0.4993158856589199 0.9567338379315589 -1.2695699872915733
1 -0.22034160731573835 -0.9665529509395206 2.393078633654395 1.1511817660921666 0.2105542954454697 -0.48422071907060804
1 -0.2564261399486974 -0.23818774497457634 1.5235407979240905 0.47467126131759985 0.4609816655752785 -1.3745876165862274
1 0.9922893756809629 -1.382335945389876 -0.9201481160580263 -0.5466040796928887 0.9099856347402394 -0.7236390107643148
1 0.7624042728905568 -0.4097403651975269 -0.2018250619529711 -0.8021405757596737 0.5827992050629272 -0.7665040362110478
1 0.02344593390405407 -0.951478697078444 1.1005458816546978 -0.6018677486563995 0.6343550272180779 1.751014313518668
1 -0.4154472692541062 -1.7316457215508858 0.9473172388042289 -1.3765195188859058 1.5872128651600887 1.3532231595083666
1 0.21552594871761732 1.7857776922490345 1.0921215147195416 -0.9604259402663685 -0.06292011007808311 -0.35077219862096415
1 1.1880542265909173 0.5800607125802452 0.8342677388506888 -0.5617511303727359 -1.5908840067038585 -0.7150493995690322
1 -1.1019611253641273 -1.1080640775733228 0.5950281736710741 0.2998201558549586 0.7372155611894181 1.5852996363370808
1 -0.10319846146281493 1.3645095648862904 0.9147507866006399 0.6902827822673867 0.1818446023870239 1.3639791112442645
1 -1.8800086704752665 -1.221007703366016 -1.8103244801017813 -0.9427951798562059 0.5906320758708858 1.2797625580114786
1 1.0183790771143488 -0.16578380639679782 -0.6200421043824482 0.08303868048284238 2.1107556555139713 1.1573597494378705
1 -0.24008466103146825 -0.9775043251023595 -1.1468941709375846 -1.8299564246285245 -0.3915044290179991 -0.4860339328437603
1 -0.007073345595027476 -0.20097054430903685 -0.6394038757205996 0.965684596718978 0.602371048574419 1.1205741560579603
