1 0.08541932641388894 0.34347635973919544 -1.3153427457455522 -0.11535768746083551 0.9830381104107897 0.18141513386231528
1 1.8576620461461846 0.3731249754748571 1.8402971221832969 1.5028295902707547 -0.8732487486794842 0.18344154542361502
1 -0.8449027416232023 0.6055547418640658 -0.4242388139626685 -0.20912139898267376 -1.915853844445224 -0.49712832370330284
1 -0.3066869142325038 -0.0922714097534521 0.644698340530943 -1.5456783670614436 1.2075896515670512 -0.78538934100587
1 -1.032192020472572 0.12443179117360215 0.03818478547572198 -0.46892846026451157 0.10467997092316894 0.7568155494228485
1 -0.2638587601072818 -0.3469533411043891 1.4631479886175605 0.3964466607353721 -0.47786340348131223 -0.2237892431944877
1 -0.22576031599840302 -0.040634728974234625 -0.9767266475345319 -0.6156985800055788 -0.8057687441958542 0.8105442404605919
1 2.1640339815836307 0.3012471150478498 0.8735139589516505 0.10167376018333521 -0.3490789747723109 0.27482956643314205
1 1.111549514570128 -1.6141483239131469 -0.8229992237624632 0.6449820064483467 -0.42404199307933577 0.6764244043439057
1 -1.3667110605547679 0.1034136666565348 0.23385613393420288 0.7285095214795186 -0.09112308439559637 -0.04386258530894217
1 0.7394068375934716 -0.4029641788232357 -0.7115734069892499 -0.08111202756283592 0.48658477575286385 1.3649316282143373
1 0.1452736918093721 -0.4512848824221732 -0.8612776727209679 1.1648334364960988 -1.339591991550733 -0.5717583274325894
1 -1.2522004832065259 1.399745597929474 -1.2171366191262083 -0.4847790534393396 0.7790506242133727 -0.40970027778048795
1 -0.9713774336141267 -1.3594927779557993 -0.35654500065272304 0.0657279512800245 -1.5224779680461282 -0.6125392640891109
1 0.7019530415729146 0.3724320102536468 0.27826584475983634 0.46178555459555287 -0.752338651278541 0.4918693412984927
1 2.221851337682921 0.4233833120555197 0.17577352239208235 0.13668220990194999 0.5545662583490328 -0.9400842516352141
1 0.2623731461943665 0.017517355759966182 1.5869454341870195 1.3516547554846128 0.6924607054525053 -0.11506869436833816
1 1.1903377914009734 -0.0968390436761406 -0.8315193778714898 -0.8705516203936805 0.2744459918991998 -1.327190532138442
1 -0.45098667747962584 -0.36958595886884255 0.43768244892813674 -0.2585680972856356 -0.787504570592382 -0.49541461000671483
1 -1.1489027588866438 -0.44058103095150547 -0.3936083254284079 -2.00217146411261 0.1381315224757 -1.2758688204699555
1 -0.6791541581498934 -0.6924596771481902 -0.6800703573070658 -0.20033879116006648 0.5485946265216896 -0.733122722415991
1 0.9364096707774613 0.28508408952358405 1.4221891708295864 0.411490044907553 1.2833256083635147 -0.2758074914090748
1 0.1618352578026999 -0.7957496336864611 0.4622306909806315 1.2380710265020458 -0.5721783461126171 0.6240576678430158
1 -0.23353121030229457 1.2954126852574952 -0.726182273634878 -0.7055776412023361 -0.5507946961058343 -0.6302837833058054
1 -0.25065256077773146 -0.2521367925194153 1.2011382408117857 -0.10667875298017203 0.3360184075253117 -0.14076969631342293
1 -1.7861831879101495 1.4755812673398419 1.1633454447081375 -0.8450787254888349 -0.12141687707683847 0.009624141311335639
1 -0.17327584523703307 1.0789852471123724 1.397578898582253 1.1354030848628067 -0.320117636117895 -0.8624087386229428
1 -1.5899695581455286 0.9560647028098019 -0.7624638049763988 -0.7364398991110013 0.4565225243639593 1.2273587805266242
1 0.7846833326857483 0.9052384228177291 1.0008308870057059 -0.5481148759101363 -0.24330464893174508 -0.11212469466895278
1 2.2388175710774245 -0.8968844917532857 -0.04071929593075566 1.0757057010873692 -1.140103515166282 -0.5302778730468392
1 1.4066217470434834 -0.03953536007982017 0.7287245870598043 0.8850822090773672 -0.9578671477205608 -0.8750378195798586
1 0.5549690776856135 -1.5346959395281354 0.4127143770640703 1.8000963408732196 0.6836384399952591 -0.207242587955829
1 1.2521976997607414 1.9484428966237028 0.3363812140450347 -0.8252115641686218 0.7697334689675612 0.4136402717888244
1 -0.5603018557853651 -0.6469555257533495 0.6071727869342577 -1.372779367438001 -1.1134309115216778 1.3103234085872015
1 -0.7124933333430163 0.526787732601088 -0.32568010437247924 0.9492864665654623 -0.35560814180922723 1.6499062471231019
1 0.9161345870545262 -0.5929043111033321 -0.6631055366128465 -0.06770184473784924 0.12302948551343636 -1.3834873130825969
1 0.07404191978542278 1.0489345758028756 -2.04001259413825 1.4854719485688457 -1.0805415277733348 -0.5872933359355477
1 -2.0813432162466183 0.5836760959514157 0.04786604694777602 0.42624067370526775 1.133012537678441 -0.014696208790195878
1 0.13417410580071715 1.4700130844364268 -1.137076295445541 -0.13103358226130035 0.0803700991832938 -1.159125232079865
1 -1.150367930027037 -0.5955558287884923 -1.4142783925016122 -0.8530710957459702 1.1372578642902629 -2.0868588727969932
1 0.1573852234108635 -0.834552148525288 -1.1434637313630636 0.0009070587012290876 -0.5534633878556131 -1.3756016770613513
1 -0.657462914878108 -0.7820355029019016 1.135974447518696 0.8487815243101847 0.5997413336878287 0.5785395520083454
1 1.5729452074734185 -0.901832760210616 -0.875413418115326 0.3643536511846948 1.352977141276665 0.5278799316997947
1 0.5148251783501051 0.31892915415456224 0.2748507665204859 2.942652499485584 1.6644537288731056 -0.39946601289241246
1 1.3273425803629495 0.04908679022114124 -0.7445742859663196 -0.18057551823394477 1.2918077597551822 1.129907789985681
1 0.6323762390798044 -0.42435258913112084 1.6777469397015912 -1.1764400699204416 0.03261732174013573 -0.05319180786497744
1 -0.5200832694201144 -0.3196431789107428 -0.6177786229935706 0.7245930795109969 -1.3351373057159723 0.2739687254183402
1 0.2984194249845136 -0.3133176905283099 0.3933303716563789 -0.4515513980463121 -1.1277562761456439 -0.13658470680819765
1 -0.5365658280277671 -0.3894303318730463 0.18846814876775744 0.5868331461701666 0.13728606689429101 0.34405716252604324
1 0.8927485990286855 0.12946646451670113 -1.4083780463408666 -0.03733981076905599 -0.6957717154682969 0.23555992741123477
1 0.5588875205987603 -1.0194835393639854 -0.15524700695324398 -1.1453390771757574 0.2618179380538496 -1.361037042313341
1 -0.7921595041186794 -0.7970619978816392 0.40215539830916625 -0.16451157239517308 0.06595806328463119 -0.7471785980112651
1 1.2249385452107353 -0.09045314419697464 1.1575433826459811 0.4742118563237288 1.3941046577753586 -0.32440103678969245
1 -0.15557711070600774 -0.8582891064464471 -1.0297313054230712 -1.6243120201890653 -0.2473710036047205 0.45127716410586755
1 -0.4059408473571256 0.8001190762025564 -0.2590181602419237 1.621696778069999 -0.7225290026719055 -0.2449723303712993
1 -2.6351199591731214 1.6708609320668446 -0.35150071763701646 -1.7262287175185884 -1.2648957040910205 -0.7035114175194392
1 0.6882758861222581 0.37312076046089204 0.7919430929213986 -0.8978354739929382 -0.06783462228551994 -0.5896240775559675
1 0.9957668294537501 -1.8203275888114332 -0.9990423588123025 0.13192986353444108 0.7298388221626532 -0.7296634834099182
1 0.24394870754338405 0.7562551205979784 1.3278995555502155 -0.05316998930543852 -0.4135423067563145 1.0870183754199112
1 1.1891162873748935 -0.6424922314525406 0.08147177198893361 -1.9922972207746557 -0.09054583590717959 -1.593396587186661
1 -1.6629250360031333 0.5752229929885746 0.7978752587424816 0.1752589377648663 -1.266866551012808 0.4965122552296471
1 -0.5341117152566269 -0.9189228095537905 -0.7321002351164603 -0.314014697950784 0.152947804892967 -0.9354689294839866
1 -0.2901771282727104 -0.429324802826369 -0.14438450850602802 -0.8804579362262639 -1.6004794127449602 -0.49990315131127216
1 -2.005216981766785 -0.7249504520358234 1.644627189938919 0.7124228191588257 0.23115366632694165 -0.279700770425769
1 -0.22648712485191708 0.9555326717475294 -0.3077129103724661 0.702911079482981 -0.3854375872669918 0.6514898459547354
1 -0.5122975746679437 0.0074226696110222855 0.9157533106919531 -0.8810370915789829 -0.137561723925539 0.5159229612101232
1 -0.17654867634710109 0.2133519090250754 -1.0430967067310806 0.7523735675699827 0.3511873275029434 -1.296358506651075
1 1.1942011031422233 0.6747030314572815 -1.5808766529208822 1.070487383830508 -1.8006616477721928 -0.8703152531451184
1 -0.12206972776817455 1.0489930643633436 -0.9816313323638733 0.005742535711067926 0.3605168532677519 0.5107573069459427
1 0.2662960697650179 0.14089331169276537 0.8305547228429874 1.007186883158852 0.3932299848754154 0.6297601225250573
1 0.48333006779955584 -1.7761596090709577 -0.6085801819199727 1.3895879012074739 1.0295701409768718 0.9411027030987771
1 0.7005752616862476 -1.2908901997916435 0.4299898695498019 0.7812528892998511 -2.008469449082985 -0.11655417262401631
1 -1.012228987684023 -1.2417095137858831 -0.3309314499177457 0.9094693610333398 -2.2867275746043956 -0.14554246041974914
1 0.7696041356532455 -1.3179009819764957 -0.8102276156968923 0.6443824176510863 -0.10046345874102823 -1.2110602792256382
1 2.579931463622228 1.0003430638641448 -0.2574816279963466 -0.3082588713534829 -0.7277144713038242 0.5297278327669347
1 -0.40307701279995656 -0.0927709672344339 -0.7261073749657605 0.17836641073773 -1.4460902526816832 0.23374738264304162
1 0.17257406452400284 -1.7046811494239476 0.03274816627416891 0.6862531074686257 1.3627366749097893 1.283855271471176
1 -1.5765405410438806 -0.5924433115699428 1.1852276921476148 -0.15190461051087337 0.533158896778627 1.6573268294070902
1 0.5638981931890684 -0.7271201381730706 -0.17604987215827395 -0.19570847455446277 -0.39887795068284954 -0.9730078464948572
1 1.4328125777833705 -0.3575847752736371 1.6927406681282795 0.17317913600921392 -0.18956716144961003 -0.09914940259135359
1 0.4978848029201506 -0.29344912038126747 0.07802878451993514 0.28631085640552834 -0.7082808845993807 0.18378368564530237
1 0.3288610013109433 0.8504792880977077 -1.0130262776048888 2.283755961844474 -1.925920569614213 1.1083772240004124
1 -0.4024637173420062 -0.21922754617713694 -0.3537838755721835 -1.3461277089853634 1.1256319955293141 -0.8760931244121803
1 0.26323848464773764 -0.5931262056969064 0.933000339010715 -0.9109458004575798 0.18929944938798465 -1.2748020873522414
1 0.6625095250067504 0.21356897413513348 -0.022637466096812674 -0.19533152273089247 -0.9550159273442779 0.4843385544396247
1 0.40276798198031016 2.446774692748548 0.5486286981498686 -0.362136222510869 0.7649542734438709 0.8051484965063049
1 0.40636223915988223 -3.430817918447141 -1.2511280781330711 -1.1681443591555067 0.3066589848783733 1.2322976006190747
1 -0.06783315129525876 -0.18719262697462546 0.13332444615165914 -0.49225318693602826 1.8481337594241114 0.180972965709464
1 -0.5549701170590734 -0.38607385400300087 -0.11398860840992704 0.5663063083120831 0.08807582147259065 0.0624755280987964
1 -0.5970462887451846 -0.4562405159101214 -0.692854275751842 0.604839446571875 -0.22061376583394887 -0.47535186982590766
1 -1.2488202355953242 0.32348144389636757 -0.26066341502456136 1.614362418958161 1.8172977695937225 0.9092800768088278
1 0.8501648442768903 -0.12099176933630566 -1.017835564647231 1.969031995667893 1.130859748781034 1.3601953318355458
1 2.4110788774172858 -0.563614086537783 0.8181483496523837 0.05932024530965586 0.3416432073971084 -0.557850568518975
