1 2.0812416367199287 -0.44156734846609674 -1.725711309434698 -0.30301393360111684 0.5220701929792925 -0.6363360957055053
1 0.2867585549137383 -0.14373426159771935 0.3593510163773365 1.1814866458745759 0.8211067532368218 -1.0823669137355907
1 -0.8467238406502574 -0.2871090754314674 0.8168482580350016 0.8705826223804551 0.7985166254110868 1.072411640471181
1 -0.045737372392294785 -2.064699522003641 -1.559369641636335 0.12816643053801616 0.17683632280452624 -1.011780877774011
1 0.2501548034170886 -0.2523282169385331 1.7945800248766852 -1.8381710909038904 0.2274326381357847 -1.228042758699037
1 -2.0937006234414746 -1.396136324973519 0.7475958872838757 0.9232366121146364 -0.7926213962896214 -0.5325877208711337
1 -0.1510294439433612 -0.8824907531570432 0.03219323553517802 1.6157781169592755 -0.9304451713562033 -0.05001941717966501
1 -1.6105233650918105 -0.5932856807008041 0.05140793932087061 -0.6245758421826411 -2.82634555217512 0.9259630958026559
1 -0.023183119774124385 -1.7974502855181684 -0.839100397384103 0.05642302806551574 0.5741895325727782 0.6632013772943965
1 0.7277270624238252 0.29677652988036674 -0.9680241113739902 1.2969455798087783 0.586545123809005 -0.24796825493636437
1 -1.246943747061033 -1.05108572358206 0.10480528676290518 -0.0646206673078212 1.7879284868970824 -0.0856736074095619
1 -0.10463642761637891 2.309767532932287 2.124392637633198 -0.1936331833831265 -0.7322583705025739 -1.3149647598232475
1 0.1438835610480871 2.6434320304872583 0.42545147040841946 -1.057973750595876 -2.6698088826449746 1.0046682470961035
1 -0.20229590823839821 -1.0333379821304882 -1.646957916311929 0.3598751939628346 -0.6106485972460778 0.04451683610474668
1 -0.8736604727094702 -0.8091979084239083 -0.5580650543565719 -0.8839963805738713 1.101504004822951 0.4762347136250842
1 -1.4149194032584909 -0.48982801444649526 -0.6988752843397409 -1.6532360457613062 0.06461515403600553 -1.5485770334244542
1 -1.7830448327142083 -0.5104402712179292 1.8587952635475513 1.6773992271101683 0.5926909445540228 1.2920849307244102
1 1.3285922192106625 2.773463430570466 -0.16295633292992584 -1.5579217240090206 -0.4991199756337332 -0.30646942679685574
1 -1.3444176752433425 1.1208317713540554 1.7127241568953009 -1.2957284198583625 -0.4054548365810467 0.2996837333197675
1 0.5848616118660163 -0.8209634866073634 2.6186143279722662 -0.7388697926812168 -1.304948856274871 0.1028335756378006
1 0.40931305491919734 1.024959040446057 2.0959076170834647 -0.5708894053307232 1.9602498629932612 0.4452608161827302
1 -0.14413745871790754 -0.15883934546210463 -1.1666696898010207 0.37847332673531725 0.3211969712077159 0.3850510105159042
1 -0.643727300054194 2.255609988736057 -1.6436434744061057 -0.25518598887162713 1.9129505978060444 0.17611021574680974
1 -1.241919373505781 -1.2146913359940488 0.5502262098677838 -0.2534842913111849 -0.6654886902325778 -2.166665823504066
1 -0.8181903322743971 -0.41802094101220805 0.31088073951765094 -0.173646866626792 0.4907202055794564 0.19182570838385862
1 0.8759866361138199 1.143555590523242 -0.6594483648109545 0.6641554754218464 0.2553777913043306 -1.7129191211158055
1 -0.5300204097229486 0.10252495472154208 -0.7353343060368035 -1.0403311758694394 -0.3365435430474063 -0.6150391971085755
1 -0.48742367715208484 -1.6486485108647102 -0.5560927723274732 -1.7130499495321763 -1.6195114446459973 -1.6816264854905694
1 0.0010852404999226203 -0.24874952180751875 -0.8259659311373764 -0.01635507446128236 -0.33941808018127106 -0.39164330200550485
1 -0.9515684910614699 0.7799724161341307 0.36888008878078665 1.2676623602684838 -0.9556890690488541 -0.1562244272701386
1 0.7793340143441999 -0.16091837346536728 0.47103205414466404 -0.8226336857253862 1.4473480815695348 4.022099450838048
1 -2.166293432562458 -0.5166606281975075 0.6026053647366106 -0.4474729249867313 -0.6065589979624084 -0.5009865000145981
1 2.379906074927907 0.49326761100362826 -0.7134038611569923 -0.8167363676842353 -0.6588476530757658 1.0638834652704479
1 0.06676880846525335 1.1163424019056283 -1.0910113236987575 1.518347887177279 1.2373659669065105 -0.26658570286247624
1 -0.2587475902587875 -0.7230462811368732 1.004731373623878 0.6207439608552571 -0.3212882717365573 -0.7764625212509753
1 -1.6679599610972102 1.1594144072275945 -0.9839169693475327 -0.17715896157133504 -0.8904368917045933 -1.8119724381584223
1 2.6450343971909884 1.6376713089873807 -0.6603444894712714 -0.011629998404445833 0.44600009546047065 1.2964067795158996
1 -1.392005216787334 0.8261038634188559 -0.8635057890699434 1.2955258844384012 -0.5918247676151114 0.9188462969013822
1 -1.024293194763685 0.31906103201805214 -0.654162444507221 -0.58572663330492 -0.41974184636779055 0.11268833444197818
1 -0.018411372940741595 1.451252158071403 0.25137905824008633 1.6786817347152496 -0.05158734380800285 -1.543736975481401
1 -0.16509782751322857 -1.2944688740142023 -0.31718245063504785 -0.6589070382856892 1.662163366256628 -0.5923062133444944
1 -0.1331394990939448 0.4787265486512672 0.849221436986528 -0.5325630101697586 -0.05934723605298068 0.6897957223887347
1 0.8598390005544765 -1.3609503129269047 0.5968549452304425 1.2713797300836294 0.3759540333859533 -1.858546673502292
1 -0.533994282469176 0.2133042069302182 -0.0932525460350419 0.5750744496130188 -1.6931203740984224 0.15731993499137703
1 -1.3020610226589187 -1.473867476654495 -0.3977466927260866 0.5985042377602876 -0.38811457494332857 -0.19740852931839376
1 0.43138305282836936 0.5184975852910776 0.23556817581033818 1.9372238640504778 -1.5250252653893976 0.17358358506223562
1 -0.7060903270307692 -0.23326038368093535 -0.38271046140107423 -0.23164364202166532 -1.489017055501128 0.6038738922253843
1 0.8844433838848587 1.4640008437057437 -1.1969601551545108 0.41943131629353586 -0.2747965549317512 0.7600119588750667
1 -1.9957414866480794 -0.07624724145310091 -0.9833508853037304 -0.07860969487527594 -1.1481814252988558 1.029409627715567
1 0.9546150936455868 -0.8921593347196949 -0.38849222113798026 0.4804022947392139 1.8373990395280797 2.307394634292655
1 0.7768062847647896 1.0625684775035045 0.05603484324154644 -0.053088922738546485 0.7743908373604053 0.22122326696629574
1 0.4465756437394984 -1.1149559729974745 1.8775039233062618 0.27668521073238456 0.5412999236408051 1.112968405902353
1 2.4119854031017027 -0.9349189730466531 0.8761740854521305 -1.8801579813562543 0.7501408916739939 -0.19823209270178785
1 -0.5803105832098328 0.0702241002519914 -0.29111879016628456 2.5887048868969003 -1.1487690305526828 0.07559564315493646
1 -0.08623832623862006 1.329075509959824 0.7995915829774033 -0.8719869487335564 0.38212203382038085 -0.596273993818213
1 0.909762560792647 -0.5030170051735211 1.1142115468839815 -1.3116658991679706 -1.0262554289158208 0.3096112744976349
1 0.48756829639642835 -0.0523053376894473 0.8164444498174388 1.51283236058794 0.010516356843346671 0.40980102573141247
1 -2.017105985086492 0.8100250292618925 1.0920423321203985 -0.11481278347214476 0.5216765358091553 0.5723502657701062
1 -1.2612922523757655 1.9299662367369588 -0.4344106536810352 -0.5158593931107834 1.4544774967956762 0.5739810192411171
1 -0.4632230299786476 0.009545160876953944 0.7526769691431031 0.50426000742078 1.0608577415079525 -1.1052455122387805
1 -0.9721737314744656 -1.159510013166133 1.6950062511801962 -0.5452353546841204 0.5259921006353512 -0.06862368229877502
1 -1.0012431841844613 -0.3537770055391816 -0.6759707780259149 1.297854576634825 1.1343249733746468 -0.9755064265946174
1 -1.178511500464237 0.9761607741350709 2.6692844993405704 -1.4152322860288045 1.0403519687108678 0.4806304634557443
1 0.7618273495166608 1.0418994273852873 1.70801220550298 0.7787482822703811 0.5617241637002728 0.6586327839915235
1 1.2142413747575964 2.09917737954453 -0.4963888496340527 0.5037847142477241 -0.23498280652589323 1.8371236743820218
1 0.30975580477339454 -0.1881018815873258 -0.5353298697423371 -1.802620925006309 -0.24732095371763946 -2.0643149986084723
1 0.43866935587014083 -1.0038406938779547 -0.5518847187365631 1.1795177303779902 -2.6389932489308427 0.100741001275006
1 -0.32291695368304757 -0.38373193221988056 -0.041790024750718024 -1.0158417611727897 -2.4302723269166675 -0.6559747137908852
1 0.14085868466146473 1.120488422480222 -1.3353299472268325 -0.6856079743786245 0.4081284850393463 1.0938037361438182
1 3.261265169218603 -0.446444801733407 0.01482435582274763 0.5268128203355319 0.17308257733852692 -0.1868288359315396
1 -1.0972816432359989 0.4194379290773896 0.2868958510952173 0.3802039319512695 0.231793401487002 2.0075141483124885
1 0.3771954154462833 0.8070026425056939 -0.6115518872536286 -1.129868766342477 0.6902517930764404 -0.31199643277719147
1 0.07508731136902794 0.1915688882233741 0.34460374739917476 0.06118145605488234 1.3604918598174072 0.037346420379208586
1 -1.5745883258547189 -0.026154427854598886 1.2041714341963554 1.087354835932603 0.09542262854697418 -1.3023480015395856
1 0.3661420106835252 1.0166008755096512 -0.5114243199071231 1.1038655926812544 -0.8652559177207068 -1.2074323944164322
1 -0.6473791437767153 0.9347678559875754 0.06761994575680981 1.0127421594051491 -0.008136598123768702 0.2966182684293198
1 1.2444405117363395 1.36643073452424 -0.029558378936992535 -0.778563313216856 0.9635654783182445 0.9500735158213915
1 -0.05008199469506029 1.5229223319331449 0.14202480997740852 -0.580658296034759 -0.5568554816281751 0.6867846941847261
1 -1.6561517221412638 1.639965582938546 -0.7578471277104994 -0.13310959768343966 1.1383761526814513 2.480051399424727
1 -0.6969843770546965 -0.6609984922888634 0.35612810133837947 -0.06773400871787966 -0.7583174095349295 1.1495931626065192
1 2.1018746067855667 0.3263930840040491 -1.2616680932948854 -0.04736866543200208 1.0194166705000294 -0.38821934110365935
1 0.23413866179395182 0.014185708584293114 1.1547334072875253 -0.624660457040169 0.4729400986081127 -1.9490772834509662
1 0.5892885650933328 -0.07764163414375405 0.30248135118276226 1.5263203548178739 -2.0483040956313108 -0.589014966345999
1 -0.7387820055406186 -0.47922810738245386 1.6456833600925995 -0.40253127207662337 -0.7472116750072758 2.052015479740583
1 1.213660553510281 -1.3838124261096127 -1.666234666942465 -0.6641078286218618 -0.1405663372331191 0.6565532619638723
1 0.7601797812625144 -0.4148691981738008 0.015066121962270198 0.5786135460489467 0.4958246140690299 -1.348990663264332
1 -0.11727758214477102 -0.4041116446889817 1.0149925286088926 -1.7718889500636414 -0.8563744383398374 1.968317412691243
1 -0.27886394446836077 -0.5637744113933649 0.24572113098715623 -0.21577233545168256 -0.403652133481755 0.07223231853051083
1 0.8484939172415515 1.2358473872357787 0.42748115684334126 0.9060534270677325 -0.16742417703845064 -1.3883622404402212
1 -0.2664917231231102 -0.5127327520101939 0.7570315584380231 0.6112278377376574 -0.23515379837673614 0.08411011735306287
1 1.510748235334327 -0.8669447051194981 -0.8263670429169033 1.0408778883830445 0.1641892378490528 0.09844162606219922
1 -1.171453403838009 0.9000524804294314 -0.44461753106020735 1.5157901011160362 -1.3674885126966434 -0.6956579629475161
1 1.585321297757406 -0.2376491804755691 1.8649006694198167 -0.7534386368337275 -0.0051179025960890545 -0.977697394446837
1 -1.4087747122449226 -2.255914582602612 0.44050663848085625 0.6453074514261739 -0.0369283432579218 -0.6217855886220026
1 1.209935923214486 -0.4951391520035604 0.0937387433903376 -0.310424373677135 0.627940823120707 0.5936179368118079
1 0.3364234144139952 0.28231327729664546 -0.5848260366928837 -0.7588699891803475 0.12864446977818852 0.10453226609738799
