1 -0.21672964818701082 -0.15150974882775045 -1.699502027865406 0.02995216744949839 -1.4632938315419202 0.5459465062526981
1 -1.7738887559485799 2.306329952601732 -1.0200319010174357 -0.46172159246768685 -0.5862149099024401 -1.2157270648801421
1 -0.2933644920863331 0.0611499417974499 0.9925262071779851 1.7480413349238693 0.1282627421520395 -0.6398365263182014
1 0.31511185200268815 -3.5602799016089106 0.14077507511589238 0.7387275651596817 -0.22814542617543865 -1.367826076307971
1 0.6186800893522485 2.514172162917783 0.2483728874323068 -0.008476665534383533 -0.9161281001124375 0.14255946930190946
1 2.0795260650338103 1.6317267242014837 -1.0672379739650504 0.8233706250870149 1.5733816566007155 -0.11168654489710703
1 0.16455174715892806 0.3648900926013835 -1.0467384428311786 -0.6130857214606404 0.9783340468283288 -1.6208742099970719
1 -0.30378199063196254 -0.2947060354855892 0.04931038283558634 0.8999999874318735 0.09183491025871786 -1.6894521225862278
1 0.009048836997405576 2.0403881891037203 -0.2683714701812459 0.027457171505580448 0.23411851554249782 -0.8232684327977737
1 -0.13786723994850966 -0.6751386762942432 -0.09682294648448014 1.784410600724751 -0.024189938795182643 1.1493860765838642
1 0.15138138226956746 -0.31536593796733525 0.23652779887008077 0.1575507469079259 -2.378824964189267 0.47999463222829036
1 0.5776735527842257 0.6012907457126222 0.7319640460552125 -0.05521127773653337 -0.37931420616623257 1.0387382617092016
1 -1.7740258828632423 -1.4669921268111699 -2.915833349656276 1.5463629469383704 -0.5189609742321393 -0.8658126428344582
1 0.2527181203352652 -0.28885171567417606 0.5838108371030132 0.3982763315595639 -0.4651484466709557 0.20224215016385808
1 -0.07980698050374856 1.0268579440243528 1.1380094279927029 -1.792470852024036 0.21662183354377776 1.0723116916044553
1 -0.38292057095264354 2.3931412633766267 -1.4319548990757298 -0.054882977316037626 -0.19572663906501897 0.5643584565163257
1 0.48413982440944886 0.477398599007364 1.649391630530557 -1.9614555760010008 0.4277012444065424 -1.0204073984627402
1 2.6223335564043397 0.08704563924918211 -0.5123467194498996 -1.5754157126419779 1.0802453330059631 0.5893584278071863
1 0.6140835454289363 0.39583241207848036 -1.3062939432097334 1.3553663394408384 -1.4113983406603878 -0.6972583983097334
1 0.08169252097570856 0.9776539301687673 0.8722655479083973 0.22090634309214083 0.7293019811746491 -1.084313396022837
1 -0.4956781362506125 -0.6356703158972383 0.15960421905164196 -1.6356728952483857 -0.15806683103679697 -0.6534993334257604
1 -1.0001333090031657 -1.0047789193623202 0.012719556807627371 -0.510427425410269 0.35073483934811744 -1.170556150702518
1 -1.4168263768252813 -2.214059101487964 -0.45833457546732154 1.2696815277956404 1.5261834329884416 -0.7821554591006866
1 -1.2582396829853044 -1.722700737569728 0.5141588588242642 0.730166700824664 0.852038532476572 0.025039662659405573
1 1.2292708671905934 0.1088919549186698 -0.8045986520539593 0.11496512025041823 0.8815306482609604 -0.3998201980080216
1 0.20617341266263256 -0.11426017735717219 -0.10694799972680871 0.736624003697884 -1.3374973767070863 0.6169885871951309
1 0.19446671239266505 0.682676416829745 0.31182938832315615 0.18469595742597 -2.429668418944828 0.38706966788662855
1 0.1371966320100721 -1.4736122702588168 2.133931071708252 0.17285853188107106 -1.1111077761653159 1.1728675906336137
1 1.1080791739922569 -0.03758840714164011 -1.6694275611872382 -2.5749227557260466 1.2020143513761303 -0.2135881547388187
1 -0.5084135102692802 -0.25355390955303864 0.005914404687584994 -0.4040911731980886 1.7085311162492185 1.076602662204583
1 -0.5607044050490441 -1.7454613054864347 1.6843245496143557 1.2693015840494524 -0.9838923304206887 1.2242810411982987
1 0.835226127320201 0.6427174943642946 1.1149883587635836 -1.1837455375435828 -0.8695048828182416 0.19302294168427214
1 -0.6882657209586569 2.363419265361598 0.6172733532427529 -1.019039027216404 0.9105504353489383 -1.9009088108549905
1 -0.7496693558160232 -0.4780500395763804 -0.45398314139125795 -1.0163369841005607 -1.488778334049197 0.4075222164965163
1 0.33706973523278705 0.6004844610355807 -0.9912784313355817 -0.3418361899000831 -0.2788993375452415 -0.5281779424260276
1 0.5423436463948123 -0.42593030497426965 0.28634381939979164 1.348843489054249 1.1920368638740304 -0.013832846501472165
1 -0.9229527801392823 1.5343252092719912 -1.3245587194669275 -0.03523411955704767 1.8865887338625327 -0.6098650941207774
1 -0.8128308678517281 -2.128133914682832 1.2000261796946512 2.6605618940698483 1.9025531235234387 0.8028809973412574
1 1.2201424896516775 0.14802155501883577 0.2683033587484219 0.045623336219288525 0.2594403830856529 0.9612906087691425
1 -1.1389827272414785 0.21012445587926712 -0.8951164004085779 -1.7680721716622698 0.06964740238554283 0.14683901119547466
1 0.5298553032820599 -0.8200878995563312 -0.44221154912172955 0.3267215369651842 -0.14685080751709817 -0.4082662613793565
1 -0.2404863936602605 0.9862587583987877 -0.8165256903481591 0.2846388394613632 -0.47842071246968604 0.1368731251264472
1 0.18639677585548953 0.7622449935354776 0.1461646373082481 -0.60205217173179 0.1135083682791148 0.1819652525067029
1 0.018480477595212232 -2.3698614405313423 -1.3713795583943567 0.41785466492695683 0.4503338400259385 1.7152884000707824
1 0.17962580451416155 0.6523652681603026 -0.7982946702103761 -0.2349249325723185 -0.04162500744636133 0.20516248260487135
1 -1.7449445913967807 0.09731137422575198 -1.6848547725102847 0.3194798430736904 -0.47941811641437354 0.10843087621853406
1 0.3844186501845741 0.09928478708551683 0.11338326444232733 0.25619967544383926 -0.6848035399805794 -1.2425684157241816
1 -0.2663605757239128 2.130243994428501 -0.9487519182779122 0.3354608007990208 0.8121613092230192 -2.5898133168285566
1 -0.016474791817843185 -0.6370254336980188 -0.7274167398413786 -1.2941530377468542 0.4769969851787068 -0.7511031764654845
1 -1.0040916060691827 0.6052573385354777 -0.34664932118924296 -0.9000410100691758 -1.1984992852790668 1.0737004682788684
1 0.03676759262433802 1.4709175911953218 -0.527295128140559 -0.688956719031023 -1.2887139421167253 -0.5712808025289207
1 -0.6926324105449757 0.8366111810213223 1.2883217367016704 1.3780005458794757 2.114651285267546 -0.5279779412536303
1 2.0827414204669785 0.6236753211513207 -0.3967483119325486 -0.7336375420729297 1.3004462839682611 -2.4947820571873
1 0.6736078115685882 -1.618629242143545 -0.8231155814257454 0.32903283531585176 -0.29843692428065555 -1.4425802699190458
1 -0.4334781741733336 1.3381895926440197 -0.1272269275073168 -0.7068065011215916 0.9829597959795912 1.7988033889467674
1 -0.8110102105290333 0.8353897273487462 -0.7076794541058807 3.1127388591857006 0.9437941906387022 -0.00017802864806493881
1 0.25298412710821605 0.08967024395857146 0.4769358593923872 0.03574701462282589 -0.8212170219219704 1.083520823401518
1 0.2339015448566086 -1.610671618486328 -0.6146624809449902 -1.1626316587988654 0.571089502474947 -0.33857614160090416
1 -0.8788715531462022 1.1373502561303201 -1.2574417131251945 0.45365641441890914 0.15431892135951328 -0.4838881536476788
1 -0.8234939631317791 -0.28978703156555385 -0.7772153579520305 -0.9045991096938092 -0.94736915796439 0.2658926170925726
1 1.9156655493766566 -0.5045906669749357 -1.014727751717753 -0.6075444147883831 -1.0432984681447999 -0.6037293025753733
1 -0.152166897066791 -0.5697602346237939 1.0150561556803859 0.9060558455662082 1.0405132664996777 0.7092128824009316
1 -0.19190310349636613 -1.0681720355697517 0.6605536780033939 -1.4515347119077027 0.010493042907081257 1.59632279926844
1 0.4722724697794712 -0.5205681690393598 0.8019319923191045 1.7795770451707755 1.0668312975057823 0.10570402062979992
1 0.5308283069998555 0.4238075006411103 -0.06014022445754702 0.40910047243857406 0.7967108549367333 0.2236892405345841
1 0.751022118581782 -2.263960644607164 -1.108567776235485 -1.2661382546686444 0.6900181036223954 1.6745565319052143
1 -0.6991506542276917 -0.37746104183692897 0.4940245231439294 0.5194199916864102 -0.28497744588674817 -0.5846439436749861
1 0.1470944960595459 -0.3588815617714499 1.2813821258874694 -0.12770856329669078 -1.7467777988703173 0.4367002512960634
1 1.0100030957931727 0.6448700501988573 0.738816570794253 0.3343262977687653 -0.5270671016073312 0.22367769529369413
1 -2.2425234298856975 -0.779467029027986 0.01189892324293853 0.21879656420428356 -0.2367668730196387 -0.6114814096673683
1 0.26144242562081665 1.3573417546709348 -1.9331280213886113 -0.4414683305959545 0.2993373022027642 0.20821113020523807
1 0.32985757855381714 0.41596889066234893 -1.4882662026662163 -0.12433453511509462 1.0637128693969435 0.9374125519208671
1 0.817453300869629 2.137983534162115 -0.47876361823410274 0.9643532524289538 0.7965022396196407 -0.0811863902882701
1 0.21363806767310742 0.8729908185265631 -1.6506739092092606 1.7170147293282738 -0.6072860505874053 -0.5076103251721895
1 -0.3617911926082457 0.7044757431886117 -0.45646957738031596 1.2155363057915982 -0.8493628439609816 0.6596025396717098
1 -2.245021370688826 1.1791247505559543 0.7239684689571345 1.7118909210265967 -0.08047684779073094 1.260927182470532
1 -0.40436283310373705 -0.20027713098513905 -1.8945056598785652 -1.2510845237446677 -2.745108123471733 -0.8009828272219425
1 -1.3087662829294944 -1.2054796765041678 -0.30534598602575175 -1.5782497505783828 -0.6054813651623698 0.04504897214503484
1 0.27744639110680785 0.06060217862295796 -2.6391625921319686 -2.9466770634996133 -0.13230662456044412 -1.1682719718477397
1 -0.6298230791818544 0.3558409516611647 0.3419737722540706 -1.4519703442280978 0.37170239073551364 0.7650762524709661
1 -0.29044259097493696 -0.013109772800214296 -0.5847371080457942 1.83198430133676 0.20627566827629568 -0.39305867922860394
1 0.4791556070020359 -1.3683166654216286 2.7775923088381482 -0.05983528432145143 0.5276511311323053 -0.2920650275557197
1 0.01742032813479273 0.9103257083955956 1.461646113837022 -0.23834836030209142 -2.4254012945816497 -0.3855031539734388
1 -0.2893327579785319 0.6389389620440175 -0.5704547455762553 0.3579130268325875 -1.1452425650508962 -0.5153721040000578
1 1.4786104961592752 -0.5034520018830075 -0.7937731414413816 1.01856240837425 -0.9088213155586687 -0.32443151867949166
1 -1.315102413194478 -1.3468606091468285 -0.14742956990283018 0.5293351272939177 -0.24496736551548562 0.2873359393761978
1 3.0215046696746284 0.27066413298479014 -1.7960019007446753 -0.5767191545366247 -2.1548353049775684 0.6836770059480968
1 -1.319364555198194 -0.6401922704919729 -0.5396433652454226 0.3318914320434912 -0.25873621364937976 -0.09231827105204977
1 1.402886093156125 0.43534192562757223 0.1718370683335676 -0.7068585710157655 0.4160715976499636 -0.8290036109702175
1 -0.5995843841470639 0.854361035352832 0.12123780834988938 -2.5698371771372206 -1.1708520471676758 -0.11619425729674152
1 0.23355574247865554 0.21915218222322194 -1.3642959653544884 1.2376356875488297 -0.37260893165390174 1.9650303976008612
1 -1.4609917103149122 0.3159323863857506 -1.0114027933983856 -0.9379901499791354 0.1841182044492035 0.3882753031931871
1 -0.32159888044556384 0.5461810772427961 -1.7260539804532666 -1.099322452815946 -0.05115650421653881 -1.0136261865972291
1 0.93019360526413 -0.07382480214668241 0.17556297492738754 -0.397426695510368 0.7679630117942009 -0.1004360997502298
1 -1.876637986587545 -0.16570205675598398 -0.42567628885684267 -0.7683763699559242 -1.0649610015862845 1.1064121113844572
1 0.5974912586900705 -0.9414075540746227 -0.0943535946044288 -1.1703346955930152 0.27593777609244735 0.1755897973550402
1 -0.4094523088427951 -1.1982663507957458 -0.8993873460195118 -1.2359454898587339 -1.08620890048872 -0.8734092969652719
