334
517
525
590
1016
1115
1246
1496
1633
1768
1868
2019
2933
3096
3256
3362
3496
4499
4672
4931
5025
5215
6532
6843
7078
6982
8632
8731
9215
9385
9599
9679
11653
11896
12293
12541
14782
14286
14677
14784
15757
17370
18344
18644
18752
21280
21606
22008
21837
22217
22432
25690
25514
25543
26036
26788
29264
29965
30266
31090
31193
31377
35415
35628
40447
40696
39866
41933
41993
41368
46999
45909
46183
47658
55566
52036
54371
53719
51104
55412
55696
55860
56631
56151
61000
61055
63858
61736
66825
67368
68178
68411
73564
75501
74909
74902
78842
79424
