333
517
516
575
1022
1130
882
1551
1667
1770
1891
1978
2954
3092
3243
3337
3482
4529
4696
4928
5042
5211
6554
6883
7059
6982
8620
8745
9423
9390
9574
9626
11672
11919
12323
12523
14749
14326
14708
14819
15758
17404
18384
18668
18749
21227
21623
21986
21859
22152
22453
25683
25503
25535
25916
26764
29275
29967
30253
31103
31165
31348
37951
35905
40652
39447
41102
42053
42429
41820
46741
46976
47377
47480
51418
51894
53052
52911
50882
55464
55707
55863
56721
56124
61044
60938
63872
61720
66821
67518
68178
68333
73555
75499
74907
74912
78871
79336
