333
525
530
574
1008
1104
1252
1526
1637
1787
1923
1958
3010
3108
3262
3362
3510
4506
4691
4946
5037
5188
6531
6855
7078
6982
8656
8778
9139
9376
9560
9665
11636
11890
12266
12562
14772
14273
14675
14842
15755
17383
18304
18597
18785
21187
21572
21995
21835
22149
22486
25645
25430
25538
26078
26730
29219
29984
30327
31818
31186
31391
35723
35963
40193
39903
39876
40755
42730
40279
45253
46598
49231
47186
51406
51095
56709
54849
52756
55463
55737
55818
56882
56095
60935
60992
63803
61718
66761
67449
68130
68426
73508
75560
74866
74858
78923
79388
