687
841
953
1746
1920
2089
2447
3131
3225
3297
3526
5438
5653
5937
6003
6203
8489
8555
8882
9112
9257
12055
12362
12466
13171
15782
16050
16419
17194
17086
17488
21012
21369
21449
22231
26826
27481
26345
26859
27025
32074
32323
33987
34523
39486
39762
40532
38535
39845
40201
46506
46867
47440
46715
47176
53302
54291
55233
55408
56392
55902
62840
64528
73403
73925
71841
73933
76998
77762
76225
82883
85382
87768
95616
95703
97421
95640
93970
99480
101033
102090
101124
102411
110648
111803
111355
112421
121691
122655
123514
124532
132977
134469
134652
134951
143501
144010
144600
