894
1029
1189
1175
2568
2632
2911
3958
4207
4251
4620
4663
7288
7309
7717
7602
7744
10451
11146
11098
11379
11307
15181
15588
16235
15454
20104
20186
20806
21202
20798
21091
26622
26709
27608
27844
33496
33191
33945
33026
34204
39945
41432
41475
41556
45890
47772
48037
48400
48377
47533
58058
58740
55798
57462
56645
66085
66847
67323
72844
68411
66828
80312
75786
89027
86302
88921
90394
85608
82541
97849
102649
107658
102656
120614
113605
113849
113578
115567
124870
125583
122198
123560
123687
137957
137229
138025
136947
151848
152579
153517
150072
165425
165831
165288
159066
177514
177798
