1706
1614
1747
3700
4026
4092
6126
6456
6864
6775
7053
11545
11275
11118
11569
10688
16862
16068
17096
15798
15924
22817
23032
22519
22706
31676
31517
30448
32312
31071
30881
38992
38522
38122
38929
49541
51946
47917
48317
46478
64239
60771
63083
61301
69815
66166
66061
65090
67571
66414
79933
83258
85591
79988
80168
96789
100536
98095
98300
95509
94468
115354
116912
132935
133625
127666
126050
121918
124769
157866
158184
151651
155804
179996
177392
177954
169277
160299
181899
186493
187309
175538
176356
199336
200668
200976
192383
217538
218355
222019
221678
239596
240253
234247
230546
239672
252734
250500
