209
306
347
378
657
749
778
880
998
1051
1086
1294
1888
1980
2103
2209
2320
2908
2985
3102
3229
3386
4265
4407
4522
4679
5600
5590
5831
6078
6335
6390
7528
7749
8039
8223
9532
9360
9635
9715
10258
11266
11851
12068
12107
13514
13762
14220
14452
14745
14710
16806
16561
16503
16908
17134
18897
19706
19619
20683
20411
20082
22964
23092
26577
26212
25950
26979
28350
27625
30648
30743
30563
30665
36621
32972
36405
34379
35338
36422
36277
37037
37538
36863
39661
39750
40803
40477
43417
43927
44410
45261
48227
48443
49263
48332
51079
51509
