207
307
342
377
681
747
800
893
996
1093
1107
1311
1920
1990
2091
2222
2326
2907
3013
3159
3244
3376
4241
4437
4537
4666
5580
5592
5833
6099
6368
6374
7538
7725
8037
8189
9526
9373
9596
9693
10269
11246
11871
12084
12058
13493
13764
14232
14432
14739
14700
16843
16584
16478
16911
17066
18876
19683
19585
20700
20416
20058
22942
23169
25945
26107
25964
26599
28189
28038
30754
30640
32265
30717
35132
33917
37264
34033
35972
36438
36302
37011
37464
36895
39689
39802
40866
40449
43336
43903
44417
45252
48214
48452
49271
48380
51042
51500
