0.01 0
0.03 0
0.07 0
0.15 0
0.23 0
0.31 0
0.39 0
0.47 0
0.55 0
0.63 0
0.67 0
0.75 0
0.79 0
0.87 0
0.91 0
0.99 0
1.03 0
1.11 0
1.15 0
1.19 0
1.23 0
1.27 0
1.31 0
1.35 0
1.39 0
1.43 0
1.47 0
1.51 0
1.55 0
1.59 0
1.63 0
1.67 0
1.71 0
1.75 0
1.79 0
1.83 0
1.87 0
1.91 0
1.95 0
1.99 0
2.03 0
2.07 0
2.11 0
2.15 0
2.19 0
2.23 0
2.27 0
2.29 0
2.33 0
2.35 0
2.39 0
2.41 0
2.45 0
2.47 0
2.51 0
2.53 0
2.57 0
2.59 0
2.63 0
2.65 0
2.67 0
2.69 0
2.71 0
2.73 0
2.75 0
2.77 0
2.79 0
2.81 0
2.83 0
2.85 0
2.87 0
2.89 0
2.91 0
2.93 0
2.95 0
2.97 0
2.99 0
3.01 0
3.03 0
3.05 0
3.07 0
3.09 0
3.11 0
3.13 0
3.15 0
3.16 0
3.18 0
3.19 0
3.21 0
3.22 0
3.24 0
3.25 0
3.27 0
3.28 0
3.3 0
3.31 0
3.32 0
3.33 0
3.34 0
3.35 0
3.36 0
3.37 0
3.38 0
3.39 0
3.4 0
3.41 0
3.42 0
3.43 0
3.44 0
3.45 0
3.46 0
3.47 0
3.48 0
3.49 0
3.5 0
3.51 0
3.52 0
3.53 0
3.54 0
3.545 0
3.555 0
3.56 0
3.57 0
3.575 0
3.585 0
3.59 0
3.6 0
3.605 0
3.615 0
3.62 0
3.625 0
3.63 0
3.635 0
3.64 0
3.645 0
3.65 0
3.655 0
3.66 0
3.665 0
3.67 0
3.675 0
3.68 0
3.685 0
3.69 0
3.695 0
3.7 0
3.705 0
3.71 0
3.715 0
3.72 0
3.725 0
3.73 0
3.735 0
3.7375 0
3.7425 0
3.745 0
3.75 0
3.7525 0
3.7575 0
3.76 0
3.765 0
3.7675 0
3.7725 0
3.775 0
3.78 0
3.7825 0
3.785 0
3.7875 0
3.79 0
3.7925 0
3.795 0
3.7975 0
3.8 0
3.8025 0
3.805 0
3.8075 0
3.81 0
3.8125 0
3.815 0
3.8175 0
3.82 0
3.8225 0
3.825 0
3.8275 0
3.83 0
3.8325 0
3.835 0
3.8375 0
3.83875 0
3.84125 0
3.8425 0
3.845 0
3.84625 0
3.84875 0
3.85 0
3.8525 0
3.85375 0
3.85625 0
3.8575 0
3.86 0
3.86125 0
3.8625 0
3.86375 0
3.865 0
3.86625 0
3.8675 0
3.86875 0
3.87 0
3.87125 0
3.8725 0
3.87375 0
3.875 0
3.87625 0
3.8775 0
3.87875 0
3.88 0
3.88125 0
3.8825 0
3.88375 0
3.885 0
3.88625 0
3.8875 0
3.88875 0
3.89 0
3.89125 0
3.89187 0
3.89312 0
3.89375 0
3.895 0
3.89562 0
3.89687 0
3.8975 0
3.89875 0
3.89937 0
3.90062 0
3.90125 0
3.9025 0
3.90312 0
3.90375 0
3.90437 0
3.905 0
3.90562 0
3.90625 0
3.90687 0
3.9075 0
3.90812 0
3.90875 0
3.90937 0
3.91 0
3.91062 0
3.91125 0
3.91187 0
3.9125 0
3.91312 0
3.91375 0
3.91437 0
3.915 0
3.91562 0
3.91625 0
3.91687 0
3.9175 0
3.91812 0
3.91875 0
3.91937 0
3.91969 0
3.92031 0
3.92062 0
3.92125 0
3.92156 0
3.92219 0
3.9225 0
3.92312 0
3.92344 0
3.92406 0
3.92437 0
3.925 0
3.92531 0
3.92562 0
3.92594 0
3.92625 0
3.92656 0
3.92687 0
3.92719 0
3.9275 0
3.92781 0
3.92812 0
3.92844 0
3.92875 0
3.92906 0
3.92937 0
3.92969 0
3.93 0
3.93031 0
3.93062 0
3.93094 0
3.93125 0
3.93156 0
3.93187 0
3.93219 0
3.9325 0
3.93281 0
3.93312 0
3.93344 0
3.93375 0
3.93406 0
3.93437 0
3.93453 0
3.93484 0
3.935 0
3.93531 0
3.93547 0
3.93578 0
3.93594 0
3.93625 0
3.93641 0
3.93672 0
3.93687 0
3.93719 0
3.93734 0
3.93766 0
3.93781 0
3.93797 0
3.93812 0
3.93828 0
3.93844 0
3.93859 0
3.93875 0
3.93891 0
3.93906 0
3.93922 0
3.93937 0
3.93953 0
3.93969 0
3.93984 0
3.94 0
3.94016 0
3.94031 0
3.94047 0
3.94062 0
3.94078 0
3.94094 0
3.94109 0
3.94125 0
3.94141 0
3.94156 0
3.94172 0
3.94187 0
3.94203 0
3.94219 0
3.94234 0
3.9425 0
3.94266 0
3.94281 0
3.94289 0
3.94305 0
3.94312 0
3.94328 0
3.94336 0
3.94352 0
3.94359 0
3.94375 0
3.94383 0
3.94398 0
3.94406 0
3.94422 0
3.9443 0
3.94445 0
3.94453 0
3.94469 0
3.94477 0
3.94484 0
3.94492 0
3.945 0
3.94508 0
3.94516 0
3.94523 0
3.94531 0
3.94539 0
3.94547 0
3.94555 0
3.94562 0
3.9457 0
3.94578 0
3.94586 0
3.94594 0
3.94602 0
3.94609 0
3.94617 0
3.94625 0
3.94633 0
3.94641 0
3.94648 0
3.94656 0
3.94664 0
3.94672 0
3.9468 0
3.94687 0
3.94695 0
3.94703 0
3.94711 0
3.94719 0
3.94727 0
3.94734 0
3.94742 0
3.9475 0
3.94758 0
3.94766 0
3.9477 0
3.94777 0
3.94781 0
3.94789 0
3.94793 0
3.94801 0
3.94805 0
3.94812 0
3.94816 0
3.94824 0
3.94828 0
3.94836 0
3.9484 0
3.94848 0
3.94852 0
3.94859 0
3.94863 0
3.94871 0
3.94875 0
3.94883 0
3.94887 0
3.94895 0
3.94898 0
3.94906 0
3.9491 0
3.94918 0
3.94922 0
3.94926 0
3.9493 0
3.94934 0
3.94937 0
3.94941 0
3.94945 0
3.94949 0
3.94953 0
3.94957 0
3.94961 0
3.94965 0
3.94969 0
3.94973 0
3.94977 0
3.9498 0
3.94984 0
3.94988 0
3.94992 0
3.94996 0
3.95 0
3.95004 0
3.95008 0
3.95012 0
3.95016 0
3.9502 0
3.95023 0
3.95027 0
3.95031 0
3.95035 0
3.95039 0
3.95043 0
3.95047 0
3.95051 0
3.95055 0
3.95059 0
3.95062 0
3.95066 0
3.9507 0
3.95074 0
3.95078 0
3.95082 0
3.95086 0
3.9509 0
3.95094 0
3.95098 0
3.95102 0
3.95105 0
3.95109 0
3.95113 0
3.95117 0
3.95121 0
3.95123 0
3.95127 0
3.95129 0
3.95133 0
3.95135 0
3.95139 0
3.95141 0
3.95145 0
3.95146 0
3.9515 0
3.95152 0
3.95156 0
3.95158 0
3.95162 0
3.95164 0
3.95168 0
3.9517 0
3.95174 0
3.95176 0
3.9518 0
3.95182 0
3.95186 0
3.95187 0
3.95191 0
3.95193 0
3.95197 0
3.95199 0
3.95203 0
3.95205 0
3.95209 0
3.95211 0
3.95215 0
3.95217 0
3.95221 0
3.95223 0
3.95227 0
3.95229 0
3.95232 0
3.95234 0
3.95238 0
3.9524 0
3.95244 0
3.95246 0
3.9525 0
3.95252 0
3.95256 0
3.95258 0
3.95262 0
3.95264 0
3.95268 0
3.9527 0
3.95273 0
3.95275 0
3.95279 0
3.95281 0
3.95285 0
3.95287 0
3.95291 0
3.95293 0
3.95297 0
3.95299 0
3.95303 0
3.95305 0
3.95309 0
3.95311 0
3.95314 0
3.95316 0
3.9532 0
3.95322 0
3.95326 0
3.95328 0
3.95332 0
3.95336 0
3.9534 0
3.95344 0
3.95348 0
3.95352 0
3.95355 0
3.95359 0
3.95363 0
3.95367 0
3.95371 0
3.95375 0
3.95379 0
3.95383 0
3.95387 0
3.95391 0
3.95395 0
3.95398 0
3.95402 0
3.95406 0
3.9541 0
3.95414 0
3.95418 0
3.95422 0
3.95426 0
3.9543 0
3.95434 0
3.95437 0
3.95441 0
3.95445 0
3.95449 0
3.95453 0
3.95457 0
3.95461 0
3.95465 0
3.95469 0
3.95473 0
3.95477 0
3.9548 0
3.95484 0
3.95488 0
3.95492 0
3.95496 0
3.955 0
3.95504 0
3.95508 0
3.95512 0
3.95516 0
3.9552 0
3.95523 0
3.95527 0
3.95531 0
3.95535 0
3.95539 0
3.95547 0
3.95551 0
3.95559 0
3.95562 0
3.9557 0
3.95574 0
3.95582 0
3.95586 0
3.95594 0
3.95598 0
3.95605 0
3.95609 0
3.95617 0
3.95621 0
3.95629 0
3.95633 0
3.95641 0
3.95645 0
3.95652 0
3.95656 0
3.95664 0
3.95668 0
3.95676 0
3.9568 0
3.95687 0
3.95691 0
3.95699 0
3.95707 0
3.95715 0
3.95723 0
3.9573 0
3.95738 0
3.95746 0
3.95754 0
3.95762 0
3.9577 0
3.95777 0
3.95785 0
3.95793 0
3.95801 0
3.95809 0
3.95816 0
3.95824 0
3.95832 0
3.9584 0
3.95848 0
3.95855 0
3.95863 0
3.95871 0
3.95879 0
3.95887 0
3.95895 0
3.95902 0
3.9591 0
3.95918 0
3.95926 0
3.95934 0
3.95941 0
3.95949 0
3.95957 0
3.95965 0
3.95973 0
3.9598 0
3.95988 0
3.95996 0
3.96012 0
3.9602 0
3.96035 0
3.96043 0
3.96059 0
3.96066 0
3.96082 0
3.9609 0
3.96105 0
3.96113 0
3.96129 0
3.96137 0
3.96152 0
3.9616 0
3.96176 0
3.96184 0
3.96199 0
3.96215 0
3.9623 0
3.96246 0
3.96262 0
3.96277 0
3.96293 0
3.96309 0
3.96324 0
3.9634 0
3.96355 0
3.96371 0
3.96387 0
3.96402 0
3.96418 0
3.96434 0
3.96449 0
3.96465 0
3.9648 0
3.96496 0
3.96512 0
3.96527 0
3.96543 0
3.96559 0
3.96574 0
3.9659 0
3.96605 0
3.96621 0
3.96637 0
3.96652 0
3.96668 0
3.96684 0
3.96699 0
3.9673 0
3.96746 0
3.96777 0
3.96793 0
3.96824 0
3.9684 0
3.96871 0
3.96887 0
3.96918 0
3.96934 0
3.96965 0
3.9698 0
3.97012 0
3.97027 0
3.97059 0
3.9709 0
3.97121 0
3.97152 0
3.97184 0
3.97215 0
3.97246 0
3.97277 0
3.97309 0
3.9734 0
3.97371 0
3.97402 0
3.97434 0
3.97465 0
3.97496 0
3.97527 0
3.97559 0
3.9759 0
3.97621 0
3.97652 0
3.97684 0
3.97715 0
3.97746 0
3.97777 0
3.97809 0
3.9784 0
3.97871 0
3.97902 0
3.97934 0
3.97965 0
3.98027 0
3.98059 0
3.98121 0
3.98152 0
3.98215 0
3.98246 0
3.98309 0
3.9834 0
3.98402 0
3.98434 0
3.98496 0
3.98527 0
3.9859 0
3.98621 0
3.98684 0
3.98746 0
3.98809 0
3.98871 0
3.98934 0
3.98996 0
3.99059 0
3.99121 0
3.99184 0
3.99246 0
3.99309 0
3.99371 0
3.99434 0
3.99496 0
3.99559 0
3.99621 0
3.99684 0
3.99746 0
3.99809 0
3.99871 0
3.99934 0
3.99996 0
4.00059 0
4.00121 0
4.00184 0
4.00246 0
4.00309 0
4.00434 0
4.00496 0
4.00621 0
4.00684 0
4.00809 0
4.00871 0
4.00996 0
4.01059 0
4.01184 0
4.01246 0
4.01371 0
4.01434 0
4.01559 0
4.01684 0
4.01809 0
4.01934 0
4.02059 0
4.02184 0
4.02309 0
4.02434 0
4.02559 0
4.02684 0
4.02809 0
4.02934 0
4.03059 0
4.03184 0
4.03309 0
4.03434 0
4.03559 0
4.03684 0
4.03809 0
4.03934 0
4.04059 0
4.04184 0
4.04309 0
4.04434 0
4.04559 0
4.04684 0
4.04809 0
4.05059 0
4.05184 0
4.05434 0
4.05559 0
4.05809 0
4.05934 0
4.06184 0
4.06309 0
4.06559 0
4.06684 0
4.06934 0
4.07059 0
4.07309 0
4.07559 0
4.07809 0
4.08059 0
4.08309 0
4.08559 0
4.08809 0
4.09059 0
4.09309 0
4.09559 0
4.09809 0
4.10059 0
4.10309 0
4.10559 0
4.10809 0
4.11059 0
4.11309 0
4.11559 0
4.11809 0
4.12059 0
4.12309 0
4.12559 0
4.12809 0
4.13059 0
4.13309 0
4.13809 0
4.14059 0
4.14559 0
4.14809 0
4.15309 0
4.15559 0
4.16059 0
4.16309 0
4.16809 0
4.17059 0
4.17559 0
4.17809 0
4.18309 0
4.18809 0
4.19309 0
4.19809 0
4.20309 0
4.20809 0
4.21309 0
4.21809 0
4.22309 0
4.22809 0
4.23309 0
4.23809 0
4.24309 0
4.24809 0
4.25309 0
4.25809 0
4.26309 0
4.26809 0
4.27309 0
4.27809 0
4.28309 0
4.28809 0
4.29309 0
4.29809 0
4.30809 0
4.31309 0
4.32309 0
4.32809 0
4.33809 0
4.34309 0
4.35309 0
4.35809 0
4.36809 0
4.37309 0
4.38309 0
4.39309 0
4.40309 0
4.41309 0
4.42309 0
4.43309 0
4.44309 0
4.45309 0
4.46309 0
4.47309 0
4.48309 0
4.49309 0
4.50309 0
4.51309 0
4.52309 0
4.53309 0
4.54309 0
4.55309 0
4.56309 0
4.57309 0
4.58309 0
4.59309 0
4.60309 0
4.61309 0
4.62309 0
4.64309 0
4.65309 0
4.67309 0
4.68309 0
4.70309 0
4.71309 0
4.73309 0
4.74309 0
4.76309 0
4.77309 0
4.79309 0
4.81309 0
4.83309 0
4.85309 0
4.87309 0
4.89309 0
4.91309 0
4.93309 0
4.95309 0
4.97309 0
4.99309 0
5.01309 0
5.03309 0
5.05309 0
5.07309 0
5.09309 0
5.11309 0
5.13309 0
5.15309 0
5.17309 0
5.19309 0
5.21309 0
5.23309 0
5.25309 0
5.27309 0
5.29309 0
5.31309 0
5.33309 0
5.35309 0
5.37309 0
5.38309 0
5.40309 0
5.41309 0
5.43309 0
5.44309 0
5.46309 0
5.47309 0
5.49309 0
5.50309 0
5.52309 0
5.53309 0
5.55309 0
5.56309 0
5.58309 0
5.59309 0
5.60309 0
5.61309 0
5.62309 0
5.63309 0
5.64309 0
5.65309 0
5.66309 0
5.67309 0
5.68309 0
5.69309 0
5.70309 0
5.71309 0
5.72309 0
5.73309 0
5.74309 0
5.75309 0
5.76309 0
5.77309 0
5.78309 0
5.79309 0
5.80309 0
5.81309 0
5.82309 0
5.83309 0
5.84309 0
5.85309 0
5.86309 0
5.87309 0
5.88309 0
5.89309 0
5.90309 0
5.91309 0
5.92309 0
5.93309 0
5.94309 0
5.95309 0
5.96309 0
5.97309 0
5.97809 0
5.98809 0
5.99309 0
6.00309 0
6.00809 0
6.01809 0
6.02309 0
6.03309 0
6.03809 0
6.04809 0
6.05309 0
6.06309 0
6.06809 0
6.07809 0
6.08309 0
6.09309 0
6.09809 0
6.10809 0
6.11309 0
6.11809 0
6.12309 0
6.12809 0
6.13309 0
6.13809 0
6.14309 0
6.14809 0
6.15309 0
6.15809 0
6.16309 0
6.16809 0
6.17309 0
6.17809 0
6.18309 0
6.18809 0
6.19309 0
6.19809 0
6.20309 0
6.20809 0
6.21309 0
6.21809 0
6.22309 0
6.22809 0
6.23309 0
6.23809 0
6.24309 0
6.24809 0
6.25809 0
6.26309 0
6.27309 0
6.27809 0
6.28809 0
6.29309 0
6.30309 0
6.30809 0
6.31809 0
6.32309 0
6.33309 0
6.33809 0
6.34809 0
6.35309 0
6.36309 0
6.36809 0
6.37809 0
6.38809 0
6.39809 0
6.40809 0
6.41809 0
6.42809 0
6.43809 0
6.44809 0
6.45809 0
6.46809 0
6.47809 0
6.48809 0
6.49809 0
6.50809 0
6.51809 0
6.52809 0
6.53809 0
6.54809 0
6.55809 0
6.56809 0
6.57809 0
6.58809 0
6.59809 0
6.60809 0
6.61809 0
6.62809 0
6.63809 0
6.64809 0
6.65809 0
6.66809 0
6.67809 0
6.68809 0
6.69809 0
6.70809 0
6.71809 0
6.72809 0
6.73809 0
6.74809 0
6.75809 0
6.76809 0
6.77809 0
6.78809 0
6.79809 0
6.80809 0
6.81809 0
6.82809 0
6.83809 0
6.84809 0
6.85809 0
6.86809 0
6.87809 0
6.88809 0
6.89809 0
6.90809 0
6.91809 0
6.92809 0
6.93809 0
6.94309 0
6.95309 0
6.95809 0
6.96809 0
6.97309 0
6.98309 0
6.98809 0
6.99809 0
7.00309 0
7.01309 0
7.01809 0
7.02309 0
7.02809 0
7.03309 0
7.03809 0
7.04309 0
7.04809 0
7.05309 0
7.05809 0
7.06309 0
7.06809 0
7.07309 0
7.07809 0
7.08309 0
7.08809 0
7.09309 0
7.09809 0
7.10309 0
7.10809 0
7.11309 0
7.11809 0
7.12309 0
7.12809 0
7.13059 0
7.13559 0
7.13809 0
7.14309 0
7.14559 0
7.15059 0
7.15309 0
7.15809 0
7.16059 0
7.16559 0
7.16809 0
7.17059 0
7.17309 0
7.17559 0
7.17809 0
7.18059 0
7.18309 0
7.18559 0
7.18809 0
7.19059 0
7.19309 0
7.19559 0
7.19809 0
7.20059 0
7.20309 0
7.20559 0
7.20809 0
7.21059 0
7.21309 0
7.21559 0
7.21809 0
7.22059 0
7.22309 0
7.22559 0
7.22684 0
7.22934 0
7.23059 0
7.23309 0
7.23434 0
7.23684 0
7.23809 0
7.24059 0
7.24184 0
7.24434 0
7.24559 0
7.24684 0
7.24809 0
7.24934 0
7.25059 0
7.25184 0
7.25309 0
7.25434 0
7.25559 0
7.25684 0
7.25809 0
7.25934 0
7.26059 0
7.26184 0
7.26309 0
7.26434 0
7.26559 0
7.26684 0
7.26809 0
7.26934 0
7.27059 0
7.27184 0
7.27309 0
7.27434 0
7.27559 0
7.27621 0
7.27746 0
7.27809 0
7.27934 0
7.27996 0
7.28121 0
7.28184 0
7.28309 0
7.28371 0
7.28496 0
7.28559 0
7.28684 0
7.28746 0
7.28809 0
7.28871 0
7.28934 0
7.28996 0
7.29059 0
7.29121 0
7.29184 0
7.29246 0
7.29309 0
7.29371 0
7.29434 0
7.29496 0
7.29559 0
7.29621 0
7.29684 0
7.29746 0
7.29809 0
7.29871 0
7.29934 0
7.29996 0
7.30059 0
7.30121 0
7.30184 0
7.30246 0
7.30277 0
7.3034 0
7.30371 0
7.30434 0
7.30465 0
7.30527 0
7.30559 0
7.30621 0
7.30652 0
7.30715 0
7.30746 0
7.30809 0
7.3084 0
7.30871 0
7.30902 0
7.30934 0
7.30965 0
7.30996 0
7.31027 0
7.31059 0
7.3109 0
7.31121 0
7.31152 0
7.31184 0
7.31215 0
7.31246 0
7.31277 0
7.31309 0
7.3134 0
7.31371 0
7.31402 0
7.31434 0
7.31465 0
7.31496 0
7.31527 0
7.31559 0
7.3159 0
7.31621 0
7.31652 0
7.31684 0
7.31699 0
7.3173 0
7.31746 0
7.31777 0
7.31793 0
7.31824 0
7.3184 0
7.31871 0
7.31887 0
7.31918 0
7.31934 0
7.31965 0
7.3198 0
7.31996 0
7.32012 0
7.32027 0
7.32043 0
7.32059 0
7.32074 0
7.3209 0
7.32105 0
7.32121 0
7.32137 0
7.32152 0
7.32168 0
7.32184 0
7.32199 0
7.32215 0
7.3223 0
7.32246 0
7.32262 0
7.32277 0
7.32293 0
7.32309 0
7.32324 0
7.3234 0
7.32355 0
7.32371 0
7.32387 0
7.32402 0
7.32418 0
7.32426 0
7.32441 0
7.32449 0
7.32465 0
7.32473 0
7.32488 0
7.32496 0
7.32512 0
7.3252 0
7.32535 0
7.32543 0
7.32559 0
7.32566 0
7.32582 0
7.3259 0
7.32598 0
7.32605 0
7.32613 0
7.32621 0
7.32629 0
7.32637 0
7.32645 0
7.32652 0
7.3266 0
7.32668 0
7.32676 0
7.32684 0
7.32691 0
7.32699 0
7.32707 0
7.32715 0
7.32723 0
7.3273 0
7.32738 0
7.32746 0
7.32754 0
7.32762 0
7.3277 0
7.32777 0
7.32785 0
7.32793 0
7.32801 0
7.32809 0
7.32812 0
7.3282 0
7.32824 0
7.32832 0
7.32836 0
7.32844 0
7.32848 0
7.32855 0
7.32859 0
7.32867 0
7.32871 0
7.32879 0
7.32883 0
7.32891 0
7.32895 0
7.32898 0
7.32902 0
7.32906 0
7.3291 0
7.32914 0
7.32918 0
7.32922 0
7.32926 0
7.3293 0
7.32934 0
7.32937 0
7.32941 0
7.32945 0
7.32949 0
7.32953 0
7.32957 0
7.32961 0
7.32965 0
7.32969 0
7.32973 0
7.32977 0
7.3298 0
7.32984 0
7.32988 0
7.32992 0
7.32996 0
7.33 0
7.33004 0
7.33008 0
7.33012 0
7.33016 0
7.33018 0
7.33021 0
7.33023 0
7.33027 0
7.33029 0
7.33033 0
7.33035 0
7.33039 0
7.33041 0
7.33045 0
7.33047 0
7.33051 0
7.33053 0
7.33057 0
7.33059 0
7.33061 0
7.33062 0
7.33064 0
7.33066 0
7.33068 0
7.3307 0
7.33072 0
7.33074 0
7.33076 0
7.33078 0
7.3308 0
7.33082 0
7.33084 0
7.33086 0
7.33088 0
7.3309 0
7.33092 0
7.33094 0
7.33096 0
7.33098 0
7.331 0
7.33102 0
7.33104 0
7.33105 0
7.33107 0
7.33109 0
7.33111 0
7.33113 0
7.33115 0
7.33117 0
7.33119 0
7.33121 0
7.33123 0
7.33125 0
7.33127 0
7.33128 0
7.3313 0
7.33131 0
7.33133 0
7.33134 0
7.33136 0
7.33137 0
7.33139 0
7.3314 0
7.33142 0
7.33143 0
7.33145 0
7.33146 0
7.33147 0
7.33148 0
7.3315 0
7.33151 0
7.33152 0
7.33153 0
7.33154 0
7.33155 0
7.33156 0
7.33157 0
7.33158 0
7.33159 0
7.3316 0
7.33161 0
7.33162 0
7.33163 0
7.33164 0
7.33165 0
7.33166 0
7.33167 0
7.33168 0
7.33169 0
7.3317 0
7.33171 0
7.33172 0
7.33173 0
7.33174 0
7.33175 0
7.33176 0
7.33177 0
7.33178 0
7.33179 0
7.3318 0
7.33181 0
7.33182 0
7.33183 0
7.33184 0
7.33185 0
7.33186 0
7.33187 0
7.33187 0
7.33188 0
7.33189 0
7.33189 0
7.3319 0
7.33191 0
7.33192 0
7.33192 0
7.33193 0
7.33194 0
7.33195 0
7.33195 0
7.33196 0
7.33197 0
7.33198 0
7.33198 0
7.33199 0
7.332 0
7.33201 0
7.33201 0
7.33202 0
7.33202 0
7.33203 0
7.33203 0
7.33204 0
7.33204 0
7.33205 0
7.33205 0
7.33206 0
7.33206 0
7.33207 0
7.33207 0
7.33208 0
7.33208 0
7.33208 0
7.33209 0
7.33209 0
7.3321 0
7.3321 0
7.33211 0
7.33211 0
7.33212 0
7.33212 0
7.33213 0
7.33213 0
7.33214 0
7.33214 0
7.33215 0
7.33215 0
7.33216 0
7.33216 0
7.33217 0
7.33217 0
7.33218 0
7.33218 0
7.33219 0
7.33219 0
7.3322 0
7.3322 0
7.33221 0
7.33221 0
7.33222 0
7.33222 0
7.33223 0
7.33223 0
7.33223 0
7.33224 0
7.33224 0
7.33224 0
7.33225 0
7.33225 0
7.33226 0
7.33226 0
7.33226 0
7.33227 0
7.33227 0
7.33227 0
7.33228 0
7.33228 0
7.33229 0
7.33229 0
7.33229 0
7.33229 0
7.3323 0
7.3323 0
7.33231 0
7.33231 0
7.33231 0
7.33232 0
7.33232 0
7.33232 0
7.33233 0
7.33233 0
7.33233 0
7.33233 0
7.33234 0
7.33234 0
7.33234 0
7.33234 0
7.33235 0
7.33235 0
7.33235 0
7.33235 0
7.33236 0
7.33236 0
7.33236 0
7.33236 0
7.33237 0
7.33237 0
7.33237 0
7.33237 0
7.33238 0
7.33238 0
7.33238 0
7.33238 0
7.33239 0
7.33239 0
7.33239 0
7.33239 0
7.3324 0
7.3324 0
7.3324 0
7.3324 0
7.3324 0
7.33241 0
7.33241 0
7.33241 0
7.33241 0
7.33242 0
7.33242 0
7.33242 0
7.33242 0
7.33243 0
7.33243 0
7.33243 0
7.33243 0
7.33244 0
7.33244 0
7.33244 0
7.33244 0
7.33245 0
7.33245 0
7.33245 0
7.33245 0
7.33246 0
7.33246 0
7.33246 0
7.33246 0
7.33247 0
7.33247 0
7.33247 0
7.33247 0
7.33248 0
7.33248 0
7.33248 0
7.33248 0
7.33248 0
7.33249 0
7.33249 0
7.33249 0
7.33249 0
7.33249 0
7.3325 0
7.3325 0
7.3325 0
7.3325 0
7.3325 0
7.3325 0
7.33251 0
7.33251 0
7.33251 0
7.33251 0
7.33251 0
7.33251 0
7.33252 0
7.33252 0
7.33252 0
7.33252 0
7.33252 0
7.33253 0
7.33253 0
7.33253 0
7.33253 0
7.33253 0
7.33254 0
7.33254 0
7.33254 0
7.33254 0
7.33254 0
7.33254 0
7.33254 0
7.33255 0
7.33255 0
7.33255 0
7.33255 0
7.33255 0
7.33255 0
7.33255 0
7.33255 0
7.33255 0
7.33256 0
7.33256 0
7.33256 0
7.33256 0
7.33256 0
7.33256 0
7.33256 0
7.33256 0
7.33257 0
7.33257 0
7.33257 0
7.33257 0
7.33257 0
7.33257 0
7.33257 0
7.33257 0
7.33258 0
7.33258 0
7.33258 0
7.33258 0
7.33258 0
7.33258 0
7.33258 0
7.33258 0
7.33259 0
7.33259 0
7.33259 0
7.33259 0
7.33259 0
7.33259 0
7.33259 0
7.3326 0
7.3326 0
7.3326 0
7.3326 0
7.3326 0
7.3326 0
7.33261 0
7.33261 0
7.33261 0
7.33261 0
7.33261 0
7.33262 0
7.33262 0
7.33262 0
7.33262 0
7.33262 0
7.33262 0
7.33263 0
7.33263 0
7.33263 0
7.33263 0
7.33263 0
7.33264 0
7.33264 0
7.33264 0
7.33264 0
7.33264 0
7.33265 0
7.33265 0
7.33265 0
7.33265 0
7.33265 0
7.33266 0
7.33266 0
7.33266 0
7.33266 0
7.33266 0
7.33267 0
7.33267 0
7.33267 0
7.33267 0
7.33268 0
7.33268 0
7.33268 0
7.33268 0
7.33269 0
7.33269 0
7.33269 0
7.33269 0
7.3327 0
7.3327 0
7.3327 0
7.3327 0
7.33271 0
7.33271 0
7.33271 0
7.33271 0
7.33272 0
7.33272 0
7.33272 0
7.33272 0
7.33273 0
7.33273 0
7.33273 0
7.33273 0
7.33274 0
7.33274 0
7.33274 0
7.33274 0
7.33275 0
7.33275 0
7.33275 0
7.33275 0
7.33276 0
7.33276 0
7.33276 0
7.33276 0
7.33276 0
7.33277 0
7.33277 0
7.33277 0
7.33277 0
7.33278 0
7.33278 0
7.33278 0
7.33278 0
7.33279 0
7.33279 0
7.33279 0
7.33279 0
7.3328 0
7.3328 0
7.3328 0
7.3328 0
7.33281 0
7.33281 0
7.33281 0
7.33282 0
7.33282 0
7.33282 0
7.33283 0
7.33283 0
7.33284 0
7.33284 0
7.33284 0
7.33285 0
7.33285 0
7.33285 0
7.33286 0
7.33286 0
7.33286 0
7.33287 0
7.33287 0
7.33287 0
7.33288 0
7.33288 0
7.33289 0
7.33289 0
7.33289 0
7.3329 0
7.3329 0
7.3329 0
7.33291 0
7.33291 0
7.33292 0
7.33292 0
7.33293 0
7.33293 0
7.33294 0
7.33294 0
7.33295 0
7.33295 0
7.33296 0
7.33296 0
7.33297 0
7.33297 0
7.33298 0
7.33298 0
7.33299 0
7.33299 0
7.333 0
7.333 0
7.33301 0
7.33301 0
7.33302 0
7.33302 0
7.33303 0
7.33303 0
7.33304 0
7.33304 0
7.33305 0
7.33305 0
7.33306 0
7.33306 0
7.33307 0
7.33307 0
7.33307 0
7.33308 0
7.33308 0
7.33309 0
7.33309 0
7.3331 0
7.3331 0
7.33311 0
7.33311 0
7.33312 0
7.33312 0
7.33313 0
7.33313 0
7.33314 0
7.33315 0
7.33316 0
7.33316 0
7.33317 0
7.33318 0
7.33319 0
7.33319 0
7.3332 0
7.33321 0
7.33322 0
7.33322 0
7.33323 0
7.33324 0
7.33325 0
7.33325 0
7.33326 0
7.33327 0
7.33328 0
7.33328 0
7.33329 0
7.3333 0
7.33331 0
7.33332 0
7.33333 0
7.33334 0
7.33335 0
7.33336 0
7.33337 0
7.33338 0
7.33339 0
7.3334 0
7.33341 0
7.33342 0
7.33343 0
7.33344 0
7.33345 0
7.33346 0
7.33347 0
7.33348 0
7.33349 0
7.3335 0
7.33351 0
7.33352 0
7.33353 0
7.33354 0
7.33355 0
7.33356 0
7.33357 0
7.33358 0
7.33359 0
7.3336 0
7.33361 0
7.33362 0
7.33363 0
7.33364 0
7.33365 0
7.33367 0
7.33368 0
7.3337 0
7.3337 0
7.33372 0
7.33373 0
7.33375 0
7.33376 0
7.33378 0
7.33379 0
7.33381 0
7.33382 0
7.33384 0
7.33385 0
7.33387 0
7.33388 0
7.3339 0
7.33392 0
7.33394 0
7.33396 0
7.33398 0
7.334 0
7.33402 0
7.33404 0
7.33406 0
7.33408 0
7.3341 0
7.33411 0
7.33413 0
7.33415 0
7.33417 0
7.33419 0
7.33421 0
7.33423 0
7.33425 0
7.33427 0
7.33429 0
7.33431 0
7.33433 0
7.33435 0
7.33437 0
7.33439 0
7.33441 0
7.33443 0
7.33445 0
7.33447 0
7.33449 0
7.33451 0
7.33453 0
7.33454 0
7.33456 0
7.3346 0
7.33462 0
7.33466 0
7.33468 0
7.33472 0
7.33474 0
7.33478 0
7.3348 0
7.33484 0
7.33486 0
7.3349 0
7.33492 0
7.33495 0
7.33497 0
7.33501 0
7.33503 0
7.33507 0
7.33511 0
7.33515 0
7.33519 0
7.33523 0
7.33527 0
7.33531 0
7.33535 0
7.33538 0
7.33542 0
7.33546 0
7.3355 0
7.33554 0
7.33558 0
7.33562 0
7.33566 0
7.3357 0
7.33574 0
7.33578 0
7.33581 0
7.33585 0
7.33589 0
7.33593 0
7.33597 0
7.33601 0
7.33605 0
7.33609 0
7.33613 0
7.33617 0
7.3362 0
7.33624 0
7.33628 0
7.33636 0
7.3364 0
7.33648 0
7.33652 0
7.3366 0
7.33663 0
7.33671 0
7.33675 0
7.33683 0
7.33687 0
7.33695 0
7.33699 0
7.33706 0
7.3371 0
7.33718 0
7.33726 0
7.33734 0
7.33742 0
7.33749 0
7.33757 0
7.33765 0
7.33773 0
7.33781 0
7.33788 0
7.33796 0
7.33804 0
7.33812 0
7.3382 0
7.33828 0
7.33835 0
7.33843 0
7.33851 0
7.33859 0
7.33867 0
7.33874 0
7.33882 0
7.3389 0
7.33898 0
7.33906 0
7.33913 0
7.33921 0
7.33929 0
7.33937 0
7.33945 0
7.33953 0
7.33968 0
7.33976 0
7.33992 0
7.33999 0
7.34015 0
7.34023 0
7.34038 0
7.34046 0
7.34062 0
7.3407 0
7.34085 0
7.34093 0
7.34109 0
7.34117 0
7.34132 0
7.34148 0
7.34163 0
7.34179 0
7.34195 0
7.3421 0
7.34226 0
7.34242 0
7.34257 0
7.34273 0
7.34288 0
7.34304 0
7.3432 0
7.34335 0
7.34351 0
7.34367 0
7.34382 0
7.34398 0
7.34413 0
7.34429 0
7.34445 0
7.3446 0
7.34476 0
7.34492 0
7.34507 0
7.34523 0
7.34538 0
7.34554 0
7.3457 0
7.34601 0
7.34617 0
7.34648 0
7.34663 0
7.34695 0
7.3471 0
7.34742 0
7.34757 0
7.34788 0
7.34804 0
7.34835 0
7.34851 0
7.34882 0
7.34898 0
7.34929 0
7.3496 0
7.34992 0
7.35023 0
7.35054 0
7.35085 0
7.35117 0
7.35148 0
7.35179 0
7.3521 0
7.35242 0
7.35273 0
7.35304 0
7.35335 0
7.35367 0
7.35398 0
7.35429 0
7.3546 0
7.35492 0
7.35523 0
7.35554 0
7.35585 0
7.35617 0
7.35648 0
7.35679 0
7.3571 0
7.35742 0
7.35804 0
7.35835 0
7.35898 0
7.35929 0
7.35992 0
7.36023 0
7.36085 0
7.36117 0
7.36179 0
7.3621 0
7.36273 0
7.36304 0
7.36367 0
7.36429 0
7.36492 0
7.36554 0
7.36617 0
7.36679 0
7.36742 0
7.36804 0
7.36867 0
7.36929 0
7.36992 0
7.37054 0
7.37117 0
7.37179 0
7.37242 0
7.37304 0
7.37367 0
7.37429 0
7.37492 0
7.37554 0
7.37617 0
7.37679 0
7.37742 0
7.37804 0
7.37867 0
7.37929 0
7.37992 0
7.38117 0
7.38179 0
7.38304 0
7.38367 0
7.38492 0
7.38554 0
7.38679 0
7.38742 0
7.38867 0
7.38929 0
7.39054 0
7.39117 0
7.39242 0
7.39367 0
7.39492 0
7.39617 0
7.39742 0
7.39867 0
7.39992 0
7.40117 0
7.40242 0
7.40367 0
7.40492 0
7.40617 0
7.40742 0
7.40867 0
7.40992 0
7.41117 0
7.41242 0
7.41367 0
7.41492 0
7.41617 0
7.41742 0
7.41867 0
7.41992 0
7.42117 0
7.42242 0
7.42367 0
7.42617 0
7.42742 0
7.42992 0
7.43117 0
7.43367 0
7.43492 0
7.43742 0
7.43867 0
7.44117 0
7.44242 0
7.44492 0
7.44742 0
7.44992 0
7.45242 0
7.45492 0
7.45742 0
7.45992 0
7.46242 0
7.46492 0
7.46742 0
7.46992 0
7.47242 0
7.47492 0
7.47742 0
7.47992 0
7.48242 0
7.48492 0
7.48742 0
7.48992 0
7.49242 0
7.49492 0
7.49742 0
7.49992 0
7.50242 0
7.50492 0
7.50992 0
7.51242 0
7.51742 0
7.51992 0
7.52492 0
7.52742 0
7.53242 0
7.53492 0
7.53992 0
7.54242 0
7.54742 0
7.55242 0
7.55742 0
7.56242 0
7.56742 0
7.57242 0
7.57742 0
7.58242 0
7.58742 0
7.59242 0
7.59742 0
7.60242 0
7.60742 0
7.61242 0
7.61742 0
7.62242 0
7.62742 0
7.63242 0
7.63742 0
7.64242 0
7.64742 0
7.65242 0
7.65742 0
7.66242 0
7.67242 0
7.67742 0
7.68742 0
7.69242 0
7.70242 0
7.70742 0
7.71742 0
7.72242 0
7.73242 0
7.73742 0
7.74742 0
7.75742 0
7.76742 0
7.77742 0
7.78742 0
7.79742 0
7.80742 0
7.81742 0
7.82742 0
7.83742 0
7.84742 0
7.85742 0
7.86742 0
7.87742 0
7.88742 0
7.89742 0
7.90742 0
7.91742 0
7.92742 0
7.93742 0
7.94742 0
7.95742 0
7.96742 0
7.97742 0
7.99742 0
8.00742 0
8.02742 0
8.03742 0
8.05742 0
8.06742 0
8.08742 0
8.09742 0
8.11742 0
8.12742 0
8.14742 0
8.16742 0
8.18742 0
8.20742 0
8.22742 0
8.24742 0
8.26742 0
8.28742 0
8.30742 0
8.32742 0
8.34742 0
8.36742 0
8.38742 0
8.40742 0
8.42742 0
8.44742 0
8.46742 0
8.48742 0
8.50742 0
8.52742 0
8.54742 0
8.56742 0
8.58742 0
8.60742 0
8.62742 0
8.64742 0
8.68742 0
8.70742 0
8.74742 0
8.76742 0
8.78742 0
8.80742 0
8.82742 0
8.84742 0
8.86742 0
8.88742 0
8.90742 0
8.92742 0
8.94742 0
8.96742 0
8.98742 0
9.00742 0
9.02742 0
9.04742 0
9.06742 0
9.08742 0
9.10742 0
9.12742 0
9.14742 0
9.16742 0
9.18742 0
9.20742 0
9.22742 0
9.24742 0
9.26742 0
9.28742 0
9.30742 0
9.32742 0
9.34742 0
9.35742 0
9.37742 0
9.38742 0
9.40742 0
9.41742 0
9.43742 0
9.44742 0
9.46742 0
9.47742 0
9.49742 0
9.50742 0
9.52742 0
9.53742 0
9.54742 0
9.55742 0
9.56742 0
9.57742 0
9.58742 0
9.59742 0
9.60742 0
9.61742 0
9.62742 0
9.63742 0
9.64742 0
9.65742 0
9.66742 0
9.67742 0
9.68742 0
9.69742 0
9.70742 0
9.71742 0
9.72742 0
9.73742 0
9.74742 0
9.75742 0
9.76742 0
9.77742 0
9.78742 0
9.79742 0
9.80742 0
9.81742 0
9.82242 0
9.83242 0
9.83742 0
9.84742 0
9.85242 0
9.86242 0
9.86742 0
9.87742 0
9.88242 0
9.89242 0
9.89742 0
9.90742 0
9.91242 0
9.92242 0
9.92742 0
9.93242 0
9.93742 0
9.94242 0
9.94742 0
9.95242 0
9.95742 0
9.96242 0
9.96742 0
9.97242 0
9.97742 0
9.98242 0
9.98742 0
9.99242 0
9.99742 0
10.0024 0
10.0074 0
10.0124 0
10.0174 0
10.0224 0
10.0274 0
10.0324 0
10.0374 0
10.0424 0
10.0474 0
10.0524 0
10.0574 0
10.0624 0
10.0674 0
10.0724 0
10.0774 0
10.0799 0
10.0849 0
10.0874 0
10.0924 0
10.0949 0
10.0999 0
10.1024 0
10.1074 0
10.1099 0
10.1149 0
10.1174 0
10.1224 0
10.1249 0
10.1299 0
10.1324 0
10.1374 0
10.1399 0
10.1449 0
10.1474 0
10.1499 0
10.1524 0
10.1549 0
10.1574 0
10.1599 0
10.1624 0
10.1649 0
10.1674 0
10.1699 0
10.1724 0
10.1749 0
10.1774 0
10.1799 0
10.1824 0
10.1849 0
10.1874 0
10.1899 0
10.1924 0
10.1949 0
10.1974 0
10.1999 0
10.2024 0
10.2049 0
10.2074 0
10.2099 0
10.2124 0
10.2149 0
10.2174 0
10.2199 0
10.2224 0
10.2249 0
10.2274 0
10.2299 0
10.2324 0
10.2349 0
10.2374 0
10.2399 0
10.2424 0
10.2449 0
10.2474 0
10.2499 0
10.2524 0
10.2549 0
10.2574 0
10.2587 0
10.2612 0
10.2624 0
10.2649 0
10.2662 0
10.2687 0
10.2699 0
10.2724 0
10.2737 0
10.2762 0
10.2774 0
10.2799 0
10.2812 0
10.2837 0
10.2849 0
10.2874 0
10.2887 0
10.2912 0
10.2924 0
10.2949 0
10.2962 0
10.2987 0
10.2999 0
10.3024 0
10.3037 0
10.3062 0
10.3074 0
10.3099 0
10.3112 0
10.3124 0
10.3137 0
10.3149 0
10.3162 0
10.3174 0
10.3187 0
10.3199 0
10.3212 0
10.3224 0
10.3237 0
10.3249 0
10.3262 0
10.3274 0
10.3287 0
10.3299 0
10.3312 0
10.3324 0
10.3337 0
10.3349 0
10.3362 0
10.3387 0
10.3399 0
10.3424 0
10.3437 0
10.3462 0
10.3474 0
10.3499 0
10.3512 0
10.3537 0
10.3549 0
10.3574 0
10.3587 0
10.3612 0
10.3624 0
10.3649 0
10.3662 0
10.3687 0
10.3699 0
10.3724 0
10.3737 0
10.3762 0
10.3774 0
10.3799 0
10.3812 0
10.3837 0
10.3849 0
10.3874 0
10.3887 0
10.3912 0
10.3937 0
10.3962 0
10.3987 0
10.4012 0
10.4037 0
10.4062 0
10.4087 0
10.4112 0
10.4137 0
10.4162 0
10.4187 0
10.4212 0
10.4237 0
10.4262 0
10.4287 0
10.4312 0
10.4337 0
10.4362 0
10.4387 0
10.4412 0
10.4437 0
10.4462 0
10.4487 0
10.4512 0
10.4537 0
10.4562 0
10.4587 0
10.4612 0
10.4637 0
10.4662 0
10.4687 0
10.4712 0
10.4737 0
10.4762 0
10.4787 0
10.4812 0
10.4837 0
10.4862 0
10.4887 0
10.4912 0
10.4937 0
10.4962 0
10.4987 0
10.5012 0
10.5037 0
10.5062 0
10.5112 0
10.5137 0
10.5187 0
10.5212 0
10.5262 0
10.5287 0
10.5337 0
10.5362 0
10.5412 0
10.5437 0
10.5487 0
10.5512 0
10.5562 0
10.5587 0
10.5637 0
10.5662 0
10.5712 0
10.5737 0
10.5787 0
10.5837 0
10.5887 0
10.5937 0
10.5987 0
10.6037 0
10.6087 0
10.6137 0
10.6187 0
10.6237 0
10.6287 0
10.6337 0
10.6387 0
10.6437 0
10.6487 0
10.6537 0
10.6587 0
10.6637 0
10.6687 0
10.6737 0
10.6787 0
10.6837 0
10.6887 0
10.6937 0
10.6987 0
10.7037 0
10.7087 0
10.7137 0
10.7187 0
10.7237 0
10.7287 0
10.7337 0
10.7387 0
10.7487 0
10.7537 0
10.7637 0
10.7687 0
10.7787 0
10.7837 0
10.7937 0
10.7987 0
10.8087 0
10.8137 0
10.8237 0
10.8287 0
10.8387 0
10.8437 0
10.8537 0
10.8637 0
10.8737 0
10.8837 0
10.8937 0
10.9037 0
10.9137 0
10.9237 0
10.9337 0
10.9437 0
10.9537 0
10.9637 0
10.9737 0
10.9837 0
10.9937 0
11.0037 0
11.0137 0
11.0237 0
11.0337 0
11.0437 0
11.0537 0
11.0637 0
11.0737 0
11.0837 0
11.0937 0
11.1037 0
11.1137 0
11.1237 0
11.1337 0
11.1537 0
11.1637 0
11.1837 0
11.1937 0
11.2137 0
11.2237 0
11.2437 0
11.2537 0
11.2737 0
11.2837 0
11.3037 0
11.3137 0
11.3337 0
11.3537 0
11.3737 0
11.3937 0
11.4137 0
11.4337 0
11.4537 0
11.4737 0
11.4937 0
11.5137 0
11.5337 0
11.5537 0
11.5737 0
11.5937 0
11.6137 0
11.6337 0
11.6537 0
11.6737 0
11.6937 0
11.7137 0
11.7337 0
11.7537 0
11.7737 0
11.7937 0
11.8137 0
11.8337 0
11.8537 0
11.8737 0
11.8937 0
11.9137 0
11.9537 0
11.9737 0
12.0137 0
12.0337 0
12.0737 0
12.0937 0
12.1337 0
12.1537 0
12.1937 0
12.2137 0
12.2537 0
12.2737 0
12.3137 0
12.3537 0
12.3937 0
12.4337 0
12.4737 0
12.5137 0
12.5537 0
12.5937 0
12.6337 0
12.6737 0
12.7137 0
12.7537 0
12.7937 0
12.8337 0
12.8737 0
12.9537 0
12.9937 0
13.0337 0
13.0737 0
13.1137 0
13.1537 0
13.1937 0
13.2337 0
13.2737 0
13.3137 0
13.3537 0
13.3937 0
13.4337 0
13.4737 0
13.5137 0
13.5337 0
13.5737 0
13.5937 0
13.6337 0
13.6537 0
13.6937 0
13.7137 0
13.7537 0
13.7737 0
13.8137 0
13.8337 0
13.8737 0
13.8937 0
13.9137 0
13.9337 0
13.9537 0
13.9737 0
13.9937 0
14.0137 0
14.0337 0
14.0537 0
14.0737 0
14.0937 0
14.1137 0
14.1337 0
14.1537 0
14.1737 0
14.1937 0
14.2137 0
14.2337 0
14.2537 0
14.2737 0
14.2937 0
14.3137 0
14.3337 0
14.3537 0
14.3737 0
14.3937 0
14.4037 0
14.4237 0
14.4337 0
14.4537 0
14.4637 0
14.4837 0
14.4937 0
14.5137 0
14.5237 0
14.5437 0
14.5537 0
14.5737 0
14.5837 0
14.5937 0
14.6037 0
14.6137 0
14.6237 0
14.6337 0
14.6437 0
14.6537 0
14.6637 0
14.6737 0
14.6837 0
14.6937 0
14.7037 0
14.7137 0
14.7237 0
14.7337 0
14.7437 0
14.7537 0
14.7637 0
14.7737 0
14.7837 0
14.7937 0
14.8037 0
14.8137 0
14.8237 0
14.8337 0
14.8437 0
14.8487 0
14.8587 0
14.8637 0
14.8737 0
14.8787 0
14.8887 0
14.8937 0
14.9037 0
14.9087 0
14.9187 0
14.9237 0
14.9337 0
14.9387 0
14.9487 0
14.9537 0
14.9587 0
14.9637 0
14.9687 0
14.9737 0
14.9787 0
14.9837 0
14.9887 0
14.9937 0
14.9987 0
15.0037 0
15.0087 0
15.0137 0
15.0187 0
15.0237 0
15.0287 0
15.0337 0
15.0387 0
15.0437 0
15.0487 0
15.0537 0
15.0587 0
15.0637 0
15.0687 0
15.0737 0
15.0787 0
15.0837 0
15.0887 0
15.0912 0
15.0962 0
15.0987 0
15.1037 0
15.1062 0
15.1112 0
15.1137 0
15.1187 0
15.1212 0
15.1262 0
15.1287 0
15.1337 0
15.1362 0
15.1412 0
15.1437 0
15.1462 0
15.1487 0
15.1512 0
15.1537 0
15.1562 0
15.1587 0
15.1612 0
15.1637 0
15.1662 0
15.1687 0
15.1712 0
15.1737 0
15.1762 0
15.1787 0
15.1812 0
15.1837 0
15.1862 0
15.1887 0
15.1912 0
15.1937 0
15.1962 0
15.1987 0
15.2012 0
15.2037 0
15.2062 0
15.2087 0
15.2112 0
15.2137 0
15.2162 0
15.2187 0
15.2212 0
15.2237 0
15.2262 0
15.2287 0
15.2312 0
15.2337 0
15.2362 0
15.2387 0
15.2412 0
15.2437 0
15.2462 0
15.2487 0
15.2512 0
15.2524 0
15.2549 0
15.2562 0
15.2587 0
15.2599 0
15.2624 0
15.2637 0
15.2662 0
15.2674 0
15.2699 0
15.2712 0
15.2737 0
15.2749 0
15.2774 0
15.2787 0
15.2812 0
15.2824 0
15.2849 0
15.2862 0
15.2887 0
15.2899 0
15.2912 0
15.2924 0
15.2937 0
15.2949 0
15.2962 0
15.2974 0
15.2987 0
15.2999 0
15.3012 0
15.3024 0
15.3037 0
15.3049 0
15.3062 0
15.3074 0
15.3087 0
15.3099 0
15.3112 0
15.3124 0
15.3137 0
15.3149 0
15.3162 0
15.3174 0
15.3187 0
15.3199 0
15.3212 0
15.3224 0
15.3237 0
15.3249 0
15.3262 0
15.3274 0
15.3287 0
15.3299 0
15.3312 0
15.3324 0
15.3337 0
15.3349 0
15.3362 0
15.3374 0
15.3387 0
15.3399 0
15.3412 0
15.3424 0
15.3437 0
15.3449 0
15.3462 0
15.3474 0
15.3487 0
15.3499 0
15.3512 0
15.3524 0
15.3537 0
15.3549 0
15.3562 0
15.3574 0
15.3587 0
15.3599 0
15.3612 0
15.3624 0
15.3637 0
15.3649 0
15.3662 0
15.3674 0
15.3687 0
15.3699 0
15.3712 0
15.3724 0
15.3737 0
15.3749 0
15.3762 0
15.3774 0
15.3787 0
15.3799 0
15.3812 0
15.3824 0
15.3837 0
15.3849 0
15.3862 0
15.3874 0
15.3887 0
15.3899 0
15.3912 0
15.3924 0
15.3937 0
15.3949 0
15.3962 0
15.3974 0
15.3987 0
15.3999 0
15.4012 0
15.4024 0
15.4049 0
15.4062 0
15.4087 0
15.4099 0
15.4124 0
15.4137 0
15.4162 0
15.4174 0
15.4199 0
15.4212 0
15.4237 0
15.4249 0
15.4274 0
15.4287 0
15.4312 0
15.4324 0
15.4349 0
15.4362 0
15.4387 0
15.4399 0
15.4424 0
15.4437 0
15.4462 0
15.4487 0
15.4512 0
15.4537 0
15.4562 0
15.4587 0
15.4612 0
15.4637 0
15.4662 0
15.4687 0
15.4712 0
15.4737 0
15.4762 0
15.4787 0
15.4812 0
15.4837 0
15.4862 0
15.4887 0
15.4912 0
15.4937 0
15.4962 0
15.4987 0
15.5012 0
15.5037 0
15.5062 0
15.5087 0
15.5112 0
15.5137 0
15.5162 0
15.5187 0
15.5212 0
15.5237 0
15.5262 0
15.5287 0
15.5312 0
15.5337 0
15.5362 0
15.5387 0
15.5412 0
15.5437 0
15.5462 0
15.5487 0
15.5537 0
15.5562 0
15.5612 0
15.5637 0
15.5687 0
15.5712 0
15.5762 0
15.5787 0
15.5837 0
15.5862 0
15.5912 0
15.5937 0
15.5987 0
15.6012 0
15.6062 0
15.6087 0
15.6137 0
15.6187 0
15.6237 0
15.6287 0
15.6337 0
15.6387 0
15.6437 0
15.6487 0
15.6537 0
15.6587 0
15.6637 0
15.6687 0
15.6737 0
15.6787 0
15.6837 0
15.6887 0
15.6937 0
15.6987 0
15.7037 0
15.7087 0
15.7137 0
15.7187 0
15.7237 0
15.7287 0
15.7337 0
15.7387 0
15.7437 0
15.7487 0
15.7537 0
15.7587 0
15.7687 0
15.7737 0
15.7837 0
15.7887 0
15.7987 0
15.8037 0
15.8137 0
15.8187 0
15.8287 0
15.8337 0
15.8437 0
15.8487 0
15.8587 0
15.8687 0
15.8787 0
15.8887 0
15.8987 0
15.9087 0
15.9187 0
15.9287 0
15.9387 0
15.9487 0
15.9587 0
15.9687 0
15.9787 0
15.9887 0
15.9987 0
16.0087 0
16.0187 0
16.0287 0
16.0387 0
16.0487 0
16.0587 0
16.0687 0
16.0787 0
16.0887 0
16.0987 0
16.1087 0
16.1187 0
16.1287 0
16.1387 0
16.1587 0
16.1687 0
16.1887 0
16.1987 0
16.2187 0
16.2287 0
16.2487 0
16.2587 0
16.2787 0
16.2887 0
16.3087 0
16.3187 0
16.3387 0
16.3587 0
16.3787 0
16.3987 0
16.4187 0
16.4387 0
16.4587 0
16.4787 0
16.4987 0
16.5187 0
16.5387 0
16.5587 0
16.5787 0
16.5987 0
16.6187 0
16.6387 0
16.6587 0
16.6787 0
16.6987 0
16.7187 0
16.7387 0
16.7587 0
16.7787 0
16.7987 0
16.8187 0
16.8387 0
16.8587 0
16.8787 0
16.8987 0
16.9387 0
16.9587 0
16.9987 0
17.0187 0
17.0587 0
17.0787 0
17.1187 0
17.1387 0
17.1787 0
17.1987 0
17.2387 0
17.2587 0
17.2987 0
17.3387 0
17.3787 0
17.4187 0
17.4587 0
17.4987 0
17.5387 0
17.5787 0
17.6187 0
17.6587 0
17.6987 0
17.7387 0
17.7787 0
17.8187 0
17.8587 0
17.9387 0
17.9787 0
18.0187 0
18.0587 0
18.0987 0
18.1387 0
18.1787 0
18.2187 0
18.2587 0
18.2987 0
18.3387 0
18.3787 0
18.4187 0
18.4587 0
18.4987 0
18.5187 0
18.5587 0
18.5787 0
18.6187 0
18.6387 0
18.6787 0
18.6987 0
18.7387 0
18.7587 0
18.7987 0
18.8187 0
18.8587 0
18.8787 0
18.8987 0
18.9187 0
18.9387 0
18.9587 0
18.9787 0
18.9987 0
19.0187 0
19.0387 0
19.0587 0
19.0787 0
19.0987 0
19.1187 0
19.1387 0
19.1587 0
19.1787 0
19.1987 0
19.2187 0
19.2387 0
19.2587 0
19.2787 0
19.2987 0
19.3187 0
19.3387 0
19.3587 0
19.3787 0
19.3987 0
19.4087 0
19.4287 0
19.4387 0
19.4587 0
19.4687 0
19.4887 0
19.4987 0
19.5187 0
19.5287 0
19.5487 0
19.5587 0
19.5787 0
19.5887 0
19.5987 0
19.6087 0
19.6187 0
19.6287 0
19.6387 0
19.6487 0
19.6587 0
19.6687 0
19.6787 0
19.6887 0
19.6987 0
19.7087 0
19.7187 0
19.7287 0
19.7387 0
19.7487 0
19.7587 0
19.7687 0
19.7787 0
19.7887 0
19.7987 0
19.8087 0
19.8187 0
19.8287 0
19.8387 0
19.8487 0
19.8537 0
19.8637 0
19.8687 0
19.8787 0
19.8837 0
19.8937 0
19.8987 0
19.9087 0
19.9137 0
19.9237 0
19.9287 0
19.9387 0
19.9437 0
19.9487 0
19.9537 0
19.9587 0
19.9637 0
19.9687 0
19.9737 0
19.9787 0
19.9837 0
19.9887 0
19.9937 0
19.9987 0
20.0037 0
20.0087 0
20.0137 0
20.0187 0
20.0237 0
20.0287 0
20.0337 0
20.0387 0
20.0437 0
20.0487 0
20.0537 0
20.0587 0
20.0637 0
20.0687 0
20.0737 0
20.0787 0
20.0812 0
20.0862 0
20.0887 0
20.0937 0
20.0962 0
20.1012 0
20.1037 0
20.1087 0
20.1112 0
20.1162 0
20.1187 0
20.1237 0
20.1262 0
20.1312 0
20.1337 0
20.1362 0
20.1387 0
20.1412 0
20.1437 0
20.1462 0
20.1487 0
20.1512 0
20.1537 0
20.1562 0
20.1587 0
20.1612 0
20.1637 0
20.1662 0
20.1687 0
20.1712 0
20.1737 0
20.1762 0
20.1787 0
20.1812 0
20.1837 0
20.1862 0
20.1887 0
20.1912 0
20.1937 0
20.1962 0
20.1987 0
20.2012 0
20.2037 0
20.2062 0
20.2087 0
20.2112 0
20.2137 0
20.2162 0
20.2187 0
20.2199 0
20.2224 0
20.2237 0
20.2262 0
20.2274 0
20.2299 0
20.2312 0
20.2337 0
20.2349 0
20.2374 0
20.2387 0
20.2412 0
20.2424 0
20.2449 0
20.2462 0
20.2487 0
20.2499 0
20.2524 0
20.2537 0
20.2562 0
20.2574 0
20.2599 0
20.2612 0
20.2637 0
20.2649 0
20.2662 0
20.2674 0
20.2687 0
20.2699 0
20.2712 0
20.2724 0
20.2737 0
20.2749 0
20.2762 0
20.2774 0
20.2787 0
20.2799 0
20.2812 0
20.2824 0
20.2837 0
20.2849 0
20.2862 0
20.2874 0
20.2887 0
20.2899 0
20.2912 0
20.2924 0
20.2937 0
20.2949 0
20.2962 0
20.2974 0
20.2987 0
20.2999 0
20.3012 0
20.3024 0
20.3037 0
20.3049 0
20.3062 0
20.3074 0
20.3087 0
20.3099 0
20.3112 0
20.3124 0
20.3137 0
20.3149 0
20.3162 0
20.3174 0
20.318 0
20.3193 0
20.3199 0
20.3212 0
20.3218 0
20.323 0
20.3237 0
20.3249 0
20.3255 0
20.3268 0
20.3274 0
20.3287 0
20.3293 0
20.3305 0
20.3312 0
20.3324 0
20.333 0
20.3343 0
20.3349 0
20.3362 0
20.3368 0
20.338 0
20.3387 0
20.3399 0
20.3405 0
20.3418 0
20.3424 0
20.3437 0
20.3443 0
20.3455 0
20.3462 0
20.3474 0
20.348 0
20.3493 0
20.3499 0
20.3512 0
20.3518 0
20.353 0
20.3537 0
20.3549 0
20.3555 0
20.3568 0
20.358 0
20.3593 0
20.3605 0
20.3618 0
20.363 0
20.3643 0
20.3655 0
20.3668 0
20.368 0
20.3693 0
20.3705 0
20.3718 0
20.373 0
20.3743 0
20.3755 0
20.3768 0
20.378 0
20.3793 0
20.3805 0
20.3818 0
20.383 0
20.3843 0
20.3855 0
20.3868 0
20.388 0
20.3893 0
20.3905 0
20.3918 0
20.393 0
20.3943 0
20.3955 0
20.3968 0
20.398 0
20.3993 0
20.4005 0
20.4018 0
20.403 0
20.4043 0
20.4055 0
20.4068 0
20.408 0
20.4105 0
20.4118 0
20.4143 0
20.4155 0
20.418 0
20.4193 0
20.4218 0
20.423 0
20.4255 0
20.4268 0
20.4293 0
20.4305 0
20.433 0
20.4343 0
20.4368 0
20.438 0
20.4405 0
20.4418 0
20.4443 0
20.4455 0
20.448 0
20.4493 0
20.4518 0
20.453 0
20.4555 0
20.458 0
20.4605 0
20.463 0
20.4655 0
20.468 0
20.4705 0
20.473 0
20.4755 0
20.478 0
20.4805 0
20.483 0
20.4855 0
20.488 0
20.4905 0
20.493 0
20.4955 0
20.498 0
20.5005 0
20.503 0
20.5055 0
20.508 0
20.5105 0
20.513 0
20.5155 0
20.518 0
20.5205 0
20.523 0
20.5255 0
20.528 0
20.5305 0
20.533 0
20.5355 0
20.538 0
20.5405 0
20.543 0
20.5455 0
20.5505 0
20.553 0
20.558 0
20.5605 0
20.5655 0
20.568 0
20.573 0
20.5755 0
20.5805 0
20.583 0
20.588 0
20.5905 0
20.5955 0
20.598 0
20.603 0
20.608 0
20.613 0
20.618 0
20.623 0
20.628 0
20.633 0
20.638 0
20.643 0
20.648 0
20.653 0
20.658 0
20.663 0
20.668 0
20.673 0
20.678 0
20.683 0
20.688 0
20.693 0
20.698 0
20.703 0
20.708 0
20.713 0
20.718 0
20.723 0
20.728 0
20.733 0
20.738 0
20.743 0
20.753 0
20.758 0
20.768 0
20.773 0
20.783 0
20.788 0
20.798 0
20.803 0
20.813 0
20.818 0
20.828 0
20.833 0
20.843 0
20.853 0
20.863 0
20.873 0
20.883 0
20.893 0
20.903 0
20.913 0
20.923 0
20.933 0
20.943 0
20.953 0
20.963 0
20.973 0
20.983 0
20.993 0
21.003 0
21.013 0
21.023 0
21.033 0
21.043 0
21.053 0
21.063 0
21.073 0
21.083 0
21.093 0
21.103 0
21.113 0
21.133 0
21.143 0
21.163 0
21.173 0
21.193 0
21.203 0
21.223 0
21.233 0
21.253 0
21.263 0
21.283 0
21.293 0
21.313 0
21.333 0
21.353 0
21.373 0
21.393 0
21.413 0
21.433 0
21.453 0
21.473 0
21.493 0
21.513 0
21.533 0
21.553 0
21.573 0
21.593 0
21.613 0
21.633 0
21.653 0
21.673 0
21.693 0
21.713 0
21.733 0
21.753 0
21.773 0
21.793 0
21.813 0
21.833 0
21.853 0
21.873 0
21.913 0
21.933 0
21.973 0
21.993 0
22.033 0
22.053 0
22.093 0
22.113 0
22.153 0
22.173 0
22.213 0
22.233 0
22.273 0
22.313 0
22.353 0
22.393 0
22.433 0
22.473 0
22.513 0
22.553 0
22.593 0
22.633 0
22.673 0
22.713 0
22.753 0
22.793 0
22.833 0
22.873 0
22.913 0
22.953 0
22.993 0
23.033 0
23.073 0
23.113 0
23.153 0
23.193 0
23.233 0
23.273 0
23.313 0
23.353 0
23.393 0
23.433 0
23.473 0
23.493 0
23.533 0
23.553 0
23.593 0
23.613 0
23.653 0
23.673 0
23.713 0
23.733 0
23.773 0
23.793 0
23.833 0
23.853 0
23.873 0
23.893 0
23.913 0
23.933 0
23.953 0
23.973 0
23.993 0
24.013 0
24.033 0
24.053 0
24.073 0
24.093 0
24.113 0
24.133 0
24.153 0
24.173 0
24.193 0
24.213 0
24.233 0
24.253 0
24.273 0
24.293 0
24.313 0
24.333 0
24.353 0
24.363 0
24.383 0
24.393 0
24.413 0
24.423 0
24.443 0
24.453 0
24.473 0
24.483 0
24.503 0
24.513 0
24.533 0
24.543 0
24.553 0
24.563 0
24.573 0
24.583 0
24.593 0
24.603 0
24.613 0
24.623 0
24.633 0
24.643 0
24.653 0
24.663 0
24.673 0
24.683 0
24.693 0
24.703 0
24.713 0
24.723 0
24.733 0
24.743 0
24.753 0
24.763 0
24.773 0
24.783 0
24.788 0
24.798 0
24.803 0
24.813 0
24.818 0
24.828 0
24.833 0
24.843 0
24.848 0
24.858 0
24.863 0
24.873 0
24.878 0
24.883 0
24.888 0
24.893 0
24.898 0
24.903 0
24.908 0
24.913 0
24.918 0
24.923 0
24.928 0
24.933 0
24.938 0
24.943 0
24.948 0
24.953 0
24.958 0
24.963 0
24.968 0
24.973 0
24.978 0
24.983 0
24.988 0
24.993 0
24.998 0
25.003 0
25.0055 0
25.0105 0
25.013 0
25.018 0
25.0205 0
25.0255 0
25.028 0
25.033 0
25.0355 0
25.0405 0
25.043 0
25.048 0
25.0505 0
25.0555 0
25.058 0
25.0605 0
25.063 0
25.0655 0
25.068 0
25.0705 0
25.073 0
25.0755 0
25.078 0
25.0805 0
25.083 0
25.0855 0
25.088 0
25.0905 0
25.093 0
25.0955 0
25.098 0
25.1005 0
25.103 0
25.1055 0
25.108 0
25.1105 0
25.113 0
25.1155 0
25.118 0
25.1205 0
25.123 0
25.1255 0
25.128 0
25.1305 0
25.1318 0
25.1343 0
25.1355 0
25.138 0
25.1393 0
25.1418 0
25.143 0
25.1455 0
25.1468 0
25.1493 0
25.1505 0
25.153 0
25.1543 0
25.1568 0
25.158 0
25.1605 0
25.1618 0
25.163 0
25.1643 0
25.1655 0
25.1668 0
25.168 0
25.1693 0
25.1705 0
25.1718 0
25.173 0
25.1743 0
25.1755 0
25.1768 0
25.178 0
25.1793 0
25.1805 0
25.1818 0
25.183 0
25.1843 0
25.1855 0
25.1868 0
25.188 0
25.1893 0
25.1905 0
25.1918 0
25.193 0
25.1943 0
25.1955 0
25.1968 0
25.198 0
25.1993 0
25.2005 0
25.2018 0
25.203 0
25.2043 0
25.2055 0
25.2068 0
25.208 0
25.2093 0
25.2105 0
25.2118 0
25.213 0
25.2143 0
25.2155 0
25.2168 0
25.218 0
25.2193 0
25.2205 0
25.2218 0
25.2224 0
25.2237 0
25.2243 0
25.2255 0
25.2262 0
25.2274 0
25.228 0
25.2293 0
25.2299 0
25.2312 0
25.2318 0
25.233 0
25.2337 0
25.2349 0
25.2355 0
25.2362 0
25.2368 0
25.2374 0
25.238 0
25.2387 0
25.2393 0
25.2399 0
25.2405 0
25.2412 0
25.2418 0
25.2424 0
25.243 0
25.2437 0
25.2443 0
25.2449 0
25.2455 0
25.2462 0
25.2468 0
25.2474 0
25.248 0
25.2487 0
25.2493 0
25.2499 0
25.2505 0
25.2512 0
25.2518 0
25.2524 0
25.253 0
25.2537 0
25.2543 0
25.2549 0
25.2555 0
25.2562 0
25.2568 0
25.2574 0
25.258 0
25.2587 0
25.2593 0
25.2599 0
25.2605 0
25.2612 0
25.2618 0
25.2624 0
25.263 0
25.2637 0
25.2643 0
25.2649 0
25.2655 0
25.2662 0
25.2668 0
25.2674 0
25.268 0
25.2687 0
25.2693 0
25.2699 0
25.2705 0
25.2712 0
25.2718 0
25.2724 0
25.273 0
25.2737 0
25.2743 0
25.2749 0
25.2755 0
25.2762 0
25.2768 0
25.2774 0
25.278 0
25.2787 0
25.2793 0
25.2799 0
25.2805 0
25.2812 0
25.2818 0
25.2824 0
25.283 0
25.2843 0
25.2849 0
25.2862 0
25.2868 0
25.288 0
25.2887 0
25.2899 0
25.2905 0
25.2918 0
25.2924 0
25.2937 0
25.2943 0
25.2955 0
25.2962 0
25.2974 0
25.298 0
25.2993 0
25.3005 0
25.3018 0
25.303 0
25.3043 0
25.3055 0
25.3068 0
25.308 0
25.3093 0
25.3105 0
25.3118 0
25.313 0
25.3143 0
25.3155 0
25.3168 0
25.318 0
25.3193 0
25.3205 0
25.3218 0
25.323 0
25.3243 0
25.3255 0
25.3268 0
25.328 0
25.3293 0
25.3305 0
25.3318 0
25.333 0
25.3343 0
25.3355 0
25.3368 0
25.338 0
25.3393 0
25.3405 0
25.3418 0
25.343 0
25.3443 0
25.3455 0
25.3468 0
25.348 0
25.3493 0
25.3505 0
25.3518 0
25.353 0
25.3543 0
25.3555 0
25.3568 0
25.358 0
25.3593 0
25.3618 0
25.363 0
25.3655 0
25.3668 0
25.3693 0
25.3705 0
25.373 0
25.3743 0
25.3768 0
25.378 0
25.3805 0
25.3818 0
25.3843 0
25.3855 0
25.388 0
25.3893 0
25.3918 0
25.3943 0
25.3968 0
25.3993 0
25.4018 0
25.4043 0
25.4068 0
25.4093 0
25.4118 0
25.4143 0
25.4168 0
25.4193 0
25.4218 0
25.4243 0
25.4268 0
25.4293 0
25.4318 0
25.4343 0
25.4368 0
25.4393 0
25.4418 0
25.4443 0
25.4468 0
25.4493 0
25.4518 0
25.4543 0
25.4568 0
25.4593 0
25.4618 0
25.4643 0
25.4668 0
25.4693 0
25.4743 0
25.4768 0
25.4818 0
25.4843 0
25.4893 0
25.4918 0
25.4968 0
25.4993 0
25.5043 0
25.5068 0
25.5118 0
25.5143 0
25.5193 0
25.5243 0
25.5293 0
25.5343 0
25.5393 0
25.5443 0
25.5493 0
25.5543 0
25.5593 0
25.5643 0
25.5693 0
25.5743 0
25.5793 0
25.5843 0
25.5893 0
25.5943 0
25.5993 0
25.6043 0
25.6093 0
25.6143 0
25.6193 0
25.6243 0
25.6293 0
25.6343 0
25.6393 0
25.6443 0
25.6493 0
25.6543 0
25.6643 0
25.6693 0
25.6793 0
25.6843 0
25.6943 0
25.6993 0
25.7093 0
25.7143 0
25.7243 0
25.7293 0
25.7393 0
25.7443 0
25.7543 0
25.7643 0
25.7743 0
25.7843 0
25.7943 0
25.8043 0
25.8143 0
25.8243 0
25.8343 0
25.8443 0
25.8543 0
25.8643 0
25.8743 0
25.8843 0
25.8943 0
25.9043 0
25.9143 0
25.9243 0
25.9343 0
25.9443 0
25.9543 0
25.9643 0
25.9743 0
25.9843 0
25.9943 0
26.0043 0
26.0143 0
26.0243 0
26.0343 0
26.0543 0
26.0643 0
26.0843 0
26.0943 0
26.1143 0
26.1243 0
26.1443 0
26.1543 0
26.1743 0
26.1843 0
26.2043 0
26.2143 0
26.2343 0
26.2443 0
26.2643 0
26.2743 0
26.2943 0
26.3043 0
26.3243 0
26.3343 0
26.3443 0
26.3543 0
26.3643 0
26.3743 0
26.3843 0
26.3943 0
26.4043 0
26.4143 0
26.4243 0
26.4343 0
26.4443 0
26.4543 0
26.4643 0
26.4743 0
26.4843 0
26.4943 0
26.5043 0
26.5143 0
26.5243 0
26.5343 0
26.5443 0
26.5543 0
26.5643 0
26.5743 0
26.5843 0
26.5943 0
26.6043 0
26.6143 0
26.6243 0
26.6343 0
26.6443 0
26.6543 0
26.6643 0
26.6743 0
26.6843 0
26.6943 0
26.7043 0
26.7143 0
26.7243 0
26.7293 0
26.7393 0
26.7443 0
26.7543 0
26.7593 0
26.7693 0
26.7743 0
26.7843 0
26.7893 0
26.7993 0
26.8043 0
26.8143 0
26.8193 0
26.8293 0
26.8343 0
26.8443 0
26.8493 0
26.8593 0
26.8643 0
26.8743 0
26.8793 0
26.8893 0
26.8943 0
26.9043 0
26.9093 0
26.9193 0
26.9243 0
26.9343 0
26.9393 0
26.9493 0
26.9543 0
26.9643 0
26.9693 0
26.9793 0
26.9843 0
26.9943 0
26.9993 0
27.0093 0
27.0143 0
27.0243 0
27.0293 0
27.0393 0
27.0443 0
27.0543 0
27.0593 0
27.0693 0
27.0743 0
27.0843 0
27.0893 0
27.0993 0
27.1043 0
27.1093 0
27.1143 0
27.1193 0
27.1243 0
27.1293 0
27.1343 0
27.1393 0
27.1443 0
27.1493 0
27.1543 0
27.1593 0
27.1643 0
27.1693 0
27.1743 0
27.1793 0
27.1843 0
27.1893 0
27.1943 0
27.2043 0
27.2093 0
27.2193 0
27.2243 0
27.2343 0
27.2393 0
27.2493 0
27.2543 0
27.2643 0
27.2693 0
27.2793 0
27.2843 0
27.2943 0
27.2993 0
27.3093 0
27.3143 0
27.3243 0
27.3293 0
27.3393 0
27.3443 0
27.3543 0
27.3643 0
27.3743 0
27.3843 0
27.3943 0
27.4043 0
27.4143 0
27.4243 0
27.4343 0
27.4443 0
27.4493 0
27.4593 0
27.4643 0
27.4743 0
27.4793 0
27.4893 0
27.4943 0
27.5043 0
27.5093 0
27.5143 0
27.5193 0
27.5243 0
27.5293 0
27.5343 0
27.5393 0
27.5443 0
27.5493 0
27.5543 0
27.5593 0
27.5643 0
27.5693 0
27.5743 0
27.5793 0
27.5843 0
27.5893 0
27.5943 0
27.5993 0
27.6043 0
27.6093 0
27.6143 0
27.6168 0
27.6218 0
27.6243 0
27.6293 0
27.6318 0
27.6368 0
27.6393 0
27.6443 0
27.6468 0
27.6518 0
27.6543 0
27.6568 0
27.6593 0
27.6618 0
27.6643 0
27.6668 0
27.6693 0
27.6718 0
27.6743 0
27.6768 0
27.6793 0
27.6818 0
27.6843 0
27.6868 0
27.6893 0
27.6918 0
27.6943 0
27.6968 0
27.6993 0
27.7018 0
27.7043 0
27.7068 0
27.7093 0
27.7118 0
27.7143 0
27.7168 0
27.7193 0
27.7205 0
27.723 0
27.7243 0
27.7268 0
27.728 0
27.7305 0
27.7318 0
27.7343 0
27.7355 0
27.738 0
27.7393 0
27.7418 0
27.743 0
27.7443 0
27.7455 0
27.7468 0
27.748 0
27.7493 0
27.7505 0
27.7518 0
27.753 0
27.7543 0
27.7555 0
27.7568 0
27.758 0
27.7593 0
27.7605 0
27.7618 0
27.763 0
27.7643 0
27.7655 0
27.7668 0
27.768 0
27.7693 0
27.7705 0
27.7718 0
27.773 0
27.7743 0
27.7755 0
27.7768 0
27.778 0
27.7787 0
27.7799 0
27.7805 0
27.7818 0
27.7824 0
27.7837 0
27.7843 0
27.7855 0
27.7862 0
27.7874 0
27.788 0
27.7893 0
27.7899 0
27.7912 0
27.7918 0
27.7924 0
27.793 0
27.7937 0
27.7943 0
27.7949 0
27.7955 0
27.7962 0
27.7968 0
27.7974 0
27.798 0
27.7987 0
27.7993 0
27.7999 0
27.8005 0
27.8012 0
27.8018 0
27.8024 0
27.803 0
27.8037 0
27.8043 0
27.8049 0
27.8055 0
27.8062 0
27.8068 0
27.8074 0
27.808 0
27.8087 0
27.8093 0
27.8099 0
27.8105 0
27.8112 0
27.8118 0
27.8124 0
27.813 0
27.8137 0
27.8143 0
27.8149 0
27.8155 0
27.8159 0
27.8165 0
27.8168 0
27.8174 0
27.8177 0
27.8184 0
27.8187 0
27.8193 0
27.8196 0
27.8202 0
27.8205 0
27.8212 0
27.8215 0
27.8221 0
27.8224 0
27.823 0
27.8234 0
27.824 0
27.8243 0
27.8249 0
27.8252 0
27.8259 0
27.8262 0
27.8268 0
27.8271 0
27.8277 0
27.828 0
27.8287 0
27.829 0
27.8296 0
27.8299 0
27.8302 0
27.8305 0
27.8309 0
27.8312 0
27.8315 0
27.8318 0
27.8321 0
27.8324 0
27.8327 0
27.833 0
27.8334 0
27.8337 0
27.834 0
27.8343 0
27.8346 0
27.8349 0
27.8352 0
27.8355 0
27.8359 0
27.8362 0
27.8365 0
27.8368 0
27.8371 0
27.8374 0
27.8377 0
27.838 0
27.8384 0
27.8387 0
27.839 0
27.8393 0
27.8396 0
27.8399 0
27.8402 0
27.8405 0
27.8409 0
27.8412 0
27.8415 0
27.8418 0
27.8421 0
27.8424 0
27.8427 0
27.843 0
27.8434 0
27.8437 0
27.844 0
27.8443 0
27.8446 0
27.8449 0
27.8452 0
27.8455 0
27.8459 0
27.8462 0
27.8465 0
27.8468 0
27.8471 0
27.8474 0
27.8477 0
27.848 0
27.8484 0
27.8487 0
27.849 0
27.8493 0
27.8496 0
27.8499 0
27.8502 0
27.8505 0
27.8509 0
27.8512 0
27.8515 0
27.8518 0
27.8521 0
27.8524 0
27.8527 0
27.853 0
27.8534 0
27.8537 0
27.854 0
27.8543 0
27.8546 0
27.8549 0
27.8552 0
27.8555 0
27.8559 0
27.8562 0
27.8565 0
27.8568 0
27.8571 0
27.8574 0
27.8577 0
27.858 0
27.8584 0
27.859 0
27.8593 0
27.8599 0
27.8602 0
27.8609 0
27.8612 0
27.8618 0
27.8621 0
27.8627 0
27.863 0
27.8637 0
27.864 0
27.8646 0
27.8649 0
27.8655 0
27.8659 0
27.8665 0
27.8668 0
27.8674 0
27.8677 0
27.8684 0
27.8687 0
27.8693 0
27.8696 0
27.8702 0
27.8705 0
27.8712 0
27.8715 0
27.8721 0
27.8727 0
27.8734 0
27.874 0
27.8746 0
27.8752 0
27.8759 0
27.8765 0
27.8771 0
27.8777 0
27.8784 0
27.879 0
27.8796 0
27.8802 0
27.8809 0
27.8815 0
27.8821 0
27.8827 0
27.8834 0
27.884 0
27.8846 0
27.8852 0
27.8859 0
27.8865 0
27.8871 0
27.8877 0
27.8884 0
27.889 0
27.8896 0
27.8902 0
27.8909 0
27.8915 0
27.8921 0
27.8927 0
27.8934 0
27.894 0
27.8946 0
27.8952 0
27.8959 0
27.8965 0
27.8977 0
27.8984 0
27.8996 0
27.9002 0
27.9015 0
27.9021 0
27.9034 0
27.904 0
27.9052 0
27.9059 0
27.9071 0
27.9077 0
27.909 0
27.9096 0
27.9109 0
27.9115 0
27.9127 0
27.914 0
27.9152 0
27.9165 0
27.9177 0
27.919 0
27.9202 0
27.9215 0
27.9227 0
27.924 0
27.9252 0
27.9265 0
27.9277 0
27.929 0
27.9302 0
27.9315 0
27.9327 0
27.934 0
27.9352 0
27.9365 0
27.9377 0
27.939 0
27.9402 0
27.9415 0
27.9427 0
27.944 0
27.9452 0
27.9465 0
27.9477 0
27.9502 0
27.9515 0
27.954 0
27.9552 0
27.9577 0
27.959 0
27.9615 0
27.9627 0
27.9652 0
27.9665 0
27.969 0
27.9702 0
27.9727 0
27.9752 0
27.9777 0
27.9802 0
27.9827 0
27.9852 0
27.9877 0
27.9902 0
27.9927 0
27.9952 0
27.9977 0
28.0002 0
28.0027 0
28.0052 0
28.0077 0
28.0102 0
28.0127 0
28.0152 0
28.0177 0
28.0202 0
28.0227 0
28.0252 0
28.0277 0
28.0302 0
28.0327 0
28.0352 0
28.0377 0
28.0427 0
28.0452 0
28.0502 0
28.0527 0
28.0577 0
28.0602 0
28.0652 0
28.0677 0
28.0727 0
28.0752 0
28.0802 0
28.0827 0
28.0877 0
28.0927 0
28.0977 0
28.1027 0
28.1077 0
28.1127 0
28.1177 0
28.1227 0
28.1277 0
28.1327 0
28.1377 0
28.1427 0
28.1477 0
28.1527 0
28.1577 0
28.1627 0
28.1677 0
28.1727 0
28.1777 0
28.1827 0
28.1877 0
28.1927 0
28.1977 0
28.2027 0
28.2127 0
28.2177 0
28.2277 0
28.2327 0
28.2427 0
28.2477 0
28.2577 0
28.2627 0
28.2727 0
28.2777 0
28.2877 0
28.2977 0
28.3077 0
28.3177 0
28.3277 0
28.3377 0
28.3477 0
28.3577 0
28.3677 0
28.3777 0
28.3877 0
28.3977 0
28.4077 0
28.4177 0
28.4277 0
28.4377 0
28.4477 0
28.4577 0
28.4677 0
28.4777 0
28.4877 0
28.4977 0
28.5077 0
28.5177 0
28.5377 0
28.5477 0
28.5677 0
28.5777 0
28.5977 0
28.6077 0
28.6277 0
28.6377 0
28.6577 0
28.6677 0
28.6877 0
28.7077 0
28.7277 0
28.7477 0
28.7677 0
28.7877 0
28.8077 0
28.8277 0
28.8477 0
28.8677 0
28.8877 0
28.9077 0
28.9277 0
28.9477 0
28.9677 0
28.9877 0
29.0077 0
29.0277 0
29.0477 0
29.0677 0
29.0877 0
29.1077 0
29.1277 0
29.1477 0
29.1877 0
29.2077 0
29.2477 0
29.2677 0
29.3077 0
29.3277 0
29.3677 0
29.3877 0
29.4277 0
29.4477 0
29.4877 0
29.5077 0
29.5477 0
29.5877 0
29.6277 0
29.6677 0
29.7077 0
29.7477 0
29.7877 0
29.8277 0
29.8677 0
29.9077 0
29.9477 0
29.9877 0
30.0277 0
30.0677 0
30.1077 0
30.1477 0
30.1877 0
30.2277 0
30.2677 0
30.3077 0
30.3477 0
30.3877 0
30.4277 0
30.4677 0
30.5077 0
30.5477 0
30.5877 0
30.6277 0
30.6677 0
30.7077 0
30.7477 0
30.7877 0
30.8277 0
30.8677 0
30.9077 0
30.9477 0
30.9877 0
31.0277 0
31.0677 0
31.1077 0
31.1277 0
31.1677 0
31.1877 0
31.2277 0
31.2477 0
31.2877 0
31.3077 0
31.3477 0
31.3677 0
31.4077 0
31.4277 0
31.4677 0
31.4877 0
31.5277 0
31.5477 0
31.5877 0
31.6077 0
31.6277 0
31.6477 0
31.6677 0
31.6877 0
31.7077 0
31.7277 0
31.7477 0
31.7677 0
31.7877 0
31.8077 0
31.8277 0
31.8477 0
31.8677 0
31.8877 0
31.9077 0
31.9277 0
31.9477 0
31.9677 0
31.9877 0
32.0077 0
32.0277 0
32.0477 0
32.0677 0
32.0877 0
32.1077 0
32.1277 0
32.1477 0
32.1677 0
32.1877 0
32.2077 0
32.2277 0
32.2477 0
32.2677 0
32.2877 0
32.3077 0
32.3277 0
32.3477 0
32.3577 0
32.3777 0
32.3877 0
32.4077 0
32.4177 0
32.4377 0
32.4477 0
32.4677 0
32.4777 0
32.4977 0
32.5077 0
32.5277 0
32.5377 0
32.5577 0
32.5677 0
32.5877 0
32.5977 0
32.6177 0
32.6277 0
32.6477 0
32.6577 0
32.6677 0
32.6777 0
32.6877 0
32.6977 0
32.7077 0
32.7177 0
32.7277 0
32.7377 0
32.7477 0
32.7577 0
32.7677 0
32.7777 0
32.7877 0
32.7977 0
32.8077 0
32.8177 0
32.8277 0
32.8377 0
32.8477 0
32.8577 0
32.8677 0
32.8777 0
32.8877 0
32.8977 0
32.9077 0
32.9177 0
32.9277 0
32.9377 0
32.9477 0
32.9577 0
32.9677 0
32.9777 0
32.9877 0
32.9977 0
33.0077 0
33.0177 0
33.0277 0
33.0377 0
33.0477 0
33.0577 0
33.0677 0
33.0777 0
33.0877 0
33.0977 0
33.1077 0
33.1177 0
33.1277 0
33.1377 0
33.1477 0
33.1527 0
33.1627 0
33.1677 0
33.1777 0
33.1827 0
33.1927 0
33.1977 0
33.2077 0
33.2127 0
33.2227 0
33.2277 0
33.2377 0
33.2427 0
33.2527 0
33.2577 0
33.2677 0
33.2727 0
33.2827 0
33.2877 0
33.2977 0
33.3027 0
33.3127 0
33.3177 0
33.3277 0
33.3327 0
33.3427 0
33.3477 0
33.3577 0
33.3627 0
33.3727 0
33.3777 0
33.3877 0
33.3927 0
33.4027 0
33.4077 0
33.4177 0
33.4227 0
33.4327 0
33.4377 0
33.4477 0
33.4527 0
33.4627 0
33.4677 0
33.4777 0
33.4827 0
33.4927 0
33.4977 0
33.5077 0
33.5177 0
33.5277 0
33.5377 0
33.5477 0
33.5577 0
33.5677 0
33.5777 0
33.5877 0
33.5977 0
33.6077 0
33.6177 0
33.6277 0
33.6377 0
33.6477 0
33.6577 0
33.6677 0
33.6777 0
33.6877 0
33.6977 0
33.7077 0
33.7177 0
33.7277 0
33.7377 0
33.7477 0
33.7577 0
33.7677 0
33.7777 0
33.7877 0
33.7977 0
33.8077 0
33.8177 0
33.8277 0
33.8377 0
33.8477 0
33.8577 0
33.8677 0
33.8777 0
33.8877 0
33.8977 0
33.9077 0
33.9177 0
33.9277 0
33.9377 0
33.9477 0
33.9577 0
33.9677 0
33.9777 0
33.9877 0
34.0077 0
34.0177 0
34.0377 0
34.0477 0
34.0677 0
34.0777 0
34.0977 0
34.1077 0
34.1277 0
34.1377 0
34.1577 0
34.1677 0
34.1877 0
34.1977 0
34.2177 0
34.2277 0
34.2477 0
34.2577 0
34.2777 0
34.2877 0
34.3077 0
34.3177 0
34.3377 0
34.3577 0
34.3777 0
34.3977 0
34.4177 0
34.4377 0
34.4577 0
34.4777 0
34.4977 0
34.5177 0
34.5377 0
34.5577 0
34.5777 0
34.5977 0
34.6177 0
34.6377 0
34.6577 0
34.6777 0
34.6977 0
34.7177 0
34.7377 0
34.7577 0
34.7777 0
34.7977 0
34.8177 0
34.8377 0
34.8577 0
34.8777 0
34.8977 0
34.9177 0
34.9377 0
34.9577 0
34.9777 0
34.9977 0
35.0177 0
35.0377 0
35.0577 0
35.0777 0
35.1177 0
35.1377 0
35.1777 0
35.1977 0
35.2377 0
35.2577 0
35.2977 0
35.3177 0
35.3577 0
35.3777 0
35.4177 0
35.4377 0
35.4777 0
35.4977 0
35.5377 0
35.5577 0
35.5977 0
35.6377 0
35.6777 0
35.7177 0
35.7577 0
35.7977 0
35.8377 0
35.8777 0
35.9177 0
35.9577 0
35.9977 0
36.0377 0
36.0777 0
36.1177 0
36.1577 0
36.1977 0
36.2377 0
36.2777 0
36.3177 0
36.3577 0
36.3977 0
36.4377 0
36.4777 0
36.5177 0
36.5577 0
36.5977 0
36.6777 0
36.7177 0
36.7977 0
36.8377 0
36.9177 0
36.9577 0
37.0377 0
37.0777 0
37.1177 0
37.1577 0
37.1977 0
37.2377 0
37.2777 0
37.3177 0
37.3577 0
37.3977 0
37.4377 0
37.4777 0
37.5177 0
37.5577 0
37.5977 0
37.6377 0
37.6777 0
37.7177 0
37.7577 0
37.7977 0
37.8377 0
37.8777 0
37.9177 0
37.9577 0
37.9977 0
38.0377 0
38.0777 0
38.1177 0
38.1577 0
38.1977 0
38.2377 0
38.2777 0
38.3177 0
38.3577 0
38.3977 0
38.4377 0
38.4777 0
38.5177 0
38.5577 0
38.5977 0
38.6177 0
38.6577 0
38.6777 0
38.7177 0
38.7377 0
38.7777 0
38.7977 0
38.8377 0
38.8577 0
38.8977 0
38.9177 0
38.9577 0
38.9777 0
38.9977 0
39.0177 0
39.0377 0
39.0577 0
39.0777 0
39.0977 0
39.1177 0
39.1377 0
39.1577 0
39.1777 0
39.1977 0
39.2177 0
39.2377 0
39.2577 0
39.2777 0
39.2977 0
39.3177 0
39.3377 0
39.3577 0
39.3777 0
39.3977 0
39.4177 0
39.4377 0
39.4577 0
39.4777 0
39.4977 0
39.5177 0
39.5377 0
39.5577 0
39.5777 0
39.5977 0
39.6177 0
39.6377 0
39.6577 0
39.6777 0
39.6977 0
39.7177 0
39.7277 0
39.7477 0
39.7577 0
39.7777 0
39.7877 0
39.8077 0
39.8177 0
39.8377 0
39.8477 0
39.8677 0
39.8777 0
39.8977 0
39.9077 0
39.9277 0
39.9377 0
39.9577 0
39.9677 0
39.9877 0
39.9977 0
40.0177 0
40.0277 0
40.0477 0
40.0577 0
40.0677 0
40.0777 0
40.0877 0
40.0977 0
40.1077 0
40.1177 0
40.1277 0
40.1377 0
40.1477 0
40.1577 0
40.1677 0
40.1777 0
40.1877 0
40.1977 0
40.2077 0
40.2177 0
40.2277 0
40.2377 0
40.2477 0
40.2577 0
40.2677 0
40.2777 0
40.2877 0
40.2977 0
40.3027 0
40.3127 0
40.3177 0
40.3277 0
40.3327 0
40.3427 0
40.3477 0
40.3577 0
40.3627 0
40.3677 0
40.3727 0
40.3777 0
40.3827 0
40.3877 0
40.3927 0
40.3977 0
40.4027 0
40.4077 0
40.4127 0
40.4177 0
40.4227 0
40.4277 0
40.4327 0
40.4377 0
40.4427 0
40.4477 0
40.4527 0
40.4577 0
40.4627 0
40.4677 0
40.4702 0
40.4752 0
40.4777 0
40.4827 0
40.4852 0
40.4902 0
40.4927 0
40.4977 0
40.5002 0
40.5052 0
40.5077 0
40.5102 0
40.5127 0
40.5152 0
40.5177 0
40.5202 0
40.5227 0
40.5252 0
40.5277 0
40.5302 0
40.5327 0
40.5352 0
40.5377 0
40.5402 0
40.5427 0
40.5452 0
40.5477 0
40.5502 0
40.5527 0
40.5552 0
40.5577 0
40.5602 0
40.5627 0
40.564 0
40.5665 0
40.5677 0
40.5702 0
40.5715 0
40.574 0
40.5752 0
40.5777 0
40.579 0
40.5815 0
40.5827 0
40.5852 0
40.5865 0
40.5877 0
40.589 0
40.5902 0
40.5915 0
40.5927 0
40.594 0
40.5952 0
40.5965 0
40.5977 0
40.599 0
40.6002 0
40.6015 0
40.6027 0
40.604 0
40.6052 0
40.6065 0
40.6077 0
40.609 0
40.6102 0
40.6115 0
40.6127 0
40.614 0
40.6152 0
40.6165 0
40.6171 0
40.6184 0
40.619 0
40.6202 0
40.6209 0
40.6221 0
40.6227 0
40.624 0
40.6246 0
40.6259 0
40.6265 0
40.6277 0
40.6284 0
40.6296 0
40.6302 0
40.6309 0
40.6315 0
40.6321 0
40.6327 0
40.6334 0
40.634 0
40.6346 0
40.6352 0
40.6359 0
40.6365 0
40.6371 0
40.6377 0
40.6384 0
40.639 0
40.6396 0
40.6402 0
40.6409 0
40.6415 0
40.6421 0
40.6427 0
40.6434 0
40.644 0
40.6446 0
40.6452 0
40.6459 0
40.6465 0
40.6471 0
40.6477 0
40.6484 0
40.6487 0
40.6493 0
40.6496 0
40.6502 0
40.6505 0
40.6512 0
40.6515 0
40.6521 0
40.6524 0
40.653 0
40.6534 0
40.654 0
40.6543 0
40.6549 0
40.6552 0
40.6559 0
40.6562 0
40.6568 0
40.6571 0
40.6574 0
40.6577 0
40.658 0
40.6584 0
40.6587 0
40.659 0
40.6593 0
40.6596 0
40.6599 0
40.6602 0
40.6605 0
40.6609 0
40.6612 0
40.6615 0
40.6618 0
40.6621 0
40.6624 0
40.6627 0
40.663 0
40.6634 0
40.6637 0
40.664 0
40.6643 0
40.6646 0
40.6649 0
40.6652 0
40.6655 0
40.6659 0
40.6662 0
40.6665 0
40.6668 0
40.6671 0
40.6674 0
40.6677 0
40.668 0
40.6684 0
40.6687 0
40.669 0
40.6693 0
40.6696 0
40.6699 0
40.6702 0
40.6705 0
40.6709 0
40.6712 0
40.6715 0
40.6718 0
40.6721 0
40.6724 0
40.6726 0
40.6729 0
40.673 0
40.6734 0
40.6735 0
40.6738 0
40.674 0
40.6743 0
40.6744 0
40.6748 0
40.6749 0
40.6752 0
40.6754 0
40.6757 0
40.6759 0
40.6762 0
40.6763 0
40.6765 0
40.6766 0
40.6768 0
40.6769 0
40.6771 0
40.6773 0
40.6774 0
40.6776 0
40.6777 0
40.6779 0
40.678 0
40.6782 0
40.6784 0
40.6785 0
40.6787 0
40.6788 0
40.679 0
40.6791 0
40.6793 0
40.6794 0
40.6796 0
40.6798 0
40.6799 0
40.6801 0
40.6802 0
40.6804 0
40.6805 0
40.6807 0
40.6809 0
40.681 0
40.6812 0
40.6813 0
40.6815 0
40.6816 0
40.6818 0
40.6819 0
40.6821 0
40.6823 0
40.6824 0
40.6826 0
40.6827 0
40.6829 0
40.683 0
40.6832 0
40.6834 0
40.6835 0
40.6837 0
40.6838 0
40.684 0
40.6841 0
40.6843 0
40.6844 0
40.6846 0
40.6848 0
40.6849 0
40.6851 0
40.6852 0
40.6854 0
40.6857 0
40.6859 0
40.6862 0
40.6863 0
40.6866 0
40.6868 0
40.6871 0
40.6873 0
40.6876 0
40.6877 0
40.688 0
40.6882 0
40.6885 0
40.6887 0
40.689 0
40.6891 0
40.6894 0
40.6898 0
40.6901 0
40.6904 0
40.6907 0
40.691 0
40.6913 0
40.6916 0
40.6919 0
40.6923 0
40.6926 0
40.6929 0
40.6932 0
40.6935 0
40.6938 0
40.6941 0
40.6944 0
40.6948 0
40.6951 0
40.6954 0
40.6957 0
40.696 0
40.6963 0
40.6966 0
40.6969 0
40.6973 0
40.6976 0
40.6979 0
40.6982 0
40.6985 0
40.6988 0
40.6991 0
40.6994 0
40.6998 0
40.7001 0
40.7004 0
40.7007 0
40.701 0
40.7013 0
40.7016 0
40.7019 0
40.7023 0
40.7026 0
40.7029 0
40.7032 0
40.7035 0
40.7038 0
40.7041 0
40.7044 0
40.7048 0
40.7051 0
40.7057 0
40.706 0
40.7066 0
40.7069 0
40.7076 0
40.7079 0
40.7085 0
40.7088 0
40.7094 0
40.7098 0
40.7104 0
40.7107 0
40.7113 0
40.7116 0
40.7123 0
40.7126 0
40.7132 0
40.7135 0
40.7141 0
40.7148 0
40.7154 0
40.716 0
40.7166 0
40.7173 0
40.7179 0
40.7185 0
40.7191 0
40.7198 0
40.7204 0
40.721 0
40.7216 0
40.7223 0
40.7229 0
40.7235 0
40.7241 0
40.7248 0
40.7254 0
40.726 0
40.7266 0
40.7273 0
40.7279 0
40.7285 0
40.7291 0
40.7298 0
40.7304 0
40.731 0
40.7316 0
40.7323 0
40.7329 0
40.7335 0
40.7348 0
40.7354 0
40.7366 0
40.7373 0
40.7385 0
40.7391 0
40.7404 0
40.741 0
40.7423 0
40.7429 0
40.7441 0
40.7448 0
40.746 0
40.7466 0
40.7479 0
40.7491 0
40.7504 0
40.7516 0
40.7529 0
40.7541 0
40.7554 0
40.7566 0
40.7579 0
40.7591 0
40.7604 0
40.7616 0
40.7629 0
40.7641 0
40.7654 0
40.7666 0
40.7679 0
40.7691 0
40.7704 0
40.7716 0
40.7729 0
40.7741 0
40.7754 0
40.7766 0
40.7779 0
40.7791 0
40.7804 0
40.7829 0
40.7841 0
40.7866 0
40.7879 0
40.7904 0
40.7916 0
40.7941 0
40.7954 0
40.7979 0
40.7991 0
40.8016 0
40.8029 0
40.8054 0
40.8079 0
40.8104 0
40.8129 0
40.8154 0
40.8179 0
40.8204 0
40.8229 0
40.8254 0
40.8279 0
40.8304 0
40.8329 0
40.8354 0
40.8379 0
40.8404 0
40.8429 0
40.8454 0
40.8479 0
40.8504 0
40.8529 0
40.8554 0
40.8579 0
40.8604 0
40.8629 0
40.8654 0
40.8679 0
40.8729 0
40.8754 0
40.8804 0
40.8829 0
40.8879 0
40.8904 0
40.8954 0
40.8979 0
40.9004 0
40.9029 0
40.9054 0
40.9079 0
40.9104 0
40.9129 0
40.9154 0
40.9179 0
40.9204 0
40.9229 0
40.9254 0
40.9279 0
40.9304 0
40.9329 0
40.9354 0
40.9379 0
40.9404 0
40.9429 0
40.9454 0
40.9479 0
40.9504 0
40.9529 0
40.9554 0
40.9579 0
40.9604 0
40.9629 0
40.9654 0
40.9666 0
40.9691 0
40.9704 0
40.9729 0
40.9741 0
40.9766 0
40.9779 0
40.9804 0
40.9816 0
40.9841 0
40.9854 0
40.9879 0
40.9891 0
40.9916 0
40.9929 0
40.9954 0
40.9966 0
40.9991 0
41.0016 0
41.0041 0
41.0066 0
41.0091 0
41.0116 0
41.0141 0
41.0166 0
41.0191 0
41.0216 0
41.0241 0
41.0266 0
41.0291 0
41.0316 0
41.0341 0
41.0366 0
41.0391 0
41.0416 0
41.0441 0
41.0466 0
41.0491 0
41.0516 0
41.0541 0
41.0566 0
41.0591 0
41.0616 0
41.0641 0
41.0666 0
41.0691 0
41.0741 0
41.0766 0
41.0816 0
41.0841 0
41.0891 0
41.0916 0
41.0966 0
41.0991 0
41.1041 0
41.1066 0
41.1116 0
41.1141 0
41.1191 0
41.1216 0
41.1266 0
41.1291 0
41.1341 0
41.1366 0
41.1416 0
41.1441 0
41.1491 0
41.1516 0
41.1566 0
41.1591 0
41.1641 0
41.1666 0
41.1716 0
41.1766 0
41.1816 0
41.1866 0
41.1916 0
41.1966 0
41.2016 0
41.2066 0
41.2116 0
41.2166 0
41.2216 0
41.2266 0
41.2316 0
41.2366 0
41.2416 0
41.2466 0
41.2516 0
41.2566 0
41.2616 0
41.2666 0
41.2716 0
41.2766 0
41.2816 0
41.2866 0
41.2916 0
41.2966 0
41.3016 0
41.3066 0
41.3116 0
41.3166 0
41.3216 0
41.3266 0
41.3316 0
41.3416 0
41.3466 0
41.3566 0
41.3616 0
41.3716 0
41.3766 0
41.3866 0
41.3916 0
41.4016 0
41.4066 0
41.4166 0
41.4266 0
41.4366 0
41.4466 0
41.4566 0
41.4666 0
41.4766 0
41.4866 0
41.4966 0
41.5066 0
41.5166 0
41.5266 0
41.5366 0
41.5466 0
41.5566 0
41.5666 0
41.5766 0
41.5866 0
41.5966 0
41.6066 0
41.6166 0
41.6266 0
41.6366 0
41.6466 0
41.6566 0
41.6666 0
41.6766 0
41.6866 0
41.7066 0
41.7166 0
41.7366 0
41.7466 0
41.7666 0
41.7766 0
41.7966 0
41.8066 0
41.8266 0
41.8366 0
41.8566 0
41.8666 0
41.8866 0
41.8966 0
41.9166 0
41.9266 0
41.9466 0
41.9566 0
41.9766 0
41.9866 0
42.0066 0
42.0166 0
42.0366 0
42.0566 0
42.0766 0
42.0966 0
42.1166 0
42.1366 0
42.1566 0
42.1766 0
42.1966 0
42.2166 0
42.2366 0
42.2566 0
42.2766 0
42.2966 0
42.3166 0
42.3366 0
42.3566 0
42.3766 0
42.3966 0
42.4166 0
42.4366 0
42.4566 0
42.4766 0
42.4966 0
42.5166 0
42.5366 0
42.5566 0
42.5766 0
42.5966 0
42.6166 0
42.6366 0
42.6566 0
42.6766 0
42.6966 0
42.7166 0
42.7366 0
42.7566 0
42.7766 0
42.7966 0
42.8166 0
42.8366 0
42.8566 0
42.8766 0
42.8966 0
42.9166 0
42.9566 0
42.9766 0
43.0166 0
43.0366 0
43.0766 0
43.0966 0
43.1366 0
43.1566 0
43.1966 0
43.2166 0
43.2566 0
43.2766 0
43.3166 0
43.3366 0
43.3766 0
43.3966 0
43.4166 0
43.4366 0
43.4566 0
43.4766 0
43.4966 0
43.5166 0
43.5366 0
43.5566 0
43.5766 0
43.5966 0
43.6166 0
43.6366 0
43.6566 0
43.6766 0
43.6966 0
43.7166 0
43.7366 0
43.7566 0
43.7766 0
43.7966 0
43.8166 0
43.8366 0
43.8566 0
43.8766 0
43.8966 0
43.9166 0
43.9366 0
43.9566 0
43.9766 0
43.9966 0
44.0166 0
44.0366 0
44.0566 0
44.0766 0
44.0966 0
44.1166 0
44.1366 0
44.1566 0
44.1766 0
44.1966 0
44.2166 0
44.2366 0
44.2566 0
44.2766 0
44.2966 0
44.3166 0
44.3366 0
44.3566 0
44.3766 0
44.3966 0
44.4066 0
44.4266 0
44.4366 0
44.4566 0
44.4666 0
44.4866 0
44.4966 0
44.5166 0
44.5266 0
44.5466 0
44.5566 0
44.5766 0
44.5866 0
44.6066 0
44.6166 0
44.6366 0
44.6466 0
44.6666 0
44.6766 0
44.6966 0
44.7066 0
44.7266 0
44.7366 0
44.7466 0
44.7566 0
44.7666 0
44.7766 0
44.7866 0
44.7966 0
44.8066 0
44.8166 0
44.8266 0
44.8366 0
44.8466 0
44.8566 0
44.8666 0
44.8766 0
44.8866 0
44.8966 0
44.9066 0
44.9166 0
44.9266 0
44.9366 0
44.9466 0
44.9566 0
44.9666 0
44.9766 0
44.9866 0
44.9966 0
45.0066 0
45.0166 0
45.0266 0
45.0366 0
45.0466 0
45.0566 0
45.0666 0
45.0766 0
45.0866 0
45.0966 0
45.1066 0
45.1166 0
45.1266 0
45.1366 0
45.1466 0
45.1566 0
45.1666 0
45.1766 0
45.1866 0
45.1966 0
45.2066 0
45.2166 0
45.2266 0
45.2366 0
45.2466 0
45.2566 0
45.2666 0
45.2766 0
45.2866 0
45.2966 0
45.3066 0
45.3166 0
45.3266 0
45.3366 0
45.3466 0
45.3566 0
45.3666 0
45.3766 0
45.3866 0
45.3966 0
45.4066 0
45.4166 0
45.4266 0
45.4366 0
45.4466 0
45.4566 0
45.4666 0
45.4766 0
45.4866 0
45.4966 0
45.5066 0
45.5166 0
45.5266 0
45.5366 0
45.5466 0
45.5566 0
45.5666 0
45.5766 0
45.5866 0
45.5966 0
45.6066 0
45.6166 0
45.6266 0
45.6366 0
45.6466 0
45.6566 0
45.6666 0
45.6766 0
45.6866 0
45.6966 0
45.7066 0
45.7166 0
45.7266 0
45.7366 0
45.7466 0
45.7566 0
45.7666 0
45.7766 0
45.7866 0
45.7966 0
45.8066 0
45.8166 0
45.8266 0
45.8366 0
45.8466 0
45.8566 0
45.8666 0
45.8766 0
45.8866 0
45.8966 0
45.9066 0
45.9166 0
45.9266 0
45.9366 0
45.9466 0
45.9566 0
45.9666 0
45.9766 0
45.9866 0
45.9966 0
46.0066 0
46.0166 0
46.0266 0
46.0366 0
46.0466 0
46.0566 0
46.0666 0
46.0866 0
46.0966 0
46.1166 0
46.1266 0
46.1466 0
46.1566 0
46.1766 0
46.1866 0
46.2066 0
46.2166 0
46.2366 0
46.2466 0
46.2666 0
46.2766 0
46.2966 0
46.3066 0
46.3266 0
46.3366 0
46.3566 0
46.3666 0
46.3866 0
46.3966 0
46.4166 0
46.4266 0
46.4466 0
46.4666 0
46.4866 0
46.5066 0
46.5266 0
46.5466 0
46.5666 0
46.5866 0
46.6066 0
46.6266 0
46.6466 0
46.6666 0
46.6866 0
46.7066 0
46.7266 0
46.7466 0
46.7666 0
46.7866 0
46.8066 0
46.8266 0
46.8466 0
46.8666 0
46.8866 0
46.9066 0
46.9266 0
46.9466 0
46.9666 0
46.9866 0
47.0066 0
47.0266 0
47.0466 0
47.0666 0
47.0866 0
47.1066 0
47.1266 0
47.1466 0
47.1666 0
47.1866 0
47.2066 0
47.2266 0
47.2466 0
47.2666 0
47.3066 0
47.3266 0
47.3666 0
47.3866 0
47.4266 0
47.4466 0
47.4866 0
47.5066 0
47.5466 0
47.5666 0
47.6066 0
47.6266 0
47.6666 0
47.6866 0
47.7266 0
47.7466 0
47.7866 0
47.8066 0
47.8466 0
47.8666 0
47.9066 0
47.9266 0
47.9666 0
48.0066 0
48.0466 0
48.0866 0
48.1266 0
48.1666 0
48.2066 0
48.2466 0
48.2866 0
48.3266 0
48.3666 0
48.4066 0
48.4466 0
48.4866 0
48.5266 0
48.5666 0
48.6066 0
48.6466 0
48.6866 0
48.7266 0
48.7666 0
48.8066 0
48.8466 0
48.8666 0
48.9066 0
48.9266 0
48.9666 0
48.9866 0
49.0266 0
49.0466 0
49.0866 0
49.1066 0
49.1466 0
49.1666 0
49.2066 0
49.2266 0
49.2666 0
49.2866 0
49.3266 0
49.3466 0
49.3866 0
49.4066 0
49.4466 0
49.4666 0
49.4866 0
49.5066 0
49.5266 0
49.5466 0
49.5666 0
49.5866 0
49.6066 0
49.6266 0
49.6466 0
49.6666 0
49.6866 0
49.7066 0
49.7266 0
49.7466 0
49.7666 0
49.7866 0
49.8066 0
49.8266 0
49.8466 0
49.8666 0
49.8866 0
49.9066 0
49.9266 0
49.9466 0
49.9666 0
49.9866 0
50.0066 0
50.0266 0
50.0466 0
50.0666 0
50.0866 0
50.1066 0
50.1266 0
50.1466 0
50.1666 0
50.1866 0
50.2066 0
50.2266 0
50.2466 0
50.2666 0
50.2866 0
50.2966 0
50.3166 0
50.3266 0
50.3466 0
50.3566 0
50.3766 0
50.3866 0
50.4066 0
50.4166 0
50.4366 0
50.4466 0
50.4666 0
50.4766 0
50.4966 0
50.5066 0
50.5266 0
50.5366 0
50.5566 0
50.5666 0
50.5866 0
50.5966 0
50.6166 0
50.6266 0
50.6366 0
50.6466 0
50.6566 0
50.6666 0
50.6766 0
50.6866 0
50.6966 0
50.7066 0
50.7166 0
50.7266 0
50.7366 0
50.7466 0
50.7566 0
50.7666 0
50.7766 0
50.7866 0
50.7966 0
50.8066 0
50.8166 0
50.8266 0
50.8366 0
50.8466 0
50.8566 0
50.8666 0
50.8766 0
50.8866 0
50.8966 0
50.9066 0
50.9166 0
50.9266 0
50.9366 0
50.9466 0
50.9566 0
50.9666 0
50.9766 0
50.9866 0
50.9966 0
51.0066 0
51.0166 0
51.0266 0
51.0366 0
51.0466 0
51.0566 0
51.0666 0
51.0766 0
51.0866 0
51.0966 0
51.1066 0
51.1166 0
51.1266 0
51.1366 0
51.1466 0
51.1566 0
51.1666 0
51.1766 0
51.1866 0
51.1966 0
51.2066 0
51.2166 0
51.2266 0
51.2366 0
51.2466 0
51.2566 0
51.2666 0
51.2766 0
51.2866 0
51.2966 0
51.3066 0
51.3166 0
51.3266 0
51.3366 0
51.3466 0
51.3566 0
51.3666 0
51.3766 0
51.3866 0
51.3966 0
51.4066 0
51.4166 0
51.4266 0
51.4366 0
51.4466 0
51.4566 0
51.4666 0
51.4766 0
51.4866 0
51.4966 0
51.5066 0
51.5166 0
51.5266 0
51.5366 0
51.5466 0
51.5566 0
51.5666 0
51.5766 0
51.5866 0
51.5966 0
51.6066 0
51.6166 0
51.6266 0
51.6366 0
51.6466 0
51.6566 0
51.6666 0
51.6766 0
51.6866 0
51.6966 0
51.7066 0
51.7166 0
51.7266 0
51.7366 0
51.7466 0
51.7566 0
51.7666 0
51.7766 0
51.7866 0
51.7966 0
51.8066 0
51.8166 0
51.8266 0
51.8366 0
51.8466 0
51.8566 0
51.8666 0
51.8766 0
51.8866 0
51.8966 0
51.9066 0
51.9166 0
51.9266 0
51.9466 0
51.9566 0
51.9766 0
51.9866 0
52.0066 0
52.0166 0
52.0366 0
52.0466 0
52.0666 0
52.0766 0
52.0966 0
52.1066 0
52.1266 0
52.1366 0
52.1566 0
52.1666 0
52.1866 0
52.1966 0
52.2166 0
52.2266 0
52.2466 0
52.2566 0
52.2766 0
52.2866 0
52.3066 0
52.3266 0
52.3466 0
52.3666 0
52.3866 0
52.4066 0
52.4266 0
52.4466 0
52.4666 0
52.4866 0
52.5066 0
52.5266 0
52.5466 0
52.5666 0
52.5866 0
52.6066 0
52.6266 0
52.6466 0
52.6666 0
52.6866 0
52.7066 0
52.7266 0
52.7466 0
52.7666 0
52.7866 0
52.8066 0
52.8266 0
52.8466 0
52.8666 0
52.8866 0
52.9066 0
52.9266 0
52.9466 0
52.9666 0
52.9866 0
53.0066 0
53.0266 0
53.0466 0
53.0666 0
53.0866 0
53.1066 0
53.1266 0
53.1466 0
53.1866 0
53.2066 0
53.2466 0
53.2666 0
53.3066 0
53.3266 0
53.3666 0
53.3866 0
53.4266 0
53.4466 0
53.4866 0
53.5066 0
53.5466 0
53.5666 0
53.6066 0
53.6266 0
53.6666 0
53.6866 0
53.7266 0
53.7466 0
53.7866 0
53.8066 0
53.8466 0
53.8666 0
53.9066 0
53.9266 0
53.9666 0
54.0066 0
54.0466 0
54.0866 0
54.1266 0
54.1666 0
54.2066 0
54.2466 0
54.2866 0
54.3266 0
54.3666 0
54.4066 0
54.4466 0
54.4866 0
54.5266 0
54.5666 0
54.6066 0
54.6466 0
54.6866 0
54.7266 0
54.7666 0
54.8066 0
54.8466 0
54.8866 0
54.9066 0
54.9466 0
54.9666 0
55.0066 0
55.0266 0
55.0666 0
55.0866 0
55.1266 0
55.1466 0
55.1866 0
55.2066 0
55.2466 0
55.2666 0
55.3066 0
55.3266 0
55.3666 0
55.3866 0
55.4066 0
55.4266 0
55.4466 0
55.4666 0
55.4866 0
55.5066 0
55.5266 0
55.5466 0
55.5666 0
55.5866 0
55.6066 0
55.6266 0
55.6466 0
55.6666 0
55.6866 0
55.7066 0
55.7266 0
55.7466 0
55.7666 0
55.7866 0
55.8066 0
55.8266 0
55.8466 0
55.8666 0
55.8866 0
55.9066 0
55.9266 0
55.9466 0
55.9666 0
55.9866 0
56.0066 0
56.0266 0
56.0466 0
56.0666 0
56.0866 0
56.1066 0
56.1166 0
56.1366 0
56.1466 0
56.1666 0
56.1766 0
56.1966 0
56.2066 0
56.2266 0
56.2366 0
56.2566 0
56.2666 0
56.2866 0
56.2966 0
56.3166 0
56.3266 0
56.3466 0
56.3566 0
56.3766 0
56.3866 0
56.4066 0
56.4166 0
56.4266 0
56.4366 0
56.4466 0
56.4566 0
56.4666 0
56.4766 0
56.4866 0
56.4966 0
56.5066 0
56.5166 0
56.5266 0
56.5366 0
56.5466 0
56.5566 0
56.5666 0
56.5766 0
56.5866 0
56.5966 0
56.6066 0
56.6166 0
56.6266 0
56.6366 0
56.6466 0
56.6566 0
56.6666 0
56.6766 0
56.6866 0
56.6966 0
56.7066 0
56.7166 0
56.7266 0
56.7366 0
56.7466 0
56.7566 0
56.7666 0
56.7766 0
56.7866 0
56.7966 0
56.8066 0
56.8166 0
56.8266 0
56.8366 0
56.8466 0
56.8566 0
56.8666 0
56.8766 0
56.8866 0
56.8916 0
56.9016 0
56.9066 0
56.9166 0
56.9216 0
56.9316 0
56.9366 0
56.9466 0
56.9516 0
56.9616 0
56.9666 0
56.9766 0
56.9816 0
56.9916 0
56.9966 0
57.0066 0
57.0116 0
57.0216 0
57.0266 0
57.0366 0
57.0416 0
57.0516 0
57.0566 0
57.0666 0
57.0716 0
57.0816 0
57.0866 0
57.0966 0
57.1016 0
57.1116 0
57.1166 0
57.1266 0
57.1316 0
57.1416 0
57.1466 0
57.1566 0
57.1616 0
57.1716 0
57.1766 0
57.1866 0
57.1916 0
57.2016 0
57.2066 0
57.2166 0
57.2216 0
57.2316 0
57.2366 0
57.2466 0
57.2516 0
57.2616 0
57.2666 0
57.2766 0
57.2816 0
57.2916 0
57.2966 0
57.3066 0
57.3116 0
57.3216 0
57.3266 0
57.3366 0
57.3416 0
57.3516 0
57.3566 0
57.3666 0
57.3716 0
57.3816 0
57.3866 0
57.3966 0
57.4016 0
57.4116 0
57.4166 0
57.4266 0
57.4316 0
57.4416 0
57.4466 0
57.4516 0
57.4566 0
57.4616 0
57.4666 0
57.4716 0
57.4766 0
57.4816 0
57.4866 0
57.4916 0
57.4966 0
57.5016 0
57.5066 0
57.5116 0
57.5166 0
57.5216 0
57.5266 0
57.5316 0
57.5366 0
57.5416 0
57.5441 0
57.5491 0
57.5516 0
57.5566 0
57.5591 0
57.5641 0
57.5666 0
57.5716 0
57.5741 0
57.5791 0
57.5816 0
57.5841 0
57.5866 0
57.5891 0
57.5916 0
57.5941 0
57.5966 0
57.5991 0
57.6016 0
57.6041 0
57.6066 0
57.6091 0
57.6116 0
57.6141 0
57.6166 0
57.6191 0
57.6216 0
57.6241 0
57.6266 0
57.6291 0
57.6316 0
57.6341 0
57.6354 0
57.6379 0
57.6391 0
57.6416 0
57.6429 0
57.6454 0
57.6466 0
57.6491 0
57.6504 0
57.6529 0
57.6541 0
57.6554 0
57.6566 0
57.6579 0
57.6591 0
57.6604 0
57.6616 0
57.6629 0
57.6641 0
57.6654 0
57.6666 0
57.6679 0
57.6691 0
57.6704 0
57.6716 0
57.6729 0
57.6741 0
57.6754 0
57.6766 0
57.6779 0
57.6791 0
57.6804 0
57.6816 0
57.6823 0
57.6835 0
57.6841 0
57.6854 0
57.686 0
57.6873 0
57.6879 0
57.6891 0
57.6898 0
57.691 0
57.6916 0
57.6929 0
57.6935 0
57.6941 0
57.6948 0
57.6954 0
57.696 0
57.6966 0
57.6973 0
57.6979 0
57.6985 0
57.6991 0
57.6998 0
57.7004 0
57.701 0
57.7016 0
57.7023 0
57.7029 0
57.7035 0
57.7041 0
57.7048 0
57.7054 0
57.706 0
57.7066 0
57.7073 0
57.7079 0
57.7082 0
57.7088 0
57.7091 0
57.7098 0
57.7101 0
57.7107 0
57.711 0
57.7116 0
57.7119 0
57.7126 0
57.7129 0
57.7135 0
57.7138 0
57.7141 0
57.7144 0
57.7148 0
57.7151 0
57.7154 0
57.7157 0
57.716 0
57.7163 0
57.7166 0
57.7169 0
57.7173 0
57.7176 0
57.7179 0
57.7182 0
57.7185 0
57.7188 0
57.7191 0
57.7194 0
57.7198 0
57.7201 0
57.7204 0
57.7207 0
57.721 0
57.7213 0
57.7216 0
57.7219 0
57.7221 0
57.7224 0
57.7226 0
57.7229 0
57.723 0
57.7234 0
57.7235 0
57.7238 0
57.724 0
57.7243 0
57.7244 0
57.7248 0
57.7249 0
57.7251 0
57.7252 0
57.7254 0
57.7255 0
57.7257 0
57.7259 0
57.726 0
57.7262 0
57.7263 0
57.7265 0
57.7266 0
57.7268 0
57.7269 0
57.7271 0
57.7273 0
57.7274 0
57.7276 0
57.7277 0
57.7279 0
57.728 0
57.7282 0
57.7284 0
57.7285 0
57.7287 0
57.7288 0
57.729 0
57.7291 0
57.7292 0
57.7294 0
57.7294 0
57.7296 0
57.7297 0
57.7298 0
57.7299 0
57.7301 0
57.7302 0
57.7303 0
57.7304 0
57.7305 0
57.7306 0
57.7307 0
57.7308 0
57.7309 0
57.7309 0
57.731 0
57.7311 0
57.7312 0
57.7312 0
57.7313 0
57.7314 0
57.7315 0
57.7316 0
57.7316 0
57.7317 0
57.7318 0
57.7319 0
57.7319 0
57.732 0
57.7321 0
57.7322 0
57.7323 0
57.7323 0
57.7324 0
57.7325 0
57.7326 0
57.7327 0
57.7327 0
57.7328 0
57.7329 0
57.7329 0
57.733 0
57.733 0
57.7331 0
57.7332 0
57.7332 0
57.7333 0
57.7334 0
57.7334 0
57.7335 0
57.7335 0
57.7336 0
57.7336 0
57.7337 0
57.7337 0
57.7338 0
57.7338 0
57.7339 0
57.7339 0
57.7339 0
57.734 0
57.734 0
57.7341 0
57.7341 0
57.7341 0
57.7342 0
57.7342 0
57.7343 0
57.7343 0
57.7343 0
57.7344 0
57.7344 0
57.7344 0
57.7345 0
57.7345 0
57.7346 0
57.7346 0
57.7346 0
57.7347 0
57.7347 0
57.7348 0
57.7348 0
57.7348 0
57.7349 0
57.7349 0
57.7349 0
57.735 0
57.735 0
57.735 0
57.7351 0
57.7351 0
57.7351 0
57.7351 0
57.7352 0
57.7352 0
57.7352 0
57.7352 0
57.7353 0
57.7353 0
57.7353 0
57.7353 0
57.7354 0
57.7354 0
57.7354 0
57.7354 0
57.7354 0
57.7355 0
57.7355 0
57.7355 0
57.7355 0
57.7355 0
57.7356 0
57.7356 0
57.7356 0
57.7356 0
57.7356 0
57.7357 0
57.7357 0
57.7357 0
57.7357 0
57.7357 0
57.7358 0
57.7358 0
57.7358 0
57.7358 0
57.7358 0
57.7359 0
57.7359 0
57.7359 0
57.7359 0
57.7359 0
57.7359 0
57.736 0
57.736 0
57.736 0
57.736 0
57.736 0
57.736 0
57.736 0
57.7361 0
57.7361 0
57.7361 0
57.7361 0
57.7361 0
57.7361 0
57.7361 0
57.7362 0
57.7362 0
57.7362 0
57.7362 0
57.7362 0
57.7362 0
57.7362 0
57.7362 0
57.7362 0
57.7362 0
57.7363 0
57.7363 0
57.7363 0
57.7363 0
57.7363 0
57.7363 0
57.7363 0
57.7363 0
57.7363 0
57.7363 0
57.7364 0
57.7364 0
57.7364 0
57.7364 0
57.7364 0
57.7364 0
57.7364 0
57.7364 0
57.7364 0
57.7364 0
57.7364 0
57.7365 0
57.7365 0
57.7365 0
57.7365 0
57.7365 0
57.7365 0
57.7365 0
57.7365 0
57.7365 0
57.7365 0
57.7365 0
57.7365 0
57.7365 0
57.7366 0
57.7366 0
57.7366 0
57.7366 0
57.7366 0
57.7366 0
57.7366 0
57.7366 0
57.7366 0
57.7366 0
57.7366 0
57.7366 0
57.7366 0
57.7366 0
57.7366 0
57.7366 0
57.7366 0
57.7366 0
57.7366 0
57.7367 0
57.7367 0
57.7367 0
57.7367 0
57.7367 0
57.7367 0
57.7367 0
57.7367 0
57.7367 0
57.7367 0
57.7367 0
57.7367 0
57.7367 0
57.7367 0
57.7367 0
57.7367 0
57.7367 0
57.7367 0
57.7367 0
57.7367 0
57.7367 0
57.7368 0
57.7368 0
57.7368 0
57.7368 0
57.7368 0
57.7368 0
57.7368 0
57.7368 0
57.7368 0
57.7368 0
57.7368 0
57.7368 0
57.7368 0
57.7368 0
57.7368 0
57.7368 0
57.7368 0
57.7368 0
57.7368 0
57.7368 0
57.7368 0
57.7368 0
57.7368 0
57.7368 0
57.7368 0
57.7368 0
57.7368 0
57.7368 0
57.7368 0
57.7368 0
57.7368 0
57.7368 0
57.7369 0
57.7369 0
57.7369 0
57.7369 0
57.7369 0
57.7369 0
57.7369 0
57.7369 0
57.7369 0
57.7369 0
57.7369 0
57.7369 0
57.7369 0
57.7369 0
57.7369 0
57.7369 0
57.7369 0
57.7369 0
57.7369 0
57.7369 0
57.7369 0
57.7369 0
57.7369 0
57.7369 0
57.7369 0
57.7369 0
57.7369 0
57.7369 0
57.7369 0
57.7369 0
57.7369 0
57.7369 0
57.7369 0
57.7369 0
57.7369 0
57.7369 0
57.7369 0
57.7369 0
57.7369 0
57.7369 0
57.7369 0
57.7369 0
57.7369 0
57.7369 0
57.7369 0
57.7369 0
57.7369 0
57.7369 0
57.7369 0
57.7369 0
57.7369 0
57.7369 0
57.737 0
57.737 0
57.737 0
57.737 0
57.737 0
57.737 0
57.737 0
57.737 0
57.737 0
57.737 0
57.737 0
57.737 0
57.737 0
57.737 0
57.737 0
57.737 0
57.737 0
57.737 0
57.737 0
57.737 0
57.737 0
57.737 0
57.737 0
57.737 0
57.737 0
57.737 0
57.737 0
57.737 0
57.737 0
57.737 0
57.737 0
57.737 0
57.737 0
57.737 0
57.737 0
57.737 0
57.737 0
57.737 0
57.737 0
57.737 0
57.737 0
57.737 0
57.737 0
57.737 0
57.737 0
57.737 0
57.737 0
57.737 0
57.737 0
57.737 0
57.737 0
57.737 0
57.737 0
57.737 0
57.737 0
57.737 0
57.737 0
57.737 0
57.737 0
57.737 0
57.737 0
57.737 0
57.737 0
57.737 0
57.737 0
57.737 0
57.737 0
57.737 0
57.737 0
57.737 0
57.737 0
57.737 0
57.737 0
57.737 0
57.737 0
57.737 0
57.737 0
57.737 0
57.737 0
57.737 0
57.737 0
57.737 0
57.737 0
57.737 0
57.737 0
57.737 0
57.737 0
57.737 0
57.737 0
57.737 0
57.737 0
57.737 0
57.737 0
57.737 0
57.737 0
57.737 0
57.737 0
57.737 0
57.737 0
57.737 0
57.737 0
57.737 0
57.737 0
57.737 0
57.737 0
57.737 0
57.737 0
57.737 0
57.737 0
57.737 0
57.737 0
57.737 0
57.737 0
57.737 0
57.737 0
57.737 0
57.737 0
57.737 0
57.737 0
57.737 0
57.737 0
57.737 0
57.737 0
57.737 0
57.737 0
57.737 0
57.737 0
57.737 0
57.737 0
57.737 0
57.737 0
57.737 0
57.737 0
57.737 0
57.737 0
57.737 0
57.737 0
57.737 0
57.737 0
57.737 0
57.737 0
57.737 0
57.737 0
57.7371 0
57.7371 0
57.7371 0
57.7371 0
57.7371 0
57.7371 0
57.7371 0
57.7371 0
57.7371 0
57.7371 0
57.7371 0
57.7371 0
57.7371 0
57.7371 0
57.7371 0
57.7371 0
57.7371 0
57.7371 0
57.7371 0
57.7371 0
57.7371 0
57.7371 0
57.7371 0
57.7371 0
57.7371 0
57.7371 0
57.7371 0
57.7371 0
57.7371 0
57.7371 0
57.7371 0
57.7371 0
57.7371 0
57.7371 0
57.7371 0
57.7371 0
57.7371 0
57.7371 0
57.7371 0
57.7371 0
57.7371 0
57.7371 0
57.7371 0
57.7371 0
57.7371 0
57.7371 0
57.7371 0
57.7371 0
57.7371 0
57.7371 0
57.7371 0
57.7371 0
57.7371 0
57.7371 0
57.7371 0
57.7371 0
57.7371 0
57.7371 0
57.7371 0
57.7371 0
57.7371 0
57.7371 0
57.7371 0
57.7371 0
57.7371 0
57.7371 0
57.7371 0
57.7371 0
57.7371 0
57.7371 0
57.7371 0
57.7371 0
57.7371 0
57.7371 0
57.7371 0
57.7371 0
57.7371 0
57.7371 0
57.7371 0
57.7371 0
57.7371 0
57.7371 0
57.7371 0
57.7371 0
57.7371 0
57.7371 0
57.7371 0
57.7371 0
57.7371 0
57.7371 0
57.7371 0
57.7371 0
57.7371 0
57.7371 0
57.7371 0
57.7371 0
57.7371 0
57.7371 0
57.7371 0
57.7371 0
57.7371 0
57.7371 0
57.7371 0
57.7371 0
57.7371 0
57.7371 0
57.7371 0
57.7371 0
57.7371 0
57.7371 0
57.7371 0
57.7371 0
57.7371 0
57.7371 0
57.7371 0
57.7371 0
57.7371 0
57.7371 0
57.7371 0
57.7371 0
57.7371 0
57.7371 0
57.7371 0
57.7371 0
57.7371 0
57.7371 0
57.7371 0
57.7371 0
57.7371 0
57.7371 0
57.7371 0
57.7371 0
57.7371 0
57.7371 0
57.7371 0
57.7371 0
57.7371 0
57.7371 0
57.7371 0
57.7371 0
57.7371 0
57.7371 0
57.7371 0
57.7371 0
57.7371 0
57.7371 0
57.7371 0
57.7371 0
57.7371 0
57.7371 0
57.7371 0
57.7371 0
57.7371 0
57.7371 0
57.7371 0
57.7371 0
57.7371 0
57.7371 0
57.7371 0
57.7371 0
57.7371 0
57.7371 0
57.7371 0
57.7371 0
57.7371 0
57.7371 0
57.7371 0
57.7371 0
57.7371 0
57.7371 0
57.7371 0
57.7371 0
57.7371 0
57.7371 0
57.7371 0
57.7371 0
57.7371 0
57.7371 0
57.7371 0
57.7371 0
57.7371 0
57.7371 0
57.7371 0
57.7371 0
57.7371 0
57.7371 0
57.7371 0
57.7371 0
57.7371 0
57.7371 0
57.7371 0
57.7371 0
57.7371 0
57.7371 0
57.7371 0
57.7371 0
57.7371 0
57.7371 0
57.7371 0
57.7371 0
57.7371 0
57.7371 0
57.7371 0
57.7371 0
57.7371 0
57.7371 0
57.7371 0
57.7371 0
57.7371 0
57.7371 0
57.7371 0
57.7371 0
57.7371 0
57.7371 0
57.7371 0
57.7371 0
57.7371 0
57.7371 0
57.7371 0
57.7371 0
57.7371 0
57.7371 0
57.7371 0
57.7371 0
57.7371 0
57.7371 0
57.7371 0
57.7371 0
57.7371 0
57.7371 0
57.7371 0
57.7371 0
57.7371 0
57.7371 0
57.7371 0
57.7371 0
57.7371 0
57.7371 0
57.7371 0
57.7371 0
57.7371 0
57.7371 0
57.7371 0
57.7371 0
57.7371 0
57.7371 0
57.7371 0
57.7371 0
57.7371 0
57.7371 0
57.7371 0
57.7371 0
57.7371 0
57.7371 0
57.7371 0
57.7371 0
57.7371 0
57.7371 0
57.7371 0
57.7371 0
57.7371 0
57.7371 0
57.7371 0
57.7371 0
57.7371 0
57.7371 0
57.7371 0
57.7371 0
57.7371 0
57.7371 0
57.7371 0
57.7371 0
57.7371 0
57.7371 0
57.7371 0
57.7371 0
57.7371 0
57.7371 0
57.7371 0
57.7371 0
57.7371 0
57.7371 0
57.7371 0
57.7371 0
57.7371 0
57.7371 0
57.7371 0
57.7371 0
57.7372 0
57.7372 0
57.7372 0
57.7372 0
57.7372 0
57.7372 0
57.7372 0
57.7372 0
57.7372 0
57.7372 0
57.7372 0
57.7372 0
57.7372 0
57.7372 0
57.7372 0
57.7372 0
57.7372 0
57.7372 0
57.7372 0
57.7372 0
57.7372 0
57.7372 0
57.7372 0
57.7372 0
57.7372 0
57.7372 0
57.7372 0
57.7372 0
57.7372 0
57.7372 0
57.7372 0
57.7372 0
57.7372 0
57.7372 0
57.7372 0
57.7372 0
57.7372 0
57.7372 0
57.7372 0
57.7372 0
57.7372 0
57.7372 0
57.7372 0
57.7372 0
57.7372 0
57.7372 0
57.7372 0
57.7372 0
57.7372 0
57.7372 0
57.7372 0
57.7372 0
57.7372 0
57.7372 0
57.7372 0
57.7372 0
57.7372 0
57.7372 0
57.7372 0
57.7372 0
57.7372 0
57.7372 0
57.7372 0
57.7372 0
57.7372 0
57.7372 0
57.7372 0
57.7372 0
57.7373 0
57.7373 0
57.7373 0
57.7373 0
57.7373 0
57.7373 0
57.7373 0
57.7373 0
57.7373 0
57.7373 0
57.7373 0
57.7373 0
57.7373 0
57.7373 0
57.7373 0
57.7373 0
57.7373 0
57.7373 0
57.7373 0
57.7373 0
57.7373 0
57.7373 0
57.7373 0
57.7373 0
57.7373 0
57.7373 0
57.7373 0
57.7373 0
57.7373 0
57.7373 0
57.7373 0
57.7373 0
57.7373 0
57.7373 0
57.7373 0
57.7373 0
57.7373 0
57.7373 0
57.7374 0
57.7374 0
57.7374 0
57.7374 0
57.7374 0
57.7374 0
57.7374 0
57.7374 0
57.7374 0
57.7374 0
57.7374 0
57.7374 0
57.7374 0
57.7374 0
57.7374 0
57.7374 0
57.7374 0
57.7374 0
57.7374 0
57.7374 0
57.7374 0
57.7374 0
57.7374 0
57.7375 0
57.7375 0
57.7375 0
57.7375 0
57.7375 0
57.7375 0
57.7375 0
57.7375 0
57.7375 0
57.7375 0
57.7375 0
57.7375 0
57.7375 0
57.7375 0
57.7375 0
57.7375 0
57.7375 0
57.7375 0
57.7375 0
57.7375 0
57.7376 0
57.7376 0
57.7376 0
57.7376 0
57.7376 0
57.7376 0
57.7376 0
57.7376 0
57.7376 0
57.7376 0
57.7376 0
57.7376 0
57.7376 0
57.7376 0
57.7377 0
57.7377 0
57.7377 0
57.7377 0
57.7377 0
57.7377 0
57.7377 0
57.7377 0
57.7377 0
57.7377 0
57.7377 0
57.7377 0
57.7378 0
57.7378 0
57.7378 0
57.7378 0
57.7378 0
57.7378 0
57.7378 0
57.7378 0
57.7378 0
57.7378 0
57.7379 0
57.7379 0
57.7379 0
57.7379 0
57.7379 0
57.7379 0
57.7379 0
57.7379 0
57.7379 0
57.7379 0
57.7379 0
57.738 0
57.738 0
57.738 0
57.738 0
57.738 0
57.738 0
57.738 0
57.738 0
57.738 0
57.7381 0
57.7381 0
57.7381 0
57.7381 0
57.7381 0
57.7381 0
57.7382 0
57.7382 0
57.7382 0
57.7382 0
57.7382 0
57.7382 0
57.7382 0
57.7383 0
57.7383 0
57.7383 0
57.7383 0
57.7383 0
57.7383 0
57.7384 0
57.7384 0
57.7384 0
57.7384 0
57.7384 0
57.7385 0
57.7385 0
57.7385 0
57.7385 0
57.7385 0
57.7386 0
57.7386 0
57.7386 0
57.7386 0
57.7386 0
57.7387 0
57.7387 0
57.7387 0
57.7387 0
57.7387 0
57.7388 0
57.7388 0
57.7388 0
57.7388 0
57.7388 0
57.7389 0
57.7389 0
57.7389 0
57.7389 0
57.739 0
57.739 0
57.739 0
57.7391 0
57.7391 0
57.7391 0
57.7391 0
57.7392 0
57.7392 0
57.7392 0
57.7393 0
57.7393 0
57.7393 0
57.7394 0
57.7394 0
57.7394 0
57.7395 0
57.7395 0
57.7396 0
57.7396 0
57.7396 0
57.7397 0
57.7397 0
57.7398 0
57.7398 0
57.7398 0
57.7399 0
57.7399 0
57.7399 0
57.74 0
57.74 0
57.7401 0
57.7401 0
57.7401 0
57.7402 0
57.7402 0
57.7403 0
57.7403 0
57.7403 0
57.7404 0
57.7404 0
57.7405 0
57.7405 0
57.7405 0
57.7406 0
57.7407 0
57.7407 0
57.7408 0
57.7408 0
57.7409 0
57.741 0
57.741 0
57.7411 0
57.7411 0
57.7412 0
57.7412 0
57.7413 0
57.7414 0
57.7414 0
57.7415 0
57.7416 0
57.7417 0
57.7417 0
57.7418 0
57.7419 0
57.742 0
57.7421 0
57.7421 0
57.7422 0
57.7423 0
57.7424 0
57.7424 0
57.7425 0
57.7426 0
57.7427 0
57.7428 0
57.7428 0
57.7429 0
57.743 0
57.7431 0
57.7432 0
57.7432 0
57.7433 0
57.7434 0
57.7435 0
57.7435 0
57.7436 0
57.7437 0
57.7439 0
57.7439 0
57.7441 0
57.7442 0
57.7443 0
57.7444 0
57.7446 0
57.7446 0
57.7448 0
57.7449 0
57.745 0
57.7451 0
57.7453 0
57.7453 0
57.7455 0
57.7457 0
57.7458 0
57.746 0
57.7461 0
57.7463 0
57.7464 0
57.7466 0
57.7467 0
57.7469 0
57.7471 0
57.7472 0
57.7474 0
57.7475 0
57.7477 0
57.7478 0
57.748 0
57.7482 0
57.7483 0
57.7485 0
57.7486 0
57.7488 0
57.7489 0
57.7491 0
57.7492 0
57.7494 0
57.7496 0
57.7497 0
57.75 0
57.7502 0
57.7505 0
57.7507 0
57.751 0
57.7511 0
57.7514 0
57.7516 0
57.7519 0
57.7521 0
57.7524 0
57.7525 0
57.7528 0
57.7532 0
57.7535 0
57.7538 0
57.7541 0
57.7544 0
57.7547 0
57.755 0
57.7553 0
57.7557 0
57.756 0
57.7563 0
57.7566 0
57.7569 0
57.7572 0
57.7575 0
57.7578 0
57.7582 0
57.7585 0
57.7588 0
57.7591 0
57.7594 0
57.7597 0
57.76 0
57.7603 0
57.7607 0
57.761 0
57.7613 0
57.7619 0
57.7622 0
57.7628 0
57.7632 0
57.7638 0
57.7641 0
57.7647 0
57.765 0
57.7657 0
57.766 0
57.7666 0
57.7669 0
57.7675 0
57.7682 0
57.7688 0
57.7694 0
57.77 0
57.7707 0
57.7713 0
57.7719 0
57.7725 0
57.7732 0
57.7738 0
57.7744 0
57.775 0
57.7757 0
57.7763 0
57.7769 0
57.7775 0
57.7782 0
57.7788 0
57.7794 0
57.78 0
57.7807 0
57.7813 0
57.7819 0
57.7825 0
57.7832 0
57.7844 0
57.785 0
57.7863 0
57.7869 0
57.7882 0
57.7888 0
57.79 0
57.7907 0
57.7919 0
57.7925 0
57.7938 0
57.7944 0
57.7957 0
57.7969 0
57.7982 0
57.7994 0
57.8007 0
57.8019 0
57.8032 0
57.8044 0
57.8057 0
57.8069 0
57.8082 0
57.8094 0
57.8107 0
57.8119 0
57.8132 0
57.8144 0
57.8157 0
57.8169 0
57.8182 0
57.8194 0
57.8207 0
57.8219 0
57.8232 0
57.8244 0
57.8269 0
57.8282 0
57.8307 0
57.8319 0
57.8344 0
57.8357 0
57.8382 0
57.8394 0
57.8419 0
57.8432 0
57.8457 0
57.8482 0
57.8507 0
57.8532 0
57.8557 0
57.8582 0
57.8607 0
57.8632 0
57.8657 0
57.8682 0
57.8707 0
57.8732 0
57.8757 0
57.8782 0
57.8807 0
57.8832 0
57.8857 0
57.8882 0
57.8907 0
57.8932 0
57.8957 0
57.8982 0
57.9007 0
57.9032 0
57.9082 0
57.9107 0
57.9157 0
57.9182 0
57.9232 0
57.9257 0
57.9307 0
57.9332 0
57.9382 0
57.9407 0
57.9457 0
57.9482 0
57.9532 0
57.9582 0
57.9632 0
57.9682 0
57.9732 0
57.9782 0
57.9832 0
57.9882 0
57.9932 0
57.9982 0
58.0032 0
58.0082 0
58.0132 0
58.0182 0
58.0232 0
58.0257 0
58.0307 0
58.0332 0
58.0382 0
58.0407 0
58.0457 0
58.0482 0
58.0532 0
58.0557 0
58.0607 0
58.0632 0
58.0682 0
58.0707 0
58.0732 0
58.0757 0
58.0782 0
58.0807 0
58.0832 0
58.0857 0
58.0882 0
58.0907 0
58.0932 0
58.0957 0
58.0982 0
58.1007 0
58.1032 0
58.1057 0
58.1082 0
58.1107 0
58.1132 0
58.1157 0
58.1182 0
58.1207 0
58.1232 0
58.1257 0
58.1282 0
58.1307 0
58.1332 0
58.1357 0
58.1382 0
58.1407 0
58.1432 0
58.1457 0
58.1482 0
58.1507 0
58.1532 0
58.1557 0
58.1582 0
58.1607 0
58.1632 0
58.1657 0
58.1682 0
58.1707 0
58.1732 0
58.1757 0
58.1782 0
58.1807 0
58.1832 0
58.1857 0
58.1882 0
58.1907 0
58.1932 0
58.1957 0
58.1982 0
58.2007 0
58.2032 0
58.2057 0
58.2082 0
58.2107 0
58.2132 0
58.2157 0
58.2182 0
58.2207 0
58.2232 0
58.2257 0
58.2282 0
58.2307 0
58.2332 0
58.2357 0
58.2382 0
58.2407 0
58.2432 0
58.2457 0
58.2482 0
58.2507 0
58.2532 0
58.2557 0
58.2582 0
58.2607 0
58.2632 0
58.2682 0
58.2707 0
58.2757 0
58.2782 0
58.2832 0
58.2857 0
58.2907 0
58.2932 0
58.2982 0
58.3007 0
58.3057 0
58.3082 0
58.3132 0
58.3157 0
58.3207 0
58.3257 0
58.3307 0
58.3357 0
58.3407 0
58.3457 0
58.3507 0
58.3557 0
58.3607 0
58.3657 0
58.3707 0
58.3757 0
58.3807 0
58.3857 0
58.3907 0
58.3957 0
58.4007 0
58.4057 0
58.4107 0
58.4157 0
58.4207 0
58.4257 0
58.4307 0
58.4357 0
58.4407 0
58.4457 0
58.4507 0
58.4557 0
58.4607 0
58.4657 0
58.4707 0
58.4757 0
58.4807 0
58.4857 0
58.4907 0
58.4957 0
58.5007 0
58.5057 0
58.5107 0
58.5157 0
58.5207 0
58.5257 0
58.5307 0
58.5357 0
58.5407 0
58.5507 0
58.5557 0
58.5657 0
58.5707 0
58.5807 0
58.5857 0
58.5957 0
58.6007 0
58.6107 0
58.6157 0
58.6257 0
58.6307 0
58.6407 0
58.6457 0
58.6557 0
58.6657 0
58.6757 0
58.6857 0
58.6957 0
58.7057 0
58.7157 0
58.7257 0
58.7357 0
58.7457 0
58.7557 0
58.7657 0
58.7757 0
58.7857 0
58.7957 0
58.8057 0
58.8157 0
58.8257 0
58.8357 0
58.8457 0
58.8557 0
58.8657 0
58.8757 0
58.8857 0
58.8957 0
58.9057 0
58.9157 0
58.9257 0
58.9357 0
58.9557 0
58.9657 0
58.9857 0
58.9957 0
59.0157 0
59.0257 0
59.0457 0
59.0557 0
59.0757 0
59.0857 0
59.1057 0
59.1157 0
59.1357 0
59.1557 0
59.1757 0
59.1957 0
59.2157 0
59.2357 0
59.2557 0
59.2757 0
59.2957 0
59.3157 0
59.3357 0
59.3557 0
59.3757 0
59.3957 0
59.4157 0
59.4357 0
59.4557 0
59.4757 0
59.4957 0
59.5157 0
59.5357 0
59.5557 0
59.5757 0
59.5957 0
59.6157 0
59.6357 0
59.6557 0
59.6757 0
59.6957 0
59.7157 0
59.7557 0
59.7757 0
59.8157 0
59.8357 0
59.8757 0
59.8957 0
59.9357 0
59.9557 0
59.9957 0
60.0157 0
60.0557 0
60.0757 0
60.1157 0
60.1357 0
60.1757 0
60.2157 0
60.2557 0
60.2957 0
60.3357 0
60.3757 0
60.4157 0
60.4557 0
60.4957 0
60.5357 0
60.5757 0
60.6157 0
60.6557 0
60.6957 0
60.7357 0
60.7757 0
60.8157 0
60.8557 0
60.8957 0
60.9357 0
60.9557 0
60.9957 0
61.0157 0
61.0557 0
61.0757 0
61.1157 0
61.1357 0
61.1757 0
61.1957 0
61.2357 0
61.2557 0
61.2957 0
61.3157 0
61.3557 0
61.3757 0
61.3957 0
61.4157 0
61.4357 0
61.4557 0
61.4757 0
61.4957 0
61.5157 0
61.5357 0
61.5557 0
61.5757 0
61.5957 0
61.6157 0
61.6357 0
61.6557 0
61.6757 0
61.6957 0
61.7157 0
61.7357 0
61.7557 0
61.7757 0
61.7957 0
61.8157 0
61.8357 0
61.8557 0
61.8757 0
61.8957 0
61.9157 0
61.9257 0
61.9457 0
61.9557 0
61.9757 0
61.9857 0
62.0057 0
62.0157 0
62.0357 0
62.0457 0
62.0657 0
62.0757 0
62.0957 0
62.1057 0
62.1157 0
62.1257 0
62.1357 0
62.1457 0
62.1557 0
62.1657 0
62.1757 0
62.1857 0
62.1957 0
62.2057 0
62.2157 0
62.2257 0
62.2357 0
62.2457 0
62.2557 0
62.2657 0
62.2757 0
62.2857 0
62.2957 0
62.3057 0
62.3157 0
62.3257 0
62.3357 0
62.3457 0
62.3557 0
62.3657 0
62.3707 0
62.3807 0
62.3857 0
62.3957 0
62.4007 0
62.4107 0
62.4157 0
62.4257 0
62.4307 0
62.4407 0
62.4457 0
62.4557 0
62.4607 0
62.4657 0
62.4707 0
62.4757 0
62.4807 0
62.4857 0
62.4907 0
62.4957 0
62.5007 0
62.5057 0
62.5107 0
62.5157 0
62.5207 0
62.5257 0
62.5307 0
62.5357 0
62.5407 0
62.5457 0
62.5507 0
62.5557 0
62.5607 0
62.5657 0
62.5707 0
62.5757 0
62.5807 0
62.5857 0
62.5907 0
62.5957 0
62.6007 0
62.6057 0
62.6082 0
62.6132 0
62.6157 0
62.6207 0
62.6232 0
62.6282 0
62.6307 0
62.6357 0
62.6382 0
62.6432 0
62.6457 0
62.6507 0
62.6532 0
62.6582 0
62.6607 0
62.6632 0
62.6657 0
62.6682 0
62.6707 0
62.6732 0
62.6757 0
62.6782 0
62.6807 0
62.6832 0
62.6857 0
62.6882 0
62.6907 0
62.6932 0
62.6957 0
62.6982 0
62.7007 0
62.7032 0
62.7057 0
62.7082 0
62.7107 0
62.7132 0
62.7157 0
62.7182 0
62.7207 0
62.7232 0
62.7257 0
62.7282 0
62.7307 0
62.7332 0
62.7357 0
62.7382 0
62.7407 0
62.7432 0
62.7457 0
62.7482 0
62.7507 0
62.7532 0
62.7557 0
62.7582 0
62.7594 0
62.7619 0
62.7632 0
62.7657 0
62.7669 0
62.7694 0
62.7707 0
62.7732 0
62.7744 0
62.7769 0
62.7782 0
62.7807 0
62.7819 0
62.7844 0
62.7857 0
62.7882 0
62.7894 0
62.7919 0
62.7932 0
62.7957 0
62.7969 0
62.7994 0
62.8007 0
62.8019 0
62.8032 0
62.8044 0
62.8057 0
62.8069 0
62.8082 0
62.8094 0
62.8107 0
62.8119 0
62.8132 0
62.8144 0
62.8157 0
62.8169 0
62.8182 0
62.8194 0
62.8207 0
62.8219 0
62.8232 0
62.8244 0
62.8257 0
62.8269 0
62.8282 0
62.8294 0
62.8307 0
62.8319 0
62.8332 0
62.8344 0
62.8357 0
62.8369 0
62.8382 0
62.8394 0
62.8407 0
62.8419 0
62.8432 0
62.8444 0
62.8457 0
62.8469 0
62.8482 0
62.8494 0
62.8507 0
62.8519 0
62.8532 0
62.8544 0
62.8557 0
62.8569 0
62.8582 0
62.8594 0
62.8607 0
62.8619 0
62.8632 0
62.8644 0
62.8657 0
62.8669 0
62.8682 0
62.8694 0
62.8707 0
62.8719 0
62.8732 0
62.8744 0
62.8757 0
62.8769 0
62.8782 0
62.8794 0
62.8807 0
62.8819 0
62.8832 0
62.8844 0
62.8857 0
62.8869 0
62.8882 0
62.8894 0
62.8907 0
62.8919 0
62.8932 0
62.8944 0
62.8957 0
62.8969 0
62.8982 0
62.8994 0
62.9007 0
62.9019 0
62.9032 0
62.9044 0
62.9057 0
62.9069 0
62.9082 0
62.9094 0
62.9107 0
62.9119 0
62.9132 0
62.9144 0
62.9157 0
62.9169 0
62.9194 0
62.9207 0
62.9232 0
62.9244 0
62.9269 0
62.9282 0
62.9307 0
62.9319 0
62.9344 0
62.9357 0
62.9382 0
62.9394 0
62.9419 0
62.9432 0
62.9457 0
62.9469 0
62.9494 0
62.9507 0
62.9532 0
62.9544 0
62.9569 0
62.9582 0
62.9607 0
62.9619 0
62.9644 0
62.9669 0
62.9694 0
62.9719 0
62.9744 0
62.9769 0
62.9794 0
62.9819 0
62.9844 0
62.9869 0
62.9894 0
62.9919 0
62.9944 0
62.9969 0
62.9994 0
63.0019 0
63.0044 0
63.0069 0
63.0094 0
63.0119 0
63.0144 0
63.0169 0
63.0194 0
63.0219 0
63.0244 0
63.0269 0
63.0294 0
63.0319 0
63.0344 0
63.0369 0
63.0394 0
63.0419 0
63.0444 0
63.0469 0
63.0494 0
63.0519 0
63.0544 0
63.0569 0
63.0594 0
63.0619 0
63.0669 0
63.0694 0
63.0744 0
63.0769 0
63.0819 0
63.0844 0
63.0894 0
63.0919 0
63.0969 0
63.0994 0
63.1044 0
63.1069 0
63.1119 0
63.1144 0
63.1194 0
63.1244 0
63.1294 0
63.1344 0
63.1394 0
63.1444 0
63.1494 0
63.1544 0
63.1594 0
63.1644 0
63.1694 0
63.1744 0
63.1794 0
63.1844 0
63.1894 0
63.1944 0
63.1994 0
63.2044 0
63.2094 0
63.2144 0
63.2194 0
63.2244 0
63.2294 0
63.2344 0
63.2394 0
63.2444 0
63.2494 0
63.2544 0
63.2594 0
63.2644 0
63.2744 0
63.2794 0
63.2894 0
63.2944 0
63.3044 0
63.3094 0
63.3194 0
63.3244 0
63.3344 0
63.3394 0
63.3494 0
63.3544 0
63.3644 0
63.3694 0
63.3794 0
63.3894 0
63.3994 0
63.4094 0
63.4194 0
63.4294 0
63.4394 0
63.4494 0
63.4594 0
63.4694 0
63.4794 0
63.4894 0
63.4994 0
63.5094 0
63.5194 0
63.5294 0
63.5394 0
63.5494 0
63.5594 0
63.5694 0
63.5794 0
63.5894 0
63.5994 0
63.6094 0
63.6194 0
63.6294 0
63.6394 0
63.6594 0
63.6694 0
63.6894 0
63.6994 0
63.7194 0
63.7294 0
63.7494 0
63.7594 0
63.7794 0
63.7894 0
63.8094 0
63.8194 0
63.8394 0
63.8594 0
63.8794 0
63.8994 0
63.9194 0
63.9394 0
63.9594 0
63.9794 0
63.9994 0
64.0194 0
64.0394 0
64.0594 0
64.0794 0
64.0994 0
64.1194 0
64.1394 0
64.1594 0
64.1794 0
64.1994 0
64.2194 0
64.2394 0
64.2594 0
64.2794 0
64.2994 0
64.3194 0
64.3394 0
64.3594 0
64.3794 0
64.3994 0
64.4394 0
64.4594 0
64.4994 0
64.5194 0
64.5594 0
64.5794 0
64.6194 0
64.6394 0
64.6794 0
64.6994 0
64.7394 0
64.7594 0
64.7994 0
64.8194 0
64.8594 0
64.8994 0
64.9394 0
64.9794 0
65.0194 0
65.0594 0
65.0994 0
65.1394 0
65.1794 0
65.2194 0
65.2594 0
65.2994 0
65.3394 0
65.3794 0
65.4194 0
65.4594 0
65.4994 0
65.5394 0
65.5794 0
65.6194 0
65.6594 0
65.7394 0
65.7794 0
65.8594 0
65.8994 0
65.9794 0
66.0194 0
66.0994 0
66.1394 0
66.1794 0
66.2194 0
66.2594 0
66.2994 0
66.3394 0
66.3794 0
66.4194 0
66.4594 0
66.4994 0
66.5394 0
66.5794 0
66.6194 0
66.6594 0
66.6994 0
66.7394 0
66.7794 0
66.8194 0
66.8594 0
66.8994 0
66.9194 0
66.9594 0
66.9794 0
67.0194 0
67.0394 0
67.0794 0
67.0994 0
67.1394 0
67.1594 0
67.1994 0
67.2194 0
67.2594 0
67.2794 0
67.3194 0
67.3394 0
67.3594 0
67.3794 0
67.3994 0
67.4194 0
67.4394 0
67.4594 0
67.4794 0
67.4994 0
67.5194 0
67.5394 0
67.5594 0
67.5794 0
67.5994 0
67.6194 0
67.6394 0
67.6594 0
67.6794 0
67.6994 0
67.7194 0
67.7394 0
67.7594 0
67.7794 0
67.7994 0
67.8194 0
67.8394 0
67.8594 0
67.8794 0
67.8894 0
67.9094 0
67.9194 0
67.9394 0
67.9494 0
67.9694 0
67.9794 0
67.9994 0
68.0094 0
68.0294 0
68.0394 0
68.0594 0
68.0694 0
68.0794 0
68.0894 0
68.0994 0
68.1094 0
68.1194 0
68.1294 0
68.1394 0
68.1494 0
68.1594 0
68.1694 0
68.1794 0
68.1894 0
68.1994 0
68.2094 0
68.2194 0
68.2294 0
68.2394 0
68.2494 0
68.2594 0
68.2694 0
68.2794 0
68.2894 0
68.2994 0
68.3094 0
68.3194 0
68.3294 0
68.3394 0
68.3494 0
68.3544 0
68.3644 0
68.3694 0
68.3794 0
68.3844 0
68.3944 0
68.3994 0
68.4094 0
68.4144 0
68.4244 0
68.4294 0
68.4394 0
68.4444 0
68.4544 0
68.4594 0
68.4644 0
68.4694 0
68.4744 0
68.4794 0
68.4844 0
68.4894 0
68.4944 0
68.4994 0
68.5044 0
68.5094 0
68.5144 0
68.5194 0
68.5244 0
68.5294 0
68.5344 0
68.5394 0
68.5444 0
68.5494 0
68.5544 0
68.5594 0
68.5644 0
68.5694 0
68.5744 0
68.5794 0
68.5844 0
68.5894 0
68.5944 0
68.5994 0
68.6044 0
68.6094 0
68.6144 0
68.6194 0
68.6244 0
68.6269 0
68.6319 0
68.6344 0
68.6394 0
68.6419 0
68.6469 0
68.6494 0
68.6544 0
68.6569 0
68.6619 0
68.6644 0
68.6694 0
68.6719 0
68.6769 0
68.6794 0
68.6844 0
68.6869 0
68.6919 0
68.6944 0
68.6994 0
68.7019 0
68.7044 0
68.7069 0
68.7094 0
68.7119 0
68.7144 0
68.7169 0
68.7194 0
68.7219 0
68.7244 0
68.7269 0
68.7294 0
68.7319 0
68.7344 0
68.7369 0
68.7394 0
68.7419 0
68.7444 0
68.7469 0
68.7494 0
68.7519 0
68.7544 0
68.7569 0
68.7594 0
68.7619 0
68.7644 0
68.7669 0
68.7694 0
68.7719 0
68.7744 0
68.7769 0
68.7794 0
68.7819 0
68.7844 0
68.7869 0
68.7894 0
68.7919 0
68.7944 0
68.7969 0
68.7994 0
68.8019 0
68.8044 0
68.8069 0
68.8094 0
68.8119 0
68.8132 0
68.8157 0
68.8169 0
68.8194 0
68.8207 0
68.8232 0
68.8244 0
68.8269 0
68.8282 0
68.8307 0
68.8319 0
68.8344 0
68.8357 0
68.8382 0
68.8394 0
68.8419 0
68.8432 0
68.8457 0
68.8469 0
68.8494 0
68.8507 0
68.8532 0
68.8544 0
68.8569 0
68.8582 0
68.8607 0
68.8619 0
68.8644 0
68.8657 0
68.8682 0
68.8694 0
68.8719 0
68.8732 0
68.8757 0
68.8769 0
68.8794 0
68.8807 0
68.8832 0
68.8844 0
68.8869 0
68.8882 0
68.8907 0
68.8919 0
68.8944 0
68.8957 0
68.8982 0
68.8994 0
68.9019 0
68.9032 0
68.9057 0
68.9069 0
68.9094 0
68.9119 0
68.9144 0
68.9169 0
68.9194 0
68.9219 0
68.9244 0
68.9269 0
68.9294 0
68.9319 0
68.9344 0
68.9369 0
68.9394 0
68.9419 0
68.9444 0
68.9469 0
68.9494 0
68.9519 0
68.9544 0
68.9569 0
68.9594 0
68.9619 0
68.9644 0
68.9669 0
68.9694 0
68.9719 0
68.9744 0
68.9769 0
68.9794 0
68.9819 0
68.9844 0
68.9869 0
68.9894 0
68.9919 0
68.9944 0
68.9969 0
68.9994 0
69.0019 0
69.0044 0
69.0069 0
69.0094 0
69.0119 0
69.0144 0
69.0169 0
69.0194 0
69.0244 0
69.0269 0
69.0319 0
69.0344 0
69.0394 0
69.0419 0
69.0469 0
69.0494 0
69.0544 0
69.0569 0
69.0619 0
69.0644 0
69.0694 0
69.0719 0
69.0769 0
69.0794 0
69.0844 0
69.0869 0
69.0919 0
69.0944 0
69.0994 0
69.1019 0
69.1069 0
69.1119 0
69.1169 0
69.1219 0
69.1269 0
69.1319 0
69.1369 0
69.1419 0
69.1469 0
69.1519 0
69.1569 0
69.1619 0
69.1669 0
69.1719 0
69.1769 0
69.1819 0
69.1869 0
69.1919 0
69.1969 0
69.2019 0
69.2069 0
69.2119 0
69.2169 0
69.2219 0
69.2269 0
69.2319 0
69.2369 0
69.2419 0
69.2469 0
69.2519 0
69.2569 0
69.2619 0
69.2669 0
69.2719 0
69.2819 0
69.2869 0
69.2969 0
69.3019 0
69.3119 0
69.3169 0
69.3269 0
69.3319 0
69.3419 0
69.3469 0
69.3569 0
69.3619 0
69.3719 0
69.3769 0
69.3869 0
69.3969 0
69.4069 0
69.4169 0
69.4269 0
69.4369 0
69.4469 0
69.4569 0
69.4669 0
69.4769 0
69.4869 0
69.4969 0
69.5069 0
69.5169 0
69.5269 0
69.5369 0
69.5469 0
69.5569 0
69.5669 0
69.5769 0
69.5869 0
69.5969 0
69.6069 0
69.6169 0
69.6269 0
69.6369 0
69.6469 0
69.6569 0
69.6669 0
69.6869 0
69.6969 0
69.7169 0
69.7269 0
69.7469 0
69.7569 0
69.7769 0
69.7869 0
69.8069 0
69.8169 0
69.8369 0
69.8469 0
69.8669 0
69.8769 0
69.8969 0
69.9169 0
69.9369 0
69.9569 0
69.9769 0
69.9969 0
70.0169 0
