0.001 0
0.003 0
0.007 0
0.015 0
0.031 0
0.063 0
0.127 0
0.255 0
0.319 0
0.383 0
0.447 0
0.511 0
0.575 0
0.639 0
0.703 0
0.767 0
0.831 0
0.895 0
0.959 0
1.023 0
1.087 0
1.151 0
1.183 0
1.247 0
1.279 0
1.343 0
1.375 0
1.439 0
1.471 0
1.535 0
1.567 0
1.631 0
1.663 0
1.727 0
1.759 0
1.791 0
1.823 0
1.855 0
1.887 0
1.919 0
1.951 0
1.983 0
2.015 0
2.047 0
2.079 0
2.111 0
2.143 0
2.175 0
2.207 0
2.239 0
2.271 0
2.303 0
2.335 0
2.367 0
2.399 0
2.431 0
2.463 0
2.495 0
2.527 0
2.559 0
2.591 0
2.623 0
2.655 0
2.671 0
2.703 0
2.719 0
2.751 0
2.767 0
2.799 0
2.815 0
2.847 0
2.863 0
2.895 0
2.911 0
2.927 0
2.943 0
2.959 0
2.975 0
2.991 0
3.007 0
3.023 0
3.039 0
3.055 0
3.071 0
3.087 0
3.103 0
3.119 0
3.135 0
3.151 0
3.167 0
3.183 0
3.199 0
3.215 0
3.231 0
3.247 0
3.263 0
3.279 0
3.295 0
3.303 0
3.319 0
3.327 0
3.343 0
3.351 0
3.367 0
3.375 0
3.391 0
3.399 0
3.415 0
3.423 0
3.439 0
3.447 0
3.455 0
3.463 0
3.471 0
3.479 0
3.487 0
3.495 0
3.503 0
3.511 0
3.519 0
3.527 0
3.535 0
3.543 0
3.551 0
3.559 0
3.567 0
3.575 0
3.583 0
3.591 0
3.599 0
3.607 0
3.615 0
3.619 0
3.627 0
3.631 0
3.639 0
3.643 0
3.651 0
3.655 0
3.663 0
3.667 0
3.675 0
3.679 0
3.683 0
3.687 0
3.691 0
3.695 0
3.699 0
3.703 0
3.707 0
3.711 0
3.715 0
3.719 0
3.723 0
3.727 0
3.731 0
3.735 0
3.739 0
3.743 0
3.747 0
3.751 0
3.755 0
3.759 0
3.763 0
3.767 0
3.771 0
3.775 0
3.777 0
3.781 0
3.783 0
3.787 0
3.789 0
3.793 0
3.795 0
3.799 0
3.801 0
3.805 0
3.807 0
3.811 0
3.813 0
3.815 0
3.817 0
3.819 0
3.821 0
3.823 0
3.825 0
3.827 0
3.829 0
3.831 0
3.833 0
3.835 0
3.837 0
3.839 0
3.841 0
3.843 0
3.845 0
3.847 0
3.849 0
3.851 0
3.853 0
3.855 0
3.857 0
3.859 0
3.86 0
3.862 0
3.863 0
3.865 0
3.866 0
3.868 0
3.869 0
3.871 0
3.872 0
3.874 0
3.875 0
3.877 0
3.878 0
3.879 0
3.88 0
3.881 0
3.882 0
3.883 0
3.884 0
3.885 0
3.886 0
3.887 0
3.888 0
3.889 0
3.89 0
3.891 0
3.892 0
3.893 0
3.894 0
3.895 0
3.896 0
3.897 0
3.898 0
3.899 0
3.9 0
3.901 0
3.902 0
3.9025 0
3.9035 0
3.904 0
3.905 0
3.9055 0
3.9065 0
3.907 0
3.908 0
3.9085 0
3.9095 0
3.91 0
3.911 0
3.9115 0
3.912 0
3.9125 0
3.913 0
3.9135 0
3.914 0
3.9145 0
3.915 0
3.9155 0
3.916 0
3.9165 0
3.917 0
3.9175 0
3.918 0
3.9185 0
3.919 0
3.9195 0
3.92 0
3.9205 0
3.921 0
3.9215 0
3.922 0
3.9225 0
3.923 0
3.9235 0
3.924 0
3.9245 0
3.925 0
3.9255 0
3.92575 0
3.92625 0
3.9265 0
3.927 0
3.92725 0
3.92775 0
3.928 0
3.9285 0
3.92875 0
3.92925 0
3.9295 0
3.93 0
3.93025 0
3.9305 0
3.93075 0
3.931 0
3.93125 0
3.9315 0
3.93175 0
3.932 0
3.93225 0
3.9325 0
3.93275 0
3.933 0
3.93325 0
3.9335 0
3.93375 0
3.934 0
3.93425 0
3.9345 0
3.93475 0
3.935 0
3.93525 0
3.9355 0
3.93575 0
3.936 0
3.93625 0
3.9365 0
3.93675 0
3.937 0
3.93725 0
3.9375 0
3.93775 0
3.93787 0
3.93812 0
3.93825 0
3.9385 0
3.93862 0
3.93887 0
3.939 0
3.93925 0
3.93937 0
3.93962 0
3.93975 0
3.94 0
3.94012 0
3.94037 0
3.9405 0
3.94062 0
3.94075 0
3.94087 0
3.941 0
3.94112 0
3.94125 0
3.94137 0
3.9415 0
3.94162 0
3.94175 0
3.94187 0
3.942 0
3.94212 0
3.94225 0
3.94237 0
3.9425 0
3.94262 0
3.94275 0
3.94287 0
3.943 0
3.94312 0
3.94325 0
3.94337 0
3.9435 0
3.94362 0
3.94375 0
3.94387 0
3.944 0
3.94412 0
3.94425 0
3.94437 0
3.9445 0
3.94462 0
3.94469 0
3.94481 0
3.94487 0
3.945 0
3.94506 0
3.94519 0
3.94525 0
3.94537 0
3.94544 0
3.94556 0
3.94562 0
3.94575 0
3.94581 0
3.94594 0
3.946 0
3.94612 0
3.94619 0
3.94625 0
3.94631 0
3.94637 0
3.94644 0
3.9465 0
3.94656 0
3.94662 0
3.94669 0
3.94675 0
3.94681 0
3.94687 0
3.94694 0
3.947 0
3.94706 0
3.94712 0
3.94719 0
3.94725 0
3.94731 0
3.94737 0
3.94744 0
3.9475 0
3.94756 0
3.94762 0
3.94769 0
3.94775 0
3.94781 0
3.94787 0
3.94794 0
3.948 0
3.94806 0
3.94812 0
3.94819 0
3.94825 0
3.94831 0
3.94837 0
3.94844 0
3.9485 0
3.94856 0
3.94862 0
3.94869 0
3.94875 0
3.94881 0
3.94887 0
3.94894 0
3.949 0
3.94906 0
3.94909 0
3.94916 0
3.94919 0
3.94925 0
3.94928 0
3.94934 0
3.94937 0
3.94944 0
3.94947 0
3.94953 0
3.94956 0
3.94962 0
3.94966 0
3.94972 0
3.94975 0
3.94981 0
3.94984 0
3.94991 0
3.94994 0
3.95 0
3.95003 0
3.95009 0
3.95012 0
3.95019 0
3.95022 0
3.95028 0
3.95031 0
3.95037 0
3.95041 0
3.95047 0
3.9505 0
3.95056 0
3.95059 0
3.95062 0
3.95066 0
3.95069 0
3.95072 0
3.95075 0
3.95078 0
3.95081 0
3.95084 0
3.95087 0
3.95091 0
3.95094 0
3.95097 0
3.951 0
3.95103 0
3.95106 0
3.95109 0
3.95112 0
3.95116 0
3.95119 0
3.95122 0
3.95125 0
3.95128 0
3.95131 0
3.95134 0
3.95137 0
3.95141 0
3.95144 0
3.95147 0
3.9515 0
3.95153 0
3.95156 0
3.95159 0
3.95162 0
3.95166 0
3.95169 0
3.95172 0
3.95175 0
3.95178 0
3.95181 0
3.95184 0
3.95187 0
3.95191 0
3.95194 0
3.95197 0
3.952 0
3.95203 0
3.95206 0
3.95209 0
3.95212 0
3.95216 0
3.95219 0
3.95222 0
3.95225 0
3.95228 0
3.95231 0
3.95234 0
3.95237 0
3.95241 0
3.95244 0
3.95247 0
3.9525 0
3.95253 0
3.95256 0
3.95259 0
3.95263 0
3.95266 0
3.95269 0
3.95272 0
3.95275 0
3.95278 0
3.95281 0
3.95284 0
3.95288 0
3.95291 0
3.95294 0
3.95297 0
3.953 0
3.95303 0
3.95306 0
3.95309 0
3.95313 0
3.95316 0
3.95319 0
3.95322 0
3.95325 0
3.95328 0
3.95331 0
3.95334 0
3.95338 0
3.95341 0
3.95344 0
3.95347 0
3.9535 0
3.95353 0
3.95356 0
3.95359 0
3.95363 0
3.95366 0
3.95369 0
3.95372 0
3.95375 0
3.95378 0
3.95381 0
3.95384 0
3.95388 0
3.95391 0
3.95394 0
3.954 0
3.95403 0
3.95409 0
3.95413 0
3.95419 0
3.95422 0
3.95428 0
3.95431 0
3.95438 0
3.95441 0
3.95447 0
3.9545 0
3.95456 0
3.95459 0
3.95466 0
3.95469 0
3.95475 0
3.95478 0
3.95484 0
3.95488 0
3.95494 0
3.95497 0
3.95503 0
3.95506 0
3.95513 0
3.95516 0
3.95522 0
3.95525 0
3.95531 0
3.95534 0
3.95541 0
3.95544 0
3.9555 0
3.95556 0
3.95563 0
3.95569 0
3.95575 0
3.95581 0
3.95588 0
3.95594 0
3.956 0
3.95606 0
3.95613 0
3.95619 0
3.95625 0
3.95631 0
3.95638 0
3.95644 0
3.9565 0
3.95656 0
3.95663 0
3.95669 0
3.95675 0
3.95681 0
3.95688 0
3.95694 0
3.957 0
3.95706 0
3.95713 0
3.95719 0
3.95725 0
3.95731 0
3.95738 0
3.95744 0
3.9575 0
3.95756 0
3.95763 0
3.95769 0
3.95775 0
3.95781 0
3.95788 0
3.95794 0
3.958 0
3.95806 0
3.95813 0
3.95819 0
3.95825 0
3.95831 0
3.95838 0
3.9585 0
3.95856 0
3.95869 0
3.95875 0
3.95888 0
3.95894 0
3.95906 0
3.95913 0
3.95925 0
3.95931 0
3.95944 0
3.9595 0
3.95963 0
3.95969 0
3.95981 0
3.95988 0
3.96 0
3.96006 0
3.96019 0
3.96031 0
3.96044 0
3.96056 0
3.96069 0
3.96081 0
3.96094 0
3.96106 0
3.96119 0
3.96131 0
3.96144 0
3.96156 0
3.96169 0
3.96181 0
3.96194 0
3.96206 0
3.96219 0
3.96231 0
3.96244 0
3.96256 0
3.96269 0
3.96281 0
3.96294 0
3.96306 0
3.96319 0
3.96331 0
3.96344 0
3.96356 0
3.96369 0
3.96381 0
3.96394 0
3.96406 0
3.96419 0
3.96431 0
3.96456 0
3.96469 0
3.96494 0
3.96506 0
3.96531 0
3.96544 0
3.96569 0
3.96581 0
3.96606 0
3.96619 0
3.96644 0
3.96656 0
3.96681 0
3.96694 0
3.96719 0
3.96744 0
3.96769 0
3.96794 0
3.96819 0
3.96844 0
3.96869 0
3.96894 0
3.96919 0
3.96944 0
3.96969 0
3.96994 0
3.97019 0
3.97044 0
3.97069 0
3.97094 0
3.97119 0
3.97144 0
3.97169 0
3.97194 0
3.97219 0
3.97244 0
3.97269 0
3.97294 0
3.97319 0
3.97344 0
3.97369 0
3.97394 0
3.97419 0
3.97444 0
3.97469 0
3.97519 0
3.97544 0
3.97594 0
3.97619 0
3.97669 0
3.97694 0
3.97744 0
3.97769 0
3.97819 0
3.97844 0
3.97894 0
3.97919 0
3.97969 0
3.97994 0
3.98044 0
3.98094 0
3.98144 0
3.98194 0
3.98244 0
3.98294 0
3.98344 0
3.98394 0
3.98444 0
3.98494 0
3.98544 0
3.98594 0
3.98644 0
3.98694 0
3.98744 0
3.98794 0
3.98844 0
3.98894 0
3.98944 0
3.98994 0
3.99044 0
3.99094 0
3.99144 0
3.99194 0
3.99244 0
3.99294 0
3.99344 0
3.99394 0
3.99494 0
3.99544 0
3.99644 0
3.99694 0
3.99794 0
3.99844 0
3.99944 0
3.99994 0
4.00094 0
4.00144 0
4.00244 0
4.00294 0
4.00394 0
4.00494 0
4.00594 0
4.00694 0
4.00794 0
4.00894 0
4.00994 0
4.01094 0
4.01194 0
4.01294 0
4.01394 0
4.01494 0
4.01594 0
4.01694 0
4.01794 0
4.01894 0
4.01994 0
4.02094 0
4.02194 0
4.02294 0
4.02394 0
4.02494 0
4.02594 0
4.02694 0
4.02794 0
4.02894 0
4.02994 0
4.03194 0
4.03294 0
4.03494 0
4.03594 0
4.03794 0
4.03894 0
4.04094 0
4.04194 0
4.04394 0
4.04494 0
4.04694 0
4.04794 0
4.04994 0
4.05194 0
4.05394 0
4.05594 0
4.05794 0
4.05994 0
4.06194 0
4.06394 0
4.06594 0
4.06794 0
4.06994 0
4.07194 0
4.07394 0
4.07594 0
4.07794 0
4.07994 0
4.08194 0
4.08394 0
4.08594 0
4.08794 0
4.08994 0
4.09194 0
4.09394 0
4.09594 0
4.09794 0
4.09994 0
4.10394 0
4.10594 0
4.10994 0
4.11194 0
4.11594 0
4.11794 0
4.12194 0
4.12394 0
4.12794 0
4.12994 0
4.13394 0
4.13594 0
4.13994 0
4.14394 0
4.14794 0
4.15194 0
4.15594 0
4.15994 0
4.16394 0
4.16794 0
4.17194 0
4.17594 0
4.17994 0
4.18394 0
4.18794 0
4.19194 0
4.19594 0
4.19994 0
4.20394 0
4.20794 0
4.21194 0
4.21594 0
4.21994 0
4.22394 0
4.22794 0
4.23194 0
4.23994 0
4.24394 0
4.25194 0
4.25594 0
4.26394 0
4.26794 0
4.27594 0
4.27994 0
4.28794 0
4.29194 0
4.29994 0
4.30394 0
4.31194 0
4.31994 0
4.32794 0
4.33594 0
4.34394 0
4.35194 0
4.35994 0
4.36794 0
4.37594 0
4.38394 0
4.39194 0
4.39994 0
4.40794 0
4.41594 0
4.42394 0
4.43194 0
4.43994 0
4.44794 0
4.45594 0
4.46394 0
4.47194 0
4.47994 0
4.48794 0
4.49594 0
4.51194 0
4.51994 0
4.53594 0
4.54394 0
4.55994 0
4.56794 0
4.58394 0
4.59194 0
4.60794 0
4.61594 0
4.63194 0
4.64794 0
4.66394 0
4.67994 0
4.69594 0
4.71194 0
4.72794 0
4.74394 0
4.75994 0
4.77594 0
4.79194 0
4.80794 0
4.82394 0
4.83994 0
4.85594 0
4.87194 0
4.88794 0
4.90394 0
4.91994 0
4.93594 0
4.95194 0
4.96794 0
4.98394 0
4.99994 0
5.01594 0
5.03194 0
5.04794 0
5.06394 0
5.07994 0
5.09594 0
5.11194 0
5.12794 0
5.14394 0
5.15994 0
5.17594 0
5.19194 0
5.20794 0
5.22394 0
5.23994 0
5.25594 0
5.27194 0
5.28794 0
5.30394 0
5.31994 0
5.33594 0
5.35194 0
5.36794 0
5.38394 0
5.39994 0
5.41594 0
5.43194 0
5.44794 0
5.46394 0
5.47994 0
5.49594 0
5.51194 0
5.52794 0
5.54394 0
5.55994 0
5.57594 0
5.58394 0
5.59994 0
5.60794 0
5.62394 0
5.63194 0
5.64794 0
5.65594 0
5.67194 0
5.67994 0
5.69594 0
5.70394 0
5.71994 0
5.72794 0
5.74394 0
5.75194 0
5.76794 0
5.77594 0
5.79194 0
5.79994 0
5.81594 0
5.82394 0
5.83994 0
5.84794 0
5.86394 0
5.87194 0
5.88794 0
5.89594 0
5.91194 0
5.91994 0
5.92794 0
5.93594 0
5.94394 0
5.95194 0
5.95994 0
5.96794 0
5.97594 0
5.98394 0
5.99194 0
5.99994 0
6.00794 0
6.01594 0
6.02394 0
6.03194 0
6.03994 0
6.04794 0
6.05594 0
6.06394 0
6.07194 0
6.07994 0
6.08794 0
6.09594 0
6.10394 0
6.10794 0
6.11594 0
6.11994 0
6.12794 0
6.13194 0
6.13994 0
6.14394 0
6.15194 0
6.15594 0
6.16394 0
6.16794 0
6.17594 0
6.17994 0
6.18794 0
6.19194 0
6.19994 0
6.20394 0
6.21194 0
6.21594 0
6.22394 0
6.22794 0
6.23594 0
6.23994 0
6.24794 0
6.25194 0
6.25994 0
6.26794 0
6.27594 0
6.28394 0
6.29194 0
6.29994 0
6.30794 0
6.31594 0
6.32394 0
6.33194 0
6.33994 0
6.34794 0
6.35594 0
6.36394 0
6.37194 0
6.37994 0
6.38794 0
6.39594 0
6.40394 0
6.41194 0
6.41994 0
6.42794 0
6.43594 0
6.44394 0
6.45994 0
6.46794 0
6.48394 0
6.49194 0
6.50794 0
6.51594 0
6.53194 0
6.53994 0
6.55594 0
6.56394 0
6.57994 0
6.58794 0
6.60394 0
6.61194 0
6.62794 0
6.63594 0
6.65194 0
6.65994 0
6.67594 0
6.68394 0
6.69994 0
6.70794 0
6.72394 0
6.73194 0
6.74794 0
6.75594 0
6.77194 0
6.77994 0
6.79594 0
6.80394 0
6.81994 0
6.82794 0
6.83594 0
6.84394 0
6.85194 0
6.85994 0
6.86794 0
6.87594 0
6.88394 0
6.89194 0
6.89994 0
6.90794 0
6.91594 0
6.92394 0
6.93194 0
6.93994 0
6.94794 0
6.95594 0
6.96394 0
6.97194 0
6.97994 0
6.98794 0
6.99594 0
7.00394 0
7.01194 0
7.01594 0
7.02394 0
7.02794 0
7.03594 0
7.03994 0
7.04794 0
7.05194 0
7.05994 0
7.06394 0
7.07194 0
7.07594 0
7.07994 0
7.08394 0
7.08794 0
7.09194 0
7.09594 0
7.09994 0
7.10394 0
7.10794 0
7.11194 0
7.11594 0
7.11994 0
7.12394 0
7.12794 0
7.13194 0
7.13594 0
7.13994 0
7.14394 0
7.14794 0
7.15194 0
7.15594 0
7.15994 0
7.16394 0
7.16594 0
7.16994 0
7.17194 0
7.17594 0
7.17794 0
7.18194 0
7.18394 0
7.18794 0
7.18994 0
7.19394 0
7.19594 0
7.19794 0
7.19994 0
7.20194 0
7.20394 0
7.20594 0
7.20794 0
7.20994 0
7.21194 0
7.21394 0
7.21594 0
7.21794 0
7.21994 0
7.22194 0
7.22394 0
7.22594 0
7.22794 0
7.22994 0
7.23194 0
7.23394 0
7.23594 0
7.23794 0
7.23994 0
7.24194 0
7.24394 0
7.24494 0
7.24694 0
7.24794 0
7.24994 0
7.25094 0
7.25294 0
7.25394 0
7.25594 0
7.25694 0
7.25894 0
7.25994 0
7.26194 0
7.26294 0
7.26394 0
7.26494 0
7.26594 0
7.26694 0
7.26794 0
7.26894 0
7.26994 0
7.27094 0
7.27194 0
7.27294 0
7.27394 0
7.27494 0
7.27594 0
7.27694 0
7.27794 0
7.27894 0
7.27994 0
7.28094 0
7.28194 0
7.28294 0
7.28394 0
7.28494 0
7.28594 0
7.28644 0
7.28744 0
7.28794 0
7.28894 0
7.28944 0
7.29044 0
7.29094 0
7.29194 0
7.29244 0
7.29344 0
7.29394 0
7.29494 0
7.29544 0
7.29594 0
7.29644 0
7.29694 0
7.29744 0
7.29794 0
7.29844 0
7.29894 0
7.29944 0
7.29994 0
7.30044 0
7.30094 0
7.30144 0
7.30194 0
7.30244 0
7.30294 0
7.30344 0
7.30394 0
7.30444 0
7.30494 0
7.30544 0
7.30594 0
7.30644 0
7.30694 0
7.30744 0
7.30794 0
7.30844 0
7.30869 0
7.30919 0
7.30944 0
7.30994 0
7.31019 0
7.31069 0
7.31094 0
7.31144 0
7.31169 0
7.31219 0
7.31244 0
7.31294 0
7.31319 0
7.31344 0
7.31369 0
7.31394 0
7.31419 0
7.31444 0
7.31469 0
7.31494 0
7.31519 0
7.31544 0
7.31569 0
7.31594 0
7.31619 0
7.31644 0
7.31669 0
7.31694 0
7.31719 0
7.31744 0
7.31769 0
7.31794 0
7.31819 0
7.31844 0
7.31869 0
7.31894 0
7.31919 0
7.31944 0
7.31969 0
7.31981 0
7.32006 0
7.32019 0
7.32044 0
7.32056 0
7.32081 0
7.32094 0
7.32119 0
7.32131 0
7.32156 0
7.32169 0
7.32194 0
7.32206 0
7.32219 0
7.32231 0
7.32244 0
7.32256 0
7.32269 0
7.32281 0
7.32294 0
7.32306 0
7.32319 0
7.32331 0
7.32344 0
7.32356 0
7.32369 0
7.32381 0
7.32394 0
7.32406 0
7.32419 0
7.32431 0
7.32444 0
7.32456 0
7.32469 0
7.32481 0
7.32494 0
7.32506 0
7.32519 0
7.32531 0
7.32544 0
7.32556 0
7.32569 0
7.32575 0
7.32587 0
7.32594 0
7.32606 0
7.32612 0
7.32625 0
7.32631 0
7.32644 0
7.3265 0
7.32662 0
7.32669 0
7.32681 0
7.32687 0
7.327 0
7.32706 0
7.32712 0
7.32719 0
7.32725 0
7.32731 0
7.32737 0
7.32744 0
7.3275 0
7.32756 0
7.32762 0
7.32769 0
7.32775 0
7.32781 0
7.32787 0
7.32794 0
7.328 0
7.32806 0
7.32812 0
7.32819 0
7.32825 0
7.32831 0
7.32837 0
7.32844 0
7.3285 0
7.32856 0
7.32862 0
7.32869 0
7.32875 0
7.32881 0
7.32887 0
7.32891 0
7.32897 0
7.329 0
7.32906 0
7.32909 0
7.32916 0
7.32919 0
7.32925 0
7.32928 0
7.32934 0
7.32937 0
7.32944 0
7.32947 0
7.32953 0
7.32956 0
7.32959 0
7.32962 0
7.32966 0
7.32969 0
7.32972 0
7.32975 0
7.32978 0
7.32981 0
7.32984 0
7.32987 0
7.32991 0
7.32994 0
7.32997 0
7.33 0
7.33003 0
7.33006 0
7.33009 0
7.33012 0
7.33016 0
7.33019 0
7.33022 0
7.33025 0
7.33028 0
7.33031 0
7.33034 0
7.33037 0
7.33041 0
7.33044 0
7.33047 0
7.3305 0
7.33053 0
7.33056 0
7.33059 0
7.33061 0
7.33064 0
7.33066 0
7.33069 0
7.3307 0
7.33073 0
7.33075 0
7.33078 0
7.3308 0
7.33083 0
7.33084 0
7.33087 0
7.33089 0
7.33092 0
7.33094 0
7.33097 0
7.33098 0
7.331 0
7.33102 0
7.33103 0
7.33105 0
7.33106 0
7.33108 0
7.33109 0
7.33111 0
7.33112 0
7.33114 0
7.33116 0
7.33117 0
7.33119 0
7.3312 0
7.33122 0
7.33123 0
7.33125 0
7.33127 0
7.33128 0
7.3313 0
7.33131 0
7.33133 0
7.33134 0
7.33136 0
7.33137 0
7.33139 0
7.33141 0
7.33142 0
7.33144 0
7.33145 0
7.33147 0
7.33148 0
7.3315 0
7.33151 0
7.33152 0
7.33153 0
7.33155 0
7.33155 0
7.33157 0
7.33158 0
7.33159 0
7.3316 0
7.33162 0
7.33162 0
7.33164 0
7.33165 0
7.33166 0
7.33167 0
7.33169 0
7.3317 0
7.3317 0
7.33171 0
7.33172 0
7.33173 0
7.33173 0
7.33174 0
7.33175 0
7.33176 0
7.33177 0
7.33177 0
7.33178 0
7.33179 0
7.3318 0
7.3318 0
7.33181 0
7.33182 0
7.33183 0
7.33184 0
7.33184 0
7.33185 0
7.33186 0
7.33187 0
7.33187 0
7.33188 0
7.33189 0
7.3319 0
7.33191 0
7.33191 0
7.33192 0
7.33193 0
7.33194 0
7.33195 0
7.33195 0
7.33196 0
7.33197 0
7.33198 0
7.33198 0
7.33199 0
7.332 0
7.332 0
7.33201 0
7.33202 0
7.33202 0
7.33203 0
7.33204 0
7.33204 0
7.33205 0
7.33205 0
7.33206 0
7.33206 0
7.33207 0
7.33207 0
7.33208 0
7.33209 0
7.33209 0
7.3321 0
7.33211 0
7.33211 0
7.33212 0
7.33212 0
7.33212 0
7.33213 0
7.33213 0
7.33214 0
7.33214 0
7.33214 0
7.33215 0
7.33215 0
7.33216 0
7.33216 0
7.33216 0
7.33217 0
7.33217 0
7.33218 0
7.33218 0
7.33218 0
7.33219 0
7.33219 0
7.3322 0
7.3322 0
7.3322 0
7.33221 0
7.33221 0
7.33221 0
7.33222 0
7.33222 0
7.33223 0
7.33223 0
7.33223 0
7.33224 0
7.33224 0
7.33225 0
7.33225 0
7.33225 0
7.33226 0
7.33226 0
7.33227 0
7.33227 0
7.33227 0
7.33228 0
7.33228 0
7.33229 0
7.33229 0
7.33229 0
7.3323 0
7.3323 0
7.3323 0
7.33231 0
7.33231 0
7.33232 0
7.33232 0
7.33232 0
7.33233 0
7.33233 0
7.33233 0
7.33233 0
7.33234 0
7.33234 0
7.33234 0
7.33235 0
7.33235 0
7.33235 0
7.33236 0
7.33236 0
7.33236 0
7.33236 0
7.33237 0
7.33237 0
7.33237 0
7.33237 0
7.33238 0
7.33238 0
7.33238 0
7.33239 0
7.33239 0
7.33239 0
7.3324 0
7.3324 0
7.3324 0
7.3324 0
7.33241 0
7.33241 0
7.33241 0
7.33242 0
7.33242 0
7.33242 0
7.33243 0
7.33243 0
7.33243 0
7.33243 0
7.33244 0
7.33244 0
7.33244 0
7.33245 0
7.33245 0
7.33245 0
7.33245 0
7.33246 0
7.33246 0
7.33246 0
7.33246 0
7.33246 0
7.33246 0
7.33247 0
7.33247 0
7.33247 0
7.33247 0
7.33247 0
7.33248 0
7.33248 0
7.33248 0
7.33248 0
7.33248 0
7.33249 0
7.33249 0
7.33249 0
7.33249 0
7.33249 0
7.3325 0
7.3325 0
7.3325 0
7.3325 0
7.3325 0
7.33251 0
7.33251 0
7.33251 0
7.33251 0
7.33251 0
7.33252 0
7.33252 0
7.33252 0
7.33252 0
7.33252 0
7.33253 0
7.33253 0
7.33253 0
7.33253 0
7.33253 0
7.33254 0
7.33254 0
7.33254 0
7.33254 0
7.33254 0
7.33254 0
7.33254 0
7.33254 0
7.33255 0
7.33255 0
7.33255 0
7.33255 0
7.33255 0
7.33255 0
7.33256 0
7.33256 0
7.33256 0
7.33256 0
7.33256 0
7.33256 0
7.33256 0
7.33257 0
7.33257 0
7.33257 0
7.33257 0
7.33257 0
7.33257 0
7.33257 0
7.33258 0
7.33258 0
7.33258 0
7.33258 0
7.33258 0
7.33258 0
7.33258 0
7.33259 0
7.33259 0
7.33259 0
7.33259 0
7.33259 0
7.33259 0
7.33259 0
7.3326 0
7.3326 0
7.3326 0
7.3326 0
7.3326 0
7.33261 0
7.33261 0
7.33261 0
7.33261 0
7.33261 0
7.33262 0
7.33262 0
7.33262 0
7.33262 0
7.33262 0
7.33263 0
7.33263 0
7.33263 0
7.33263 0
7.33263 0
7.33264 0
7.33264 0
7.33264 0
7.33264 0
7.33264 0
7.33265 0
7.33265 0
7.33265 0
7.33265 0
7.33265 0
7.33266 0
7.33266 0
7.33266 0
7.33266 0
7.33266 0
7.33267 0
7.33267 0
7.33267 0
7.33267 0
7.33267 0
7.33267 0
7.33268 0
7.33268 0
7.33268 0
7.33268 0
7.33268 0
7.33269 0
7.33269 0
7.33269 0
7.3327 0
7.3327 0
7.3327 0
7.33271 0
7.33271 0
7.33271 0
7.33271 0
7.33272 0
7.33272 0
7.33272 0
7.33273 0
7.33273 0
7.33273 0
7.33274 0
7.33274 0
7.33274 0
7.33274 0
7.33275 0
7.33275 0
7.33275 0
7.33275 0
7.33276 0
7.33276 0
7.33276 0
7.33277 0
7.33277 0
7.33277 0
7.33278 0
7.33278 0
7.33278 0
7.33278 0
7.33279 0
7.33279 0
7.33279 0
7.3328 0
7.3328 0
7.3328 0
7.33281 0
7.33281 0
7.33281 0
7.33281 0
7.33282 0
7.33282 0
7.33283 0
7.33283 0
7.33283 0
7.33284 0
7.33284 0
7.33284 0
7.33285 0
7.33285 0
7.33286 0
7.33286 0
7.33286 0
7.33287 0
7.33287 0
7.33288 0
7.33288 0
7.33288 0
7.33289 0
7.33289 0
7.3329 0
7.3329 0
7.3329 0
7.33291 0
7.33291 0
7.33292 0
7.33292 0
7.33292 0
7.33293 0
7.33293 0
7.33293 0
7.33294 0
7.33294 0
7.33295 0
7.33295 0
7.33295 0
7.33296 0
7.33296 0
7.33297 0
7.33297 0
7.33297 0
7.33298 0
7.33298 0
7.33299 0
7.33299 0
7.33299 0
7.333 0
7.333 0
7.333 0
7.33301 0
7.33301 0
7.33302 0
7.33302 0
7.33303 0
7.33304 0
7.33304 0
7.33305 0
7.33305 0
7.33306 0
7.33306 0
7.33307 0
7.33308 0
7.33308 0
7.33309 0
7.33309 0
7.3331 0
7.33311 0
7.33311 0
7.33312 0
7.33312 0
7.33313 0
7.33313 0
7.33314 0
7.33315 0
7.33316 0
7.33317 0
7.33317 0
7.33318 0
7.33319 0
7.3332 0
7.3332 0
7.33321 0
7.33322 0
7.33323 0
7.33324 0
7.33324 0
7.33325 0
7.33326 0
7.33327 0
7.33327 0
7.33328 0
7.33329 0
7.3333 0
7.33331 0
7.33331 0
7.33332 0
7.33333 0
7.33334 0
7.33334 0
7.33335 0
7.33336 0
7.33337 0
7.33338 0
7.33338 0
7.33339 0
7.3334 0
7.33341 0
7.33342 0
7.33342 0
7.33343 0
7.33344 0
7.33345 0
7.33346 0
7.33347 0
7.33349 0
7.33349 0
7.33351 0
7.33352 0
7.33353 0
7.33354 0
7.33356 0
7.33356 0
7.33358 0
7.33359 0
7.3336 0
7.33361 0
7.33363 0
7.33363 0
7.33365 0
7.33366 0
7.33367 0
7.33369 0
7.3337 0
7.33372 0
7.33374 0
7.33375 0
7.33377 0
7.33378 0
7.3338 0
7.33381 0
7.33383 0
7.33384 0
7.33386 0
7.33388 0
7.33389 0
7.33391 0
7.33392 0
7.33394 0
7.33395 0
7.33397 0
7.33399 0
7.334 0
7.33402 0
7.33403 0
7.33405 0
7.33406 0
7.33408 0
7.33409 0
7.33411 0
7.33413 0
7.33414 0
7.33416 0
7.33417 0
7.33419 0
7.3342 0
7.33424 0
7.33425 0
7.33428 0
7.3343 0
7.33433 0
7.33434 0
7.33438 0
7.33439 0
7.33442 0
7.33444 0
7.33447 0
7.33449 0
7.33452 0
7.33453 0
7.33456 0
7.33458 0
7.33461 0
7.33464 0
7.33467 0
7.3347 0
7.33474 0
7.33477 0
7.3348 0
7.33483 0
7.33486 0
7.33489 0
7.33492 0
7.33495 0
7.33499 0
7.33502 0
7.33505 0
7.33508 0
7.33511 0
7.33514 0
7.33517 0
7.3352 0
7.33524 0
7.33527 0
7.3353 0
7.33533 0
7.33536 0
7.33539 0
7.33542 0
7.33545 0
7.33549 0
7.33552 0
7.33555 0
7.33558 0
7.33561 0
7.33567 0
7.3357 0
7.33577 0
7.3358 0
7.33586 0
7.33589 0
7.33595 0
7.33599 0
7.33605 0
7.33608 0
7.33614 0
7.33617 0
7.33624 0
7.33627 0
7.33633 0
7.33639 0
7.33645 0
7.33652 0
7.33658 0
7.33664 0
7.3367 0
7.33677 0
7.33683 0
7.33689 0
7.33695 0
7.33702 0
7.33708 0
7.33714 0
7.3372 0
7.33727 0
7.33733 0
7.33739 0
7.33745 0
7.33752 0
7.33758 0
7.33764 0
7.3377 0
7.33777 0
7.33783 0
7.33789 0
7.33795 0
7.33802 0
7.33808 0
7.33814 0
7.3382 0
7.33827 0
7.33839 0
7.33845 0
7.33858 0
7.33864 0
7.33877 0
7.33883 0
7.33895 0
7.33902 0
7.33914 0
7.3392 0
7.33933 0
7.33939 0
7.33952 0
7.33958 0
7.3397 0
7.33983 0
7.33995 0
7.34008 0
7.3402 0
7.34033 0
7.34045 0
7.34058 0
7.3407 0
7.34083 0
7.34095 0
7.34108 0
7.3412 0
7.34133 0
7.34145 0
7.34158 0
7.3417 0
7.34183 0
7.34195 0
7.34208 0
7.3422 0
7.34233 0
7.34245 0
7.34258 0
7.3427 0
7.34283 0
7.34295 0
7.34308 0
7.3432 0
7.34333 0
7.34358 0
7.3437 0
7.34395 0
7.34408 0
7.34433 0
7.34445 0
7.3447 0
7.34483 0
7.34508 0
7.3452 0
7.34545 0
7.34558 0
7.34583 0
7.34595 0
7.3462 0
7.34645 0
7.3467 0
7.34695 0
7.3472 0
7.34745 0
7.3477 0
7.34795 0
7.3482 0
7.34845 0
7.3487 0
7.34895 0
7.3492 0
7.34945 0
7.3497 0
7.34995 0
7.3502 0
7.35045 0
7.3507 0
7.35095 0
7.3512 0
7.35145 0
7.3517 0
7.35195 0
7.3522 0
7.35245 0
7.3527 0
7.35295 0
7.35345 0
7.3537 0
7.3542 0
7.35445 0
7.35495 0
7.3552 0
7.3557 0
7.35595 0
7.35645 0
7.3567 0
7.3572 0
7.35745 0
7.35795 0
7.35845 0
7.35895 0
7.35945 0
7.35995 0
7.36045 0
7.36095 0
7.36145 0
7.36195 0
7.36245 0
7.36295 0
7.36345 0
7.36395 0
7.36445 0
7.36495 0
7.36545 0
7.36595 0
7.36645 0
7.36695 0
7.36745 0
7.36795 0
7.36845 0
7.36895 0
7.36945 0
7.36995 0
7.37045 0
7.37095 0
7.37195 0
7.37245 0
7.37345 0
7.37395 0
7.37495 0
7.37545 0
7.37645 0
7.37695 0
7.37795 0
7.37845 0
7.37945 0
7.37995 0
7.38095 0
7.38195 0
7.38295 0
7.38395 0
7.38495 0
7.38595 0
7.38695 0
7.38795 0
7.38895 0
7.38995 0
7.39095 0
7.39195 0
7.39295 0
7.39395 0
7.39495 0
7.39595 0
7.39695 0
7.39795 0
7.39895 0
7.39995 0
7.40095 0
7.40195 0
7.40295 0
7.40395 0
7.40495 0
7.40595 0
7.40795 0
7.40895 0
7.41095 0
7.41195 0
7.41395 0
7.41495 0
7.41695 0
7.41795 0
7.41995 0
7.42095 0
7.42295 0
7.42395 0
7.42595 0
7.42795 0
7.42995 0
7.43195 0
7.43395 0
7.43595 0
7.43795 0
7.43995 0
7.44195 0
7.44395 0
7.44595 0
7.44795 0
7.44995 0
7.45195 0
7.45395 0
7.45595 0
7.45795 0
7.45995 0
7.46195 0
7.46395 0
7.46595 0
7.46795 0
7.46995 0
7.47195 0
7.47595 0
7.47795 0
7.48195 0
7.48395 0
7.48795 0
7.48995 0
7.49395 0
7.49595 0
7.49995 0
7.50195 0
7.50595 0
7.50795 0
7.51195 0
7.51595 0
7.51995 0
7.52395 0
7.52795 0
7.53195 0
7.53595 0
7.53995 0
7.54395 0
7.54795 0
7.55195 0
7.55595 0
7.55995 0
7.56395 0
7.56795 0
7.57195 0
7.57595 0
7.57995 0
7.58395 0
7.58795 0
7.59195 0
7.59595 0
7.59995 0
7.60795 0
7.61195 0
7.61995 0
7.62395 0
7.63195 0
7.63595 0
7.64395 0
7.64795 0
7.65595 0
7.65995 0
7.66795 0
7.67595 0
7.68395 0
7.69195 0
7.69995 0
7.70795 0
7.71595 0
7.72395 0
7.73195 0
7.73995 0
7.74795 0
7.75595 0
7.76395 0
7.77195 0
7.77995 0
7.78795 0
7.79595 0
7.80395 0
7.81195 0
7.81995 0
7.82795 0
7.83595 0
7.84395 0
7.85195 0
7.86795 0
7.87595 0
7.89195 0
7.89995 0
7.91595 0
7.92395 0
7.93995 0
7.94795 0
7.96395 0
7.97195 0
7.98795 0
8.00395 0
8.01995 0
8.03595 0
8.05195 0
8.06795 0
8.08395 0
8.09995 0
8.11595 0
8.13195 0
8.14795 0
8.16395 0
8.17995 0
8.19595 0
8.21195 0
8.22795 0
8.24395 0
8.25995 0
8.27595 0
8.29195 0
8.30795 0
8.32395 0
8.33995 0
8.37195 0
8.38795 0
8.41995 0
8.43595 0
8.46795 0
8.48395 0
8.51595 0
8.53195 0
8.56395 0
8.57995 0
8.61195 0
8.62795 0
8.65995 0
8.67595 0
8.70795 0
8.73995 0
8.75595 0
8.78795 0
8.80395 0
8.83595 0
8.85195 0
8.88395 0
8.89995 0
8.93195 0
8.94795 0
8.97995 0
8.99595 0
9.02795 0
9.04395 0
9.07595 0
9.09195 0
9.10795 0
9.12395 0
9.13995 0
9.15595 0
9.17195 0
9.18795 0
9.20395 0
9.21995 0
9.23595 0
9.25195 0
9.26795 0
9.28395 0
9.29995 0
9.31595 0
9.33195 0
9.34795 0
9.36395 0
9.37995 0
9.39595 0
9.41195 0
9.42795 0
9.44395 0
9.45995 0
9.47595 0
9.49195 0
9.50795 0
9.52395 0
9.53995 0
9.54795 0
9.56395 0
9.57195 0
9.58795 0
9.59595 0
9.61195 0
9.61995 0
9.63595 0
9.64395 0
9.65995 0
9.66795 0
9.68395 0
9.69195 0
9.69995 0
9.70795 0
9.71595 0
9.72395 0
9.73195 0
9.73995 0
9.74795 0
9.75595 0
9.76395 0
9.77195 0
9.77995 0
9.78795 0
9.79595 0
9.80395 0
9.81195 0
9.81995 0
9.82795 0
9.83595 0
9.84395 0
9.85195 0
9.85995 0
9.86795 0
9.87595 0
9.88395 0
9.89195 0
9.89995 0
9.90795 0
9.91595 0
9.91995 0
9.92795 0
9.93195 0
9.93995 0
9.94395 0
9.95195 0
9.95595 0
9.96395 0
9.96795 0
9.97595 0
9.97995 0
9.98795 0
9.99195 0
9.99995 0
10.004 0
10.008 0
10.012 0
10.016 0
10.02 0
10.024 0
10.028 0
10.032 0
10.036 0
10.04 0
10.044 0
10.048 0
10.052 0
10.056 0
10.06 0
10.064 0
10.068 0
10.072 0
10.076 0
10.08 0
10.084 0
10.088 0
10.092 0
10.096 0
10.1 0
10.104 0
10.108 0
10.112 0
10.116 0
10.12 0
10.124 0
10.128 0
10.132 0
10.136 0
10.14 0
10.142 0
10.146 0
10.148 0
10.152 0
10.154 0
10.158 0
10.16 0
10.164 0
10.166 0
10.17 0
10.172 0
10.176 0
10.178 0
10.182 0
10.184 0
10.188 0
10.19 0
10.194 0
10.196 0
10.2 0
10.202 0
10.206 0
10.208 0
10.212 0
10.214 0
10.216 0
10.218 0
10.22 0
10.222 0
10.224 0
10.226 0
10.228 0
10.23 0
10.232 0
10.234 0
10.236 0
10.238 0
10.24 0
10.242 0
10.244 0
10.246 0
10.248 0
10.25 0
10.252 0
10.254 0
10.256 0
10.258 0
10.26 0
10.262 0
10.264 0
10.266 0
10.268 0
10.27 0
10.272 0
10.274 0
10.276 0
10.278 0
10.28 0
10.282 0
10.284 0
10.286 0
10.288 0
10.29 0
10.292 0
10.294 0
10.296 0
10.298 0
10.3 0
10.302 0
10.304 0
10.306 0
10.307 0
10.309 0
10.31 0
10.312 0
10.313 0
10.315 0
10.316 0
10.318 0
10.319 0
10.321 0
10.322 0
10.324 0
10.325 0
10.327 0
10.328 0
10.33 0
10.331 0
10.333 0
10.334 0
10.336 0
10.337 0
10.339 0
10.34 0
10.342 0
10.344 0
10.346 0
10.348 0
10.35 0
10.352 0
10.354 0
10.356 0
10.358 0
10.36 0
10.362 0
10.364 0
10.366 0
10.368 0
10.37 0
10.372 0
10.374 0
10.376 0
10.378 0
10.38 0
10.382 0
10.384 0
10.386 0
10.388 0
10.39 0
10.392 0
10.394 0
10.396 0
10.398 0
10.4 0
10.402 0
10.404 0
10.406 0
10.408 0
10.41 0
10.412 0
10.414 0
10.416 0
10.418 0
10.42 0
10.422 0
10.424 0
10.426 0
10.428 0
10.43 0
10.432 0
10.434 0
10.436 0
10.44 0
10.442 0
10.446 0
10.448 0
10.452 0
10.454 0
10.458 0
10.46 0
10.464 0
10.466 0
10.47 0
10.472 0
10.476 0
10.478 0
10.482 0
10.484 0
10.488 0
10.49 0
10.494 0
10.496 0
10.5 0
10.502 0
10.506 0
10.508 0
10.512 0
10.516 0
10.52 0
10.524 0
10.528 0
10.532 0
10.536 0
10.54 0
10.544 0
10.548 0
10.552 0
10.556 0
10.56 0
10.564 0
10.568 0
10.572 0
10.576 0
10.58 0
10.584 0
10.588 0
10.592 0
10.596 0
10.6 0
10.604 0
10.608 0
10.612 0
10.616 0
10.62 0
10.624 0
10.628 0
10.632 0
10.636 0
10.64 0
10.644 0
10.648 0
10.652 0
10.66 0
10.664 0
10.672 0
10.676 0
10.684 0
10.688 0
10.696 0
10.7 0
10.708 0
10.712 0
10.72 0
10.724 0
10.732 0
10.736 0
10.744 0
10.752 0
10.76 0
10.768 0
10.776 0
10.784 0
10.792 0
10.8 0
10.808 0
10.816 0
10.824 0
10.832 0
10.84 0
10.848 0
10.856 0
10.864 0
10.872 0
10.88 0
10.888 0
10.896 0
10.904 0
10.912 0
10.92 0
10.928 0
10.936 0
10.944 0
10.952 0
10.96 0
10.968 0
10.976 0
10.992 0
11 0
11.016 0
11.024 0
11.04 0
11.048 0
11.064 0
11.072 0
11.088 0
11.096 0
11.112 0
11.12 0
11.136 0
11.144 0
11.16 0
11.176 0
11.192 0
11.208 0
11.224 0
11.24 0
11.256 0
11.272 0
11.288 0
11.304 0
11.32 0
11.336 0
11.352 0
11.368 0
11.384 0
11.4 0
11.416 0
11.432 0
11.448 0
11.464 0
11.48 0
11.496 0
11.512 0
11.528 0
11.544 0
11.56 0
11.576 0
11.592 0
11.624 0
11.64 0
11.672 0
11.688 0
11.72 0
11.736 0
11.768 0
11.784 0
11.816 0
11.832 0
11.864 0
11.88 0
11.912 0
11.928 0
11.96 0
11.992 0
12.024 0
12.056 0
12.088 0
12.12 0
12.152 0
12.184 0
12.216 0
12.248 0
12.28 0
12.312 0
12.344 0
12.376 0
12.408 0
12.44 0
12.472 0
12.504 0
12.536 0
12.568 0
12.6 0
12.632 0
12.664 0
12.728 0
12.76 0
12.824 0
12.856 0
12.92 0
12.984 0
13.016 0
13.08 0
13.112 0
13.176 0
13.208 0
13.24 0
13.272 0
13.304 0
13.336 0
13.368 0
13.4 0
13.432 0
13.464 0
13.496 0
13.528 0
13.56 0
13.592 0
13.624 0
13.656 0
13.688 0
13.72 0
13.752 0
13.784 0
13.816 0
13.848 0
13.864 0
13.896 0
13.912 0
13.944 0
13.96 0
13.992 0
14.008 0
14.04 0
14.056 0
14.088 0
14.104 0
14.136 0
14.152 0
14.168 0
14.184 0
14.2 0
14.216 0
14.232 0
14.248 0
14.264 0
14.28 0
14.296 0
14.312 0
14.328 0
14.344 0
14.36 0
14.376 0
14.392 0
14.408 0
14.424 0
14.44 0
14.456 0
14.472 0
14.488 0
14.504 0
14.52 0
14.536 0
14.552 0
14.568 0
14.584 0
14.592 0
14.608 0
14.616 0
14.632 0
14.64 0
14.656 0
14.664 0
14.68 0
14.688 0
14.704 0
14.712 0
14.728 0
14.736 0
14.744 0
14.752 0
14.76 0
14.768 0
14.776 0
14.784 0
14.792 0
14.8 0
14.808 0
14.816 0
14.824 0
14.832 0
14.84 0
14.848 0
14.856 0
14.864 0
14.872 0
14.88 0
14.888 0
14.896 0
14.904 0
14.912 0
14.92 0
14.928 0
14.936 0
14.944 0
14.948 0
14.956 0
14.96 0
14.968 0
14.972 0
14.98 0
14.984 0
14.992 0
14.996 0
15.004 0
15.008 0
15.016 0
15.02 0
15.024 0
15.028 0
15.032 0
15.036 0
15.04 0
15.044 0
15.048 0
15.052 0
15.056 0
15.06 0
15.064 0
15.068 0
15.072 0
15.076 0
15.08 0
15.084 0
15.088 0
15.092 0
15.096 0
15.1 0
15.104 0
15.108 0
15.112 0
15.116 0
15.12 0
15.124 0
15.128 0
15.132 0
15.136 0
15.14 0
15.144 0
15.146 0
15.15 0
15.152 0
15.156 0
15.158 0
15.162 0
15.164 0
15.168 0
15.17 0
15.174 0
15.176 0
15.18 0
15.182 0
15.186 0
15.188 0
15.192 0
15.194 0
15.196 0
15.198 0
15.2 0
15.202 0
15.204 0
15.206 0
15.208 0
15.21 0
15.212 0
15.214 0
15.216 0
15.218 0
15.22 0
15.222 0
15.224 0
15.226 0
15.228 0
15.23 0
15.232 0
15.234 0
15.236 0
15.238 0
15.24 0
15.242 0
15.244 0
15.246 0
15.248 0
15.25 0
15.252 0
15.254 0
15.256 0
15.258 0
15.26 0
15.262 0
15.264 0
15.266 0
15.268 0
15.27 0
15.272 0
15.274 0
15.276 0
15.278 0
15.28 0
15.282 0
15.284 0
15.286 0
15.288 0
15.29 0
15.291 0
15.293 0
15.294 0
15.296 0
15.297 0
15.299 0
15.3 0
15.302 0
15.303 0
15.305 0
15.306 0
15.308 0
15.309 0
15.311 0
15.312 0
15.314 0
15.315 0
15.317 0
15.318 0
15.319 0
15.32 0
15.321 0
15.322 0
15.323 0
15.324 0
15.325 0
15.326 0
15.327 0
15.328 0
15.329 0
15.33 0
15.331 0
15.332 0
15.333 0
15.334 0
15.335 0
15.336 0
15.337 0
15.338 0
15.339 0
15.34 0
15.341 0
15.342 0
15.343 0
15.344 0
15.345 0
15.346 0
15.347 0
15.348 0
15.349 0
15.35 0
15.351 0
15.352 0
15.353 0
15.354 0
15.355 0
15.356 0
15.357 0
15.358 0
15.359 0
15.36 0
15.361 0
15.362 0
15.363 0
15.364 0
15.365 0
15.366 0
15.367 0
15.368 0
15.369 0
15.37 0
15.371 0
15.372 0
15.373 0
15.374 0
15.375 0
15.377 0
15.378 0
15.38 0
15.381 0
15.383 0
15.384 0
15.386 0
15.387 0
15.389 0
15.39 0
15.392 0
15.393 0
15.395 0
15.396 0
15.398 0
15.399 0
15.401 0
15.402 0
15.404 0
15.406 0
15.408 0
15.41 0
15.412 0
15.414 0
15.416 0
15.418 0
15.42 0
15.422 0
15.424 0
15.426 0
15.428 0
15.43 0
15.432 0
15.434 0
15.436 0
15.438 0
15.44 0
15.442 0
15.444 0
15.446 0
15.448 0
15.45 0
15.452 0
15.454 0
15.456 0
15.458 0
15.46 0
15.462 0
15.464 0
15.466 0
15.468 0
15.47 0
15.472 0
15.474 0
15.476 0
15.478 0
15.48 0
15.482 0
15.484 0
15.486 0
15.488 0
15.49 0
15.492 0
15.494 0
15.496 0
15.498 0
15.5 0
15.504 0
15.506 0
15.51 0
15.512 0
15.516 0
15.518 0
15.522 0
15.524 0
15.528 0
15.53 0
15.534 0
15.536 0
15.54 0
15.542 0
15.546 0
15.548 0
15.552 0
15.556 0
15.56 0
15.564 0
15.568 0
15.572 0
15.576 0
15.58 0
15.584 0
15.588 0
15.592 0
15.596 0
15.6 0
15.604 0
15.608 0
15.612 0
15.616 0
15.62 0
15.624 0
15.628 0
15.632 0
15.636 0
15.64 0
15.644 0
15.648 0
15.652 0
15.656 0
15.66 0
15.664 0
15.668 0
15.672 0
15.676 0
15.684 0
15.688 0
15.696 0
15.7 0
15.708 0
15.712 0
15.72 0
15.724 0
15.732 0
15.736 0
15.744 0
15.748 0
15.756 0
15.76 0
15.768 0
15.776 0
15.784 0
15.792 0
15.8 0
15.808 0
15.816 0
15.824 0
15.832 0
15.84 0
15.848 0
15.856 0
15.864 0
15.872 0
15.88 0
15.888 0
15.896 0
15.904 0
15.912 0
15.92 0
15.928 0
15.936 0
15.944 0
15.952 0
15.96 0
15.968 0
15.976 0
15.984 0
16 0
16.008 0
16.024 0
16.032 0
16.048 0
16.056 0
16.072 0
16.08 0
16.096 0
16.104 0
16.12 0
16.128 0
16.144 0
16.16 0
16.176 0
16.192 0
16.208 0
16.224 0
16.24 0
16.256 0
16.272 0
16.288 0
16.304 0
16.32 0
16.336 0
16.352 0
16.368 0
16.384 0
16.4 0
16.416 0
16.432 0
16.448 0
16.464 0
16.48 0
16.496 0
16.512 0
16.528 0
16.544 0
16.56 0
16.576 0
16.592 0
16.624 0
16.64 0
16.672 0
16.688 0
16.72 0
16.736 0
16.768 0
16.784 0
16.816 0
16.832 0
16.864 0
16.88 0
16.912 0
16.944 0
16.976 0
17.008 0
17.04 0
17.072 0
17.104 0
17.136 0
17.168 0
17.2 0
17.232 0
17.264 0
17.296 0
17.328 0
17.36 0
17.392 0
17.424 0
17.456 0
17.488 0
17.52 0
17.552 0
17.584 0
17.616 0
17.648 0
17.712 0
17.744 0
17.808 0
17.84 0
17.904 0
17.968 0
18 0
18.064 0
18.096 0
18.16 0
18.192 0
18.224 0
18.256 0
18.288 0
18.32 0
18.352 0
18.384 0
18.416 0
18.448 0
18.48 0
18.512 0
18.544 0
18.576 0
18.608 0
18.64 0
18.672 0
18.704 0
18.736 0
18.768 0
18.8 0
18.832 0
18.864 0
18.88 0
18.912 0
18.928 0
18.96 0
18.976 0
19.008 0
19.024 0
19.056 0
19.072 0
19.104 0
19.12 0
19.152 0
19.168 0
19.184 0
19.2 0
19.216 0
19.232 0
19.248 0
19.264 0
19.28 0
19.296 0
19.312 0
19.328 0
19.344 0
19.36 0
19.376 0
19.392 0
19.408 0
19.424 0
19.44 0
19.456 0
19.472 0
19.488 0
19.504 0
19.52 0
19.536 0
19.552 0
19.568 0
19.584 0
19.592 0
19.608 0
19.616 0
19.632 0
19.64 0
19.656 0
19.664 0
19.68 0
19.688 0
19.704 0
19.712 0
19.728 0
19.736 0
19.744 0
19.752 0
19.76 0
19.768 0
19.776 0
19.784 0
19.792 0
19.8 0
19.808 0
19.816 0
19.824 0
19.832 0
19.84 0
19.848 0
19.856 0
19.864 0
19.872 0
19.88 0
19.888 0
19.896 0
19.904 0
19.912 0
19.92 0
19.928 0
19.936 0
19.94 0
19.948 0
19.952 0
19.96 0
19.964 0
19.972 0
19.976 0
19.984 0
19.988 0
19.996 0
20 0
20.008 0
20.012 0
20.016 0
20.02 0
20.024 0
20.028 0
20.032 0
20.036 0
20.04 0
20.044 0
20.048 0
20.052 0
20.056 0
20.06 0
20.064 0
20.068 0
20.072 0
20.076 0
20.08 0
20.084 0
20.088 0
20.092 0
20.096 0
20.1 0
20.104 0
20.108 0
20.112 0
20.116 0
20.12 0
20.124 0
20.128 0
20.132 0
20.134 0
20.138 0
20.14 0
20.144 0
20.146 0
20.15 0
20.152 0
20.156 0
20.158 0
20.162 0
20.164 0
20.168 0
20.17 0
20.174 0
20.176 0
20.178 0
20.18 0
20.182 0
20.184 0
20.186 0
20.188 0
20.19 0
20.192 0
20.194 0
20.196 0
20.198 0
20.2 0
20.202 0
20.204 0
20.206 0
20.208 0
20.21 0
20.212 0
20.214 0
20.216 0
20.218 0
20.22 0
20.222 0
20.224 0
20.226 0
20.228 0
20.23 0
20.232 0
20.234 0
20.236 0
20.238 0
20.24 0
20.242 0
20.244 0
20.246 0
20.248 0
20.25 0
20.252 0
20.254 0
20.256 0
20.258 0
20.26 0
20.262 0
20.264 0
20.265 0
20.267 0
20.268 0
20.27 0
20.271 0
20.273 0
20.274 0
20.276 0
20.277 0
20.279 0
20.28 0
20.282 0
20.283 0
20.285 0
20.286 0
20.288 0
20.289 0
20.291 0
20.292 0
20.293 0
20.294 0
20.295 0
20.296 0
20.297 0
20.298 0
20.299 0
20.3 0
20.301 0
20.302 0
20.303 0
20.304 0
20.305 0
20.306 0
20.307 0
20.308 0
20.309 0
20.31 0
20.311 0
20.312 0
20.313 0
20.314 0
20.315 0
20.316 0
20.317 0
20.318 0
20.319 0
20.32 0
20.321 0
20.322 0
20.323 0
20.324 0
20.325 0
20.326 0
20.327 0
20.328 0
20.329 0
20.33 0
20.331 0
20.332 0
20.333 0
20.334 0
20.335 0
20.336 0
20.337 0
20.338 0
20.339 0
20.34 0
20.341 0
20.342 0
20.343 0
20.344 0
20.345 0
20.346 0
20.347 0
20.348 0
20.349 0
20.35 0
20.351 0
20.352 0
20.353 0
20.354 0
20.355 0
20.356 0
20.357 0
20.358 0
20.359 0
20.36 0
20.361 0
20.362 0
20.363 0
20.364 0
20.365 0
20.366 0
20.367 0
20.368 0
20.369 0
20.37 0
20.371 0
20.372 0
20.373 0
20.374 0
20.375 0
20.376 0
20.377 0
20.378 0
20.379 0
20.38 0
20.381 0
20.383 0
20.384 0
20.386 0
20.387 0
20.389 0
20.39 0
20.392 0
20.393 0
20.395 0
20.396 0
20.398 0
20.399 0
20.401 0
20.402 0
20.404 0
20.405 0
20.407 0
20.408 0
20.41 0
20.411 0
20.413 0
20.415 0
20.417 0
20.419 0
20.421 0
20.423 0
20.425 0
20.427 0
20.429 0
20.431 0
20.433 0
20.435 0
20.437 0
20.439 0
20.441 0
20.443 0
20.445 0
20.447 0
20.449 0
20.451 0
20.453 0
20.455 0
20.457 0
20.459 0
20.461 0
20.463 0
20.465 0
20.467 0
20.469 0
20.471 0
20.473 0
20.475 0
20.477 0
20.479 0
20.481 0
20.483 0
20.485 0
20.487 0
20.489 0
20.491 0
20.493 0
20.495 0
20.497 0
20.499 0
20.503 0
20.505 0
20.509 0
20.511 0
20.515 0
20.517 0
20.521 0
20.523 0
20.527 0
20.529 0
20.533 0
20.535 0
20.539 0
20.541 0
20.545 0
20.547 0
20.551 0
20.555 0
20.559 0
20.563 0
20.567 0
20.571 0
20.575 0
20.579 0
20.583 0
20.587 0
20.591 0
20.595 0
20.599 0
20.603 0
20.607 0
20.611 0
20.615 0
20.619 0
20.623 0
20.627 0
20.631 0
20.635 0
20.639 0
20.643 0
20.647 0
20.651 0
20.655 0
20.659 0
20.663 0
20.667 0
20.675 0
20.679 0
20.687 0
20.691 0
20.699 0
20.703 0
20.711 0
20.715 0
20.723 0
20.727 0
20.735 0
20.739 0
20.747 0
20.755 0
20.763 0
20.771 0
20.779 0
20.787 0
20.795 0
20.803 0
20.811 0
20.819 0
20.827 0
20.835 0
20.843 0
20.851 0
20.859 0
20.867 0
20.875 0
20.883 0
20.891 0
20.899 0
20.907 0
20.915 0
20.923 0
20.931 0
20.939 0
20.947 0
20.955 0
20.963 0
20.979 0
20.987 0
21.003 0
21.011 0
21.027 0
21.035 0
21.051 0
21.059 0
21.075 0
21.083 0
21.099 0
21.107 0
21.123 0
21.139 0
21.155 0
21.171 0
21.187 0
21.203 0
21.219 0
21.235 0
21.251 0
21.267 0
21.283 0
21.299 0
21.315 0
21.331 0
21.347 0
21.363 0
21.379 0
21.395 0
21.411 0
21.427 0
21.443 0
21.459 0
21.475 0
21.491 0
21.507 0
21.523 0
21.539 0
21.555 0
21.587 0
21.603 0
21.635 0
21.651 0
21.683 0
21.699 0
21.731 0
21.747 0
21.779 0
21.795 0
21.827 0
21.843 0
21.875 0
21.891 0
21.923 0
21.955 0
21.987 0
22.019 0
22.051 0
22.083 0
22.115 0
22.147 0
22.179 0
22.211 0
22.243 0
22.275 0
22.307 0
22.339 0
22.371 0
22.403 0
22.435 0
22.467 0
22.499 0
22.531 0
22.563 0
22.595 0
22.627 0
22.691 0
22.723 0
22.787 0
22.819 0
22.883 0
22.915 0
22.979 0
23.011 0
23.075 0
23.107 0
23.139 0
23.171 0
23.203 0
23.235 0
23.267 0
23.299 0
23.331 0
23.363 0
23.395 0
23.427 0
23.459 0
23.491 0
23.523 0
23.555 0
23.587 0
23.619 0
23.651 0
23.683 0
23.715 0
23.747 0
23.779 0
23.811 0
23.827 0
23.859 0
23.875 0
23.907 0
23.923 0
23.955 0
23.971 0
24.003 0
24.019 0
24.051 0
24.067 0
24.099 0
24.115 0
24.131 0
24.147 0
24.163 0
24.179 0
24.195 0
24.211 0
24.227 0
24.243 0
24.259 0
24.275 0
24.291 0
24.307 0
24.323 0
24.339 0
24.355 0
24.371 0
24.387 0
24.403 0
24.419 0
24.435 0
24.451 0
24.467 0
24.483 0
24.499 0
24.515 0
24.531 0
24.539 0
24.555 0
24.563 0
24.579 0
24.587 0
24.603 0
24.611 0
24.627 0
24.635 0
24.651 0
24.659 0
24.667 0
24.675 0
24.683 0
24.691 0
24.699 0
24.707 0
24.715 0
24.723 0
24.731 0
24.739 0
24.747 0
24.755 0
24.763 0
24.771 0
24.779 0
24.787 0
24.795 0
24.803 0
24.811 0
24.819 0
24.827 0
24.835 0
24.843 0
24.851 0
24.859 0
24.867 0
24.871 0
24.879 0
24.883 0
24.891 0
24.895 0
24.903 0
24.907 0
24.915 0
24.919 0
24.927 0
24.931 0
24.939 0
24.943 0
24.947 0
24.951 0
24.955 0
24.959 0
24.963 0
24.967 0
24.971 0
24.975 0
24.979 0
24.983 0
24.987 0
24.991 0
24.995 0
24.999 0
25.003 0
25.007 0
25.011 0
25.015 0
25.019 0
25.023 0
25.027 0
25.031 0
25.035 0
25.039 0
25.043 0
25.047 0
25.051 0
25.053 0
25.057 0
25.059 0
25.063 0
25.065 0
25.069 0
25.071 0
25.075 0
25.077 0
25.081 0
25.083 0
25.087 0
25.089 0
25.093 0
25.095 0
25.097 0
25.099 0
25.101 0
25.103 0
25.105 0
25.107 0
25.109 0
25.111 0
25.113 0
25.115 0
25.117 0
25.119 0
25.121 0
25.123 0
25.125 0
25.127 0
25.129 0
25.131 0
25.133 0
25.135 0
25.137 0
25.139 0
25.141 0
25.143 0
25.145 0
25.147 0
25.149 0
25.151 0
25.153 0
25.155 0
25.157 0
25.159 0
25.16 0
25.162 0
25.163 0
25.165 0
25.166 0
25.168 0
25.169 0
25.171 0
25.172 0
25.174 0
25.175 0
25.177 0
25.178 0
25.18 0
25.181 0
25.183 0
25.184 0
25.186 0
25.187 0
25.189 0
25.19 0
25.191 0
25.192 0
25.193 0
25.194 0
25.195 0
25.196 0
25.197 0
25.198 0
25.199 0
25.2 0
25.201 0
25.202 0
25.203 0
25.204 0
25.205 0
25.206 0
25.207 0
25.208 0
25.209 0
25.21 0
25.211 0
25.212 0
25.213 0
25.214 0
25.215 0
25.216 0
25.217 0
25.218 0
25.219 0
25.22 0
25.221 0
25.222 0
25.223 0
25.224 0
25.225 0
25.226 0
25.227 0
25.228 0
25.229 0
25.23 0
25.231 0
25.232 0
25.233 0
25.234 0
25.235 0
25.2355 0
25.2365 0
25.237 0
25.238 0
25.2385 0
25.2395 0
25.24 0
25.241 0
25.2415 0
25.2425 0
25.243 0
25.244 0
25.2445 0
25.2455 0
25.246 0
25.247 0
25.2475 0
25.2485 0
25.249 0
25.25 0
25.2505 0
25.2515 0
25.252 0
25.253 0
25.2535 0
25.2545 0
25.255 0
25.256 0
25.2565 0
25.2575 0
25.258 0
25.259 0
25.2595 0
25.2605 0
25.261 0
25.262 0
25.2625 0
25.2635 0
25.264 0
25.265 0
25.2655 0
25.2665 0
25.267 0
25.268 0
25.2685 0
25.2695 0
25.27 0
25.271 0
25.2715 0
25.2725 0
25.273 0
25.274 0
25.2745 0
25.2755 0
25.276 0
25.277 0
25.2775 0
25.2785 0
25.279 0
25.28 0
25.2805 0
25.2815 0
25.282 0
25.283 0
25.2835 0
25.2845 0
25.2855 0
25.2865 0
25.2875 0
25.2885 0
25.2895 0
25.2905 0
25.2915 0
25.2925 0
25.2935 0
25.2945 0
25.2955 0
25.2965 0
25.2975 0
25.2985 0
25.2995 0
25.3005 0
25.3015 0
25.3025 0
25.3035 0
25.3045 0
25.3055 0
25.3065 0
25.3075 0
25.3085 0
25.3095 0
25.3105 0
25.3115 0
25.3125 0
25.3135 0
25.3145 0
25.3155 0
25.3165 0
25.3175 0
25.3185 0
25.3195 0
25.3205 0
25.3215 0
25.3225 0
25.3235 0
25.3245 0
25.3255 0
25.3265 0
25.3275 0
25.3285 0
25.3295 0
25.3305 0
25.3325 0
25.3335 0
25.3355 0
25.3365 0
25.3385 0
25.3395 0
25.3415 0
25.3425 0
25.3445 0
25.3455 0
25.3475 0
25.3485 0
25.3505 0
25.3515 0
25.3535 0
25.3545 0
25.3565 0
25.3575 0
25.3595 0
25.3605 0
25.3625 0
25.3645 0
25.3665 0
25.3685 0
25.3705 0
25.3725 0
25.3745 0
25.3765 0
25.3785 0
25.3805 0
25.3825 0
25.3845 0
25.3865 0
25.3885 0
25.3905 0
25.3925 0
25.3945 0
25.3965 0
25.3985 0
25.4005 0
25.4025 0
25.4045 0
25.4065 0
25.4085 0
25.4105 0
25.4125 0
25.4145 0
25.4165 0
25.4185 0
25.4205 0
25.4225 0
25.4245 0
25.4265 0
25.4305 0
25.4325 0
25.4365 0
25.4385 0
25.4425 0
25.4445 0
25.4485 0
25.4505 0
25.4545 0
25.4565 0
25.4605 0
25.4625 0
25.4665 0
25.4685 0
25.4725 0
25.4765 0
25.4805 0
25.4845 0
25.4885 0
25.4925 0
25.4965 0
25.5005 0
25.5045 0
25.5085 0
25.5125 0
25.5165 0
25.5205 0
25.5245 0
25.5285 0
25.5325 0
25.5365 0
25.5405 0
25.5445 0
25.5485 0
25.5525 0
25.5565 0
25.5605 0
25.5645 0
25.5685 0
25.5725 0
25.5765 0
25.5805 0
25.5845 0
25.5925 0
25.5965 0
25.6045 0
25.6085 0
25.6165 0
25.6205 0
25.6285 0
25.6325 0
25.6405 0
25.6445 0
25.6525 0
25.6565 0
25.6645 0
25.6725 0
25.6805 0
25.6885 0
25.6965 0
25.7045 0
25.7125 0
25.7205 0
25.7285 0
25.7365 0
25.7445 0
25.7525 0
25.7605 0
25.7685 0
25.7765 0
25.7845 0
25.7925 0
25.8005 0
25.8085 0
25.8165 0
25.8245 0
25.8325 0
25.8405 0
25.8485 0
25.8565 0
25.8645 0
25.8725 0
25.8885 0
25.8965 0
25.9125 0
25.9205 0
25.9365 0
25.9445 0
25.9605 0
25.9685 0
25.9845 0
25.9925 0
26.0085 0
26.0165 0
26.0325 0
26.0405 0
26.0565 0
26.0725 0
26.0885 0
26.1045 0
26.1205 0
26.1365 0
26.1525 0
26.1685 0
26.1845 0
26.2005 0
26.2165 0
26.2325 0
26.2485 0
26.2645 0
26.2805 0
26.2965 0
26.3045 0
26.3205 0
26.3285 0
26.3445 0
26.3525 0
26.3685 0
26.3765 0
26.3925 0
26.4005 0
26.4165 0
26.4245 0
26.4405 0
26.4485 0
26.4645 0
26.4725 0
26.4885 0
26.4965 0
26.5125 0
26.5205 0
26.5365 0
26.5445 0
26.5605 0
26.5685 0
26.5845 0
26.5925 0
26.6085 0
26.6165 0
26.6325 0
26.6405 0
26.6485 0
26.6565 0
26.6645 0
26.6725 0
26.6805 0
26.6885 0
26.6965 0
26.7045 0
26.7125 0
26.7205 0
26.7285 0
26.7365 0
26.7445 0
26.7525 0
26.7605 0
26.7685 0
26.7765 0
26.7845 0
26.7925 0
26.8005 0
26.8085 0
26.8165 0
26.8245 0
26.8325 0
26.8405 0
26.8485 0
26.8565 0
26.8645 0
26.8725 0
26.8805 0
26.8885 0
26.8965 0
26.9045 0
26.9125 0
26.9205 0
26.9285 0
26.9365 0
26.9445 0
26.9525 0
26.9605 0
26.9685 0
26.9765 0
26.9845 0
26.9925 0
27.0005 0
27.0085 0
27.0165 0
27.0245 0
27.0325 0
27.0405 0
27.0485 0
27.0565 0
27.0645 0
27.0725 0
27.0805 0
27.0885 0
27.0965 0
27.1005 0
27.1085 0
27.1125 0
27.1205 0
27.1245 0
27.1325 0
27.1365 0
27.1445 0
27.1485 0
27.1565 0
27.1605 0
27.1685 0
27.1725 0
27.1805 0
27.1845 0
27.1925 0
27.1965 0
27.2045 0
27.2085 0
27.2165 0
27.2245 0
27.2325 0
27.2405 0
27.2485 0
27.2565 0
27.2645 0
27.2725 0
27.2805 0
27.2885 0
27.2965 0
27.3045 0
27.3125 0
27.3205 0
27.3285 0
27.3365 0
27.3445 0
27.3525 0
27.3605 0
27.3685 0
27.3765 0
27.3845 0
27.3925 0
27.4005 0
27.4085 0
27.4165 0
27.4245 0
27.4325 0
27.4405 0
27.4485 0
27.4565 0
27.4645 0
27.4725 0
27.4805 0
27.4885 0
27.4965 0
27.5005 0
27.5085 0
27.5125 0
27.5205 0
27.5245 0
27.5325 0
27.5365 0
27.5445 0
27.5485 0
27.5565 0
27.5605 0
27.5645 0
27.5685 0
27.5725 0
27.5765 0
27.5805 0
27.5845 0
27.5885 0
27.5925 0
27.5965 0
27.6005 0
27.6045 0
27.6085 0
27.6125 0
27.6165 0
27.6205 0
27.6245 0
27.6285 0
27.6325 0
27.6365 0
27.6405 0
27.6445 0
27.6485 0
27.6525 0
27.6565 0
27.6585 0
27.6625 0
27.6645 0
27.6685 0
27.6705 0
27.6745 0
27.6765 0
27.6805 0
27.6825 0
27.6865 0
27.6885 0
27.6905 0
27.6925 0
27.6945 0
27.6965 0
27.6985 0
27.7005 0
27.7025 0
27.7045 0
27.7065 0
27.7085 0
27.7105 0
27.7125 0
27.7145 0
27.7165 0
27.7185 0
27.7205 0
27.7225 0
27.7245 0
27.7265 0
27.7285 0
27.7305 0
27.7325 0
27.7345 0
27.7365 0
27.7385 0
27.7405 0
27.7425 0
27.7435 0
27.7455 0
27.7465 0
27.7485 0
27.7495 0
27.7515 0
27.7525 0
27.7545 0
27.7555 0
27.7575 0
27.7585 0
27.7605 0
27.7615 0
27.7625 0
27.7635 0
27.7645 0
27.7655 0
27.7665 0
27.7675 0
27.7685 0
27.7695 0
27.7705 0
27.7715 0
27.7725 0
27.7735 0
27.7745 0
27.7755 0
27.7765 0
27.7775 0
27.7785 0
27.7795 0
27.7805 0
27.7815 0
27.7825 0
27.7835 0
27.7845 0
27.7855 0
27.7865 0
27.7875 0
27.7885 0
27.7895 0
27.7905 0
27.7915 0
27.792 0
27.793 0
27.7935 0
27.7945 0
27.795 0
27.796 0
27.7965 0
27.7975 0
27.798 0
27.799 0
27.7995 0
27.8005 0
27.801 0
27.802 0
27.8025 0
27.8035 0
27.804 0
27.8045 0
27.805 0
27.8055 0
27.806 0
27.8065 0
27.807 0
27.8075 0
27.808 0
27.8085 0
27.809 0
27.8095 0
27.81 0
27.8105 0
27.811 0
27.8115 0
27.812 0
27.8125 0
27.813 0
27.8135 0
27.814 0
27.8145 0
27.815 0
27.8155 0
27.816 0
27.8165 0
27.817 0
27.8175 0
27.818 0
27.8185 0
27.819 0
27.8195 0
27.82 0
27.8205 0
27.821 0
27.8215 0
27.822 0
27.8225 0
27.823 0
27.8235 0
27.824 0
27.8245 0
27.825 0
27.8255 0
27.826 0
27.8265 0
27.827 0
27.8275 0
27.828 0
27.8285 0
27.829 0
27.8295 0
27.8297 0
27.8302 0
27.8305 0
27.831 0
27.8312 0
27.8317 0
27.832 0
27.8325 0
27.8327 0
27.8332 0
27.8335 0
27.834 0
27.8342 0
27.8345 0
27.8347 0
27.835 0
27.8352 0
27.8355 0
27.8357 0
27.836 0
27.8362 0
27.8365 0
27.8367 0
27.837 0
27.8372 0
27.8375 0
27.8377 0
27.838 0
27.8382 0
27.8385 0
27.8387 0
27.839 0
27.8392 0
27.8395 0
27.8397 0
27.84 0
27.8402 0
27.8405 0
27.8407 0
27.841 0
27.8412 0
27.8415 0
27.8417 0
27.842 0
27.8422 0
27.8425 0
27.8427 0
27.843 0
27.8432 0
27.8435 0
27.8437 0
27.844 0
27.8442 0
27.8445 0
27.8447 0
27.845 0
27.8452 0
27.8455 0
27.8457 0
27.846 0
27.8462 0
27.8465 0
27.8467 0
27.847 0
27.8472 0
27.8475 0
27.8477 0
27.848 0
27.8482 0
27.8485 0
27.8487 0
27.849 0
27.8492 0
27.8495 0
27.8497 0
27.85 0
27.8502 0
27.8505 0
27.8507 0
27.851 0
27.8512 0
27.8515 0
27.8517 0
27.852 0
27.8522 0
27.8525 0
27.8527 0
27.853 0
27.8532 0
27.8535 0
27.8537 0
27.8542 0
27.8545 0
27.855 0
27.8552 0
27.8557 0
27.856 0
27.8565 0
27.8567 0
27.8572 0
27.8575 0
27.858 0
27.8582 0
27.8587 0
27.8592 0
27.8597 0
27.8602 0
27.8607 0
27.8612 0
27.8617 0
27.8622 0
27.8627 0
27.8632 0
27.8637 0
27.8642 0
27.8647 0
27.8652 0
27.8657 0
27.8662 0
27.8667 0
27.8672 0
27.8677 0
27.8682 0
27.8687 0
27.8692 0
27.8697 0
27.8702 0
27.8707 0
27.8712 0
27.8717 0
27.8722 0
27.8727 0
27.8732 0
27.8737 0
27.8742 0
27.8747 0
27.8752 0
27.8757 0
27.8762 0
27.8767 0
27.8772 0
27.8777 0
27.8782 0
27.8787 0
27.8792 0
27.8797 0
27.8802 0
27.8807 0
27.8812 0
27.8817 0
27.8822 0
27.8827 0
27.8832 0
27.8837 0
27.8842 0
27.8847 0
27.8857 0
27.8862 0
27.8872 0
27.8877 0
27.8887 0
27.8892 0
27.8902 0
27.8907 0
27.8917 0
27.8922 0
27.8932 0
27.8937 0
27.8947 0
27.8952 0
27.8962 0
27.8967 0
27.8977 0
27.8987 0
27.8997 0
27.9007 0
27.9017 0
27.9027 0
27.9037 0
27.9047 0
27.9057 0
27.9067 0
27.9077 0
27.9087 0
27.9097 0
27.9107 0
27.9117 0
27.9127 0
27.9137 0
27.9147 0
27.9157 0
27.9167 0
27.9177 0
27.9187 0
27.9197 0
27.9207 0
27.9217 0
27.9227 0
27.9237 0
27.9247 0
27.9257 0
27.9267 0
27.9277 0
27.9297 0
27.9307 0
27.9327 0
27.9337 0
27.9357 0
27.9367 0
27.9387 0
27.9397 0
27.9417 0
27.9427 0
27.9447 0
27.9457 0
27.9477 0
27.9487 0
27.9507 0
27.9527 0
27.9547 0
27.9567 0
27.9587 0
27.9607 0
27.9627 0
27.9647 0
27.9667 0
27.9687 0
27.9707 0
27.9727 0
27.9747 0
27.9767 0
27.9787 0
27.9807 0
27.9827 0
27.9847 0
27.9867 0
27.9887 0
27.9907 0
27.9927 0
27.9947 0
27.9967 0
27.9987 0
28.0007 0
28.0027 0
28.0067 0
28.0087 0
28.0127 0
28.0147 0
28.0187 0
28.0207 0
28.0247 0
28.0267 0
28.0307 0
28.0327 0
28.0367 0
28.0387 0
28.0427 0
28.0467 0
28.0507 0
28.0547 0
28.0587 0
28.0627 0
28.0667 0
28.0707 0
28.0747 0
28.0787 0
28.0827 0
28.0867 0
28.0907 0
28.0947 0
28.0987 0
28.1027 0
28.1067 0
28.1107 0
28.1147 0
28.1187 0
28.1227 0
28.1267 0
28.1307 0
28.1347 0
28.1387 0
28.1467 0
28.1507 0
28.1587 0
28.1627 0
28.1707 0
28.1747 0
28.1827 0
28.1867 0
28.1947 0
28.1987 0
28.2067 0
28.2147 0
28.2227 0
28.2307 0
28.2387 0
28.2467 0
28.2547 0
28.2627 0
28.2707 0
28.2787 0
28.2867 0
28.2947 0
28.3027 0
28.3107 0
28.3187 0
28.3267 0
28.3347 0
28.3427 0
28.3507 0
28.3587 0
28.3667 0
28.3747 0
28.3827 0
28.3907 0
28.4067 0
28.4147 0
28.4307 0
28.4387 0
28.4547 0
28.4627 0
28.4787 0
28.4867 0
28.5027 0
28.5107 0
28.5267 0
28.5427 0
28.5587 0
28.5747 0
28.5907 0
28.6067 0
28.6227 0
28.6387 0
28.6547 0
28.6707 0
28.6867 0
28.7027 0
28.7187 0
28.7347 0
28.7507 0
28.7667 0
28.7827 0
28.7987 0
28.8147 0
28.8307 0
28.8467 0
28.8627 0
28.8787 0
28.9107 0
28.9267 0
28.9587 0
28.9747 0
29.0067 0
29.0227 0
29.0547 0
29.0707 0
29.1027 0
29.1187 0
29.1507 0
29.1827 0
29.2147 0
29.2467 0
29.2787 0
29.3107 0
29.3427 0
29.3747 0
29.4067 0
29.4387 0
29.4707 0
29.5027 0
29.5347 0
29.5667 0
29.5987 0
29.6307 0
29.6627 0
29.6947 0
29.7267 0
29.7587 0
29.7907 0
29.8227 0
29.8547 0
29.8867 0
29.9187 0
29.9507 0
29.9827 0
30.0147 0
30.0787 0
30.1107 0
30.1747 0
30.2067 0
30.2707 0
30.3027 0
30.3667 0
30.3987 0
30.4627 0
30.4947 0
30.5587 0
30.5907 0
30.6227 0
30.6547 0
30.6867 0
30.7187 0
30.7507 0
30.7827 0
30.8147 0
30.8467 0
30.8787 0
30.9107 0
30.9427 0
30.9747 0
31.0067 0
31.0387 0
31.0707 0
31.1027 0
31.1347 0
31.1667 0
31.1987 0
31.2307 0
31.2627 0
31.2947 0
31.3267 0
31.3587 0
31.3907 0
31.4227 0
31.4547 0
31.4867 0
31.5187 0
31.5507 0
31.5827 0
31.5987 0
31.6307 0
31.6467 0
31.6787 0
31.6947 0
31.7267 0
31.7427 0
31.7747 0
31.7907 0
31.8227 0
31.8387 0
31.8707 0
31.8867 0
31.9187 0
31.9347 0
31.9667 0
31.9827 0
31.9987 0
32.0147 0
32.0307 0
32.0467 0
32.0627 0
32.0787 0
32.0947 0
32.1107 0
32.1267 0
32.1427 0
32.1587 0
32.1747 0
32.1907 0
32.2067 0
32.2227 0
32.2387 0
32.2547 0
32.2707 0
32.2867 0
32.3027 0
32.3187 0
32.3347 0
32.3507 0
32.3667 0
32.3827 0
32.3987 0
32.4147 0
32.4307 0
32.4467 0
32.4627 0
32.4787 0
32.4947 0
32.5107 0
32.5267 0
32.5427 0
32.5587 0
32.5747 0
32.5907 0
32.6067 0
32.6227 0
32.6387 0
32.6547 0
32.6627 0
32.6787 0
32.6867 0
32.7027 0
32.7107 0
32.7267 0
32.7347 0
32.7507 0
32.7587 0
32.7747 0
32.7827 0
32.7987 0
32.8067 0
32.8227 0
32.8307 0
32.8467 0
32.8547 0
32.8707 0
32.8787 0
32.8947 0
32.9027 0
32.9187 0
32.9267 0
32.9347 0
32.9427 0
32.9507 0
32.9587 0
32.9667 0
32.9747 0
32.9827 0
32.9907 0
32.9987 0
33.0067 0
33.0147 0
33.0227 0
33.0307 0
33.0387 0
33.0467 0
33.0547 0
33.0627 0
33.0707 0
33.0787 0
33.0867 0
33.0947 0
33.1027 0
33.1107 0
33.1187 0
33.1267 0
33.1347 0
33.1427 0
33.1507 0
33.1587 0
33.1667 0
33.1747 0
33.1827 0
33.1907 0
33.1987 0
33.2067 0
33.2147 0
33.2227 0
33.2307 0
33.2387 0
33.2467 0
33.2547 0
33.2627 0
33.2707 0
33.2787 0
33.2867 0
33.2947 0
33.3027 0
33.3107 0
33.3187 0
33.3267 0
33.3347 0
33.3427 0
33.3507 0
33.3587 0
33.3667 0
33.3747 0
33.3827 0
33.3907 0
33.3987 0
33.4067 0
33.4147 0
33.4227 0
33.4307 0
33.4387 0
33.4467 0
33.4547 0
33.4627 0
33.4707 0
33.4787 0
33.4867 0
33.4947 0
33.5027 0
33.5107 0
33.5187 0
33.5267 0
33.5347 0
33.5427 0
33.5507 0
33.5587 0
33.5667 0
33.5747 0
33.5827 0
33.5907 0
33.5987 0
33.6067 0
33.6147 0
33.6227 0
33.6307 0
33.6387 0
33.6467 0
33.6547 0
33.6627 0
33.6707 0
33.6787 0
33.6867 0
33.6947 0
33.7027 0
33.7107 0
33.7187 0
33.7267 0
33.7427 0
33.7507 0
33.7667 0
33.7747 0
33.7907 0
33.7987 0
33.8147 0
33.8227 0
33.8387 0
33.8467 0
33.8627 0
33.8707 0
33.8867 0
33.8947 0
33.9107 0
33.9187 0
33.9347 0
33.9427 0
33.9587 0
33.9667 0
33.9827 0
33.9907 0
34.0067 0
34.0227 0
34.0387 0
34.0547 0
34.0707 0
34.0867 0
34.1027 0
34.1187 0
34.1347 0
34.1507 0
34.1667 0
34.1827 0
34.1987 0
34.2147 0
34.2307 0
34.2467 0
34.2627 0
34.2787 0
34.2947 0
34.3107 0
34.3267 0
34.3427 0
34.3587 0
34.3747 0
34.3907 0
34.4067 0
34.4227 0
34.4387 0
34.4547 0
34.4707 0
34.4867 0
34.5027 0
34.5187 0
34.5347 0
34.5507 0
34.5667 0
34.5827 0
34.5987 0
34.6147 0
34.6307 0
34.6467 0
34.6627 0
34.6787 0
34.7107 0
34.7267 0
34.7587 0
34.7747 0
34.8067 0
34.8227 0
34.8547 0
34.8707 0
34.9027 0
34.9187 0
34.9507 0
34.9667 0
34.9987 0
35.0147 0
35.0467 0
35.0627 0
35.0947 0
35.1107 0
35.1427 0
35.1747 0
35.2067 0
35.2387 0
35.2707 0
35.3027 0
35.3347 0
35.3667 0
35.3987 0
35.4307 0
35.4627 0
35.4947 0
35.5267 0
35.5587 0
35.5907 0
35.6227 0
35.6547 0
35.6867 0
35.7187 0
35.7507 0
35.7827 0
35.8147 0
35.8467 0
35.8787 0
35.9107 0
35.9427 0
35.9747 0
36.0067 0
36.0387 0
36.0707 0
36.1027 0
36.1347 0
36.1987 0
36.2307 0
36.2947 0
36.3267 0
36.3907 0
36.4227 0
36.4867 0
36.5187 0
36.5827 0
36.6147 0
36.6787 0
36.7427 0
36.8067 0
36.8707 0
36.9347 0
36.9987 0
37.0307 0
37.0947 0
37.1267 0
37.1907 0
37.2227 0
37.2867 0
37.3187 0
37.3827 0
37.4147 0
37.4787 0
37.5107 0
37.5747 0
37.6067 0
37.6387 0
37.6707 0
37.7027 0
37.7347 0
37.7667 0
37.7987 0
37.8307 0
37.8627 0
37.8947 0
37.9267 0
37.9587 0
37.9907 0
38.0227 0
38.0547 0
38.0867 0
38.1187 0
38.1507 0
38.1827 0
38.2147 0
38.2467 0
38.2787 0
38.3107 0
38.3427 0
38.3747 0
38.4067 0
38.4387 0
38.4707 0
38.5027 0
38.5347 0
38.5667 0
38.5987 0
38.6307 0
38.6627 0
38.6947 0
38.7267 0
38.7587 0
38.7907 0
38.8227 0
38.8547 0
38.8867 0
38.9187 0
38.9347 0
38.9667 0
38.9827 0
39.0147 0
39.0307 0
39.0627 0
39.0787 0
39.1107 0
39.1267 0
39.1587 0
39.1747 0
39.2067 0
39.2227 0
39.2547 0
39.2707 0
39.3027 0
39.3187 0
39.3347 0
39.3507 0
39.3667 0
39.3827 0
39.3987 0
39.4147 0
39.4307 0
39.4467 0
39.4627 0
39.4787 0
39.4947 0
39.5107 0
39.5267 0
39.5427 0
39.5587 0
39.5747 0
39.5907 0
39.6067 0
39.6227 0
39.6387 0
39.6547 0
39.6707 0
39.6867 0
39.7027 0
39.7187 0
39.7347 0
39.7507 0
39.7667 0
39.7827 0
39.7987 0
39.8147 0
39.8307 0
39.8467 0
39.8627 0
39.8787 0
39.8947 0
39.9107 0
39.9267 0
39.9427 0
39.9587 0
39.9747 0
39.9907 0
40.0067 0
40.0227 0
40.0387 0
40.0547 0
40.0627 0
40.0787 0
40.0867 0
40.1027 0
40.1107 0
40.1267 0
40.1347 0
40.1507 0
40.1587 0
40.1747 0
40.1827 0
40.1987 0
40.2067 0
40.2147 0
40.2227 0
40.2307 0
40.2387 0
40.2467 0
40.2547 0
40.2627 0
40.2707 0
40.2787 0
40.2867 0
40.2947 0
40.3027 0
40.3107 0
40.3187 0
40.3267 0
40.3347 0
40.3427 0
40.3507 0
40.3587 0
40.3627 0
40.3707 0
40.3747 0
40.3827 0
40.3867 0
40.3947 0
40.3987 0
40.4067 0
40.4107 0
40.4187 0
40.4227 0
40.4267 0
40.4307 0
40.4347 0
40.4387 0
40.4427 0
40.4467 0
40.4507 0
40.4547 0
40.4587 0
40.4627 0
40.4667 0
40.4707 0
40.4747 0
40.4787 0
40.4827 0
40.4867 0
40.4907 0
40.4947 0
40.4987 0
40.5027 0
40.5047 0
40.5087 0
40.5107 0
40.5147 0
40.5167 0
40.5207 0
40.5227 0
40.5267 0
40.5287 0
40.5327 0
40.5347 0
40.5367 0
40.5387 0
40.5407 0
40.5427 0
40.5447 0
40.5467 0
40.5487 0
40.5507 0
40.5527 0
40.5547 0
40.5567 0
40.5587 0
40.5607 0
40.5627 0
40.5647 0
40.5667 0
40.5687 0
40.5707 0
40.5727 0
40.5747 0
40.5767 0
40.5787 0
40.5807 0
40.5827 0
40.5837 0
40.5857 0
40.5867 0
40.5887 0
40.5897 0
40.5917 0
40.5927 0
40.5947 0
40.5957 0
40.5977 0
40.5987 0
40.6007 0
40.6017 0
40.6027 0
40.6037 0
40.6047 0
40.6057 0
40.6067 0
40.6077 0
40.6087 0
40.6097 0
40.6107 0
40.6117 0
40.6127 0
40.6137 0
40.6147 0
40.6157 0
40.6167 0
40.6177 0
40.6187 0
40.6197 0
40.6207 0
40.6217 0
40.6227 0
40.6237 0
40.6247 0
40.6257 0
40.6267 0
40.6277 0
40.6287 0
40.6292 0
40.6302 0
40.6307 0
40.6317 0
40.6322 0
40.6332 0
40.6337 0
40.6347 0
40.6352 0
40.6362 0
40.6367 0
40.6377 0
40.6382 0
40.6392 0
40.6397 0
40.6402 0
40.6407 0
40.6412 0
40.6417 0
40.6422 0
40.6427 0
40.6432 0
40.6437 0
40.6442 0
40.6447 0
40.6452 0
40.6457 0
40.6462 0
40.6467 0
40.6472 0
40.6477 0
40.6482 0
40.6487 0
40.6492 0
40.6497 0
40.6502 0
40.6507 0
40.6512 0
40.6517 0
40.6522 0
40.6527 0
40.6532 0
40.6537 0
40.6542 0
40.6547 0
40.6552 0
40.6557 0
40.6562 0
40.6565 0
40.657 0
40.6572 0
40.6577 0
40.658 0
40.6585 0
40.6587 0
40.6592 0
40.6595 0
40.66 0
40.6602 0
40.6607 0
40.661 0
40.6615 0
40.6617 0
40.6622 0
40.6625 0
40.663 0
40.6632 0
40.6637 0
40.664 0
40.6645 0
40.6647 0
40.6652 0
40.6655 0
40.666 0
40.6662 0
40.6667 0
40.667 0
40.6675 0
40.6677 0
40.6682 0
40.6685 0
40.669 0
40.6692 0
40.6695 0
40.6697 0
40.67 0
40.6702 0
40.6705 0
40.6707 0
40.671 0
40.6712 0
40.6715 0
40.6717 0
40.672 0
40.6722 0
40.6725 0
40.6727 0
40.673 0
40.6732 0
40.6735 0
40.6737 0
40.674 0
40.6742 0
40.6745 0
40.6747 0
40.675 0
40.6752 0
40.6755 0
40.6757 0
40.676 0
40.6761 0
40.6763 0
40.6765 0
40.6767 0
40.6768 0
40.6771 0
40.6772 0
40.6775 0
40.6776 0
40.6778 0
40.678 0
40.6782 0
40.6783 0
40.6786 0
40.6787 0
40.679 0
40.6791 0
40.6793 0
40.6795 0
40.6797 0
40.6798 0
40.6801 0
40.6802 0
40.6805 0
40.6806 0
40.6808 0
40.681 0
40.6812 0
40.6813 0
40.6816 0
40.6817 0
40.682 0
40.6821 0
40.6823 0
40.6825 0
40.6827 0
40.6828 0
40.6831 0
40.6832 0
40.6835 0
40.6836 0
40.6838 0
40.684 0
40.6842 0
40.6843 0
40.6846 0
40.6847 0
40.685 0
40.6851 0
40.6853 0
40.6855 0
40.6857 0
40.686 0
40.6862 0
40.6865 0
40.6867 0
40.687 0
40.6872 0
40.6875 0
40.6877 0
40.688 0
40.6882 0
40.6885 0
40.6887 0
40.689 0
40.6892 0
40.6895 0
40.6897 0
40.69 0
40.6902 0
40.6905 0
40.6907 0
40.691 0
40.6912 0
40.6915 0
40.6917 0
40.692 0
40.6922 0
40.6925 0
40.693 0
40.6932 0
40.6937 0
40.694 0
40.6945 0
40.6947 0
40.6952 0
40.6955 0
40.696 0
40.6962 0
40.6967 0
40.697 0
40.6975 0
40.6977 0
40.6982 0
40.6985 0
40.699 0
40.6992 0
40.6997 0
40.7 0
40.7005 0
40.7007 0
40.7012 0
40.7015 0
40.702 0
40.7022 0
40.7027 0
40.703 0
40.7035 0
40.7037 0
40.7042 0
40.7045 0
40.705 0
40.7052 0
40.7057 0
40.7062 0
40.7067 0
40.7072 0
40.7077 0
40.7082 0
40.7087 0
40.7092 0
40.7097 0
40.7102 0
40.7107 0
40.7112 0
40.7117 0
40.7122 0
40.7127 0
40.7132 0
40.7137 0
40.7142 0
40.7147 0
40.7152 0
40.7157 0
40.7162 0
40.7167 0
40.7172 0
40.7177 0
40.7182 0
40.7187 0
40.7192 0
40.7197 0
40.7202 0
40.7207 0
40.7212 0
40.7217 0
40.7222 0
40.7227 0
40.7232 0
40.7242 0
40.7247 0
40.7257 0
40.7262 0
40.7272 0
40.7277 0
40.7287 0
40.7292 0
40.7302 0
40.7307 0
40.7317 0
40.7322 0
40.7332 0
40.7337 0
40.7347 0
40.7357 0
40.7367 0
40.7377 0
40.7387 0
40.7397 0
40.7407 0
40.7417 0
40.7427 0
40.7437 0
40.7447 0
40.7457 0
40.7467 0
40.7477 0
40.7487 0
40.7497 0
40.7507 0
40.7517 0
40.7527 0
40.7537 0
40.7547 0
40.7557 0
40.7567 0
40.7577 0
40.7587 0
40.7597 0
40.7607 0
40.7617 0
40.7637 0
40.7647 0
40.7667 0
40.7677 0
40.7697 0
40.7707 0
40.7727 0
40.7737 0
40.7757 0
40.7767 0
40.7787 0
40.7797 0
40.7817 0
40.7837 0
40.7857 0
40.7877 0
40.7897 0
40.7917 0
40.7937 0
40.7957 0
40.7977 0
40.7997 0
40.8017 0
40.8037 0
40.8057 0
40.8077 0
40.8097 0
40.8117 0
40.8137 0
40.8157 0
40.8177 0
40.8197 0
40.8217 0
40.8237 0
40.8257 0
40.8277 0
40.8297 0
40.8317 0
40.8337 0
40.8377 0
40.8397 0
40.8437 0
40.8457 0
40.8497 0
40.8517 0
40.8557 0
40.8577 0
40.8617 0
40.8637 0
40.8677 0
40.8697 0
40.8737 0
40.8777 0
40.8817 0
40.8857 0
40.8897 0
40.8937 0
40.8977 0
40.8997 0
40.9037 0
40.9057 0
40.9097 0
40.9117 0
40.9157 0
40.9177 0
40.9197 0
40.9217 0
40.9237 0
40.9257 0
40.9277 0
40.9297 0
40.9317 0
40.9337 0
40.9357 0
40.9377 0
40.9397 0
40.9417 0
40.9437 0
40.9457 0
40.9477 0
40.9497 0
40.9517 0
40.9537 0
40.9557 0
40.9577 0
40.9597 0
40.9617 0
40.9637 0
40.9657 0
40.9677 0
40.9697 0
40.9717 0
40.9737 0
40.9757 0
40.9777 0
40.9797 0
40.9817 0
40.9837 0
40.9857 0
40.9877 0
40.9897 0
40.9917 0
40.9937 0
40.9957 0
40.9977 0
40.9997 0
41.0017 0
41.0037 0
41.0057 0
41.0077 0
41.0097 0
41.0117 0
41.0137 0
41.0157 0
41.0177 0
41.0197 0
41.0217 0
41.0237 0
41.0257 0
41.0277 0
41.0297 0
41.0317 0
41.0337 0
41.0357 0
41.0377 0
41.0397 0
41.0417 0
41.0437 0
41.0457 0
41.0477 0
41.0517 0
41.0537 0
41.0577 0
41.0597 0
41.0637 0
41.0657 0
41.0697 0
41.0717 0
41.0757 0
41.0797 0
41.0837 0
41.0877 0
41.0917 0
41.0957 0
41.0997 0
41.1037 0
41.1077 0
41.1117 0
41.1157 0
41.1197 0
41.1237 0
41.1277 0
41.1317 0
41.1357 0
41.1397 0
41.1437 0
41.1477 0
41.1517 0
41.1557 0
41.1597 0
41.1637 0
41.1677 0
41.1717 0
41.1757 0
41.1797 0
41.1837 0
41.1877 0
41.1917 0
41.1957 0
41.1997 0
41.2037 0
41.2077 0
41.2117 0
41.2157 0
41.2197 0
41.2237 0
41.2277 0
41.2317 0
41.2357 0
41.2397 0
41.2437 0
41.2477 0
41.2517 0
41.2597 0
41.2637 0
41.2717 0
41.2757 0
41.2837 0
41.2877 0
41.2957 0
41.2997 0
41.3077 0
41.3117 0
41.3197 0
41.3237 0
41.3317 0
41.3357 0
41.3437 0
41.3517 0
41.3597 0
41.3677 0
41.3757 0
41.3837 0
41.3917 0
41.3997 0
41.4077 0
41.4157 0
41.4237 0
41.4317 0
41.4397 0
41.4477 0
41.4557 0
41.4637 0
41.4717 0
41.4797 0
41.4877 0
41.4957 0
41.5037 0
41.5117 0
41.5277 0
41.5357 0
41.5517 0
41.5597 0
41.5757 0
41.5837 0
41.5997 0
41.6077 0
41.6237 0
41.6317 0
41.6477 0
41.6557 0
41.6717 0
41.6797 0
41.6957 0
41.7037 0
41.7197 0
41.7357 0
41.7517 0
41.7677 0
41.7837 0
41.7997 0
41.8157 0
41.8317 0
41.8477 0
41.8637 0
41.8797 0
41.8957 0
41.9117 0
41.9277 0
41.9437 0
41.9597 0
41.9757 0
41.9917 0
42.0077 0
42.0237 0
42.0397 0
42.0557 0
42.0717 0
42.0877 0
42.1037 0
42.1197 0
42.1357 0
42.1517 0
42.1677 0
42.1837 0
42.1997 0
42.2157 0
42.2317 0
42.2477 0
42.2637 0
42.2797 0
42.2957 0
42.3117 0
42.3277 0
42.3437 0
42.3597 0
42.3757 0
42.4077 0
42.4237 0
42.4557 0
42.4717 0
42.5037 0
42.5197 0
42.5517 0
42.5677 0
42.5997 0
42.6157 0
42.6477 0
42.6637 0
42.6957 0
42.7117 0
42.7437 0
42.7597 0
42.7917 0
42.8077 0
42.8397 0
42.8557 0
42.8877 0
42.9037 0
42.9357 0
42.9517 0
42.9837 0
43.0157 0
43.0477 0
43.0797 0
43.1117 0
43.1437 0
43.1757 0
43.2077 0
43.2397 0
43.2717 0
43.3037 0
43.3357 0
43.3517 0
43.3837 0
43.3997 0
43.4317 0
43.4477 0
43.4797 0
43.4957 0
43.5277 0
43.5437 0
43.5757 0
43.5917 0
43.6237 0
43.6397 0
43.6717 0
43.6877 0
43.7197 0
43.7357 0
43.7677 0
43.7837 0
43.8157 0
43.8317 0
43.8637 0
43.8797 0
43.9117 0
43.9277 0
43.9597 0
43.9757 0
44.0077 0
44.0237 0
44.0397 0
44.0557 0
44.0717 0
44.0877 0
44.1037 0
44.1197 0
44.1357 0
44.1517 0
44.1677 0
44.1837 0
44.1997 0
44.2157 0
44.2317 0
44.2477 0
44.2637 0
44.2797 0
44.2957 0
44.3117 0
44.3277 0
44.3437 0
44.3597 0
44.3757 0
44.3917 0
44.4077 0
44.4237 0
44.4397 0
44.4557 0
44.4717 0
44.4877 0
44.5037 0
44.5197 0
44.5357 0
44.5517 0
44.5677 0
44.5837 0
44.5997 0
44.6157 0
44.6317 0
44.6477 0
44.6637 0
44.6797 0
44.6957 0
44.7117 0
44.7277 0
44.7357 0
44.7517 0
44.7597 0
44.7757 0
44.7837 0
44.7997 0
44.8077 0
44.8237 0
44.8317 0
44.8477 0
44.8557 0
44.8717 0
44.8797 0
44.8957 0
44.9037 0
44.9197 0
44.9277 0
44.9437 0
44.9517 0
44.9677 0
44.9757 0
44.9917 0
44.9997 0
45.0077 0
45.0157 0
45.0237 0
45.0317 0
45.0397 0
45.0477 0
45.0557 0
45.0637 0
45.0717 0
45.0797 0
45.0877 0
45.0957 0
45.1037 0
45.1117 0
45.1197 0
45.1277 0
45.1357 0
45.1437 0
45.1517 0
45.1597 0
45.1677 0
45.1757 0
45.1837 0
45.1917 0
45.1997 0
45.2077 0
45.2157 0
45.2237 0
45.2317 0
45.2397 0
45.2477 0
45.2557 0
45.2637 0
45.2717 0
45.2797 0
45.2877 0
45.2957 0
45.3037 0
45.3117 0
45.3197 0
45.3277 0
45.3357 0
45.3437 0
45.3517 0
45.3597 0
45.3677 0
45.3757 0
45.3837 0
45.3917 0
45.3997 0
45.4077 0
45.4157 0
45.4237 0
45.4317 0
45.4397 0
45.4477 0
45.4557 0
45.4637 0
45.4717 0
45.4797 0
45.4877 0
45.4957 0
45.5037 0
45.5117 0
45.5197 0
45.5277 0
45.5357 0
45.5437 0
45.5517 0
45.5597 0
45.5677 0
45.5757 0
45.5837 0
45.5917 0
45.5997 0
45.6077 0
45.6157 0
45.6237 0
45.6317 0
45.6397 0
45.6477 0
45.6557 0
45.6637 0
45.6717 0
45.6797 0
45.6877 0
45.6957 0
45.7037 0
45.7117 0
45.7197 0
45.7277 0
45.7357 0
45.7437 0
45.7517 0
45.7597 0
45.7677 0
45.7757 0
45.7837 0
45.7917 0
45.8077 0
45.8157 0
45.8317 0
45.8397 0
45.8557 0
45.8637 0
45.8797 0
45.8877 0
45.9037 0
45.9117 0
45.9277 0
45.9357 0
45.9517 0
45.9597 0
45.9757 0
45.9837 0
45.9997 0
46.0077 0
46.0237 0
46.0317 0
46.0477 0
46.0557 0
46.0717 0
46.0797 0
46.0957 0
46.1117 0
46.1277 0
46.1437 0
46.1597 0
46.1757 0
46.1917 0
46.2077 0
46.2237 0
46.2397 0
46.2557 0
46.2717 0
46.2877 0
46.3037 0
46.3197 0
46.3357 0
46.3517 0
46.3677 0
46.3837 0
46.3997 0
46.4157 0
46.4317 0
46.4477 0
46.4637 0
46.4797 0
46.4957 0
46.5117 0
46.5277 0
46.5437 0
46.5597 0
46.5757 0
46.5917 0
46.6077 0
46.6237 0
46.6397 0
46.6557 0
46.6717 0
46.6877 0
46.7037 0
46.7197 0
46.7357 0
46.7517 0
46.7677 0
46.7837 0
46.7997 0
46.8157 0
46.8477 0
46.8637 0
46.8957 0
46.9117 0
46.9437 0
46.9597 0
46.9917 0
47.0077 0
47.0397 0
47.0557 0
47.0877 0
47.1037 0
47.1357 0
47.1517 0
47.1837 0
47.1997 0
47.2317 0
47.2477 0
47.2797 0
47.2957 0
47.3277 0
47.3597 0
47.3917 0
47.4237 0
47.4557 0
47.4877 0
47.5197 0
47.5517 0
47.5837 0
47.6157 0
47.6477 0
47.6797 0
47.7117 0
47.7437 0
47.7757 0
47.8077 0
47.8397 0
47.8717 0
47.9037 0
47.9357 0
47.9677 0
47.9997 0
48.0317 0
48.0637 0
48.0957 0
48.1277 0
48.1597 0
48.1917 0
48.2237 0
48.2557 0
48.2877 0
48.3197 0
48.3517 0
48.3837 0
48.4157 0
48.4477 0
48.4797 0
48.5117 0
48.5437 0
48.5757 0
48.6077 0
48.6397 0
48.6717 0
48.7037 0
48.7357 0
48.7677 0
48.7997 0
48.8317 0
48.8637 0
48.8957 0
48.9277 0
48.9597 0
48.9917 0
49.0237 0
49.0557 0
49.0877 0
49.1197 0
49.1517 0
49.1837 0
49.2157 0
49.2477 0
49.2797 0
49.3117 0
49.3437 0
49.3757 0
49.4077 0
49.4397 0
49.4557 0
49.4877 0
49.5037 0
49.5357 0
49.5517 0
49.5837 0
49.5997 0
49.6317 0
49.6477 0
49.6797 0
49.6957 0
49.7277 0
49.7437 0
49.7757 0
49.7917 0
49.8237 0
49.8397 0
49.8717 0
49.8877 0
49.9037 0
49.9197 0
49.9357 0
49.9517 0
49.9677 0
49.9837 0
49.9997 0
50.0157 0
50.0317 0
50.0477 0
50.0637 0
50.0797 0
50.0957 0
50.1117 0
50.1277 0
50.1437 0
50.1597 0
50.1757 0
50.1917 0
50.2077 0
50.2237 0
50.2397 0
50.2557 0
50.2717 0
50.2877 0
50.3037 0
50.3197 0
50.3357 0
50.3517 0
50.3677 0
50.3837 0
50.3997 0
50.4157 0
50.4317 0
50.4477 0
50.4637 0
50.4797 0
50.4957 0
50.5117 0
50.5277 0
50.5437 0
50.5597 0
50.5757 0
50.5917 0
50.6077 0
50.6237 0
50.6317 0
50.6477 0
50.6557 0
50.6717 0
50.6797 0
50.6957 0
50.7037 0
50.7197 0
50.7277 0
50.7437 0
50.7517 0
50.7677 0
50.7757 0
50.7917 0
50.7997 0
50.8157 0
50.8237 0
50.8397 0
50.8477 0
50.8637 0
50.8717 0
50.8877 0
50.8957 0
50.9037 0
50.9117 0
50.9197 0
50.9277 0
50.9357 0
50.9437 0
50.9517 0
50.9597 0
50.9677 0
50.9757 0
50.9837 0
50.9917 0
50.9997 0
51.0077 0
51.0157 0
51.0237 0
51.0317 0
51.0397 0
51.0477 0
51.0557 0
51.0637 0
51.0717 0
51.0797 0
51.0877 0
51.0957 0
51.1037 0
51.1117 0
51.1197 0
51.1277 0
51.1357 0
51.1437 0
51.1517 0
51.1597 0
51.1677 0
51.1757 0
51.1837 0
51.1917 0
51.1997 0
51.2077 0
51.2157 0
51.2237 0
51.2317 0
51.2397 0
51.2477 0
51.2557 0
51.2637 0
51.2717 0
51.2797 0
51.2877 0
51.2957 0
51.3037 0
51.3117 0
51.3197 0
51.3277 0
51.3357 0
51.3437 0
51.3517 0
51.3597 0
51.3677 0
51.3757 0
51.3837 0
51.3917 0
51.3997 0
51.4077 0
51.4157 0
51.4237 0
51.4317 0
51.4397 0
51.4477 0
51.4557 0
51.4637 0
51.4717 0
51.4797 0
51.4877 0
51.4957 0
51.5037 0
51.5117 0
51.5197 0
51.5277 0
51.5357 0
51.5437 0
51.5517 0
51.5597 0
51.5677 0
51.5757 0
51.5837 0
51.5917 0
51.5997 0
51.6077 0
51.6157 0
51.6237 0
51.6317 0
51.6397 0
51.6477 0
51.6637 0
51.6717 0
51.6877 0
51.6957 0
51.7117 0
51.7197 0
51.7357 0
51.7437 0
51.7597 0
51.7677 0
51.7837 0
51.7917 0
51.8077 0
51.8157 0
51.8317 0
51.8397 0
51.8557 0
51.8637 0
51.8797 0
51.8877 0
51.9037 0
51.9117 0
51.9277 0
51.9357 0
51.9517 0
51.9677 0
51.9837 0
51.9997 0
52.0157 0
52.0317 0
52.0477 0
52.0637 0
52.0797 0
52.0957 0
52.1117 0
52.1277 0
52.1437 0
52.1597 0
52.1757 0
52.1917 0
52.2077 0
52.2237 0
52.2397 0
52.2557 0
52.2717 0
52.2877 0
52.3037 0
52.3197 0
52.3357 0
52.3517 0
52.3677 0
52.3837 0
52.3997 0
52.4157 0
52.4317 0
52.4477 0
52.4637 0
52.4797 0
52.4957 0
52.5117 0
52.5277 0
52.5437 0
52.5597 0
52.5757 0
52.5917 0
52.6077 0
52.6237 0
52.6397 0
52.6557 0
52.6717 0
52.6877 0
52.7197 0
52.7357 0
52.7677 0
52.7837 0
52.8157 0
52.8317 0
52.8637 0
52.8797 0
52.9117 0
52.9277 0
52.9597 0
52.9757 0
53.0077 0
53.0237 0
53.0557 0
53.0717 0
53.1037 0
53.1197 0
53.1517 0
53.1677 0
53.1997 0
53.2317 0
53.2637 0
53.2957 0
53.3277 0
53.3597 0
53.3917 0
53.4237 0
53.4557 0
53.4877 0
53.5197 0
53.5517 0
53.5837 0
53.6157 0
53.6477 0
53.6797 0
53.7117 0
53.7437 0
53.7757 0
53.8077 0
53.8397 0
53.8717 0
53.9037 0
53.9357 0
53.9677 0
53.9997 0
54.0317 0
54.0637 0
54.0957 0
54.1277 0
54.1597 0
54.1917 0
54.2237 0
54.2557 0
54.2877 0
54.3197 0
54.3517 0
54.3837 0
54.4157 0
54.4477 0
54.4797 0
54.5117 0
54.5437 0
54.5757 0
54.6077 0
54.6397 0
54.6717 0
54.7037 0
54.7357 0
54.7677 0
54.7997 0
54.8317 0
54.8637 0
54.8957 0
54.9277 0
54.9597 0
54.9917 0
55.0237 0
55.0557 0
55.0877 0
55.1197 0
55.1517 0
55.1837 0
55.2157 0
55.2477 0
55.2797 0
55.3117 0
55.3437 0
55.3757 0
55.3917 0
55.4237 0
55.4397 0
55.4717 0
55.4877 0
55.5197 0
55.5357 0
55.5677 0
55.5837 0
55.6157 0
55.6317 0
55.6637 0
55.6797 0
55.7117 0
55.7277 0
55.7597 0
55.7757 0
55.7917 0
55.8077 0
55.8237 0
55.8397 0
55.8557 0
55.8717 0
55.8877 0
55.9037 0
55.9197 0
55.9357 0
55.9517 0
55.9677 0
55.9837 0
55.9997 0
56.0157 0
56.0317 0
56.0477 0
56.0637 0
56.0797 0
56.0957 0
56.1117 0
56.1277 0
56.1437 0
56.1597 0
56.1757 0
56.1917 0
56.2077 0
56.2237 0
56.2397 0
56.2557 0
56.2717 0
56.2877 0
56.3037 0
56.3197 0
56.3357 0
56.3517 0
56.3677 0
56.3837 0
56.3997 0
56.4157 0
56.4237 0
56.4397 0
56.4477 0
56.4637 0
56.4717 0
56.4877 0
56.4957 0
56.5117 0
56.5197 0
56.5357 0
56.5437 0
56.5597 0
56.5677 0
56.5837 0
56.5917 0
56.6077 0
56.6157 0
56.6317 0
56.6397 0
56.6557 0
56.6637 0
56.6797 0
56.6877 0
56.7037 0
56.7117 0
56.7197 0
56.7277 0
56.7357 0
56.7437 0
56.7517 0
56.7597 0
56.7677 0
56.7757 0
56.7837 0
56.7917 0
56.7997 0
56.8077 0
56.8157 0
56.8237 0
56.8317 0
56.8397 0
56.8477 0
56.8557 0
56.8637 0
56.8717 0
56.8797 0
56.8877 0
56.8957 0
56.9037 0
56.9117 0
56.9197 0
56.9277 0
56.9357 0
56.9437 0
56.9517 0
56.9597 0
56.9677 0
56.9757 0
56.9837 0
56.9917 0
56.9997 0
57.0077 0
57.0157 0
57.0237 0
57.0317 0
57.0397 0
57.0477 0
57.0557 0
57.0637 0
57.0717 0
57.0797 0
57.0877 0
57.0957 0
57.1037 0
57.1117 0
57.1197 0
57.1277 0
57.1357 0
57.1437 0
57.1517 0
57.1597 0
57.1677 0
57.1757 0
57.1837 0
57.1917 0
57.1997 0
57.2077 0
57.2157 0
57.2237 0
57.2317 0
57.2397 0
57.2477 0
57.2557 0
57.2637 0
57.2717 0
57.2797 0
57.2877 0
57.2957 0
57.3037 0
57.3117 0
57.3197 0
57.3277 0
57.3357 0
57.3437 0
57.3517 0
57.3597 0
57.3677 0
57.3757 0
57.3837 0
57.3917 0
57.3997 0
57.4077 0
57.4157 0
57.4237 0
57.4317 0
57.4397 0
57.4477 0
57.4517 0
57.4597 0
57.4637 0
57.4717 0
57.4757 0
57.4837 0
57.4877 0
57.4957 0
57.4997 0
57.5037 0
57.5077 0
57.5117 0
57.5157 0
57.5197 0
57.5237 0
57.5277 0
57.5317 0
57.5357 0
57.5397 0
57.5437 0
57.5477 0
57.5517 0
57.5557 0
57.5597 0
57.5637 0
57.5677 0
57.5717 0
57.5757 0
57.5797 0
57.5817 0
57.5857 0
57.5877 0
57.5917 0
57.5937 0
57.5977 0
57.5997 0
57.6037 0
57.6057 0
57.6097 0
57.6117 0
57.6137 0
57.6157 0
57.6177 0
57.6197 0
57.6217 0
57.6237 0
57.6257 0
57.6277 0
57.6297 0
57.6317 0
57.6337 0
57.6357 0
57.6377 0
57.6397 0
57.6417 0
57.6437 0
57.6457 0
57.6477 0
57.6497 0
57.6517 0
57.6527 0
57.6547 0
57.6557 0
57.6577 0
57.6587 0
57.6607 0
57.6617 0
57.6637 0
57.6647 0
57.6667 0
57.6677 0
57.6687 0
57.6697 0
57.6707 0
57.6717 0
57.6727 0
57.6737 0
57.6747 0
57.6757 0
57.6767 0
57.6777 0
57.6787 0
57.6797 0
57.6807 0
57.6817 0
57.6827 0
57.6837 0
57.6847 0
57.6857 0
57.6867 0
57.6877 0
57.6887 0
57.6897 0
57.6907 0
57.6917 0
57.6927 0
57.6932 0
57.6942 0
57.6947 0
57.6957 0
57.6962 0
57.6972 0
57.6977 0
57.6987 0
57.6992 0
57.7002 0
57.7007 0
57.7012 0
57.7017 0
57.7022 0
57.7027 0
57.7032 0
57.7037 0
57.7042 0
57.7047 0
57.7052 0
57.7057 0
57.7062 0
57.7067 0
57.7072 0
57.7077 0
57.7082 0
57.7087 0
57.7092 0
57.7097 0
57.7102 0
57.7107 0
57.7112 0
57.7117 0
57.7122 0
57.7127 0
57.7132 0
57.7135 0
57.714 0
57.7142 0
57.7147 0
57.715 0
57.7155 0
57.7157 0
57.7162 0
57.7165 0
57.717 0
57.7172 0
57.7177 0
57.718 0
57.7182 0
57.7185 0
57.7187 0
57.719 0
57.7192 0
57.7195 0
57.7197 0
57.72 0
57.7202 0
57.7205 0
57.7207 0
57.721 0
57.7212 0
57.7215 0
57.7217 0
57.722 0
57.7222 0
57.7225 0
57.7227 0
57.723 0
57.7232 0
57.7235 0
57.7237 0
57.724 0
57.7242 0
57.7245 0
57.7246 0
57.7248 0
57.725 0
57.7252 0
57.7253 0
57.7256 0
57.7257 0
57.726 0
57.7261 0
57.7263 0
57.7265 0
57.7267 0
57.7268 0
57.727 0
57.7271 0
57.7272 0
57.7273 0
57.7275 0
57.7276 0
57.7277 0
57.7278 0
57.728 0
57.7281 0
57.7282 0
57.7283 0
57.7285 0
57.7286 0
57.7287 0
57.7288 0
57.729 0
57.7291 0
57.7292 0
57.7293 0
57.7295 0
57.7296 0
57.7297 0
57.7298 0
57.73 0
57.7301 0
57.7302 0
57.7303 0
57.7305 0
57.7305 0
57.7306 0
57.7307 0
57.7308 0
57.7309 0
57.731 0
57.7311 0
57.7312 0
57.7313 0
57.7314 0
57.7315 0
57.7316 0
57.7316 0
57.7317 0
57.7318 0
57.7318 0
57.7319 0
57.732 0
57.732 0
57.7321 0
57.7321 0
57.7322 0
57.7323 0
57.7323 0
57.7324 0
57.7325 0
57.7325 0
57.7326 0
57.7326 0
57.7327 0
57.7328 0
57.7328 0
57.7329 0
57.733 0
57.733 0
57.7331 0
57.7331 0
57.7332 0
57.7333 0
57.7333 0
57.7334 0
57.7335 0
57.7335 0
57.7335 0
57.7336 0
57.7336 0
57.7337 0
57.7337 0
57.7338 0
57.7338 0
57.7339 0
57.7339 0
57.734 0
57.734 0
57.734 0
57.7341 0
57.7341 0
57.7342 0
57.7342 0
57.7342 0
57.7343 0
57.7343 0
57.7343 0
57.7344 0
57.7344 0
57.7344 0
57.7345 0
57.7345 0
57.7345 0
57.7345 0
57.7346 0
57.7346 0
57.7346 0
57.7347 0
57.7347 0
57.7347 0
57.7348 0
57.7348 0
57.7348 0
57.7349 0
57.7349 0
57.7349 0
57.735 0
57.735 0
57.735 0
57.735 0
57.7351 0
57.7351 0
57.7351 0
57.7351 0
57.7352 0
57.7352 0
57.7352 0
57.7352 0
57.7353 0
57.7353 0
57.7353 0
57.7353 0
57.7354 0
57.7354 0
57.7354 0
57.7354 0
57.7354 0
57.7355 0
57.7355 0
57.7355 0
57.7355 0
57.7355 0
57.7355 0
57.7355 0
57.7356 0
57.7356 0
57.7356 0
57.7356 0
57.7356 0
57.7356 0
57.7357 0
57.7357 0
57.7357 0
57.7357 0
57.7357 0
57.7357 0
57.7358 0
57.7358 0
57.7358 0
57.7358 0
57.7358 0
57.7358 0
57.7358 0
57.7359 0
57.7359 0
57.7359 0
57.7359 0
57.7359 0
57.7359 0
57.7359 0
57.736 0
57.736 0
57.736 0
57.736 0
57.736 0
57.736 0
57.736 0
57.736 0
57.7361 0
57.7361 0
57.7361 0
57.7361 0
57.7361 0
57.7361 0
57.7361 0
57.7361 0
57.7361 0
57.7361 0
57.7361 0
57.7362 0
57.7362 0
57.7362 0
57.7362 0
57.7362 0
57.7362 0
57.7362 0
57.7362 0
57.7362 0
57.7362 0
57.7362 0
57.7362 0
57.7363 0
57.7363 0
57.7363 0
57.7363 0
57.7363 0
57.7363 0
57.7363 0
57.7363 0
57.7363 0
57.7363 0
57.7363 0
57.7363 0
57.7363 0
57.7364 0
57.7364 0
57.7364 0
57.7364 0
57.7364 0
57.7364 0
57.7364 0
57.7364 0
57.7364 0
57.7364 0
57.7364 0
57.7364 0
57.7364 0
57.7364 0
57.7364 0
57.7364 0
57.7365 0
57.7365 0
57.7365 0
57.7365 0
57.7365 0
57.7365 0
57.7365 0
57.7365 0
57.7365 0
57.7365 0
57.7365 0
57.7365 0
57.7365 0
57.7365 0
57.7365 0
57.7365 0
57.7365 0
57.7365 0
57.7365 0
57.7365 0
57.7365 0
57.7365 0
57.7365 0
57.7365 0
57.7366 0
57.7366 0
57.7366 0
57.7366 0
57.7366 0
57.7366 0
57.7366 0
57.7366 0
57.7366 0
57.7366 0
57.7366 0
57.7366 0
57.7366 0
57.7366 0
57.7366 0
57.7366 0
57.7366 0
57.7366 0
57.7366 0
57.7366 0
57.7366 0
57.7366 0
57.7366 0
57.7366 0
57.7366 0
57.7366 0
57.7366 0
57.7366 0
57.7366 0
57.7367 0
57.7367 0
57.7367 0
57.7367 0
57.7367 0
57.7367 0
57.7367 0
57.7367 0
57.7367 0
57.7367 0
57.7367 0
57.7367 0
57.7367 0
57.7367 0
57.7367 0
57.7367 0
57.7367 0
57.7367 0
57.7367 0
57.7367 0
57.7367 0
57.7367 0
57.7367 0
57.7367 0
57.7367 0
57.7367 0
57.7367 0
57.7367 0
57.7367 0
57.7367 0
57.7367 0
57.7367 0
57.7367 0
57.7367 0
57.7367 0
57.7367 0
57.7367 0
57.7367 0
57.7367 0
57.7367 0
57.7367 0
57.7367 0
57.7367 0
57.7367 0
57.7367 0
57.7367 0
57.7367 0
57.7367 0
57.7367 0
57.7367 0
57.7367 0
57.7367 0
57.7367 0
57.7368 0
57.7368 0
57.7368 0
57.7368 0
57.7368 0
57.7368 0
57.7368 0
57.7368 0
57.7368 0
57.7368 0
57.7368 0
57.7368 0
57.7368 0
57.7368 0
57.7368 0
57.7368 0
57.7368 0
57.7368 0
57.7368 0
57.7368 0
57.7368 0
57.7368 0
57.7368 0
57.7368 0
57.7368 0
57.7368 0
57.7368 0
57.7368 0
57.7368 0
57.7368 0
57.7368 0
57.7368 0
57.7368 0
57.7368 0
57.7368 0
57.7368 0
57.7368 0
57.7368 0
57.7368 0
57.7368 0
57.7368 0
57.7368 0
57.7368 0
57.7368 0
57.7368 0
57.7368 0
57.7368 0
57.7368 0
57.7368 0
57.7368 0
57.7368 0
57.7368 0
57.7368 0
57.7368 0
57.7368 0
57.7368 0
57.7368 0
57.7368 0
57.7368 0
57.7368 0
57.7368 0
57.7368 0
57.7368 0
57.7368 0
57.7368 0
57.7368 0
57.7368 0
57.7368 0
57.7368 0
57.7368 0
57.7368 0
57.7368 0
57.7368 0
57.7368 0
57.7368 0
57.7368 0
57.7368 0
57.7368 0
57.7368 0
57.7368 0
57.7368 0
57.7368 0
57.7368 0
57.7368 0
57.7368 0
57.7368 0
57.7368 0
57.7368 0
57.7368 0
57.7368 0
57.7368 0
57.7368 0
57.7368 0
57.7368 0
57.7368 0
57.7368 0
57.7368 0
57.7368 0
57.7368 0
57.7368 0
57.7368 0
57.7368 0
57.7368 0
57.7368 0
57.7368 0
57.7368 0
57.7368 0
57.7368 0
57.7368 0
57.7368 0
57.7368 0
57.7368 0
57.7368 0
57.7368 0
57.7368 0
57.7368 0
57.7368 0
57.7368 0
57.7368 0
57.7368 0
57.7368 0
57.7368 0
57.7368 0
57.7368 0
57.7368 0
57.7368 0
57.7368 0
57.7368 0
57.7368 0
57.7368 0
57.7368 0
57.7368 0
57.7368 0
57.7368 0
57.7368 0
57.7368 0
57.7368 0
57.7368 0
57.7368 0
57.7368 0
57.7368 0
57.7368 0
57.7368 0
57.7368 0
57.7368 0
57.7368 0
57.7369 0
57.7369 0
57.7369 0
57.7369 0
57.7369 0
57.7369 0
57.7369 0
57.7369 0
57.7369 0
57.7369 0
57.7369 0
57.7369 0
57.7369 0
57.7369 0
57.7369 0
57.7369 0
57.7369 0
57.7369 0
57.7369 0
57.7369 0
57.7369 0
57.7369 0
57.7369 0
57.7369 0
57.7369 0
57.7369 0
57.7369 0
57.7369 0
57.7369 0
57.7369 0
57.7369 0
57.7369 0
57.7369 0
57.7369 0
57.7369 0
57.7369 0
57.7369 0
57.7369 0
57.7369 0
57.7369 0
57.7369 0
57.7369 0
57.7369 0
57.7369 0
57.7369 0
57.7369 0
57.7369 0
57.7369 0
57.7369 0
57.7369 0
57.7369 0
57.7369 0
57.7369 0
57.7369 0
57.7369 0
57.7369 0
57.7369 0
57.7369 0
57.7369 0
57.7369 0
57.7369 0
57.7369 0
57.7369 0
57.7369 0
57.7369 0
57.7369 0
57.7369 0
57.7369 0
57.7369 0
57.7369 0
57.7369 0
57.7369 0
57.7369 0
57.7369 0
57.7369 0
57.7369 0
57.7369 0
57.7369 0
57.7369 0
57.7369 0
57.7369 0
57.7369 0
57.7369 0
57.7369 0
57.7369 0
57.7369 0
57.7369 0
57.7369 0
57.7369 0
57.7369 0
57.7369 0
57.7369 0
57.7369 0
57.7369 0
57.7369 0
57.7369 0
57.7369 0
57.7369 0
57.7369 0
57.7369 0
57.7369 0
57.7369 0
57.7369 0
57.7369 0
57.7369 0
57.7369 0
57.7369 0
57.7369 0
57.7369 0
57.7369 0
57.7369 0
57.7369 0
57.7369 0
57.7369 0
57.7369 0
57.7369 0
57.7369 0
57.7369 0
57.7369 0
57.7369 0
57.7369 0
57.7369 0
57.7369 0
57.7369 0
57.7369 0
57.7369 0
57.7369 0
57.7369 0
57.7369 0
57.7369 0
57.7369 0
57.7369 0
57.7369 0
57.7369 0
57.7369 0
57.7369 0
57.7369 0
57.7369 0
57.7369 0
57.7369 0
57.7369 0
57.7369 0
57.7369 0
57.7369 0
57.7369 0
57.7369 0
57.7369 0
57.7369 0
57.7369 0
57.7369 0
57.7369 0
57.7369 0
57.7369 0
57.7369 0
57.7369 0
57.7369 0
57.7369 0
57.7369 0
57.7369 0
57.7369 0
57.7369 0
57.7369 0
57.7369 0
57.7369 0
57.7369 0
57.7369 0
57.7369 0
57.7369 0
57.7369 0
57.7369 0
57.7369 0
57.7369 0
57.7369 0
57.7369 0
57.7369 0
57.7369 0
57.7369 0
57.7369 0
57.7369 0
57.7369 0
57.7369 0
57.7369 0
57.7369 0
57.7369 0
57.7369 0
57.7369 0
57.7369 0
57.7369 0
57.7369 0
57.7369 0
57.7369 0
57.7369 0
57.7369 0
57.7369 0
57.7369 0
57.7369 0
57.7369 0
57.7369 0
57.7369 0
57.7369 0
57.7369 0
57.7369 0
57.7369 0
57.7369 0
57.7369 0
57.7369 0
57.7369 0
57.7369 0
57.7369 0
57.7369 0
57.7369 0
57.7369 0
57.7369 0
57.7369 0
57.7369 0
57.7369 0
57.7369 0
57.7369 0
57.7369 0
57.7369 0
57.7369 0
57.7369 0
57.7369 0
57.7369 0
57.7369 0
57.7369 0
57.7369 0
57.7369 0
57.7369 0
57.7369 0
57.7369 0
57.7369 0
57.7369 0
57.7369 0
57.7369 0
57.7369 0
57.7369 0
57.7369 0
57.7369 0
57.7369 0
57.7369 0
57.7369 0
57.7369 0
57.7369 0
57.7369 0
57.7369 0
57.7369 0
57.7369 0
57.7369 0
57.7369 0
57.7369 0
57.7369 0
57.7369 0
57.7369 0
57.7369 0
57.7369 0
57.7369 0
57.7369 0
57.7369 0
57.7369 0
57.7369 0
57.7369 0
57.7369 0
57.7369 0
57.7369 0
57.7369 0
57.7369 0
57.7369 0
57.7369 0
57.7369 0
57.7369 0
57.7369 0
57.7369 0
57.7369 0
57.7369 0
57.7369 0
57.7369 0
57.7369 0
57.7369 0
57.7369 0
57.7369 0
57.7369 0
57.7369 0
57.7369 0
57.737 0
57.737 0
57.737 0
57.737 0
57.737 0
57.737 0
57.737 0
57.737 0
57.737 0
57.737 0
57.737 0
57.737 0
57.737 0
57.737 0
57.737 0
57.737 0
57.737 0
57.737 0
57.737 0
57.737 0
57.737 0
57.737 0
57.737 0
57.737 0
57.737 0
57.737 0
57.737 0
57.737 0
57.737 0
57.737 0
57.737 0
57.737 0
57.737 0
57.737 0
57.737 0
57.737 0
57.737 0
57.737 0
57.737 0
57.737 0
57.737 0
57.737 0
57.737 0
57.737 0
57.737 0
57.737 0
57.737 0
57.737 0
57.737 0
57.737 0
57.737 0
57.737 0
57.737 0
57.737 0
57.737 0
57.737 0
57.737 0
57.737 0
57.737 0
57.737 0
57.737 0
57.737 0
57.737 0
57.737 0
57.737 0
57.737 0
57.737 0
57.737 0
57.737 0
57.737 0
57.737 0
57.7371 0
57.7371 0
57.7371 0
57.7371 0
57.7371 0
57.7371 0
57.7371 0
57.7371 0
57.7371 0
57.7371 0
57.7371 0
57.7371 0
57.7371 0
57.7371 0
57.7371 0
57.7371 0
57.7371 0
57.7371 0
57.7371 0
57.7371 0
57.7371 0
57.7371 0
57.7371 0
57.7371 0
57.7371 0
57.7371 0
57.7371 0
57.7371 0
57.7371 0
57.7371 0
57.7371 0
57.7371 0
57.7371 0
57.7371 0
57.7371 0
57.7371 0
57.7371 0
57.7371 0
57.7372 0
57.7372 0
57.7372 0
57.7372 0
57.7372 0
57.7372 0
57.7372 0
57.7372 0
57.7372 0
57.7372 0
57.7372 0
57.7372 0
57.7372 0
57.7372 0
57.7372 0
57.7372 0
57.7372 0
57.7372 0
57.7372 0
57.7372 0
57.7372 0
57.7372 0
57.7372 0
57.7372 0
57.7372 0
57.7373 0
57.7373 0
57.7373 0
57.7373 0
57.7373 0
57.7373 0
57.7373 0
57.7373 0
57.7373 0
57.7373 0
57.7373 0
57.7373 0
57.7373 0
57.7373 0
57.7373 0
57.7373 0
57.7373 0
57.7373 0
57.7373 0
57.7374 0
57.7374 0
57.7374 0
57.7374 0
57.7374 0
57.7374 0
57.7374 0
57.7374 0
57.7374 0
57.7374 0
57.7374 0
57.7374 0
57.7374 0
57.7374 0
57.7375 0
57.7375 0
57.7375 0
57.7375 0
57.7375 0
57.7375 0
57.7375 0
57.7375 0
57.7375 0
57.7375 0
57.7375 0
57.7375 0
57.7375 0
57.7376 0
57.7376 0
57.7376 0
57.7376 0
57.7376 0
57.7376 0
57.7376 0
57.7376 0
57.7376 0
57.7376 0
57.7376 0
57.7376 0
57.7377 0
57.7377 0
57.7377 0
57.7377 0
57.7377 0
57.7377 0
57.7377 0
57.7377 0
57.7378 0
57.7378 0
57.7378 0
57.7378 0
57.7378 0
57.7378 0
57.7378 0
57.7378 0
57.7378 0
57.7379 0
57.7379 0
57.7379 0
57.7379 0
57.7379 0
57.7379 0
57.738 0
57.738 0
57.738 0
57.738 0
57.738 0
57.738 0
57.738 0
57.7381 0
57.7381 0
57.7381 0
57.7381 0
57.7381 0
57.7381 0
57.7382 0
57.7382 0
57.7382 0
57.7382 0
57.7382 0
57.7382 0
57.7383 0
57.7383 0
57.7383 0
57.7383 0
57.7383 0
57.7383 0
57.7383 0
57.7384 0
57.7384 0
57.7384 0
57.7384 0
57.7385 0
57.7385 0
57.7385 0
57.7385 0
57.7386 0
57.7386 0
57.7386 0
57.7386 0
57.7387 0
57.7387 0
57.7387 0
57.7387 0
57.7388 0
57.7388 0
57.7388 0
57.7389 0
57.7389 0
57.7389 0
57.739 0
57.739 0
57.739 0
57.739 0
57.7391 0
57.7391 0
57.7391 0
57.7392 0
57.7392 0
57.7392 0
57.7393 0
57.7393 0
57.7393 0
57.7394 0
57.7394 0
57.7394 0
57.7395 0
57.7395 0
57.7395 0
57.7395 0
57.7396 0
57.7396 0
57.7396 0
57.7397 0
57.7397 0
57.7398 0
57.7398 0
57.7399 0
57.7399 0
57.74 0
57.74 0
57.74 0
57.7401 0
57.7401 0
57.7402 0
57.7402 0
57.7403 0
57.7403 0
57.7404 0
57.7405 0
57.7405 0
57.7406 0
57.7406 0
57.7407 0
57.7408 0
57.7408 0
57.7409 0
57.741 0
57.741 0
57.7411 0
57.7411 0
57.7412 0
57.7413 0
57.7413 0
57.7414 0
57.7415 0
57.7415 0
57.7416 0
57.7416 0
57.7417 0
57.7418 0
57.7418 0
57.7419 0
57.742 0
57.742 0
57.7421 0
57.7421 0
57.7422 0
57.7423 0
57.7424 0
57.7425 0
57.7426 0
57.7426 0
57.7428 0
57.7428 0
57.743 0
57.743 0
57.7431 0
57.7432 0
57.7433 0
57.7434 0
57.7435 0
57.7436 0
57.7437 0
57.7438 0
57.744 0
57.7441 0
57.7442 0
57.7443 0
57.7445 0
57.7446 0
57.7447 0
57.7448 0
57.745 0
57.7451 0
57.7452 0
57.7453 0
57.7455 0
57.7456 0
57.7457 0
57.7458 0
57.746 0
57.7461 0
57.7462 0
57.7463 0
57.7465 0
57.7466 0
57.7467 0
57.7468 0
57.747 0
57.7471 0
57.7472 0
57.7475 0
57.7476 0
57.7478 0
57.748 0
57.7482 0
57.7483 0
57.7486 0
57.7487 0
57.749 0
57.7491 0
57.7493 0
57.7495 0
57.7497 0
57.75 0
57.7502 0
57.7505 0
57.7507 0
57.751 0
57.7512 0
57.7515 0
57.7517 0
57.752 0
57.7522 0
57.7525 0
57.7527 0
57.753 0
57.7532 0
57.7535 0
57.7537 0
57.754 0
57.7542 0
57.7545 0
57.7547 0
57.755 0
57.7552 0
57.7555 0
57.7557 0
57.756 0
57.7562 0
57.7565 0
57.757 0
57.7572 0
57.7577 0
57.758 0
57.7585 0
57.7587 0
57.7592 0
57.7595 0
57.76 0
57.7602 0
57.7607 0
57.761 0
57.7615 0
57.762 0
57.7625 0
57.763 0
57.7635 0
57.764 0
57.7645 0
57.765 0
57.7655 0
57.766 0
57.7665 0
57.767 0
57.7675 0
57.768 0
57.7685 0
57.769 0
57.7695 0
57.77 0
57.7705 0
57.771 0
57.7715 0
57.772 0
57.7725 0
57.773 0
57.7735 0
57.774 0
57.7745 0
57.7755 0
57.776 0
57.777 0
57.7775 0
57.7785 0
57.779 0
57.78 0
57.7805 0
57.7815 0
57.782 0
57.783 0
57.7835 0
57.7845 0
57.7855 0
57.7865 0
57.7875 0
57.7885 0
57.7895 0
57.7905 0
57.7915 0
57.7925 0
57.7935 0
57.7945 0
57.7955 0
57.7965 0
57.7975 0
57.7985 0
57.7995 0
57.8005 0
57.8015 0
57.8025 0
57.8035 0
57.8045 0
57.8055 0
57.8065 0
57.8075 0
57.8095 0
57.8105 0
57.8125 0
57.8135 0
57.8155 0
57.8165 0
57.8185 0
57.8195 0
57.8215 0
57.8225 0
57.8245 0
57.8255 0
57.8275 0
57.8295 0
57.8315 0
57.8335 0
57.8355 0
57.8375 0
57.8395 0
57.8415 0
57.8435 0
57.8455 0
57.8475 0
57.8495 0
57.8515 0
57.8535 0
57.8555 0
57.8575 0
57.8595 0
57.8615 0
57.8635 0
57.8655 0
57.8675 0
57.8695 0
57.8715 0
57.8755 0
57.8775 0
57.8815 0
57.8835 0
57.8875 0
57.8895 0
57.8935 0
57.8955 0
57.8995 0
57.9015 0
57.9055 0
57.9095 0
57.9135 0
57.9175 0
57.9215 0
57.9255 0
57.9295 0
57.9335 0
57.9375 0
57.9415 0
57.9455 0
57.9495 0
57.9535 0
57.9575 0
57.9615 0
57.9655 0
57.9695 0
57.9735 0
57.9775 0
57.9815 0
57.9855 0
57.9895 0
57.9935 0
57.9975 0
58.0015 0
58.0055 0
58.0095 0
58.0135 0
58.0175 0
58.0215 0
58.0255 0
58.0295 0
58.0335 0
58.0375 0
58.0415 0
58.0455 0
58.0495 0
58.0535 0
58.0575 0
58.0615 0
58.0655 0
58.0695 0
58.0735 0
58.0775 0
58.0815 0
58.0835 0
58.0875 0
58.0895 0
58.0935 0
58.0955 0
58.0995 0
58.1015 0
58.1055 0
58.1075 0
58.1115 0
58.1135 0
58.1175 0
58.1195 0
58.1235 0
58.1255 0
58.1295 0
58.1315 0
58.1355 0
58.1375 0
58.1415 0
58.1435 0
58.1475 0
58.1495 0
58.1535 0
58.1555 0
58.1595 0
58.1615 0
58.1655 0
58.1675 0
58.1715 0
58.1735 0
58.1775 0
58.1795 0
58.1835 0
58.1855 0
58.1895 0
58.1915 0
58.1955 0
58.1975 0
58.2015 0
58.2035 0
58.2075 0
58.2095 0
58.2135 0
58.2155 0
58.2195 0
58.2215 0
58.2255 0
58.2275 0
58.2315 0
58.2335 0
58.2375 0
58.2395 0
58.2435 0
58.2455 0
58.2495 0
58.2515 0
58.2555 0
58.2575 0
58.2615 0
58.2635 0
58.2675 0
58.2715 0
58.2755 0
58.2795 0
58.2835 0
58.2875 0
58.2915 0
58.2955 0
58.2995 0
58.3035 0
58.3075 0
58.3115 0
58.3155 0
58.3195 0
58.3235 0
58.3275 0
58.3315 0
58.3355 0
58.3395 0
58.3435 0
58.3475 0
58.3515 0
58.3555 0
58.3595 0
58.3635 0
58.3675 0
58.3715 0
58.3755 0
58.3795 0
58.3835 0
58.3875 0
58.3915 0
58.3955 0
58.3995 0
58.4035 0
58.4075 0
58.4115 0
58.4155 0
58.4195 0
58.4235 0
58.4275 0
58.4315 0
58.4355 0
58.4435 0
58.4475 0
58.4555 0
58.4595 0
58.4675 0
58.4715 0
58.4795 0
58.4835 0
58.4915 0
58.4955 0
58.5035 0
58.5075 0
58.5155 0
58.5195 0
58.5275 0
58.5315 0
58.5395 0
58.5435 0
58.5515 0
58.5595 0
58.5675 0
58.5755 0
58.5835 0
58.5915 0
58.5995 0
58.6075 0
58.6155 0
58.6235 0
58.6315 0
58.6395 0
58.6475 0
58.6555 0
58.6635 0
58.6715 0
58.6795 0
58.6875 0
58.6955 0
58.7035 0
58.7115 0
58.7195 0
58.7275 0
58.7355 0
58.7435 0
58.7515 0
58.7595 0
58.7675 0
58.7755 0
58.7835 0
58.7995 0
58.8075 0
58.8235 0
58.8315 0
58.8475 0
58.8555 0
58.8715 0
58.8795 0
58.8955 0
58.9035 0
58.9195 0
58.9275 0
58.9435 0
58.9515 0
58.9675 0
58.9835 0
58.9995 0
59.0155 0
59.0315 0
59.0475 0
59.0635 0
59.0795 0
59.0955 0
59.1115 0
59.1275 0
59.1435 0
59.1595 0
59.1755 0
59.1915 0
59.2075 0
59.2235 0
59.2395 0
59.2555 0
59.2715 0
59.2875 0
59.3035 0
59.3195 0
59.3355 0
59.3515 0
59.3675 0
59.3835 0
59.3995 0
59.4315 0
59.4475 0
59.4795 0
59.4955 0
59.5275 0
59.5435 0
59.5755 0
59.5915 0
59.6235 0
59.6395 0
59.6715 0
59.6875 0
59.7195 0
59.7355 0
59.7675 0
59.7995 0
59.8315 0
59.8635 0
59.8955 0
59.9275 0
59.9595 0
59.9915 0
60.0235 0
60.0555 0
60.0875 0
60.1195 0
60.1515 0
60.1835 0
60.2155 0
60.2475 0
60.2795 0
60.3115 0
60.3435 0
60.3755 0
60.4075 0
60.4395 0
60.4715 0
60.5035 0
60.5355 0
60.5675 0
60.5995 0
60.6315 0
60.6635 0
60.6955 0
60.7275 0
60.7595 0
60.7915 0
60.8235 0
60.8555 0
60.8875 0
60.9195 0
60.9515 0
60.9835 0
61.0155 0
61.0475 0
61.0795 0
61.1115 0
61.1435 0
61.1755 0
61.2075 0
61.2395 0
61.2715 0
61.3035 0
61.3355 0
61.3675 0
61.3995 0
61.4155 0
61.4475 0
61.4635 0
61.4955 0
61.5115 0
61.5435 0
61.5595 0
61.5915 0
61.6075 0
61.6395 0
61.6555 0
61.6875 0
61.7035 0
61.7195 0
61.7355 0
61.7515 0
61.7675 0
61.7835 0
61.7995 0
61.8155 0
61.8315 0
61.8475 0
61.8635 0
61.8795 0
61.8955 0
61.9115 0
61.9275 0
61.9435 0
61.9595 0
61.9755 0
61.9915 0
62.0075 0
62.0235 0
62.0395 0
62.0555 0
62.0715 0
62.0875 0
62.1035 0
62.1195 0
62.1355 0
62.1435 0
62.1595 0
62.1675 0
62.1835 0
62.1915 0
62.2075 0
62.2155 0
62.2315 0
62.2395 0
62.2555 0
62.2635 0
62.2795 0
62.2875 0
62.2955 0
62.3035 0
62.3115 0
62.3195 0
62.3275 0
62.3355 0
62.3435 0
62.3515 0
62.3595 0
62.3675 0
62.3755 0
62.3835 0
62.3915 0
62.3995 0
62.4075 0
62.4155 0
62.4235 0
62.4315 0
62.4395 0
62.4475 0
62.4555 0
62.4635 0
62.4715 0
62.4795 0
62.4875 0
62.4955 0
62.4995 0
62.5075 0
62.5115 0
62.5195 0
62.5235 0
62.5315 0
62.5355 0
62.5435 0
62.5475 0
62.5555 0
62.5595 0
62.5675 0
62.5715 0
62.5795 0
62.5835 0
62.5875 0
62.5915 0
62.5955 0
62.5995 0
62.6035 0
62.6075 0
62.6115 0
62.6155 0
62.6195 0
62.6235 0
62.6275 0
62.6315 0
62.6355 0
62.6395 0
62.6435 0
62.6475 0
62.6515 0
62.6555 0
62.6595 0
62.6635 0
62.6675 0
62.6715 0
62.6755 0
62.6795 0
62.6835 0
62.6875 0
62.6915 0
62.6955 0
62.6995 0
62.7015 0
62.7055 0
62.7075 0
62.7115 0
62.7135 0
62.7175 0
62.7195 0
62.7235 0
62.7255 0
62.7295 0
62.7315 0
62.7355 0
62.7375 0
62.7415 0
62.7435 0
62.7475 0
62.7495 0
62.7515 0
62.7535 0
62.7555 0
62.7575 0
62.7595 0
62.7615 0
62.7635 0
62.7655 0
62.7675 0
62.7695 0
62.7715 0
62.7735 0
62.7755 0
62.7775 0
62.7795 0
62.7815 0
62.7835 0
62.7855 0
62.7875 0
62.7895 0
62.7915 0
62.7935 0
62.7955 0
62.7975 0
62.7995 0
62.8015 0
62.8035 0
62.8055 0
62.8075 0
62.8095 0
62.8115 0
62.8135 0
62.8155 0
62.8175 0
62.8195 0
62.8215 0
62.8235 0
62.8255 0
62.8275 0
62.8295 0
62.8315 0
62.8335 0
62.8355 0
62.8375 0
62.8395 0
62.8415 0
62.8425 0
62.8445 0
62.8455 0
62.8475 0
62.8485 0
62.8505 0
62.8515 0
62.8535 0
62.8545 0
62.8565 0
62.8575 0
62.8595 0
62.8605 0
62.8625 0
62.8635 0
62.8655 0
62.8665 0
62.8675 0
62.8685 0
62.8695 0
62.8705 0
62.8715 0
62.8725 0
62.8735 0
62.8745 0
62.8755 0
62.8765 0
62.8775 0
62.8785 0
62.8795 0
62.8805 0
62.8815 0
62.8825 0
62.8835 0
62.8845 0
62.8855 0
62.8865 0
62.8875 0
62.8885 0
62.8895 0
62.8905 0
62.8915 0
62.8925 0
62.8935 0
62.8945 0
62.8955 0
62.8965 0
62.8975 0
62.8985 0
62.8995 0
62.9005 0
62.9015 0
62.9025 0
62.9035 0
62.9045 0
62.9055 0
62.9065 0
62.9075 0
62.9085 0
62.9095 0
62.9105 0
62.9115 0
62.9125 0
62.9135 0
62.9145 0
62.9155 0
62.9165 0
62.9175 0
62.9185 0
62.9195 0
62.9205 0
62.9215 0
62.9225 0
62.9235 0
62.9245 0
62.9255 0
62.9265 0
62.9275 0
62.9285 0
62.9295 0
62.9305 0
62.9315 0
62.9325 0
62.9345 0
62.9355 0
62.9375 0
62.9385 0
62.9405 0
62.9415 0
62.9435 0
62.9445 0
62.9465 0
62.9475 0
62.9495 0
62.9505 0
62.9525 0
62.9535 0
62.9555 0
62.9565 0
62.9585 0
62.9605 0
62.9625 0
62.9645 0
62.9665 0
62.9685 0
62.9705 0
62.9725 0
62.9745 0
62.9765 0
62.9785 0
62.9805 0
62.9825 0
62.9845 0
62.9865 0
62.9885 0
62.9905 0
62.9925 0
62.9945 0
62.9965 0
62.9985 0
63.0005 0
63.0025 0
63.0045 0
63.0065 0
63.0085 0
63.0105 0
63.0125 0
63.0145 0
63.0165 0
63.0185 0
63.0205 0
63.0225 0
63.0245 0
63.0265 0
63.0285 0
63.0305 0
63.0325 0
63.0345 0
63.0365 0
63.0385 0
63.0405 0
63.0425 0
63.0445 0
63.0465 0
63.0485 0
63.0505 0
63.0525 0
63.0545 0
63.0585 0
63.0605 0
63.0645 0
63.0665 0
63.0705 0
63.0725 0
63.0765 0
63.0785 0
63.0825 0
63.0845 0
63.0885 0
63.0905 0
63.0945 0
63.0965 0
63.1005 0
63.1025 0
63.1065 0
63.1105 0
63.1145 0
63.1185 0
63.1225 0
63.1265 0
63.1305 0
63.1345 0
63.1385 0
63.1425 0
63.1465 0
63.1505 0
63.1545 0
63.1585 0
63.1625 0
63.1665 0
63.1705 0
63.1745 0
63.1785 0
63.1825 0
63.1865 0
63.1905 0
63.1945 0
63.1985 0
63.2025 0
63.2065 0
63.2105 0
63.2145 0
63.2185 0
63.2225 0
63.2265 0
63.2305 0
63.2385 0
63.2425 0
63.2505 0
63.2545 0
63.2625 0
63.2665 0
63.2745 0
63.2785 0
63.2865 0
63.2905 0
63.2985 0
63.3025 0
63.3105 0
63.3185 0
63.3265 0
63.3345 0
63.3425 0
63.3505 0
63.3585 0
63.3665 0
63.3745 0
63.3825 0
63.3905 0
63.3985 0
63.4065 0
63.4145 0
63.4225 0
63.4305 0
63.4385 0
63.4465 0
63.4545 0
63.4625 0
63.4705 0
63.4785 0
63.4865 0
63.4945 0
63.5025 0
63.5105 0
63.5185 0
63.5265 0
63.5345 0
63.5505 0
63.5585 0
63.5745 0
63.5825 0
63.5985 0
63.6065 0
63.6225 0
63.6305 0
63.6465 0
63.6545 0
63.6705 0
63.6785 0
63.6945 0
63.7105 0
63.7265 0
63.7425 0
63.7585 0
63.7745 0
63.7905 0
63.8065 0
63.8225 0
63.8385 0
63.8545 0
63.8705 0
63.8865 0
63.9025 0
63.9185 0
63.9345 0
63.9505 0
63.9665 0
63.9825 0
63.9985 0
64.0145 0
64.0305 0
64.0465 0
64.0625 0
64.0785 0
64.0945 0
64.1105 0
64.1265 0
64.1585 0
64.1745 0
64.2065 0
64.2225 0
64.2545 0
64.2705 0
64.3025 0
64.3185 0
64.3505 0
64.3665 0
64.3985 0
64.4145 0
64.4465 0
64.4625 0
64.4945 0
64.5265 0
64.5585 0
64.5905 0
64.6225 0
64.6545 0
64.6865 0
64.7185 0
64.7505 0
64.7825 0
64.8145 0
64.8465 0
64.8785 0
64.9105 0
64.9425 0
64.9745 0
65.0065 0
65.0385 0
65.0705 0
65.1025 0
65.1345 0
65.1665 0
65.1985 0
65.2305 0
65.2625 0
65.2945 0
65.3265 0
65.3585 0
65.4225 0
65.4545 0
65.5185 0
65.5505 0
65.6145 0
65.6465 0
65.7105 0
65.7425 0
65.8065 0
65.8705 0
65.9345 0
65.9985 0
66.0625 0
66.1265 0
66.1905 0
66.2545 0
66.2865 0
66.3505 0
66.3825 0
66.4465 0
66.4785 0
66.5425 0
66.5745 0
66.6065 0
66.6385 0
66.6705 0
66.7025 0
66.7345 0
66.7665 0
66.7985 0
66.8305 0
66.8625 0
66.8945 0
66.9265 0
66.9585 0
66.9905 0
67.0225 0
67.0545 0
67.0865 0
67.1185 0
67.1505 0
67.1825 0
67.2145 0
67.2465 0
67.2785 0
67.3105 0
67.3425 0
67.3745 0
67.4065 0
67.4385 0
67.4545 0
67.4865 0
67.5025 0
67.5345 0
67.5505 0
67.5825 0
67.5985 0
67.6305 0
67.6465 0
67.6785 0
67.6945 0
67.7265 0
67.7425 0
67.7745 0
67.7905 0
67.8065 0
67.8225 0
67.8385 0
67.8545 0
67.8705 0
67.8865 0
67.9025 0
67.9185 0
67.9345 0
67.9505 0
67.9665 0
67.9825 0
67.9985 0
68.0145 0
68.0305 0
68.0465 0
68.0625 0
68.0785 0
68.0945 0
68.1105 0
68.1265 0
68.1425 0
68.1585 0
68.1745 0
68.1905 0
68.2065 0
68.2145 0
68.2305 0
68.2385 0
68.2545 0
68.2625 0
68.2785 0
68.2865 0
68.3025 0
68.3105 0
68.3265 0
68.3345 0
68.3505 0
68.3585 0
68.3665 0
68.3745 0
68.3825 0
68.3905 0
68.3985 0
68.4065 0
68.4145 0
68.4225 0
68.4305 0
68.4385 0
68.4465 0
68.4545 0
68.4625 0
68.4705 0
68.4785 0
68.4865 0
68.4945 0
68.5025 0
68.5105 0
68.5185 0
68.5265 0
68.5345 0
68.5425 0
68.5505 0
68.5585 0
68.5665 0
68.5745 0
68.5825 0
68.5905 0
68.5985 0
68.6025 0
68.6105 0
68.6145 0
68.6225 0
68.6265 0
68.6345 0
68.6385 0
68.6465 0
68.6505 0
68.6585 0
68.6625 0
68.6705 0
68.6745 0
68.6825 0
68.6865 0
68.6905 0
68.6945 0
68.6985 0
68.7025 0
68.7065 0
68.7105 0
68.7145 0
68.7185 0
68.7225 0
68.7265 0
68.7305 0
68.7345 0
68.7385 0
68.7425 0
68.7465 0
68.7505 0
68.7545 0
68.7585 0
68.7625 0
68.7665 0
68.7705 0
68.7745 0
68.7785 0
68.7825 0
68.7865 0
68.7905 0
68.7945 0
68.7985 0
68.8025 0
68.8065 0
68.8105 0
68.8145 0
68.8185 0
68.8225 0
68.8265 0
68.8305 0
68.8345 0
68.8385 0
68.8425 0
68.8465 0
68.8505 0
68.8525 0
68.8565 0
68.8585 0
68.8625 0
68.8645 0
68.8685 0
68.8705 0
68.8745 0
68.8765 0
68.8805 0
68.8825 0
68.8865 0
68.8885 0
68.8925 0
68.8945 0
68.8985 0
68.9005 0
68.9045 0
68.9065 0
68.9105 0
68.9125 0
68.9145 0
68.9165 0
68.9185 0
68.9205 0
68.9225 0
68.9245 0
68.9265 0
68.9285 0
68.9305 0
68.9325 0
68.9345 0
68.9365 0
68.9385 0
68.9405 0
68.9425 0
68.9445 0
68.9465 0
68.9485 0
68.9505 0
68.9525 0
68.9545 0
68.9565 0
68.9585 0
68.9605 0
68.9625 0
68.9645 0
68.9665 0
68.9685 0
68.9705 0
68.9725 0
68.9745 0
68.9765 0
68.9785 0
68.9805 0
68.9825 0
68.9845 0
68.9865 0
68.9885 0
68.9905 0
68.9925 0
68.9945 0
68.9965 0
68.9985 0
69.0005 0
69.0025 0
69.0045 0
69.0065 0
69.0085 0
69.0105 0
69.0125 0
69.0145 0
69.0165 0
69.0185 0
69.0205 0
69.0225 0
69.0245 0
69.0265 0
69.0285 0
69.0305 0
69.0325 0
69.0345 0
69.0365 0
69.0385 0
69.0405 0
69.0425 0
69.0445 0
69.0465 0
69.0485 0
69.0505 0
69.0525 0
69.0545 0
69.0565 0
69.0585 0
69.0605 0
69.0625 0
69.0645 0
69.0665 0
69.0685 0
69.0705 0
69.0725 0
69.0745 0
69.0765 0
69.0785 0
69.0805 0
69.0825 0
69.0845 0
69.0865 0
69.0885 0
69.0905 0
69.0945 0
69.0965 0
69.1005 0
69.1025 0
69.1065 0
69.1085 0
69.1125 0
69.1145 0
69.1185 0
69.1205 0
69.1245 0
69.1265 0
69.1305 0
69.1325 0
69.1365 0
69.1385 0
69.1425 0
69.1445 0
69.1485 0
69.1505 0
69.1545 0
69.1565 0
69.1605 0
69.1645 0
69.1685 0
69.1725 0
69.1765 0
69.1805 0
69.1845 0
69.1885 0
69.1925 0
69.1965 0
69.2005 0
69.2045 0
69.2085 0
69.2125 0
69.2165 0
69.2205 0
69.2245 0
69.2285 0
69.2325 0
69.2365 0
69.2405 0
69.2445 0
69.2485 0
69.2525 0
69.2565 0
69.2605 0
69.2645 0
69.2685 0
69.2725 0
69.2765 0
69.2805 0
69.2845 0
69.2885 0
69.2925 0
69.2965 0
69.3005 0
69.3045 0
69.3085 0
69.3125 0
69.3165 0
69.3205 0
69.3285 0
69.3325 0
69.3405 0
69.3445 0
69.3525 0
69.3565 0
69.3645 0
69.3685 0
69.3765 0
69.3805 0
69.3885 0
69.3925 0
69.4005 0
69.4045 0
69.4125 0
69.4165 0
69.4245 0
69.4325 0
69.4405 0
69.4485 0
69.4565 0
69.4645 0
69.4725 0
69.4805 0
69.4885 0
69.4965 0
69.5045 0
69.5125 0
69.5205 0
69.5285 0
69.5365 0
69.5445 0
69.5525 0
69.5605 0
69.5685 0
69.5765 0
69.5845 0
69.5925 0
69.6005 0
69.6085 0
69.6165 0
69.6245 0
69.6325 0
69.6405 0
69.6485 0
69.6565 0
69.6725 0
69.6805 0
69.6965 0
69.7045 0
69.7205 0
69.7285 0
69.7445 0
69.7525 0
69.7685 0
69.7765 0
69.7925 0
69.8005 0
69.8165 0
69.8245 0
69.8405 0
69.8565 0
69.8725 0
69.8885 0
69.9045 0
69.9205 0
69.9365 0
69.9525 0
69.9685 0
69.9845 0
70.0005 0
