0.1 1.07035
0.2 0.972719
0.3 0.983709
0.4 2.17761
0.5 1.02069
0.6 0.868471
0.7 2.44769e-59
0.8 1.11345
0.9 4.13082e-76
1 2.81882
1.1 4.13082e-76
1.2 4.13082e-76
1.3 1.56391
1.4 2.13374
1.5 1.22393
1.6 0.874144
1.7 4.13082e-76
1.8 4.13082e-76
1.9 1.58561
2 4.13082e-76
2.1 1.297
2.2 0.990422
2.3 1.21733
2.4 4.13082e-76
2.5 4.13082e-76
2.6 1.70106
2.7 4.13082e-76
2.8 4.13082e-76
2.9 4.13082e-76
3 4.13082e-76
3.1 4.13082e-76
3.2 2.15767
3.3 4.13082e-76
3.4 2.12367
3.5 1.51343
3.6 4.13082e-76
3.7 1.26234
3.8 2.44769e-59
3.9 1.33412
4 4.13082e-76
4.1 0.80202
4.2 1.37644
4.3 1.46499
4.4 1.66437
4.5 1.64005
4.6 2.68565
4.7 0.964761
4.8 2.45405
4.9 1.96773
5 2.71596
5.1 1.52889
5.2 1.42889
5.3 1.94985
5.4 4.13082e-76
5.5 4.13082e-76
5.6 1.07019
5.7 1.26454
5.8 1.36846
5.9 4.13082e-76
6 1.1698
6.1 0.970028
6.2 0.969736
6.3 3.48188
6.4 2.37492
6.5 4.13082e-76
6.6 1.63622
6.7 1.40963
6.8 1.40763
6.9 1.21008
7 4.13082e-76
7.1 4.13082e-76
7.2 1.06006
7.3 1.40675
7.4 1.40767
7.5 0.989311
7.6 1.67562
7.7 2.36794
7.8 4.13082e-76
7.9 4.13082e-76
8 4.13082e-76
8.1 1.74928
8.2 0.994674
8.3 1.36893
8.4 3.14597
8.5 4.13082e-76
8.6 4.13082e-76
8.7 2.85221
8.8 1.23648
8.9 1.43338
9 1.52178
9.1 4.13082e-76
9.2 4.13082e-76
9.3 2.19343
9.4 3.7651
9.5 2.62911
9.6 1.97444
9.7 1.6959
9.8 2.44769e-59
9.9 1.32582
10 4.13082e-76
10.1 4.13082e-76
10.2 4.13082e-76
10.3 4.13082e-76
10.4 1.39122
10.5 4.13082e-76
10.6 1.52409
10.7 3.23593
10.8 2.17755
10.9 4.13082e-76
11 1.09746
11.1 0.968748
11.2 1.83484
11.3 1.25927
11.4 1.40343
11.5 1.28943
11.6 3.11763
11.7 1.33477
11.8 2.4852
11.9 0.868591
12 1.62549
12.1 1.41334
12.2 4.13082e-76
12.3 1.85951
12.4 0.94595
12.5 4.13082e-76
12.6 3.01394
12.7 2.16199
12.8 4.13082e-76
12.9 1.51237
13 1.01356
13.1 0.803812
13.2 1.34769
13.3 1.76106
13.4 1.34043
13.5 4.13082e-76
13.6 1.32814
13.7 1.29461
13.8 4.13082e-76
13.9 2.00155
14 2.65844
14.1 4.13082e-76
14.2 0.967168
14.3 0.973772
14.4 1.65547
14.5 4.13082e-76
14.6 0.999028
14.7 0.919372
14.8 4.13082e-76
14.9 1.11324
15 2.17872
15.1 1.73094
15.2 0.944589
15.3 2.56084
15.4 0.980713
15.5 0.953408
15.6 3.08893
15.7 3.45041
15.8 2.44769e-59
15.9 1.8379
16 1.57118
16.1 2.44769e-59
16.2 1.03211
16.3 4.13082e-76
16.4 2.44769e-59
16.5 1.09616
16.6 1.36138
16.7 4.13082e-76
16.8 1.0058
16.9 4.13082e-76
17 1.12729
17.1 2.42842
17.2 3.57579
17.3 4.13082e-76
17.4 2.13699
17.5 0.980763
17.6 0.895684
17.7 4.13082e-76
17.8 4.13082e-76
17.9 0.764314
18 1.33252
18.1 1.1686
18.2 1.04704
18.3 1.33273
18.4 4.13082e-76
18.5 1.66422
18.6 4.13082e-76
18.7 2.44769e-59
18.8 4.13082e-76
18.9 2.62206
19 2.44769e-59
19.1 1.08316
19.2 4.13082e-76
19.3 1.42952
19.4 1.04944
19.5 0.795392
19.6 0.98496
19.7 4.13082e-76
19.8 1.28086
19.9 3.11548
20 1.58332
20.1 3.38908
20.2 4.13082e-76
20.3 4.13082e-76
20.4 4.13082e-76
20.5 4.13082e-76
20.6 0.977237
20.7 1.71555
20.8 0.745021
20.9 0.750529
21 1.06174
21.1 1.33656
21.2 1.14982
21.3 0.87033
21.4 1.02983
21.5 4.13082e-76
21.6 4.13082e-76
21.7 1.89196
21.8 4.13082e-76
21.9 2.1851
22 4.13082e-76
22.1 0.971964
22.2 0.981776
22.3 4.13082e-76
22.4 0.958627
22.5 2.06487
22.6 1.18286
22.7 4.13082e-76
22.8 1.01137
22.9 1.37606
23 1.33811
23.1 1.47287
23.2 1.12943
23.3 4.13082e-76
23.4 4.13082e-76
23.5 0.875398
23.6 2.56753
23.7 1.99764
23.8 0.985275
23.9 1.19751
24 1.24482
24.1 3.1035
24.2 1.08678
24.3 4.13082e-76
24.4 1.19108
24.5 4.13082e-76
24.6 1.46544
24.7 0.947249
24.8 4.13082e-76
24.9 0.969764
25 2.44769e-59
25.1 0.942708
25.2 0.968357
25.3 1.86994
25.4 1.00229
25.5 1.48852
25.6 1.28959
25.7 2.30753
25.8 1.3351
25.9 0.951278
26 1.21274
26.1 1.18731
26.2 4.13082e-76
26.3 4.13082e-76
26.4 0.976374
26.5 2.49392
26.6 0.965238
26.7 4.13082e-76
26.8 2.12766
26.9 4.13082e-76
27 1.13259
27.1 1.48723
27.2 4.13082e-76
27.3 1.18458
27.4 4.13082e-76
27.5 1.34315
27.6 1.82979
27.7 1.33713
27.8 1.54452
27.9 4.13082e-76
28 0.845339
28.1 4.13082e-76
28.2 0.959664
28.3 2.58135
28.4 2.14865
28.5 0.843153
28.6 1.52286
28.7 4.13082e-76
28.8 2.08814
28.9 1.16076
29 1.13511
29.1 1.35182
29.2 1.27322
29.3 0.818002
29.4 1.59836
29.5 4.13082e-76
29.6 4.13082e-76
29.7 4.13082e-76
29.8 3.34933
29.9 2.28816
30 1.36164
30.1 1.13063
30.2 1.00851
30.3 2.91257
30.4 1.06281
30.5 0.932142
30.6 1.09355
30.7 0.868429
30.8 1.60864
30.9 1.50263
31 1.65189
31.1 1.91332
31.2 4.13082e-76
31.3 3.59162
31.4 4.13082e-76
31.5 4.13082e-76
31.6 1.74699
31.7 1.5023
31.8 4.13082e-76
31.9 4.13082e-76
32 1.07383
32.1 4.13082e-76
32.2 1.16987
32.3 1.24044
32.4 0.935715
32.5 1.46918
32.6 1.71925
32.7 2.44769e-59
32.8 4.13082e-76
32.9 4.13082e-76
33 2.60138
33.1 1.95506
33.2 4.13082e-76
33.3 1.00243
33.4 4.13082e-76
33.5 2.91081e-59
33.6 2.98272
33.7 1.33498
33.8 2.13941
33.9 4.13082e-76
34 1.38025
34.1 1.28396
34.2 4.13082e-76
34.3 1.05976
34.4 2.18662
34.5 4.13082e-76
34.6 4.13082e-76
34.7 4.13082e-76
34.8 1.55618
34.9 0.819694
35 0.806715
35.1 4.13082e-76
35.2 2.45193
35.3 1.33804
35.4 4.13082e-76
35.5 0.938347
35.6 1.0043
35.7 1.60891
35.8 1.93396
35.9 0.967782
36 3.3593
36.1 4.13082e-76
36.2 1.63585
36.3 0.981521
36.4 0.996302
36.5 1.2575
36.6 1.01774
36.7 1.07569
36.8 4.13082e-76
36.9 1.17271
37 4.13082e-76
37.1 1.01834
37.2 0.997769
37.3 1.72267
37.4 1.2358
37.5 2.75403
37.6 0.813669
37.7 2.55987
37.8 1.9413
37.9 1.37903
38 1.52129
38.1 1.10962
38.2 2.30369
38.3 1.0473
38.4 0.990576
38.5 2.40398
38.6 4.13082e-76
38.7 1.34518
38.8 1.36856
38.9 1.60611
39 4.13082e-76
39.1 0.935118
39.2 2.48883
39.3 1.05948
39.4 1.81841
39.5 0.991494
39.6 1.12985
39.7 1.03385
39.8 1.35602
39.9 1.14163
40 1.09406
40.1 4.13082e-76
40.2 0.895907
40.3 0.947405
40.4 1.66452
40.5 1.12441
40.6 2.20413
40.7 4.13082e-76
40.8 1.12494
40.9 2.07187
41 1.09988
41.1 0.964686
41.2 1.40591
41.3 1.04441
41.4 1.15086
41.5 0.786041
41.6 1.07838
41.7 1.24916
41.8 3.09205
41.9 1.42031
42 2.44769e-59
42.1 2.08591
42.2 4.13082e-76
42.3 0.96461
42.4 2.49755
42.5 1.91548
42.6 1.61668
42.7 1.43435
42.8 3.0498
42.9 1.9191
43 2.44627
43.1 1.33345
43.2 0.876298
43.3 4.13082e-76
43.4 0.836407
43.5 1.39272
43.6 0.978173
43.7 2.24739
43.8 2.20787
43.9 0.815938
44 4.13082e-76
44.1 4.13082e-76
44.2 0.837371
44.3 1.47458
44.4 1.03323
44.5 1.69612
44.6 1.23303
44.7 2.57996
44.8 1.26545
44.9 4.13082e-76
45 4.13082e-76
45.1 4.13082e-76
45.2 0.900587
45.3 0.968339
45.4 0.965354
45.5 4.13082e-76
45.6 4.13082e-76
45.7 0.982642
45.8 4.13082e-76
45.9 0.909394
46 1.21653
46.1 4.13082e-76
46.2 1.12143
46.3 1.34535
46.4 1.04529
46.5 4.13082e-76
46.6 1.32275
46.7 0.98312
46.8 2.09263
46.9 0.966998
47 4.13082e-76
47.1 2.0544
47.2 1.10367
47.3 4.13082e-76
47.4 1.51111
47.5 1.39653
47.6 2.44769e-59
47.7 0.952348
47.8 1.20929
47.9 1.06489
48 1.29132
48.1 4.13082e-76
48.2 0.934114
48.3 1.12976
48.4 0.969293
48.5 3.30469
48.6 3.21485
48.7 1.74471
48.8 2.74092
48.9 4.13082e-76
49 1.56268
49.1 1.03466
49.2 4.13082e-76
49.3 4.13082e-76
49.4 1.08989
49.5 0.813569
49.6 1.02494
49.7 1.00282
49.8 4.13082e-76
49.9 4.13082e-76
50 4.13082e-76
50.1 0.964408
50.2 0.965881
50.3 4.13082e-76
50.4 4.13082e-76
50.5 1.55688
50.6 1.44591
50.7 0.802701
50.8 1.15029
50.9 1.74271
51 1.34428
51.1 1.24872
51.2 1.34681
51.3 0.997793
51.4 2.02108
51.5 2.06152
51.6 4.13082e-76
51.7 4.13082e-76
51.8 2.50854
51.9 0.975729
52 1.73819
52.1 1.43329
52.2 1.41968
52.3 1.22222
52.4 2.44043
52.5 1.14047
52.6 1.06569
52.7 1.03461
52.8 0.881872
52.9 0.992023
53 0.97873
53.1 2.30157
53.2 3.33767
53.3 0.966129
53.4 2.23595
53.5 0.979658
53.6 1.59055
53.7 4.13082e-76
53.8 4.13082e-76
53.9 4.13082e-76
54 1.33436
54.1 1.0886
54.2 4.13082e-76
54.3 4.13082e-76
54.4 4.13082e-76
54.5 0.985756
54.6 1.9425
54.7 2.59892
54.8 0.9326
54.9 2.75048
55 2.02903
55.1 4.13082e-76
55.2 4.13082e-76
55.3 4.13082e-76
55.4 1.28375
55.5 4.13082e-76
55.6 1.11783
55.7 0.884493
55.8 0.905298
55.9 1.01609
56 1.54871
56.1 4.13082e-76
56.2 2.44769e-59
56.3 4.13082e-76
56.4 3.64868
56.5 0.957398
56.6 4.13082e-76
56.7 4.13082e-76
56.8 1.00404
56.9 1.02654
57 4.13082e-76
57.1 1.15464
57.2 2.30134
57.3 1.201
57.4 4.13082e-76
57.5 1.15602
57.6 4.13082e-76
57.7 4.13082e-76
57.8 0.969919
57.9 4.13082e-76
58 3.20075
58.1 0.872383
58.2 4.13082e-76
58.3 0.895328
58.4 4.13082e-76
58.5 1.27408
58.6 1.19577
58.7 1.10962
58.8 1.3405
58.9 1.927
59 1.32047
59.1 4.13082e-76
59.2 1.63745
59.3 0.974941
59.4 1.03126
59.5 4.13082e-76
59.6 2.72657
59.7 4.13082e-76
59.8 1.67218
59.9 0.999752
60 2.25197
60.1 1.24068
60.2 1.3424
60.3 2.52303
60.4 1.18377
60.5 2.44769e-59
60.6 4.13082e-76
60.7 1.50527
60.8 1.72836
60.9 2.11838
61 0.965665
61.1 2.75625
61.2 2.4232
61.3 1.90682
61.4 1.59233
61.5 1.00505
61.6 1.41186
61.7 4.13082e-76
61.8 1.09452
61.9 2.5368
62 1.20408
62.1 1.12545
62.2 1.52579
62.3 4.13082e-76
62.4 0.977084
62.5 2.24751
62.6 1.0856
62.7 4.13082e-76
62.8 4.13082e-76
62.9 0.979077
63 1.59544
63.1 1.46911
63.2 4.13082e-76
63.3 1.35114
63.4 4.13082e-76
63.5 4.13082e-76
63.6 4.13082e-76
63.7 0.811099
63.8 4.13082e-76
63.9 4.13082e-76
64 0.974767
64.1 0.967921
64.2 4.13082e-76
64.3 2.72902
64.4 1.39765
64.5 1.72209
64.6 2.59319
64.7 1.02113
64.8 1.24143
64.9 1.22137
65 2.6356
65.1 1.26827
65.2 1.38732
65.3 4.13082e-76
65.4 0.950443
65.5 1.73693
65.6 2.13568
65.7 0.96653
65.8 3.5295
65.9 0.825011
66 1.85982
66.1 1.58411
66.2 1.46093
66.3 1.03014
66.4 1.35953
66.5 4.13082e-76
66.6 1.77199
66.7 1.06046
66.8 1.03038
66.9 1.007
67 2.19034
67.1 1.84786
67.2 2.24078
67.3 4.13082e-76
67.4 0.996386
67.5 2.15735
67.6 1.79034
67.7 1.51784
67.8 1.36884
67.9 1.38878
68 2.16183
68.1 0.926934
68.2 1.33958
68.3 2.55386
68.4 0.846733
68.5 4.13082e-76
68.6 2.41082
68.7 1.96522
68.8 4.13082e-76
68.9 4.13082e-76
69 0.96654
69.1 0.830904
69.2 0.849244
69.3 1.46647
69.4 4.13082e-76
69.5 4.13082e-76
69.6 1.34203
69.7 1.11551
69.8 1.34778
69.9 1.04092
70 1.01532
70.1 1.35136
70.2 1.77808
70.3 0.888703
70.4 0.966526
70.5 4.13082e-76
70.6 0.969275
70.7 1.89615
70.8 0.989864
70.9 1.49716
71 1.05571
71.1 1.06085
71.2 0.941347
71.3 1.33729
71.4 2.58701
71.5 4.13082e-76
71.6 1.46313
71.7 1.58468
71.8 1.10322
71.9 0.969234
72 0.965667
72.1 3.00686
72.2 2.91081e-59
72.3 1.73635
72.4 2.44769e-59
72.5 1.45776
72.6 4.13082e-76
72.7 1.34779
72.8 1.18092
72.9 1.08302
73 1.23869
73.1 1.18344
73.2 2.91081e-59
73.3 0.983839
73.4 0.972921
73.5 0.966515
73.6 0.964463
73.7 1.0293
73.8 1.56149
73.9 1.64715
74 1.52945
74.1 1.02178
74.2 1.18056
74.3 2.81958
74.4 1.23486
74.5 4.13082e-76
74.6 1.38836
74.7 1.46495
74.8 1.5491
74.9 4.13082e-76
75 2.15307
75.1 4.13082e-76
75.2 0.964841
75.3 0.968525
75.4 4.13082e-76
75.5 0.989312
75.6 1.00702
75.7 1.36218
75.8 0.924097
75.9 1.33627
76 4.13082e-76
76.1 1.19694
76.2 1.17305
76.3 1.49634
76.4 0.989633
76.5 1.89422
76.6 4.13082e-76
76.7 4.13082e-76
76.8 4.13082e-76
76.9 1.68158
77 0.981597
77.1 1.51017
77.2 1.45818
77.3 2.91957
77.4 2.20552
77.5 1.12785
77.6 4.13082e-76
77.7 1.81945
77.8 1.39731
77.9 1.50772
78 4.13082e-76
78.1 1.09846
78.2 0.816182
78.3 3.75451
78.4 2.44769e-59
78.5 1.97902
78.6 0.956672
78.7 0.825548
78.8 2.28673
78.9 2.37302
79 1.16108
79.1 4.13082e-76
79.2 4.13082e-76
79.3 2.44769e-59
79.4 1.37806
79.5 3.13064
79.6 0.860065
79.7 0.892426
79.8 3.14764
79.9 3.38045
80 0.968738
80.1 1.82278
80.2 1.56261
80.3 4.13082e-76
80.4 2.44769e-59
80.5 0.985238
80.6 0.937683
80.7 4.13082e-76
80.8 1.2146
80.9 4.13082e-76
81 4.13082e-76
81.1 1.63981
81.2 1.8735
81.3 4.13082e-76
81.4 0.955735
81.5 4.13082e-76
81.6 0.971196
81.7 0.98104
81.8 1.50506
81.9 4.13082e-76
82 1.61464
82.1 4.13082e-76
82.2 1.12669
82.3 1.34279
82.4 1.09822
82.5 4.13082e-76
82.6 4.13082e-76
82.7 1.18513
82.8 4.13082e-76
82.9 4.13082e-76
83 0.965624
83.1 2.3709
83.2 1.99881
83.3 1.40958
83.4 2.44769e-59
83.5 1.2496
83.6 4.13082e-76
83.7 1.08988
83.8 2.44769e-59
83.9 1.06861
84 2.44769e-59
84.1 1.47357
84.2 4.13082e-76
84.3 0.979581
84.4 2.24987
84.5 2.17386
84.6 0.938912
84.7 2.26826
84.8 1.80473
84.9 0.991828
85 1.47925
85.1 2.12139
85.2 1.20011
85.3 1.10472
85.4 1.09773
85.5 1.04563
85.6 1.1627
85.7 1.46842
85.8 1.6403
85.9 4.13082e-76
86 2.44769e-59
86.1 3.66009
86.2 4.13082e-76
86.3 2.07523
86.4 1.75036
86.5 2.44769e-59
86.6 1.60356
86.7 1.04257
86.8 4.13082e-76
86.9 2.76694
87 1.34279
87.1 4.13082e-76
87.2 2.43307
87.3 1.47772
87.4 0.982712
87.5 2.06273
87.6 2.77897
87.7 0.964742
87.8 4.13082e-76
87.9 1.96598
88 0.845413
88.1 4.13082e-76
88.2 1.42365
88.3 2.44769e-59
88.4 2.44769e-59
88.5 1.3348
88.6 1.06793
88.7 1.39627
88.8 4.13082e-76
88.9 1.42973
89 1.78695
89.1 2.12475
89.2 3.22852
89.3 0.993796
89.4 1.82972
89.5 2.51021
89.6 2.44769e-59
89.7 2.44769e-59
89.8 1.69057
89.9 2.07592
90 2.44769e-59
90.1 1.33959
90.2 2.44769e-59
90.3 4.13082e-76
90.4 1.00405
90.5 4.13082e-76
90.6 1.11739
90.7 4.13082e-76
90.8 0.957615
90.9 0.816247
91 0.972805
91.1 0.845978
91.2 4.13082e-76
91.3 1.40233
91.4 1.24609
91.5 1.17415
91.6 4.13082e-76
91.7 1.04069
91.8 1.2523
91.9 4.13082e-76
92 0.996529
92.1 0.981633
92.2 1.96053
92.3 0.965833
92.4 2.38432
92.5 2.46828
92.6 4.13082e-76
92.7 0.986759
92.8 2.81257
92.9 4.13082e-76
93 4.13082e-76
93.1 0.935232
93.2 2.50868
93.3 1.06481
93.4 1.03386
93.5 0.850953
93.6 0.991396
93.7 4.13082e-76
93.8 2.23235
93.9 3.27889
94 0.965357
94.1 0.969795
94.2 1.81447
94.3 0.992217
94.4 1.0096
94.5 4.13082e-76
94.6 0.790959
94.7 1.10683
94.8 4.13082e-76
94.9 0.93962
95 0.932484
95.1 1.00383
95.2 1.67691
95.3 0.975527
95.4 2.54015
95.5 0.965728
95.6 0.96738
95.7 2.04173
95.8 1.73354
95.9 4.13082e-76
96 1.09389
96.1 1.17274
96.2 2.44769e-59
96.3 0.921598
96.4 1.18243
96.5 1.7746
96.6 1.01675
96.7 1.57018
96.8 4.13082e-76
96.9 1.08188
97 2.95034
97.1 4.13082e-76
97.2 0.968707
97.3 1.91091
97.4 1.59448
97.5 1.48907
97.6 1.36689
97.7 2.44769e-59
97.8 1.33678
97.9 0.945601
98 1.06215
98.1 1.40382
98.2 1.44054
98.3 4.13082e-76
98.4 4.13082e-76
98.5 2.20322
98.6 3.40166
98.7 0.965178
98.8 1.50422
98.9 1.76636
99 1.23748
99.1 1.46724
99.2 4.13082e-76
99.3 1.35017
99.4 2.55151
99.5 2.32089
99.6 1.13562
99.7 0.83523
99.8 0.836322
99.9 4.13082e-76
100 2.23416
100.1 2.56044
