0.001 1.43585
0.002 0.806164
0.003 0.783342
0.004 3.04846e-20
0.005 1.39867
0.006 1.41776
0.007 3.04846e-20
0.008 0.780059
0.009 0.364077
0.01 0.364067
0.011 1.40599
0.012 0.942119
0.013 3.04846e-20
0.014 0.941411
0.015 0.369931
0.016 0.806205
0.017 1.4348
0.018 0.851698
0.019 1.41703
0.02 1.4049
0.021 0.78128
0.022 0.870693
0.023 0.56771
0.024 2.56344e-20
0.025 0.438556
0.026 0.372684
0.027 1.39752
0.028 0.810767
0.029 0.869039
0.03 0.688522
0.031 1.43238
0.032 0.808761
0.033 2.56344e-20
0.034 3.04846e-20
0.035 0.80636
0.036 3.04846e-20
0.037 0.759473
0.038 0.815838
0.039 0.69189
0.04 0.659867
0.041 3.04846e-20
0.042 0.444176
0.043 1.39157
0.044 0.931811
0.045 0.757886
0.046 0.757338
0.047 0.369557
0.048 1.42767
0.049 0.6604
0.05 3.04846e-20
0.051 0.53964
0.052 0.806583
0.053 0.712694
0.054 1.38757
0.055 0.763505
0.056 0.928483
0.057 3.04846e-20
0.058 0.927954
0.059 0.661038
0.06 0.927434
0.061 2.56344e-20
0.062 0.794929
0.063 0.926666
0.064 0.747924
0.065 3.04846e-20
0.066 1.42081
0.067 1.40443
0.068 0.376296
0.069 0.92518
0.07 0.77077
0.071 0.806908
0.072 3.04846e-20
0.073 0.806945
0.074 1.37841
0.075 1.37789
0.076 0.862122
0.077 1.37685
0.078 1.41531
0.079 0.81875
0.08 0.861848
0.081 0.861786
0.082 0.708951
0.083 1.41282
0.084 0.775952
0.085 0.574289
0.086 1.37399
0.087 0.737099
0.088 1.39498
0.089 0.784162
0.09 0.920457
0.091 0.73535
0.092 0.861294
0.093 0.80735
0.094 0.407547
0.095 1.3748
0.096 0.733218
0.097 0.919038
0.098 1.38988
0.099 0.807478
0.1 1.40368
0.101 0.782442
0.102 0.577047
0.103 0.917879
0.104 1.36104
0.105 0.778426
0.106 0.778103
0.107 0.917135
0.108 1.38449
0.109 0.807694
0.11 0.916592
0.111 1.38283
0.112 0.807759
0.113 0.419688
0.114 0.582264
0.115 0.394521
0.116 0.725273
0.117 0.822535
0.118 1.39304
0.119 0.72416
0.12 1.3589
0.121 0.725429
0.122 1.34914
0.123 0.807997
0.124 0.722349
0.125 0.80804
0.126 0.861735
0.127 0.771313
0.128 0.793216
0.129 0.823816
0.13 3.04846e-20
0.131 0.862025
0.132 0.808189
0.133 1.34152
0.134 0.582441
0.135 0.71856
0.136 0.613209
0.137 0.862443
0.138 1.36712
0.139 0.613953
0.14 0.733635
0.141 1.37855
0.142 0.734502
0.143 0.858626
0.144 1.33371
0.145 3.04846e-20
0.146 0.758612
0.147 1.3344
0.148 1.36111
0.149 0.760111
0.15 0.808554
0.151 1.33736
0.152 0.761615
0.153 0.406537
0.154 0.763599
0.155 0.589888
0.156 1.32507
0.157 0.762816
0.158 0.808706
0.159 0.446419
0.16 0.86468
0.161 1.35325
0.162 1.3295
0.163 0.908796
0.164 0.860119
0.165 0.70952
0.166 0.744888
0.167 0.591593
0.168 0.86567
0.169 0.410015
0.17 1.31491
0.171 0.589054
0.172 1.34662
0.173 0.670212
0.174 0.866477
0.175 0.907442
0.176 0.749185
0.177 0.809033
0.178 1.31229
0.179 0.90702
0.18 1.34184
0.181 0.809095
0.182 3.04846e-20
0.183 0.670993
0.184 0.776992
0.185 0.724296
0.186 0.906315
0.187 0.906218
0.188 0.809198
0.189 3.04846e-20
0.19 0.809225
0.191 0.862028
0.192 0.869184
0.193 2.56344e-20
0.194 1.34412
0.195 0.869672
0.196 0.782302
0.197 3.04846e-20
0.198 0.671959
0.199 0.522491
0.2 1.29334
0.201 1.33967
0.202 0.413483
0.203 0.530466
0.204 1.2939
0.205 0.700232
0.206 1.28911
0.207 0.904443
0.208 0.871892
0.209 0.529703
0.21 3.04846e-20
0.211 3.04846e-20
0.212 1.29408
0.213 0.719261
0.214 1.29271
0.215 0.765483
0.216 1.33032
0.217 0.873513
0.218 0.697854
0.219 0.749123
0.22 0.528379
0.221 0.697348
0.222 0.76829
0.223 0.594285
0.224 0.594257
0.225 0.527686
0.226 1.32425
0.227 0.875376
0.228 1.31467
0.229 0.599214
0.23 2.56344e-20
0.231 0.599448
0.232 1.31256
0.233 1.32009
0.234 1.27002
0.235 1.27865
0.236 0.695056
0.237 1.26805
0.238 0.715371
0.239 1.27028
0.24 0.809682
0.241 3.04846e-20
0.242 3.04846e-20
0.243 2.56344e-20
0.244 0.411559
0.245 0.901891
0.246 0.865481
0.247 0.411175
0.248 2.56344e-20
0.249 1.26033
0.25 0.632805
0.251 0.524425
0.252 1.30921
0.253 0.809723
0.254 0.713185
0.255 0.523547
0.256 0.809729
0.257 0.465616
0.258 0.809731
0.259 1.30537
0.26 0.692195
0.261 1.25289
0.262 1.30375
0.263 0.408719
0.264 0.809735
0.265 0.675412
0.266 1.24988
0.267 0.675526
0.268 0.675563
0.269 0.521385
0.27 0.521322
0.271 0.883916
0.272 0.520909
0.273 0.520764
0.274 0.848866
0.275 0.867016
0.276 0.900525
0.277 0.849795
0.278 0.830441
0.279 0.900425
0.28 1.24174
0.281 1.29392
0.282 0.85131
0.283 3.04846e-20
0.284 1.23949
0.285 0.867516
0.286 0.830108
0.287 3.04846e-20
0.288 0.584943
0.289 0.676276
0.29 0.887517
0.291 0.887701
0.292 2.56344e-20
0.293 0.888068
0.294 1.28761
0.295 0.809655
0.296 0.793898
0.297 0.689659
0.298 0.794453
0.299 0.829481
0.3 3.04846e-20
0.301 3.04846e-20
0.302 0.6766
0.303 0.515976
0.304 0.857398
0.305 0.796325
0.306 1.2278
0.307 0.858166
0.308 0.809578
0.309 0.398564
0.31 0.797592
0.311 0.689275
0.312 0.689259
0.313 0.809542
0.314 0.737292
0.315 1.22672
0.316 0.577773
0.317 0.396479
0.318 1.27692
0.319 1.22143
0.32 0.799943
0.321 0.800164
0.322 0.637597
0.323 1.27486
0.324 3.04846e-20
0.325 1.22804
0.326 0.736603
0.327 0.820336
0.328 0.503275
0.329 0.894095
0.33 1.22577
0.331 0.869282
0.332 1.2695
0.333 0.894681
0.334 0.809363
0.335 1.21745
0.336 1.26816
0.337 0.895248
0.338 0.614454
0.339 0.39049
0.34 0.809304
0.341 1.26788
0.342 0.809284
0.343 0.809273
0.344 0.89619
0.345 0.86973
0.346 0.896447
0.347 0.896573
0.348 0.826367
0.349 1.20837
0.35 1.26467
0.351 0.689869
0.352 0.897185
0.353 1.21611
0.354 0.690013
0.355 1.20603
0.356 0.869994
0.357 3.04846e-20
0.358 1.2049
0.359 1.20766
0.36 0.435491
0.361 0.809079
0.362 1.20342
0.363 0.899907
0.364 0.488846
0.365 0.735552
0.366 0.735562
0.367 1.20163
0.368 1.25879
0.369 0.808988
0.37 3.04846e-20
0.371 0.808965
0.372 0.503994
0.373 0.691241
0.374 0.870377
0.375 0.899494
0.376 0.48395
0.377 1.25593
0.378 0.503014
0.379 0.89985
0.38 0.808271
0.381 0.900388
0.382 0.735722
0.383 3.04846e-20
0.384 3.04846e-20
0.385 0.808804
0.386 0
0.387 0.618739
0.388 0.900487
0.389 0.808589
0.39 0.823561
0.391 0.900671
0.392 1.25212
0.393 0.823366
0.394 1.20223
0.395 1.19577
0.396 0.375722
0.397 1.19521
0.398 0.639255
0.399 0.693792
0.4 1.19149
0.401 0.499082
0.402 0.901223
0.403 0.901264
0.404 0.808556
0.405 0.80858
0.406 0.808498
0.407 0.619905
0.408 3.04846e-20
0.409 1.24824
0.41 1.19798
0.411 3.04846e-20
0.412 0.415517
0.413 0.67602
0.414 1.18805
0.415 0.901911
0.416 1.24667
0.417 0.696134
0.418 0.902085
0.419 1.24605
0.42 0.901718
0.421 1.24585
0.422 0.821225
0.423 1.19503
0.424 1.18871
0.425 1.18851
0.426 0.410826
0.427 0.869922
0.428 0.90178
0.429 1.18494
0.43 1.2443
0.431 3.04846e-20
0.432 0.493923
0.433 0.808303
0.434 0.711892
0.435 1.18386
0.436 0.806153
0.437 0.870889
0.438 3.04846e-20
0.439 1.24225
0.44 0.901702
0.441 0.367447
0.442 3.04846e-20
0.443 3.04846e-20
0.444 0.901632
0.445 1.18228
0.446 0.90159
0.447 1.182
0.448 0.740137
0.449 0.366464
0.45 0.867655
0.451 3.04846e-20
0.452 0.803809
0.453 0.904609
0.454 1.18109
0.455 1.23965
0.456 0.866824
0.457 0.673859
0.458 1.18063
0.459 0.36552
0.46 0.620707
0.461 0.905315
0.462 3.04846e-20
0.463 1.18011
0.464 0.808088
0.465 0.905644
0.466 1.23998
0.467 0.704986
0.468 0.673111
0.469 0.800543
0.47 0.800328
0.471 0.870642
0.472 0.864426
0.473 0.672719
0.474 1.23943
0.475 0.638135
0.476 1.17908
0.477 0.398501
0.478 0.819705
0.479 1.2365
0.48 0.798035
0.481 1.1788
0.482 0.870524
0.483 0.9075
0.484 0.899929
0.485 0.899867
0.486 0.620019
0.487 0.709422
0.488 0.899676
0.489 1.23548
0.49 0.396703
0.491 0.795242
0.492 0.908452
0.493 0.808006
0.494 0.364554
0.495 0.484914
0.496 0.670921
0.497 0.48469
0.498 0.870235
0.499 1.23463
0.5 1.17835
0.501 0.530969
0.502 0.484086
0.503 0.748409
0.504 0.395515
0.505 1.1784
0.506 0.89841
0.507 0.910283
0.508 0.726464
0.509 0.726714
0.51 0.636676
0.511 0.61858
0.512 1.23888
0.513 0.808025
0.514 0.750505
0.515 0.45344
0.516 0.897637
0.517 0.897558
0.518 1.2391
0.519 0.869711
0.52 0.617951
0.521 3.04846e-20
0.522 0.718244
0.523 1.23336
0.524 3.04846e-20
0.525 1.17923
0.526 0.80807
0.527 0.528499
0.528 0.913037
0.529 0.850097
0.53 0.395166
0.531 1.23319
0.532 1.17978
0.533 1.17987
0.534 1.2401
0.535 0.808116
0.536 1.18015
0.537 0.616381
0.538 0.895844
0.539 0.80814
0.54 0.723224
0.541 1.18067
0.542 1.18875
0.543 0.895429
0.544 1.18385
0.545 3.04846e-20
0.546 0.479522
0.547 0.868856
0.548 0.73757
0.549 0.725804
0.55 0.776342
0.551 1.23336
0.552 0.894684
0.553 0.726967
0.554 0.808249
0.555 0.727553
0.556 1.18264
0.557 0.614122
0.558 0.66408
0.559 1.23367
0.56 1.19108
0.561 1.23377
0.562 3.04846e-20
0.563 0.613298
0.564 0.8388
0.565 1.24374
0.566 0.612903
0.567 0.868125
0.568 1.24421
0.569 3.04846e-20
0.57 0.893224
0.571 0.808404
0.572 0.376172
0.573 0.835627
0.574 3.04846e-20
0.575 1.23474
0.576 0.892752
0.577 1.18639
0.578 0.867673
0.579 0.89252
0.58 3.04846e-20
0.581 0.735331
0.582 0.808519
0.583 0.763804
0.584 1.18791
0.585 1.23572
0.586 0.380003
0.587 0.762227
0.588 0.761832
0.589 2.56344e-20
0.59 0.891691
0.591 0.381469
0.592 0.47616
0.593 1.19004
0.594 0.808654
0.595 0.808666
0.596 0.739907
0.597 3.04846e-20
0.598 0.866793
0.599 1.19478
0.6 0.82576
0.601 0.756643
0.602 1.19987
0.603 0.771535
0.604 0.607155
0.605 0.385837
0.606 0.925165
0.607 0.821431
0.608 0.656986
0.609 1.25275
0.61 1.25301
0.611 1.23942
0.612 0.821633
0.613 1.19556
0.614 1.25406
0.615 0.759153
0.616 0.926829
0.617 0.389708
0.618 0.821885
0.619 0.889694
0.62 1.25571
0.621 0.808981
0.622 0.865615
0.623 0.748128
0.624 0.809018
0.625 1.19938
0.626 0.763161
0.627 1.25773
0.628 0.889129
0.629 2.56344e-20
0.63 3.04846e-20
0.631 0.74446
0.632 1.25925
0.633 0.809128
0.634 0.779499
0.635 0.929976
0.636 0.414174
0.637 0.809176
0.638 0.652224
0.639 1.2043
0.64 1.21182
0.641 0.88835
0.642 0.888292
0.643 0.600051
0.644 0.80926
0.645 3.04846e-20
0.646 0.769339
0.647 0.888002
0.648 0.755501
0.649 0.864148
0.65 0.932406
0.651 0.401438
0.652 0.598259
0.653 0.932883
0.654 0.419193
0.655 0.757488
0.656 1.21097
0.657 1.21839
0.658 0.863646
0.659 0.73303
0.66 1.21638
0.661 0.732216
0.662 0.809462
0.663 0.759705
0.664 0.759978
0.665 0.800584
0.666 1.21903
0.667 0.406929
0.668 0.809524
0.669 1.25401
0.67 0.625117
0.671 3.04846e-20
0.672 0.824399
0.673 0.727353
0.674 0.886479
0.675 0.409598
0.676 3.04846e-20
0.677 0.472838
0.678 3.04846e-20
0.679 1.2763
0.68 0.790753
0.681 0.764437
0.682 0.472722
0.683 1.27799
0.684 0.885906
0.685 0.885964
0.686 0.427927
0.687 1.23175
0.688 0.792504
0.689 3.04846e-20
0.69 0.472549
0.691 3.04846e-20
0.692 0.472508
0.693 1.22802
0.694 0.472468
0.695 0.430208
0.696 3.04846e-20
0.697 1.26426
0.698 0.76851
0.699 0.787237
0.7 1.23162
0.701 0.587949
0.702 0.825715
0.703 1.23726
0.704 1.24031
0.705 1.26757
0.706 1.23481
0.707 1.23535
0.708 1.23589
0.709 0.809843
0.71 0.507887
0.711 0.420341
0.712 0.860275
0.713 2.56344e-20
0.714 1.23919
0.715 0.42138
0.716 0.797963
0.717 0.859946
0.718 0.709524
0.719 0.772895
0.72 0.789788
0.721 0.708365
0.722 0.732188
0.723 0.707595
0.724 0.77382
0.725 1.29774
0.726 0.776818
0.727 1.24661
0.728 1.25135
0.729 1.29981
0.73 0.775286
0.731 0.513121
0.732 0.943191
0.733 3.04846e-20
0.734 1.25493
0.735 0.775679
0.736 1.25614
0.737 0.542356
0.738 3.04846e-20
0.739 1.25797
0.74 1.30568
0.741 0.809921
0.742 0.471695
0.743 0.802019
0.744 1.28602
0.745 3.04846e-20
0.746 0.794506
0.747 0.802504
0.748 0.826991
0.749 1.26615
0.75 0.577066
0.751 0.440176
0.752 0.827038
0.753 0.44036
0.754 1.29133
0.755 0.809898
0.756 1.31462
0.757 3.04846e-20
0.758 1.26577
0.759 0.631225
0.76 0.693724
0.761 0.779043
0.762 3.04846e-20
0.763 3.04846e-20
0.764 0.879581
0.765 0.471414
0.766 0.779514
0.767 0.80444
0.768 0.543463
0.769 0.879009
0.77 0.809832
0.771 1.28028
0.772 3.04846e-20
0.773 0.87853
0.774 0.518184
0.775 1.28294
0.776 0.809794
0.777 1.32702
0.778 0.780405
0.779 0.809772
0.78 0.611774
0.781 1.30673
0.782 3.04846e-20
0.783 0.94614
0.784 0.87712
0.785 0.809724
0.786 0.569008
0.787 0.80553
0.788 1.29
0.789 0.876432
0.79 1.31217
0.791 0.876148
0.792 0.805664
0.793 0.567446
0.794 1.33754
0.795 0.709175
0.796 0.809617
0.797 1.29231
0.798 1.29867
0.799 1.3407
0.8 0.565897
0.801 0.565686
0.802 0.749015
0.803 0.623663
0.804 0.565028
0.805 1.3215
0.806 1.30255
0.807 3.04846e-20
0.808 1.30397
0.809 0.853417
0.81 1.30158
0.811 0.805681
0.812 0.563278
0.813 0.809409
0.814 1.30447
0.815 0.744554
0.816 1.31139
0.817 0.604118
0.818 0.561969
0.819 0.561752
0.82 1.35423
0.821 1.35488
0.822 0.945872
0.823 0.852374
0.824 0.539576
0.825 0.470772
0.826 0.671042
0.827 1.31748
0.828 0.870003
0.829 0.670081
0.83 0.809153
0.831 0.809136
0.832 1.32286
0.833 0.738568
0.834 0.809086
0.835 0.809069
0.836 0.945248
0.837 0.667551
0.838 0.809017
0.839 3.04846e-20
0.84 1.32335
0.841 0.944997
0.842 1.36862
0.843 0.779265
0.844 0.665375
0.845 0.866757
0.846 0.66476
0.847 1.32842
0.848 0.850516
0.849 0.865774
0.85 0.663539
0.851 0.470523
0.852 0.80876
0.853 0.944186
0.854 0.662528
0.855 0.731536
0.856 1.33807
0.857 0.808663
0.858 1.33633
0.859 0.730295
0.86 0.68648
0.861 1.33847
0.862 0.849485
0.863 0.470441
0.864 1.34364
0.865 2.56344e-20
0.866 0.808482
0.867 0.494905
0.868 0.808441
0.869 0.822496
0.87 0.861147
0.871 0.470393
0.872 0.612697
0.873 1.38859
0.874 0.822102
0.875 0.775292
0.876 0.549917
0.877 0.848391
0.878 0.789472
0.879 3.04846e-20
0.88 1.35168
0.881 0.799441
0.882 0.774172
0.883 0.54856
0.884 0.548332
0.885 1.37298
0.886 3.04846e-20
0.887 0.85695
0.888 1.3748
0.889 1.3754
0.89 0.772796
0.891 0.403927
0.892 0.855698
0.893 0.855445
0.894 1.37837
0.895 1.37896
0.896 0.939947
0.897 1.3628
0.898 0.796703
0.899 1.40419
0.9 1.40476
0.901 0.807749
0.902 1.40588
0.903 0.399127
0.904 0.770167
0.905 1.40754
0.906 1.37077
0.907 1.40862
0.908 0.769369
0.909 0.66913
0.91 0.470373
0.911 0.807543
0.912 0.395455
0.913 0.66779
0.914 0.768137
0.915 0.395544
0.916 3.04846e-20
0.917 0.470428
0.918 0.767294
0.919 0.767081
0.92 1.37628
0.921 0.807345
0.922 0.936711
0.923 0.470501
0.924 0.664248
0.925 0.47053
0.926 0.765562
0.927 0.642598
0.928 0.470576
0.929 1.41956
0.93 1.3814
0.931 3.04846e-20
0.932 0.470649
0.933 0.807125
0.934 0.789941
0.935 0.807091
0.936 2.56344e-20
0.937 0.385377
0.938 3.04846e-20
0.939 0.8445
0.94 2.56344e-20
0.941 0.842813
0.942 1.39141
0.943 1.40259
0.944 0.933766
0.945 0.638484
0.946 0.841472
0.947 0.772715
0.948 0.840936
0.949 0.471093
0.95 0.76008
0.951 0.843931
0.952 0.839867
0.953 0.932541
0.954 0.381156
0.955 1.3917
0.956 0.75877
0.957 0.806765
0.958 1.39721
0.959 2.56344e-20
0.96 0.704062
0.961 0.757472
0.962 0.757233
0.963 2.56344e-20
0.964 0.806685
0.965 3.04846e-20
0.966 0.53582
0.967 0.843311
0.968 0.930507
0.969 0.535527
0.97 1.40042
0.971 1.39798
0.972 1.40086
0.973 2.56344e-20
0.974 1.39672
0.975 3.04846e-20
0.976 0.632189
0.977 0.534825
0.978 1.41181
0.979 0.815635
0.98 0.752917
0.981 0.928778
0.982 0.512981
0.983 0.47281
0.984 0.60219
0.985 0.372414
0.986 0.751479
0.987 0.806525
0.988 0.778983
0.989 2.56344e-20
0.99 0.648073
0.991 1.43603
0.992 0.60216
0.993 0.927231
0.994 0.777904
0.995 0.926979
0.996 1.3991
0.997 0.697819
0.998 0.513742
0.999 0.74839
1 0.748155
1.001 0.372348
1.002 0.697147
1.003 0.925988
1.004 0.747216
1.005 0.514483
1.006 0.627104
1.007 0.806522
1.008 1.4034
1.009 3.04846e-20
1.01 1.41248
1.011 1.40043
1.012 0.626208
1.013 0.806547
1.014 1.39818
1.015 3.04846e-20
1.016 1.39986
1.017 0.625492
1.018 1.41142
1.019 0.450793
1.02 0.743539
1.021 1.41091
1.022 2.56344e-20
1.023 0.755808
1.024 0.476658
1.025 0.476823
1.026 2.56344e-20
1.027 0.741976
1.028 1.3957
1.029 0.38638
1.03 0.922946
1.031 0.378601
1.032 0.37897
1.033 1.39446
1.034 1.39419
1.035 0.388919
1.036 0.922268
1.037 0.922165
1.038 3.04846e-20
1.039 3.04846e-20
1.04 1.43009
1.041 0.818298
1.042 0.753
1.043 0.806836
1.044 1.39596
1.045 0.522551
1.046 0.384581
1.047 0.842963
1.048 0.605009
1.049 0.817286
1.05 0.920892
1.051 0.386805
1.052 0.62124
1.053 0.843089
1.054 1.39228
1.055 1.3869
1.056 0.807036
1.057 0.389861
1.058 0.735498
1.059 1.39021
1.06 1.38475
1.061 1.38934
1.062 0.62026
1.063 0.734531
1.064 1.38292
1.065 1.38245
1.066 1.38454
1.067 0.406621
1.068 0.733589
1.069 1.38051
1.07 0.733219
1.071 0.812584
1.072 1.39282
1.073 1.41736
1.074 3.04846e-20
1.075 0.807386
1.076 0.918683
1.077 0.918607
1.078 0.618895
1.079 0.48566
1.08 0.578105
1.081 1.3742
1.082 0.535423
1.083 1.41242
1.084 0.918093
1.085 0.535641
1.086 0.535793
1.087 3.04846e-20
1.088 0.809838
1.089 1.36962
1.09 0.749269
1.091 1.40819
1.092 0.807741
1.093 1.36723
1.094 0.691303
1.095 1.38007
1.096 1.3654
1.097 0.426158
1.098 0.807871
1.099 0.821517
1.1 0.91704
1.101 0.807975
1.102 3.04846e-20
1.103 1.36101
1.104 0.808003
1.105 0.807443
1.106 1.35908
1.107 1.3619
1.108 0.727012
1.109 3.04846e-20
1.11 0.616857
1.111 0.489437
1.112 3.04846e-20
1.113 0.726319
1.114 0.806321
1.115 3.04846e-20
1.116 0.725918
1.117 3.04846e-20
1.118 1.35694
1.119 1.39182
1.12 0.805629
1.121 0.491036
1.122 0.691439
1.123 0.725025
1.124 0.915768
1.125 0.614785
1.126 0.808487
1.127 1.34491
1.128 0.521191
1.129 0.492218
1.13 0.539487
1.131 0.915464
1.132 0.691645
1.133 1.35538
1.134 1.34609
1.135 0.84619
1.136 1.33857
1.137 3.04846e-20
1.138 3.04846e-20
1.139 0.846361
1.14 0.528518
1.141 0.540525
1.142 1.34916
1.143 0.75956
1.144 1.37591
1.145 0.80329
1.146 1.37461
1.147 0.914883
1.148 0.722349
1.149 0.808965
1.15 0.541382
1.151 0.82649
1.152 0.914734
1.153 0.541673
1.154 1.36939
1.155 0.536598
1.156 3.04846e-20
1.157 1.3282
1.158 0.459279
1.159 1.32199
1.16 0.914525
1.161 1.32538
1.162 1.33512
1.163 0.615338
1.164 0.809248
1.165 0.497884
1.166 0.72094
1.167 0.8093
1.168 1.36022
1.169 1.32145
1.17 1.32949
1.171 0.621408
1.172 1.31252
1.173 0.758826
1.174 0.720458
1.175 0.46472
1.176 0.65549
1.177 0.720301
1.178 0.809483
1.179 0.655746
1.18 0.615178
1.181 1.35173
1.182 0.8012
1.183 3.04846e-20
1.184 1.30382
1.185 0.809589
1.186 1.34849
1.187 0.545053
1.188 0.693694
1.189 1.30022
1.19 0.800999
1.191 0.914077
1.192 0.454651
1.193 0.615239
1.194 0.800932
1.195 1.30319
1.196 0.800907
1.197 0.800896
1.198 1.30112
1.199 0.615305
1.2 0.914084
1.201 1.3389
1.202 1.29656
1.203 0.615361
1.204 0.719478
1.205 0.759315
1.206 0.809855
1.207 1.30394
1.208 0.800899
1.209 3.04846e-20
1.21 1.28536
1.211 3.04846e-20
1.212 1.28968
1.213 3.04846e-20
1.214 0.800929
1.215 0.615592
1.216 0.849362
1.217 0.615639
1.218 0.50571
1.219 1.27915
1.22 0.505992
1.221 0.80106
1.222 0.719541
1.223 0.801111
1.224 0.46945
1.225 0.615912
1.226 0.506875
1.227 0.506964
1.228 0.469181
1.229 2.56344e-20
1.23 1.28888
1.231 0.456483
1.232 0.750199
1.233 0.630146
1.234 0.468604
1.235 1.28573
1.236 3.04846e-20
1.237 0.810098
1.238 0.616293
1.239 2.56344e-20
1.24 0.611159
1.241 0.810116
1.242 0.550347
1.243 0.509167
1.244 0.720314
1.245 1.26195
1.246 0.914732
1.247 1.26067
1.248 0.509841
1.249 1.27714
1.25 0.802362
1.251 1.26657
1.252 0.546983
1.253 0.850494
1.254 2.56344e-20
1.255 3.04846e-20
1.256 0.915063
1.257 1.25443
1.258 3.04846e-20
1.259 1.25906
1.26 0.617283
1.261 0.81016
1.262 1.26952
1.263 0.850757
1.264 0.850782
1.265 0.850813
1.266 0.81016
1.267 3.04846e-20
1.268 0.552783
1.269 0.850906
1.27 3.04846e-20
1.271 0.699436
1.272 0.722458
1.273 0.618017
1.274 3.04846e-20
1.275 1.24371
1.276 0.810146
1.277 0.539879
1.278 0.553687
1.279 0.750886
1.28 1.2499
1.281 0.458306
1.282 0.538156
1.283 1.258
1.284 1.25747
1.285 0.805629
1.286 2.56344e-20
1.287 0.70087
1.288 0.515034
1.289 0.515159
1.29 1.28887
1.291 0.767172
1.292 0.53442
1.293 3.04846e-20
1.294 0.810079
1.295 0.751549
1.296 0.555299
1.297 0.453
1.298 0.917262
1.299 1.23056
1.3 0.619908
1.301 1.22953
1.302 0.726281
1.303 1.28284
1.304 0.450511
1.305 0.726754
1.306 0.517253
1.307 0.851702
1.308 0.769951
1.309 0.727411
1.31 1.27975
1.311 1.27932
1.312 3.04846e-20
1.313 0.436628
1.314 0.851822
1.315 0.640578
1.316 3.04846e-20
1.317 0.557068
1.318 0.445222
1.319 1.22066
1.32 0.655678
1.321 1.21972
1.322 1.2747
1.323 3.04846e-20
1.324 1.21833
1.325 0.811804
1.326 3.04846e-20
1.327 0.622316
1.328 0.557961
1.329 0.705084
1.33 0.622654
1.331 1.21519
1.332 3.04846e-20
1.333 1.21948
1.334 0.775081
1.335 1.26959
1.336 0.605222
1.337 2.56344e-20
1.338 0.733101
1.339 0.814662
1.34 0.623669
1.341 0.824778
1.342 0.623889
1.343 0.809683
1.344 1.26628
1.345 0.559274
1.346 0.734966
1.347 0.80964
1.348 3.04846e-20
1.349 0.735699
1.35 0.522444
1.351 0.736199
1.352 1.2065
1.353 0.655128
1.354 1.26281
1.355 0.625395
1.356 1.22628
1.357 1.22594
1.358 1.21483
1.359 1.22527
1.36 1.26084
1.361 0.809485
1.362 1.21344
1.363 0.626391
1.364 0.626519
1.365 0.782669
1.366 0.740213
1.367 0.809416
1.368 0.924446
1.369 1.25804
1.37 1.22176
1.371 0.822903
1.372 0.52491
1.373 0.413392
1.374 1.19862
1.375 0.627983
1.376 0.852575
1.377 0.411882
1.378 0.6284
1.379 0.744086
1.38 0.420227
1.381 1.19638
1.382 1.25433
1.383 0.419034
1.384 0.56195
1.385 0.600889
1.386 0.417938
1.387 1.21698
1.388 0.407757
1.389 0.648561
1.39 0.790022
1.391 0.748013
1.392 0.828688
1.393 0.809114
1.394 0.82933
1.395 1.215
1.396 1.19633
1.397 0.413728
1.398 0.631384
1.399 1.19121
1.4 0.809034
1.401 1.24961
1.402 0.831983
1.403 1.19017
1.404 1.21297
1.405 0.808979
1.406 0.563204
1.407 1.24829
1.408 0.7541
1.409 0.808935
1.41 0.834774
1.411 0.633517
1.412 1.19953
1.413 1.18778
1.414 0.650852
1.415 3.04846e-20
1.416 0.529617
1.417 0.563783
1.418 3.04846e-20
1.419 0.758413
1.42 1.18625
1.421 0.808811
1.422 0.820203
1.423 1.24519
1.424 0.934407
1.425 0.934627
1.426 0.840781
1.427 3.04846e-20
1.428 0.474484
1.429 0.567313
1.43 2.56344e-20
1.431 0.763454
1.432 1.19577
1.433 1.24355
1.434 1.20778
1.435 2.56344e-20
1.436 1.18327
1.437 1.19499
1.438 1.19484
1.439 0.808648
1.44 2.56344e-20
1.441 0.390954
1.442 1.24228
1.443 0.639449
1.444 3.04846e-20
1.445 1.18189
1.446 0.640056
1.447 0.640261
1.448 1.20619
1.449 0.812229
1.45 0.653788
1.451 0.81312
1.452 1.18096
1.453 0.941451
1.454 0.64172
1.455 0.396118
1.456 0.565359
1.457 1.20545
1.458 0.533682
1.459 0.776613
1.46 1.20525
1.461 1.17996
1.462 0.534049
1.463 0.39441
1.464 1.23996
1.465 1.19182
1.466 1.1795
1.467 1.23973
1.468 1.23966
1.469 1.23959
1.47 0.534779
1.471 0.782865
1.472 0.384572
1.473 0.645931
1.474 0.565893
1.475 0.461712
1.476 0.824876
1.477 0.863907
1.478 2.56344e-20
1.479 0.787242
1.48 0.826888
1.481 1.23894
1.482 0.949998
1.483 0.808414
1.484 0.648537
1.485 0.818386
1.486 0.802709
1.487 3.04846e-20
1.488 1.17826
1.489 0.566217
1.49 0.793533
1.491 1.23866
1.492 0.95332
1.493 3.04846e-20
1.494 0.7959
1.495 0.83477
1.496 0.808399
1.497 1.17813
1.498 0.836398
1.499 0.652292
1.5 0.956123
1.501 1.23861
1.502 3.04846e-20
1.503 0.653333
1.504 0.853243
1.505 1.17819
1.506 0.537764
1.507 0.958681
1.508 0.881061
1.509 1.17829
1.51 1.17832
1.511 1.19096
1.512 0.566535
1.513 1.23886
1.514 0.566542
1.515 0.809007
1.516 0.808426
1.517 0.808429
1.518 0.887103
1.519 3.04846e-20
1.52 0.963703
1.521 3.04846e-20
1.522 0.813629
1.523 1.19162
1.524 0.965318
1.525 0.380925
1.526 0.808463
1.527 1.20715
1.528 0.966968
1.529 0.660497
1.53 0.967805
1.531 0.829874
1.532 0.968651
1.533 1.19246
1.534 1.17984
1.535 1.17994
1.536 2.56344e-20
1.537 0.833934
1.538 0.971229
1.539 0.38149
1.54 1.18047
1.541 0.836693
1.542 0.973004
1.543 0.808558
1.544 0.566583
1.545 0.904627
1.546 1.18464
1.547 1.2414
1.548 2.56344e-20
1.549 0.976175
1.55 1.18172
1.551 1.19459
1.552 0.909449
1.553 0.382652
1.554 0.808639
1.555 0.837047
1.556 0.979446
1.557 1.24266
1.558 0.839302
1.559 1.19581
1.56 0.742759
1.561 3.04846e-20
1.562 0.853503
1.563 0.670889
1.564 0.917958
1.565 0.671535
1.566 0.59597
1.567 0.853523
1.568 0.920875
1.569 0.847735
1.57 0.853535
1.571 0.882436
1.572 0.850078
1.573 3.04846e-20
1.574 0.566247
1.575 0.819072
1.576 0.853228
1.577 1.18642
1.578 0.675825
1.579 0.566138
1.58 1.24644
1.581 0.676837
1.582 1.24683
1.583 1.19126
1.584 1.18796
1.585 0.994013
1.586 0.393134
1.587 0.542212
1.588 0.565973
1.589 0.936645
1.59 2.56344e-20
1.591 0.86529
1.592 1.22051
1.593 1.19012
1.594 0.899123
1.595 3.04846e-20
1.596 0.751421
1.597 0.809072
1.598 3.04846e-20
1.599 0.683075
1.6 0.542529
1.601 0.882561
1.602 1.1925
1.603 1.20535
1.604 0.467902
1.605 0.596896
1.606 0.391261
1.607 3.04846e-20
1.608 0.754498
1.609 1.1945
1.61 0.392162
1.611 0.809237
1.612 1.19903
1.613 0.955521
1.614 0.756056
1.615 0.398096
1.616 1.25483
1.617 0.820413
1.618 0.88775
1.619 0.577126
1.62 1.22971
1.621 1.01403
1.622 0.5428
1.623 3.04846e-20
1.624 1.19922
1.625 0.809404
1.626 3.04846e-20
1.627 1.25799
1.628 0.693679
1.629 1.20092
1.63 0.694433
1.631 3.04846e-20
1.632 1.23427
1.633 1.20233
1.634 0.658794
1.635 1.26047
1.636 1.21568
1.637 0.931855
1.638 0.975733
1.639 0.905488
1.64 0.977357
1.641 0.658589
1.642 0.809604
1.643 1.02688
1.644 0.909692
1.645 1.21896
1.646 0.658415
1.647 0.478607
1.648 1.21176
1.649 1.22048
1.65 0.809693
1.651 0.579418
1.652 0.563777
1.653 1.22205
1.654 0.563662
1.655 0
1.656 0.821893
1.657 1.03509
1.658 0.768191
1.659 0.705665
1.66 0.922959
1.661 1.21336
1.662 0.580104
1.663 0.482739
1.664 1.27067
1.665 1.2151
1.666 3.04846e-20
1.667 0.770798
1.668 0.929425
1.669 1.21688
1.67 0.809898
1.671 1.21779
1.672 0.932601
1.673 0.711257
1.674 0.71166
1.675 0.773147
1.676 1.27545
1.677 0.77374
1.678 0.945732
1.679 0.853438
1.68 1.04821
1.681 1.27753
1.682 1.22294
1.683 0.656617
1.684 0.822935
1.685 1.2244
1.686 1.23641
1.687 1.01433
1.688 0.717346
1.689 0.945536
1.69 1.05362
1.691 0.561806
1.692 3.04846e-20
1.693 0.853311
1.694 0.561644
1.695 1.26413
1.696 0.720627
1.697 0.412263
1.698 1.28504
1.699 1.05826
1.7 0.412811
1.701 0.780951
1.702 0.655386
1.703 0.561107
1.704 0.853185
1.705 0.581728
1.706 0.95727
1.707 1.2469
1.708 1.24019
1.709 0.959185
1.71 3.04846e-20
1.711 3.04846e-20
1.712 0.415046
1.713 1.23907
1.714 3.04846e-20
1.715 3.04846e-20
1.716 1.24075
1.717 0.810202
1.718 1.24574
1.719 1.24631
1.72 0.41536
1.721 0.53914
1.722 0.966851
1.723 0.824052
1.724 0.417015
1.725 1.29823
1.726 1.25034
1.727 0.559625
1.728 0.733891
1.729 1.30032
1.73 0.789926
1.731 1.24946
1.732 0.55932
1.733 1.26124
1.734 2.56344e-20
1.735 1.07361
1.736 1.30404
1.737 0.652515
1.738 0.974675
1.739 1.25431
1.74 1.07522
1.741 0.558704
1.742 1.07582
1.743 1.30785
1.744 0.49706
1.745 0.824399
1.746 1.25865
1.747 1.07721
1.748 1.25991
1.749 0.558183
1.75 1.26118
1.751 0.597028
1.752 1.31289
1.753 1.0014
1.754 1.26374
1.755 1.3146
1.756 0.988888
1.757 0.557629
1.758 1.27635
1.759 1.26698
1.76 1.08008
1.761 1.27196
1.762 1.30563
1.763 0.990521
1.764 1.27027
1.765 0.416119
1.766 0.983478
1.767 3.04846e-20
1.768 1.08127
1.769 1.05834
1.77 0.595698
1.771 0.415709
1.772 0.803025
1.773 1.3252
1.774 1.3258
1.775 0.984548
1.776 1.06004
1.777 1.00528
1.778 0.992472
1.779 0.533245
1.78 1.31813
1.781 1.06102
1.782 0.851583
1.783 0.851569
1.784 1.29323
1.785 0.809992
1.786 0.985027
1.787 1.06194
1.788 0.98499
1.789 0.555288
1.79 1.29142
1.791 3.04846e-20
1.792 0.76011
1.793 1.29349
1.794 1.06266
1.795 0.576599
1.796 0.592976
1.797 0.809863
1.798 1.33103
1.799 1.34133
1.8 1.29837
1.801 1.29579
1.802 1.2965
1.803 0.812504
1.804 0.41827
1.805 0.765186
1.806 3.04846e-20
1.807 0.410324
1.808 1.33832
1.809 1.31033
1.81 1.31103
1.811 0.528887
1.812 1.34125
1.813 1.31312
1.814 0.768615
1.815 0.988091
1.816 0.850534
1.817 1.00023
1.818 1.3111
1.819 0.770486
1.82 1.07776
1.821 0.771227
1.822 0.978644
1.823 0.414884
1.824 0.823068
1.825 1.07645
1.826 0.487421
1.827 0.976852
1.828 0.789125
1.829 0.822845
1.83 0.820298
1.831 1.36207
1.832 0.809345
1.833 1.07403
1.834 0.974009
1.835 1.05981
1.836 0.809274
1.837 0.5248
1.838 0.777334
1.839 0.809219
1.84 0.978251
1.841 0.977754
1.842 1.36928
1.843 1.36994
1.844 1.07012
1.845 0.639472
1.846 0.968291
1.847 1.36695
1.848 3.04846e-20
1.849 1.37386
1.85 1.05615
1.851 0.808988
1.852 0.406743
1.853 1.06648
1.854 0.521987
1.855 1.33486
1.856 0.783374
1.857 1.37417
1.858 0.784014
1.859 0.96103
1.86 1.0531
1.861 0.520739
1.862 0.520523
1.863 0.636853
1.864 0.391715
1.865 0.957352
1.866 0.786508
1.867 1.05072
1.868 0.82059
1.869 0.787415
1.87 0.808594
1.871 1.04927
1.872 0.635452
1.873 1.05723
1.874 0.848357
1.875 1.04778
1.876 0.548595
1.877 1.35029
1.878 0.465459
1.879 1.35387
1.88 0.848097
1.881 0.384233
1.882 0.808333
1.883 0.965709
1.884 0.965017
1.885 1.39353
1.886 3.04846e-20
1.887 1.35699
1.888 3.04846e-20
1.889 1.04897
1.89 0.946523
1.891 0.808136
1.892 1.04737
1.893 0.632356
1.894 0.943522
1.895 0.936627
1.896 1.36279
1.897 0.376957
1.898 0.940496
1.899 1.04357
1.9 0.795756
1.901 1.4059
1.902 0.550114
1.903 0.630859
1.904 0.630716
1.905 1.36832
1.906 0.807812
1.907 1.3695
1.908 1.40972
1.909 0.797791
1.91 0.448668
1.911 0.945379
1.912 1.41012
1.913 0.922957
1.914 1.37353
1.915 1.03471
1.916 0.817382
1.917 0.572068
1.918 2.56344e-20
1.919 1.38269
1.92 0.938567
1.921 1.38372
1.922 3.04846e-20
1.923 0.81696
1.924 1.41653
1.925 1.38108
1.926 1.41868
1.927 0.627457
1.928 0.911248
1.929 3.04846e-20
1.93 1.41947
1.931 0.438201
1.932 0.506942
1.933 1.42086
1.934 1.38375
1.935 0.905751
1.936 0.807223
1.937 0.807206
1.938 0.544884
1.939 1.01939
1.94 0.544732
1.941 1.01843
1.942 0.3578
1.943 1.42513
1.944 1.42611
1.945 1.01821
1.946 1.38882
1.947 1.017
1.948 1.42752
1.949 0.845943
1.95 0.535965
1.951 0.624388
1.952 3.04846e-20
1.953 1.42877
1.954 1.42945
1.955 1.39789
1.956 1.39234
1.957 3.04846e-20
1.958 0.845793
1.959 0.844493
1.96 0.886293
1.961 0.885527
1.962 0.844693
1.963 0.364484
1.964 1.39606
1.965 0.815047
1.966 1.00695
1.967 1.43286
1.968 0.880204
1.969 0.814527
1.97 1.39609
1.971 0.499505
1.972 0.622379
1.973 0.362598
1.974 0.544419
1.975 0.84565
1.976 2.56344e-20
1.977 1.39742
1.978 0.544552
1.979 0.361824
1.98 0.806689
1.981 3.04846e-20
1.982 3.04846e-20
1.983 0.361491
1.984 1.43557
1.985 0.873181
1.986 0.845677
1.987 1.39866
1.988 3.04846e-20
1.989 0.845709
1.99 3.04846e-20
1.991 0.814627
1.992 0.994204
1.993 0.993876
1.994 1.4362
1.995 0.992793
1.996 0.495282
1.997 0.859077
1.998 0.814638
1.999 3.04846e-20
2 0.857115
2.001 0.990109
