437
596
597
667
732
767
959
1103
1069
1457
1703
1562
1800
2081
2019
2892
2608
3234
3538
3544
3753
3861
4275
4817
5029
5130
5454
5710
6772
6533
6460
7981
8337
8755
9468
9789
9769
9781
10921
10763
11291
12529
12725
12457
14165
13498
14520
15650
15151
16330
16354
16806
16989
16676
19522
19355
20589
21760
21732
22961
21913
21903
23358
24738
25746
26849
27462
28409
29163
29819
28403
31847
31647
29888
34162
34695
34478
36544
36297
37421
38990
40440
38347
43368
44241
44378
45977
46273
47941
50772
49490
51931
51905
52314
52561
56386
55420
55645
