177
206
283
352
385
561
687
588
679
996
991
942
1041
1123
1155
1226
1318
1333
1661
1670
1777
1941
2360
1977
3589
3009
3123
3784
3412
4015
5216
3699
4620
4418
6046
5271
5618
5124
6909
7824
7455
6041
9479
7333
7348
7002
11666
8435
8380
9522
13382
12913
9740
9777
11208
13825
11205
11556
11751
13289
15721
15722
12772
13242
14270
13807
13763
16211
16250
14923
16011
16441
17329
17340
17767
17340
17479
20701
23712
25199
22943
22299
23961
24383
22718
22120
25938
28416
25603
25718
27860
32898
28249
34006
26253
29030
27893
31277
