162
158
197
240
303
320
379
426
532
626
591
759
738
815
877
956
1142
1138
1283
1371
1420
1978
1713
1876
2473
2010
2466
3059
3667
3032
3092
4507
3129
4976
4461
4174
3801
6388
6575
6177
6680
8263
5017
5466
8553
9001
7902
9142
6024
10477
10137
10840
11640
8352
7673
10835
11199
13459
8739
9020
11712
14721
14992
9668
10071
17853
18055
17846
18123
11667
19997
12082
12429
21738
21890
21992
13226
13797
15714
18459
15545
15590
17170
16941
17029
17659
18096
23418
18797
19737
19299
26499
20448
23575
20385
36263
37135
37270
