138
179
213
297
273
361
346
554
573
682
737
862
622
891
720
1004
1075
1608
1355
1726
1940
2144
2271
2506
1677
3109
3009
3496
3640
4189
3733
4328
5126
5239
5286
5328
4017
6217
4086
3584
4290
6783
4030
5550
8361
8335
6097
5656
9306
5404
5843
10448
5713
10678
7008
8935
7342
10479
10958
11644
10809
15090
12299
8504
10653
16204
16016
14194
18237
12466
15215
18075
12169
14550
21059
21568
21317
22846
16978
26773
24866
26201
21040
25876
18428
28789
26697
24167
30039
29019
29322
19580
33689
32246
31948
33528
34269
31742
