213
297
358
407
572
604
715
719
814
1023
1043
996
1586
1424
1408
1557
1537
1921
2211
2236
2350
2174
2961
2995
3094
3937
3655
3886
3829
4289
5116
4753
5734
5240
5353
6478
6481
6267
6741
8317
8238
7288
9705
8037
8349
8745
11010
10709
9363
10024
10819
12249
12981
12269
14482
13827
13231
16018
16550
17726
15857
18339
16211
16969
15327
19443
19362
20866
17728
17786
20898
21516
22305
23421
23024
20730
20628
23951
23576
23761
27542
26986
28002
25481
26619
28831
27332
29552
29220
28940
30810
32943
32265
30488
33195
35273
35596
38502
