105
173
207
201
290
232
407
401
558
793
524
675
938
648
1056
865
827
912
1347
1105
1332
1208
1374
1669
1755
2396
2655
1918
3249
3051
2907
2897
3264
2902
3055
2769
2912
3762
5230
5441
5516
5748
6172
5084
4420
6168
6758
6925
6133
6581
6713
6766
7349
5528
9198
9606
9439
12270
8658
8811
13198
10858
12966
10713
10121
10891
9589
9903
10212
9201
11112
11371
11726
11724
12098
12090
12899
12656
14759
15925
14429
14808
19397
15073
15506
15970
16308
16113
16976
17469
17604
18601
18346
20732
24214
23804
24755
24693
