205
242
351
518
590
576
698
829
867
975
1086
1092
1607
1152
1555
1701
1849
1822
2404
2145
2635
2839
3068
2961
3481
3821
4526
4081
4425
4875
5022
5184
6135
5835
6472
6638
8223
7543
8625
7764
8153
9935
10520
9096
10005
9735
10648
11504
11628
11656
12229
13879
11684
14434
13164
12627
14441
14940
15016
14729
16520
17499
18475
17941
19608
16815
19755
19672
21764
21066
24114
21211
23732
23488
25284
25230
24928
28678
29039
27754
27671
30440
30592
28916
29921
28910
29466
36445
32044
32289
36295
39521
40357
37597
38228
42828
42909
39919
