261
349
449
600
624
753
863
1070
1266
1220
1288
1690
1668
1896
1967
2078
2239
2786
3417
2544
2936
3278
4052
4044
5113
4114
5410
4902
6668
6489
5183
6637
7314
7039
7142
8185
8225
8495
8781
8656
8631
11335
10253
11363
10788
12720
11351
11591
14815
14946
12412
15723
14776
16923
15290
15894
15899
15637
17646
22934
23333
22240
19148
19153
21670
21165
23115
20858
24059
25901
25210
25595
24341
25051
28537
29397
30689
31851
31374
34449
35203
35397
33246
36549
37085
40065
33535
36770
38889
43051
44048
40947
43903
44654
46283
48537
46948
52524
