44
89
72
166
141
187
185
236
464
507
526
327
473
773
824
893
1020
1083
1220
956
1358
1539
1718
1855
1980
2158
2222
2367
2418
2850
2878
3191
3486
3497
3554
3653
4129
4406
4520
4894
5041
5311
5599
5870
6019
6006
6435
6437
6679
6906
7468
7613
7979
7865
8453
8614
8692
9262
9388
9602
9966
10224
10413
10914
11366
12057
12211
12865
13107
13204
13356
14438
14456
14856
15172
15541
15773
15757
17889
18613
18051
18676
19728
19178
19550
20265
20136
20406
21643
22098
22419
23004
23385
27326
23340
23732
25229
26575
