0 -0.01984472870594979
0.1 -0.0198390239141785
0.2 -0.01983329740519825
0.3 -0.01982751991314418
0.4 -0.01982166141473125
0.5 -0.01981569066465538
0.6 -0.01980957469256442
0.7 -0.01980327824449089
0.7999999999999999 -0.0197967631485399
0.8999999999999999 -0.0197899875802454
0.9999999999999999 -0.0197829051969547
1.1 -0.01977546410230446
1.2 -0.01976760559048845
1.3 -0.01975926260439464
1.4 -0.01975035782005606
1.5 -0.01974080123963027
1.6 -0.01973048713241739
1.7 -0.01971929010235539
1.8 -0.01970705997189603
1.900000000000001 -0.01969361504188919
2 -0.01967873309225449
2.100000000000001 -0.0196621391915533
2.200000000000001 -0.01964348892299032
2.300000000000001 -0.01962234490382129
2.400000000000001 -0.01959814328868743
2.500000000000001 -0.01957014496942266
2.600000000000001 -0.01953736278868352
2.700000000000001 -0.0194984500628163
2.800000000000001 -0.01945152462525269
2.900000000000001 -0.01939388131857773
3.000000000000001 -0.01932150295365484
3.100000000000001 -0.01922818817178901
3.200000000000002 -0.01910390553514555
3.300000000000002 -0.01893146520829467
3.400000000000002 -0.01867918101486778
3.500000000000002 -0.01828278121388354
3.600000000000002 -0.0175935581086136
3.700000000000002 -0.01619369662785608
3.800000000000002 -0.01246509598062873
3.900000000000002 0.005772918716238723
4.000000000000002 1.72262120215817
4.100000000000001 1.912682609175739
4.200000000000001 1.920509387780601
4.300000000000001 1.913263129648667
4.4 1.911031913743548
4.5 1.91423920289649
4.6 1.915512243332952
4.699999999999999 1.916088692078468
4.799999999999999 1.916395815371654
4.899999999999999 1.91657955191208
4.999999999999998 1.916698867759375
5.099999999999998 1.91678113977473
5.199999999999998 1.916840503973179
5.299999999999997 1.916884883082855
5.399999999999997 1.916919013476042
5.499999999999996 1.916945877312175
5.599999999999996 1.916967433626628
5.699999999999996 1.916985015580262
5.799999999999995 1.916999557842245
5.899999999999995 1.917011732592444
5.999999999999995 1.917022033983037
6.099999999999994 1.917030832322909
6.199999999999994 1.917038409836655
6.299999999999994 1.917044984858553
6.399999999999993 1.917050728566753
6.499999999999993 1.917055776787579
6.599999999999993 1.917060238470438
6.699999999999992 1.91706420186997
6.799999999999992 1.9170677391212
6.899999999999991 1.917070909670191
6.999999999999991 1.917073762877569
7.099999999999991 1.917076340016253
7.19999999999999 1.917078675819994
7.29999999999999 1.917080799695042
7.39999999999999 1.91708273667652
7.499999999999989 1.917084508189424
7.599999999999989 1.917086132658747
7.699999999999989 1.917087626002098
7.799999999999988 1.917089002030088
7.899999999999988 1.917090272773768
7.999999999999988 1.917091448753975
8.099999999999987 1.917092539204126
8.199999999999987 1.917093552255438
8.299999999999986 1.917094495091697
8.399999999999986 1.917095374079164
8.499999999999986 1.917096194876098
8.599999999999985 1.917096962525486
8.699999999999985 1.917097681533867
8.799999999999985 1.91709835593858
8.899999999999984 1.917098989365361
8.999999999999984 1.917099585077827
9.099999999999984 1.917100146020142
9.199999999999983 1.917100674853915
9.299999999999983 1.917101173990212
9.399999999999983 1.917101645617395
9.499999999999982 1.917102091725423
9.599999999999982 1.917102514127099
9.699999999999982 1.917102914476702
9.799999999999981 1.917103294286378
9.899999999999981 1.917103654940573
9.99999999999998 1.917103997708783
10.09999999999998 1.917104323756845
10.19999999999998 1.917104634156949
10.29999999999998 1.917104929896538
10.39999999999998 1.917105211886235
10.49999999999998 1.917105480966919
10.59999999999998 1.917105737916046
10.69999999999998 1.917105983453315
10.79999999999998 1.91710621824575
10.89999999999998 1.917106442912266
10.99999999999998 1.91710665802778
11.09999999999998 1.917106864126918
11.19999999999998 1.917107061707359
11.29999999999998 1.917107251232864
11.39999999999998 1.917107433136016
11.49999999999998 1.917107607820703
11.59999999999997 1.917107775664379
11.69999999999997 1.91710793702011
11.79999999999997 1.917108092218452
11.89999999999997 1.917108241569144
11.99999999999997 1.917108385362668
12.09999999999997 1.917108523871672
12.19999999999997 1.917108657352264
12.29999999999997 1.917108786045207
12.39999999999997 1.91710891017701
12.49999999999997 1.917109029960926
12.59999999999997 1.917109145597879
12.69999999999997 1.917109257277307
12.79999999999997 1.917109365177941
12.89999999999997 1.917109469468526
12.99999999999997 1.917109570308483
13.09999999999997 1.91710966784852
13.19999999999997 1.9171097622312
13.29999999999997 1.917109853591461
13.39999999999997 1.917109942057103
13.49999999999997 1.917110027749237
13.59999999999997 1.917110110782698
13.69999999999997 1.917110191266436
13.79999999999997 1.917110269303871
13.89999999999997 1.917110344993228
13.99999999999997 1.917110418427848
14.09999999999997 1.917110489696476
14.19999999999997 1.917110558883528
14.29999999999997 1.917110626069347
14.39999999999996 1.917110691330433
14.49999999999996 1.917110754739661
14.59999999999996 1.91711081636649
14.69999999999996 1.917110876277147
14.79999999999996 1.917110934534814
14.89999999999996 1.917110991199784
14.99999999999996 1.917111046329629
15.09999999999996 1.91711109997934
15.19999999999996 1.917111152201465
15.29999999999996 1.917111203046239
15.39999999999996 1.917111252561707
15.49999999999996 1.917111300793835
15.59999999999996 1.917111347786618
15.69999999999996 1.91711139358218
15.79999999999996 1.91711143822087
15.89999999999996 1.917111481741352
15.99999999999996 1.917111524180684
16.09999999999996 1.917111565574404
16.19999999999996 1.917111605956598
16.29999999999996 1.917111645359976
16.39999999999996 1.917111683815934
16.49999999999996 1.91711172135462
16.59999999999997 1.91711175800499
16.69999999999997 1.917111793794867
16.79999999999997 1.917111828750993
16.89999999999997 1.917111862899077
16.99999999999997 1.917111896263846
17.09999999999997 1.917111928869087
17.19999999999997 1.91711196073769
17.29999999999998 1.91711199189169
17.39999999999998 1.917112022352303
17.49999999999998 1.917112052139963
17.59999999999998 1.917112081274358
17.69999999999998 1.917112109774458
17.79999999999998 1.917112137658552
17.89999999999998 1.917112164944272
17.99999999999999 1.917112191648625
18.09999999999999 1.917112217788017
18.19999999999999 1.91711224337828
18.29999999999999 1.917112268434693
18.39999999999999 1.91711229297201
18.49999999999999 1.917112317004476
18.59999999999999 1.917112340545852
18.7 1.917112363609433
18.8 1.917112386208066
18.9 1.91711240835417
19 1.917112430059752
19.1 1.917112451336421
19.2 1.91711247219541
19.3 1.917112492647584
19.40000000000001 1.917112512703455
19.50000000000001 1.917112532373202
19.60000000000001 1.917112551666676
19.70000000000001 1.917112570593417
19.80000000000001 1.917112589162664
19.90000000000001 1.917112607383366
20.00000000000001 1.917112625264195
20.10000000000002 1.917112642813555
20.20000000000002 1.917112660039591
20.30000000000002 1.917112676950199
20.40000000000002 1.917112693553035
20.50000000000002 1.917112709855526
20.60000000000002 1.917112725864875
20.70000000000002 1.91711274158807
20.80000000000003 1.917112757031892
20.90000000000003 1.917112772202923
21.00000000000003 1.917112787107552
21.10000000000003 1.917112801751981
21.20000000000003 1.917112816142234
21.30000000000003 1.91711283028416
21.40000000000003 1.917112844183442
21.50000000000004 1.917112857845603
21.60000000000004 1.917112871276005
21.70000000000004 1.917112884479862
21.80000000000004 1.917112897462243
21.90000000000004 1.917112910228075
22.00000000000004 1.917112922782148
22.10000000000004 1.917112935129122
22.20000000000005 1.917112947273528
22.30000000000005 1.917112959219774
22.40000000000005 1.917112970972149
22.50000000000005 1.917112982534826
22.60000000000005 1.917112993911867
22.70000000000005 1.917113005107226
22.80000000000005 1.917113016124752
22.90000000000006 1.917113026968192
23.00000000000006 1.917113037641194
23.10000000000006 1.917113048147315
23.20000000000006 1.917113058490015
23.30000000000006 1.917113068672667
23.40000000000006 1.917113078698556
23.50000000000006 1.917113088570885
23.60000000000007 1.917113098292775
23.70000000000007 1.917113107867268
23.80000000000007 1.917113117297329
23.90000000000007 1.917113126585848
24.00000000000007 1.917113135735646
24.10000000000007 1.917113144749471
24.20000000000007 1.917113153630005
24.30000000000008 1.917113162379863
24.40000000000008 1.917113171001598
24.50000000000008 1.917113179497699
24.60000000000008 1.917113187870596
24.70000000000008 1.91711319612266
24.80000000000008 1.917113204256205
24.90000000000008 1.91711321227349
25.00000000000009 1.917113220176722
25.10000000000009 1.917113227968054
25.20000000000009 1.917113235649589
25.30000000000009 1.91711324322338
25.40000000000009 1.917113250691434
25.50000000000009 1.91711325805571
25.60000000000009 1.917113265318121
25.7000000000001 1.917113272480541
25.8000000000001 1.917113279544794
25.9000000000001 1.917113286512668
26.0000000000001 1.917113293385908
26.1000000000001 1.91711330016622
26.2000000000001 1.917113306855272
26.3000000000001 1.917113313454695
26.40000000000011 1.917113319966084
26.50000000000011 1.917113326390998
26.60000000000011 1.917113332730961
26.70000000000011 1.917113338987464
26.80000000000011 1.917113345161968
26.90000000000011 1.917113351255896
27.00000000000011 1.917113357270648
27.10000000000012 1.917113363207589
27.20000000000012 1.917113369068054
27.30000000000012 1.917113374853352
27.40000000000012 1.917113380564764
27.50000000000012 1.917113386203542
27.60000000000012 1.917113391770913
27.70000000000012 1.917113397268078
27.80000000000013 1.917113402696212
27.90000000000013 1.917113408056467
28.00000000000013 1.91711341334997
28.10000000000013 1.917113418577824
28.20000000000013 1.917113423741112
28.30000000000013 1.917113428840891
28.40000000000013 1.9171134338782
28.50000000000014 1.917113438854054
28.60000000000014 1.917113443769451
28.70000000000014 1.917113448625364
28.80000000000014 1.917113453422751
28.90000000000014 1.917113458162548
29.00000000000014 1.917113462845673
29.10000000000014 1.917113467473026
29.20000000000014 1.91711347204549
29.30000000000015 1.91711347656393
29.40000000000015 1.917113481029193
29.50000000000015 1.917113485442109
29.60000000000015 1.917113489803496
29.70000000000015 1.917113494114152
29.80000000000015 1.917113498374861
29.90000000000015 1.917113502586391
30.00000000000016 1.917113506749497
30.10000000000016 1.917113510864918
30.20000000000016 1.91711351493338
30.30000000000016 1.917113518955594
30.40000000000016 1.91711352293226
30.50000000000016 1.917113526864062
30.60000000000016 1.917113530751672
30.70000000000017 1.917113534595752
30.80000000000017 1.917113538396947
30.90000000000017 1.917113542155894
31.00000000000017 1.917113545873217
31.10000000000017 1.917113549549527
31.20000000000017 1.917113553185427
31.30000000000017 1.917113556781506
31.40000000000018 1.917113560338344
31.50000000000018 1.917113563856509
31.60000000000018 1.917113567336561
31.70000000000018 1.917113570779048
31.80000000000018 1.917113574184508
31.90000000000018 1.917113577553472
32.00000000000018 1.917113580886458
32.10000000000019 1.917113584183978
32.20000000000019 1.917113587446532
32.30000000000019 1.917113590674613
32.40000000000019 1.917113593868705
32.50000000000019 1.917113597029285
32.60000000000019 1.917113600156819
32.70000000000019 1.917113603251765
32.8000000000002 1.917113606314577
32.9000000000002 1.917113609345696
33.0000000000002 1.917113612345558
33.1000000000002 1.917113615314593
33.2000000000002 1.917113618253221
33.3000000000002 1.917113621161855
33.4000000000002 1.917113624040903
33.50000000000021 1.917113626890764
33.60000000000021 1.917113629711833
33.70000000000021 1.917113632504494
33.80000000000021 1.91711363526913
33.90000000000021 1.917113638006112
34.00000000000021 1.91711364071581
34.10000000000021 1.917113643398584
34.20000000000022 1.917113646054791
34.30000000000022 1.917113648684778
34.40000000000022 1.917113651288892
34.50000000000022 1.917113653867469
34.60000000000022 1.917113656420844
34.70000000000022 1.917113658949342
34.80000000000022 1.917113661453287
34.90000000000023 1.917113663932995
35.00000000000023 1.917113666388778
35.10000000000023 1.917113668820943
35.20000000000023 1.917113671229792
35.30000000000023 1.917113673615622
35.40000000000023 1.917113675978725
35.50000000000023 1.917113678319389
35.60000000000024 1.917113680637898
35.70000000000024 1.91711368293453
35.80000000000024 1.917113685209558
35.90000000000024 1.917113687463255
36.00000000000024 1.917113689695885
36.10000000000024 1.917113691907711
36.20000000000024 1.917113694098989
36.30000000000025 1.917113696269974
36.40000000000025 1.917113698420915
36.50000000000025 1.917113700552059
36.60000000000025 1.917113702663648
36.70000000000025 1.91711370475592
36.80000000000025 1.917113706829111
36.90000000000025 1.91711370888345
37.00000000000026 1.917113710919167
37.10000000000026 1.917113712936487
37.20000000000026 1.917113714935629
37.30000000000026 1.917113716916811
37.40000000000026 1.917113718880249
37.50000000000026 1.917113720826154
37.60000000000026 1.917113722754732
37.70000000000027 1.917113724666191
37.80000000000027 1.917113726560731
37.90000000000027 1.917113728438552
38.00000000000027 1.91711373029985
38.10000000000027 1.917113732144818
38.20000000000027 1.917113733973647
38.30000000000027 1.917113735786525
38.40000000000028 1.917113737583636
38.50000000000028 1.917113739365163
38.60000000000028 1.917113741131285
38.70000000000028 1.917113742882181
38.80000000000028 1.917113744618023
38.90000000000028 1.917113746338984
39.00000000000028 1.917113748045234
39.10000000000029 1.91711374973694
39.20000000000029 1.917113751414267
39.30000000000029 1.917113753077377
39.40000000000029 1.917113754726432
39.50000000000029 1.917113756361587
39.60000000000029 1.917113757983
39.70000000000029 1.917113759590824
39.8000000000003 1.91711376118521
39.9000000000003 1.917113762766308
40.0000000000003 1.917113764334264
40.1000000000003 1.917113765889226
40.2000000000003 1.917113767431334
40.3000000000003 1.917113768960731
40.4000000000003 1.917113770477557
40.50000000000031 1.917113771981947
40.60000000000031 1.917113773474039
40.70000000000031 1.917113774953965
40.80000000000031 1.917113776421858
40.90000000000031 1.917113777877848
41.00000000000031 1.917113779322063
41.10000000000031 1.917113780754629
41.20000000000032 1.917113782175672
41.30000000000032 1.917113783585315
41.40000000000032 1.91711378498368
41.50000000000032 1.917113786370886
41.60000000000032 1.917113787747053
41.70000000000032 1.917113789112296
41.80000000000032 1.917113790466731
41.90000000000033 1.917113791810472
42.00000000000033 1.917113793143631
42.10000000000033 1.917113794466319
42.20000000000033 1.917113795778646
42.30000000000033 1.917113797080719
42.40000000000033 1.917113798372645
42.50000000000033 1.917113799654529
42.60000000000034 1.917113800926475
42.70000000000034 1.917113802188585
42.80000000000034 1.917113803440961
42.90000000000034 1.917113804683702
43.00000000000034 1.917113805916907
43.10000000000034 1.917113807140674
43.20000000000034 1.917113808355097
43.30000000000035 1.917113809560273
43.40000000000035 1.917113810756295
43.50000000000035 1.917113811943255
43.60000000000035 1.917113813121245
43.70000000000035 1.917113814290354
43.80000000000035 1.917113815450673
43.90000000000035 1.917113816602289
44.00000000000036 1.917113817745288
44.10000000000036 1.917113818879756
44.20000000000036 1.917113820005778
44.30000000000036 1.917113821123438
44.40000000000036 1.917113822232819
44.50000000000036 1.917113823334001
44.60000000000036 1.917113824427066
44.70000000000037 1.917113825512093
44.80000000000037 1.917113826589161
44.90000000000037 1.917113827658347
45.00000000000037 1.917113828719728
45.10000000000037 1.917113829773379
45.20000000000037 1.917113830819377
45.30000000000037 1.917113831857795
45.40000000000038 1.917113832888705
45.50000000000038 1.91711383391218
45.60000000000038 1.917113834928291
45.70000000000038 1.917113835937108
45.80000000000038 1.917113836938704
45.90000000000038 1.917113837933143
46.00000000000038 1.917113838920496
46.10000000000039 1.917113839900829
46.20000000000039 1.917113840874209
46.30000000000039 1.917113841840701
46.40000000000039 1.91711384280037
46.50000000000039 1.917113843753282
46.60000000000039 1.917113844699498
46.70000000000039 1.917113845639079
46.8000000000004 1.917113846572091
46.9000000000004 1.917113847498593
47.0000000000004 1.917113848418646
47.1000000000004 1.917113849332308
47.2000000000004 1.91711385023964
47.3000000000004 1.9171138511407
47.4000000000004 1.917113852035545
47.50000000000041 1.917113852924232
47.60000000000041 1.917113853806819
47.70000000000041 1.917113854683359
47.80000000000041 1.91711385555391
47.90000000000041 1.917113856418524
48.00000000000041 1.917113857277256
48.10000000000041 1.91711385813016
48.20000000000041 1.917113858977287
48.30000000000042 1.91711385981869
48.40000000000042 1.91711386065442
48.50000000000042 1.917113861484529
48.60000000000042 1.917113862309066
48.70000000000042 1.917113863128081
48.80000000000042 1.917113863941623
48.90000000000042 1.917113864749742
49.00000000000043 1.917113865552485
49.10000000000043 1.917113866349899
49.20000000000043 1.917113867142033
49.30000000000043 1.917113867928931
49.40000000000043 1.917113868710642
49.50000000000043 1.917113869487209
49.60000000000043 1.917113870258678
49.70000000000044 1.917113871025093
49.80000000000044 1.917113871786499
49.90000000000044 1.917113872542939
50.00000000000044 1.917113873294456
