0 -0.01984472870594979
0.1 -0.01984377856086291
0.2 -0.0198428286255307
0.3 -0.01984187892745349
0.4 -0.01984092952964236
0.5 -0.01983998054843182
0.6 -0.01983903217367919
0.7 -0.0198380846923395
0.7999999999999999 -0.01983713851662769
0.8999999999999999 -0.01983619421829292
0.9999999999999999 -0.0198352525709659
1.1 -0.01983431460314387
1.2 -0.01983338166521482
1.3 -0.01983245551509252
1.4 -0.01983153842867837
1.5 -0.01983063334370466
1.6 -0.01982974404887505
1.7 -0.01982887543511085
1.8 -0.01982803383293421
1.900000000000001 -0.01982722747084285
2 -0.01982646710602134
2.100000000000001 -0.01982576690431628
2.200000000000001 -0.01982514568688446
2.300000000000001 -0.01982462872638917
2.400000000000001 -0.01982425038407156
2.500000000000001 -0.01982405806354851
2.600000000000001 -0.01982411828066478
2.700000000000001 -0.0198245262351663
2.800000000000001 -0.0198254213744241
2.900000000000001 -0.01982701361222284
3.000000000000001 -0.01982962936117853
3.100000000000001 -0.01983379640450669
3.200000000000002 -0.01984040986428605
3.300000000000002 -0.01985108106786277
3.400000000000002 -0.0198689406573238
3.500000000000002 -0.01990071936695546
3.600000000000002 -0.0199630788463608
3.700000000000002 -0.02010692903919332
3.800000000000002 -0.0205534218238268
3.900000000000002 -0.02329499347825485
4.000000000000002 -0.004411906950934186
4.100000000000001 0.2443740448585346
4.200000000000001 0.2436580087300679
4.300000000000001 0.2433074425127356
4.4 0.2428673304283904
4.5 0.2415754051151311
4.6 0.2283872964166053
4.699999999999999 2.201599461978794
4.799999999999999 2.198830706368151
4.899999999999999 2.198416334841789
4.999999999999998 2.198304371417967
5.099999999999998 2.198253802389911
5.199999999999998 2.198224732858967
5.299999999999997 2.198205702897511
5.399999999999997 2.198192272667613
5.499999999999996 2.198182335391474
5.599999999999996 2.198174739590891
5.699999999999996 2.198168791466252
5.799999999999995 2.198164043785054
5.899999999999995 2.198160194075654
5.999999999999995 2.19815703036294
6.099999999999994 2.198154399941711
6.199999999999994 2.198152190329749
6.299999999999994 2.198150317119208
6.399999999999993 2.198148715951966
6.499999999999993 2.198147337067679
6.599999999999993 2.198146141512563
6.699999999999992 2.198145098450471
6.799999999999992 2.198144183222966
6.899999999999991 2.198143375928497
6.999999999999991 2.198142660367704
7.099999999999991 2.198142023250897
7.19999999999999 2.198141453595924
7.29999999999999 2.198140942265988
7.39999999999999 2.198140481611528
7.499999999999989 2.198140065190321
7.599999999999989 2.198139687546912
7.699999999999989 2.198139344037472
7.799999999999988 2.198139030689738
7.899999999999988 2.198138744090257
7.999999999999988 2.198138481293021
8.099999999999987 2.198138239745014
8.199999999999987 2.198138017225178
8.299999999999986 2.198137811794127
8.399999999999986 2.198137621752488
8.499999999999986 2.19813744560625
8.599999999999985 2.198137282037779
8.699999999999985 2.198137129881488
8.799999999999985 2.198136988103325
8.899999999999984 2.198136855783403
8.999999999999984 2.19813673210125
9.099999999999984 2.198136616323216
9.199999999999983 2.198136507791715
9.299999999999983 2.198136405915973
9.399999999999983 2.198136310164063
9.499999999999982 2.198136220056028
9.599999999999982 2.198136135157919
9.699999999999982 2.198136055076614
9.799999999999981 2.1981359794553
9.899999999999981 2.198135907969533
9.99999999999998 2.198135840323787
10.09999999999998 2.198135776248414
10.19999999999998 2.198135715496984
10.29999999999998 2.198135657843928
10.39999999999998 2.198135603082456
10.49999999999998 2.198135551022718
10.59999999999998 2.198135501490166
10.69999999999998 2.198135454324103
10.79999999999998 2.198135409376382
10.89999999999998 2.198135366510256
10.99999999999998 2.198135325599334
11.09999999999998 2.198135286526664
11.19999999999998 2.198135249183898
11.29999999999998 2.198135213470542
11.39999999999998 2.198135179293286
11.49999999999998 2.198135146565394
11.59999999999997 2.198135115206164
11.69999999999997 2.198135085140422
11.79999999999997 2.198135056298083
11.89999999999997 2.198135028613735
11.99999999999997 2.19813500202628
12.09999999999997 2.19813497647859
12.19999999999997 2.198134951917204
12.29999999999997 2.198134928292051
12.39999999999997 2.198134905556196
12.49999999999997 2.198134883665601
12.59999999999997 2.198134862578921
12.69999999999997 2.198134842257307
12.79999999999997 2.198134822664223
12.89999999999997 2.19813480376529
12.99999999999997 2.198134785528131
13.09999999999997 2.198134767922228
13.19999999999997 2.198134750918809
13.29999999999997 2.198134734490716
13.39999999999997 2.198134718612302
13.49999999999997 2.198134703259337
13.59999999999997 2.198134688408906
13.69999999999997 2.198134674039331
13.79999999999997 2.19813466013009
13.89999999999997 2.198134646661742
13.99999999999997 2.19813463361586
14.09999999999997 2.198134620974972
14.19999999999997 2.198134608722497
14.29999999999997 2.198134596842695
14.39999999999996 2.198134585320613
14.49999999999996 2.198134574142042
14.59999999999996 2.198134563293471
14.69999999999996 2.198134552762043
14.79999999999996 2.198134542535524
14.89999999999996 2.198134532602264
14.99999999999996 2.198134522951162
15.09999999999996 2.198134513571638
15.19999999999996 2.198134504453604
15.29999999999996 2.198134495587435
15.39999999999996 2.198134486963942
15.49999999999996 2.198134478574356
15.59999999999996 2.198134470410297
15.69999999999996 2.198134462463758
15.79999999999996 2.198134454727082
15.89999999999996 2.198134447192948
15.99999999999996 2.198134439854352
16.09999999999996 2.198134432704587
16.19999999999996 2.198134425737234
16.29999999999996 2.198134418946143
16.39999999999996 2.198134412325421
16.49999999999996 2.198134405869417
16.59999999999997 2.198134399572716
16.69999999999997 2.198134393430123
16.79999999999997 2.198134387436649
16.89999999999997 2.198134381587511
16.99999999999997 2.198134375878111
17.09999999999997 2.198134370304035
17.19999999999997 2.198134364861044
17.29999999999998 2.198134359545058
17.39999999999998 2.19813435435216
17.49999999999998 2.198134349278581
17.59999999999998 2.198134344320693
17.69999999999998 2.198134339475007
17.79999999999998 2.198134334738163
17.89999999999998 2.198134330106928
17.99999999999999 2.198134325578187
18.09999999999999 2.198134321148939
18.19999999999999 2.198134316816289
18.29999999999999 2.198134312577452
18.39999999999999 2.19813430842974
18.49999999999999 2.198134304370559
18.59999999999999 2.198134300397408
18.7 2.198134296507876
18.8 2.198134292699631
18.9 2.198134288970425
19 2.198134285318087
19.1 2.198134281740521
19.2 2.198134278235698
19.3 2.19813427480166
19.40000000000001 2.198134271436515
19.50000000000001 2.198134268138432
19.60000000000001 2.198134264905642
19.70000000000001 2.198134261736433
19.80000000000001 2.19813425862915
19.90000000000001 2.19813425558219
20.00000000000001 2.198134252594
20.10000000000002 2.198134249663082
20.20000000000002 2.19813424678798
20.30000000000002 2.198134243967286
20.40000000000002 2.198134241199636
20.50000000000002 2.19813423848371
20.60000000000002 2.198134235818228
20.70000000000002 2.198134233201945
20.80000000000003 2.198134230633663
20.90000000000003 2.19813422811221
21.00000000000003 2.198134225636459
21.10000000000003 2.198134223205309
21.20000000000003 2.198134220817698
21.30000000000003 2.198134218472591
21.40000000000003 2.198134216168986
21.50000000000004 2.19813421390591
21.60000000000004 2.198134211682418
21.70000000000004 2.19813420949759
21.80000000000004 2.198134207350539
21.90000000000004 2.198134205240396
22.00000000000004 2.198134203166322
22.10000000000004 2.1981342011275
22.20000000000005 2.198134199123133
22.30000000000005 2.198134197152452
22.40000000000005 2.198134195214704
22.50000000000005 2.198134193309162
22.60000000000005 2.198134191435115
22.70000000000005 2.198134189591874
22.80000000000005 2.198134187778765
22.90000000000006 2.198134185995137
23.00000000000006 2.198134184240355
23.10000000000006 2.198134182513798
23.20000000000006 2.198134180814866
23.30000000000006 2.198134179142972
23.40000000000006 2.198134177497547
23.50000000000006 2.198134175878034
23.60000000000007 2.198134174283891
23.70000000000007 2.198134172714593
23.80000000000007 2.198134171169624
23.90000000000007 2.198134169648486
24.00000000000007 2.19813416815069
24.10000000000007 2.198134166675762
24.20000000000007 2.198134165223239
24.30000000000008 2.198134163792667
24.40000000000008 2.19813416238361
24.50000000000008 2.198134160995636
24.60000000000008 2.198134159628326
24.70000000000008 2.198134158281274
24.80000000000008 2.198134156954082
24.90000000000008 2.198134155646359
25.00000000000009 2.198134154357729
25.10000000000009 2.19813415308782
25.20000000000009 2.198134151836273
25.30000000000009 2.198134150602734
25.40000000000009 2.198134149386861
25.50000000000009 2.198134148188316
25.60000000000009 2.198134147006773
25.7000000000001 2.198134145841912
25.8000000000001 2.19813414469342
25.9000000000001 2.198134143560991
26.0000000000001 2.198134142444328
26.1000000000001 2.19813414134314
26.2000000000001 2.198134140257142
26.3000000000001 2.198134139186056
26.40000000000011 2.19813413812961
26.50000000000011 2.198134137087538
26.60000000000011 2.198134136059581
26.70000000000011 2.198134135045485
26.80000000000011 2.198134134045003
26.90000000000011 2.198134133057891
27.00000000000011 2.198134132083914
27.10000000000012 2.198134131122836
27.20000000000012 2.198134130174434
27.30000000000012 2.198134129238485
27.40000000000012 2.198134128314771
27.50000000000012 2.198134127403082
27.60000000000012 2.198134126503208
27.70000000000012 2.198134125614946
27.80000000000013 2.198134124738098
27.90000000000013 2.198134123872468
28.00000000000013 2.198134123017867
28.10000000000013 2.198134122174108
28.20000000000013 2.198134121341008
28.30000000000013 2.198134120518388
28.40000000000013 2.198134119706074
28.50000000000014 2.198134118903893
28.60000000000014 2.198134118111679
28.70000000000014 2.198134117329267
28.80000000000014 2.198134116556494
28.90000000000014 2.198134115793205
29.00000000000014 2.198134115039243
29.10000000000014 2.19813411429446
29.20000000000014 2.198134113558706
29.30000000000015 2.198134112831834
29.40000000000015 2.198134112113704
29.50000000000015 2.198134111404174
29.60000000000015 2.19813411070311
29.70000000000015 2.198134110010377
29.80000000000015 2.198134109325842
29.90000000000015 2.198134108649378
30.00000000000016 2.198134107980857
30.10000000000016 2.198134107320156
30.20000000000016 2.198134106667153
30.30000000000016 2.19813410602173
30.40000000000016 2.19813410538377
30.50000000000016 2.198134104753157
30.60000000000016 2.198134104129781
30.70000000000017 2.198134103513529
30.80000000000017 2.198134102904294
30.90000000000017 2.19813410230197
31.00000000000017 2.198134101706454
31.10000000000017 2.198134101117641
31.20000000000017 2.198134100535434
31.30000000000017 2.198134099959733
31.40000000000018 2.19813409939044
31.50000000000018 2.198134098827463
31.60000000000018 2.198134098270707
31.70000000000018 2.198134097720081
31.80000000000018 2.198134097175497
31.90000000000018 2.198134096636865
32.00000000000018 2.198134096104098
32.10000000000019 2.198134095577113
32.20000000000019 2.198134095055826
32.30000000000019 2.198134094540155
32.40000000000019 2.198134094030021
32.50000000000019 2.198134093525342
32.60000000000019 2.198134093026043
32.70000000000019 2.198134092532047
32.8000000000002 2.198134092043279
32.9000000000002 2.198134091559667
33.0000000000002 2.198134091081137
33.1000000000002 2.198134090607618
33.2000000000002 2.198134090139042
33.3000000000002 2.198134089675337
33.4000000000002 2.19813408921644
33.50000000000021 2.198134088762282
33.60000000000021 2.198134088312798
33.70000000000021 2.198134087867925
33.80000000000021 2.198134087427601
33.90000000000021 2.198134086991762
34.00000000000021 2.198134086560348
34.10000000000021 2.198134086133301
34.20000000000022 2.198134085710561
34.30000000000022 2.19813408529207
34.40000000000022 2.198134084877772
34.50000000000022 2.19813408446761
34.60000000000022 2.19813408406153
34.70000000000022 2.198134083659478
34.80000000000022 2.198134083261401
34.90000000000023 2.198134082867247
35.00000000000023 2.198134082476964
35.10000000000023 2.198134082090501
35.20000000000023 2.198134081707809
35.30000000000023 2.19813408132884
35.40000000000023 2.198134080953544
35.50000000000023 2.198134080581875
35.60000000000024 2.198134080213786
35.70000000000024 2.198134079849232
35.80000000000024 2.198134079488166
35.90000000000024 2.198134079130545
36.00000000000024 2.198134078776325
36.10000000000024 2.198134078425463
36.20000000000024 2.198134078077917
36.30000000000025 2.198134077733646
36.40000000000025 2.198134077392607
36.50000000000025 2.19813407705476
36.60000000000025 2.198134076720068
36.70000000000025 2.198134076388488
36.80000000000025 2.198134076059984
36.90000000000025 2.198134075734518
37.00000000000026 2.198134075412052
37.10000000000026 2.198134075092549
37.20000000000026 2.198134074775974
37.30000000000026 2.19813407446229
37.40000000000026 2.198134074151463
37.50000000000026 2.198134073843458
37.60000000000026 2.198134073538239
37.70000000000027 2.198134073235777
37.80000000000027 2.198134072936035
37.90000000000027 2.198134072638981
38.00000000000027 2.198134072344585
38.10000000000027 2.198134072052813
38.20000000000027 2.198134071763635
38.30000000000027 2.198134071477021
38.40000000000028 2.19813407119294
38.50000000000028 2.198134070911362
38.60000000000028 2.198134070632258
38.70000000000028 2.1981340703556
38.80000000000028 2.198134070081358
38.90000000000028 2.198134069809505
39.00000000000028 2.198134069540012
39.10000000000029 2.198134069272853
39.20000000000029 2.198134069008001
39.30000000000029 2.198134068745428
39.40000000000029 2.198134068485111
39.50000000000029 2.198134068227022
39.60000000000029 2.198134067971136
39.70000000000029 2.198134067717428
39.8000000000003 2.198134067465872
39.9000000000003 2.198134067216447
40.0000000000003 2.198134066969127
40.1000000000003 2.198134066723888
40.2000000000003 2.198134066480708
40.3000000000003 2.198134066239563
40.4000000000003 2.19813406600043
40.50000000000031 2.198134065763288
40.60000000000031 2.198134065528115
40.70000000000031 2.198134065294888
40.80000000000031 2.198134065063586
40.90000000000031 2.198134064834188
41.00000000000031 2.198134064606673
41.10000000000031 2.198134064381021
41.20000000000032 2.198134064157211
41.30000000000032 2.198134063935224
41.40000000000032 2.198134063715039
41.50000000000032 2.198134063496638
41.60000000000032 2.19813406328
41.70000000000032 2.198134063065108
41.80000000000032 2.198134062851941
41.90000000000033 2.198134062640483
42.00000000000033 2.198134062430715
42.10000000000033 2.198134062222618
42.20000000000033 2.198134062016175
42.30000000000033 2.198134061811369
42.40000000000033 2.198134061608182
42.50000000000033 2.198134061406596
42.60000000000034 2.198134061206598
42.70000000000034 2.198134061008167
42.80000000000034 2.198134060811289
42.90000000000034 2.198134060615948
43.00000000000034 2.198134060422127
43.10000000000034 2.19813406022981
43.20000000000034 2.198134060038983
43.30000000000035 2.198134059849629
43.40000000000035 2.198134059661735
43.50000000000035 2.198134059475284
43.60000000000035 2.198134059290262
43.70000000000035 2.198134059106654
43.80000000000035 2.198134058924446
43.90000000000035 2.198134058743624
44.00000000000036 2.198134058564174
44.10000000000036 2.198134058386082
44.20000000000036 2.198134058209335
44.30000000000036 2.198134058033918
44.40000000000036 2.198134057859818
44.50000000000036 2.198134057687023
44.60000000000036 2.198134057515519
44.70000000000037 2.198134057345294
44.80000000000037 2.198134057176335
44.90000000000037 2.198134057008629
45.00000000000037 2.198134056842164
45.10000000000037 2.198134056676928
45.20000000000037 2.198134056512907
45.30000000000037 2.198134056350092
45.40000000000038 2.19813405618847
45.50000000000038 2.198134056028031
45.60000000000038 2.198134055868759
45.70000000000038 2.198134055710647
45.80000000000038 2.198134055553682
45.90000000000038 2.198134055397853
46.00000000000038 2.198134055243151
46.10000000000039 2.198134055089561
46.20000000000039 2.198134054937077
46.30000000000039 2.198134054785684
46.40000000000039 2.198134054635375
46.50000000000039 2.198134054486139
46.60000000000039 2.198134054337965
46.70000000000039 2.198134054190844
46.8000000000004 2.198134054044764
46.9000000000004 2.198134053899716
47.0000000000004 2.198134053755693
47.1000000000004 2.198134053612682
47.2000000000004 2.198134053470675
47.3000000000004 2.198134053329662
47.4000000000004 2.198134053189634
47.50000000000041 2.198134053050583
47.60000000000041 2.198134052912498
47.70000000000041 2.198134052775372
47.80000000000041 2.198134052639195
47.90000000000041 2.198134052503958
48.00000000000041 2.198134052369652
48.10000000000041 2.19813405223627
48.20000000000041 2.198134052103803
48.30000000000042 2.198134051972241
48.40000000000042 2.198134051841579
48.50000000000042 2.198134051711806
48.60000000000042 2.198134051582915
48.70000000000042 2.198134051454899
48.80000000000042 2.198134051327747
48.90000000000042 2.198134051201454
49.00000000000043 2.198134051076013
49.10000000000043 2.198134050951414
49.20000000000043 2.198134050827651
49.30000000000043 2.198134050704714
49.40000000000043 2.1981340505826
49.50000000000043 2.198134050461298
49.60000000000043 2.198134050340803
49.70000000000044 2.198134050221106
49.80000000000044 2.198134050102201
49.90000000000044 2.198134049984082
50.00000000000044 2.198134049866741
