0 -0.01984472870594979
0.1 -0.01983902391568625
0.2 -0.01983332635935676
0.3 -0.01982763610306442
0.4 -0.01982195338173852
0.5 -0.0198162786977395
0.6 -0.01981061292963427
0.7 -0.01980495745618416
0.7999999999999999 -0.01979931430151088
0.8999999999999999 -0.01979368630874296
0.9999999999999999 -0.01978807735131902
1.1 -0.01978249259371656
1.2 -0.01977693881694555
1.3 -0.01977142482907804
1.4 -0.01976596198793106
1.5 -0.01976056487260244
1.6 -0.01975525215409628
1.7 -0.01975004773461222
1.8 -0.01974498225302848
1.900000000000001 -0.01974009509506657
2 -0.01973543710750504
2.100000000000001 -0.0197310743077364
2.200000000000001 -0.01972709302116899
2.300000000000001 -0.01972360709998517
2.400000000000001 -0.0197207682298471
2.500000000000001 -0.01971878090810229
2.600000000000001 -0.0197179246436725
2.700000000000001 -0.01971858759387992
2.800000000000001 -0.01972131881208256
2.900000000000001 -0.01972691172421652
3.000000000000001 -0.01973654187628911
3.100000000000001 -0.01975200288274126
3.200000000000002 -0.01977612862701037
3.300000000000002 -0.01981358890679663
3.400000000000002 -0.01987248550351207
3.500000000000002 -0.01996780976535002
3.600000000000002 -0.02012969615254776
3.700000000000002 -0.02042578337263002
3.800000000000002 -0.02103321599920146
3.900000000000002 -0.02253656704863841
4.000000000000002 -0.02776161708917603
4.100000000000001 -0.05993781826481069
4.200000000000001 0.4838771434907201
4.300000000000001 0.4206408882953784
4.4 0.4145724505886826
4.5 0.4121054582733917
4.6 0.4100369739514325
4.699999999999999 0.4101913501456522
4.799999999999999 0.4186219148512584
4.899999999999999 0.4205796702809501
4.999999999999998 0.4193092264136339
5.099999999999998 0.4183698398526828
5.199999999999998 0.4178153838706944
5.299999999999997 0.4174778316598317
5.399999999999997 0.4172599410818058
5.499999999999996 0.4171114771391111
5.599999999999996 0.4170056423523238
5.699999999999996 0.4169273501887061
5.799999999999995 0.4168676450083141
5.899999999999995 0.4168209533274909
5.999999999999995 0.4167836612362623
6.099999999999994 0.4167533409433807
6.199999999999994 0.4167283107528413
6.299999999999994 0.4167073743666785
6.399999999999993 0.4166896607669101
6.499999999999993 0.4166745226796614
6.599999999999993 0.416661470333403
6.699999999999992 0.4166501271343466
6.799999999999992 0.4166401993268831
6.899999999999991 0.416631454798614
6.999999999999991 0.4166237079984749
7.099999999999991 0.4166168090241042
7.19999999999999 0.4166106356050318
7.29999999999999 0.4166050871309638
7.39999999999999 0.4166000801465533
7.499999999999989 0.4165955449125875
7.599999999999989 0.4165914227527421
7.699999999999989 0.4165876639859649
7.799999999999988 0.4165842263002901
7.899999999999988 0.4165810734628262
7.999999999999988 0.4165781742882195
8.099999999999987 0.4165755018076294
8.199999999999987 0.416573032594559
8.299999999999986 0.4165707462143483
8.399999999999986 0.4165686247718801
8.499999999999986 0.4165666525378254
8.599999999999985 0.4165648156381094
8.699999999999985 0.4165631017945713
8.799999999999985 0.4165615001073296
8.899999999999984 0.4165600008713028
8.999999999999984 0.4165585954208504
9.099999999999984 0.4165572759976807
9.199999999999983 0.4165560356380973
9.299999999999983 0.4165548680763935
9.399999999999983 0.4165537676617859
9.499999999999982 0.4165527292867482
9.599999999999982 0.4165517483249764
9.699999999999982 0.4165508205775284
9.799999999999981 0.4165499422259176
9.899999999999981 0.4165491097911499
9.99999999999998 0.4165483200978514
10.09999999999998 0.4165475702427724
10.19999999999998 0.4165468575670639
10.29999999999998 0.4165461796318176
10.39999999999998 0.4165455341964313
10.49999999999998 0.4165449191994359
10.59999999999998 0.4165443327414616
10.69999999999998 0.4165437730700774
10.79999999999998 0.4165432385662695
10.89999999999998 0.4165427277323568
10.99999999999998 0.4165422391811729
11.09999999999998 0.4165417716263633
11.19999999999998 0.4165413238736661
11.29999999999998 0.4165408948130673
11.39999999999998 0.4165404834117263
11.49999999999998 0.4165400887075909
11.59999999999997 0.4165397098036212
11.69999999999997 0.4165393458625605
11.79999999999997 0.416538996102192
11.89999999999997 0.4165386597910306
11.99999999999997 0.416538336244406
12.09999999999997 0.4165380248208949
12.19999999999997 0.4165377249190677
12.29999999999997 0.4165374359745196
12.39999999999997 0.4165371574571555
12.49999999999997 0.416536888868706
12.59999999999997 0.4165366297404519
12.69999999999997 0.4165363796311369
12.79999999999997 0.4165361381250497
12.89999999999997 0.4165359048302634
12.99999999999997 0.4165356793770142
13.09999999999997 0.4165354614162076
13.19999999999997 0.4165352506180425
13.29999999999997 0.41653504667074
13.39999999999997 0.4165348492793703
13.49999999999997 0.4165346581647678
13.59999999999997 0.4165344730625264
13.69999999999997 0.4165342937220702
13.79999999999997 0.4165341199057905
13.89999999999997 0.416533951388247
13.99999999999997 0.4165337879554241
14.09999999999997 0.4165336294040412
14.19999999999997 0.4165334755409108
14.29999999999997 0.4165333261823412
14.39999999999996 0.41653318115358
14.49999999999996 0.4165330402882952
14.59999999999996 0.4165329034280917
14.69999999999996 0.41653277042206
14.79999999999996 0.4165326411263537
14.89999999999996 0.4165325154037963
14.99999999999996 0.4165323931235113
15.09999999999996 0.4165322741605781
15.19999999999996 0.4165321583957084
15.29999999999996 0.416532045714943
15.39999999999996 0.4165319360093684
15.49999999999996 0.4165318291748505
15.59999999999996 0.4165317251117838
15.69999999999996 0.4165316237248569
15.79999999999996 0.4165315249228315
15.89999999999996 0.416531428618335
15.99999999999996 0.4165313347276652
16.09999999999996 0.4165312431706057
16.19999999999996 0.4165311538702535
16.29999999999996 0.4165310667528554
16.39999999999996 0.416530981747654
16.49999999999996 0.4165308987867427
16.59999999999997 0.4165308178049284
16.69999999999997 0.4165307387396024
16.79999999999997 0.4165306615306181
16.89999999999997 0.4165305861201755
16.99999999999997 0.4165305124527117
17.09999999999997 0.4165304404747976
17.19999999999997 0.4165303701350405
17.29999999999998 0.4165303013839912
17.39999999999998 0.4165302341740563
17.49999999999998 0.416530168459415
17.59999999999998 0.4165301041959404
17.69999999999998 0.416530041341125
17.79999999999998 0.416529979854009
17.89999999999998 0.4165299196951143
17.99999999999999 0.4165298608263792
18.09999999999999 0.4165298032110984
18.19999999999999 0.4165297468138656
18.29999999999999 0.4165296916005178
18.39999999999999 0.4165296375380838
18.49999999999999 0.4165295845947343
18.59999999999999 0.4165295327397351
18.7 0.4165294819434013
18.8 0.4165294321770555
18.9 0.4165293834129863
19 0.4165293356244093
19.1 0.4165292887854311
19.2 0.4165292428710127
19.3 0.4165291978569366
19.40000000000001 0.4165291537197743
19.50000000000001 0.4165291104368556
19.60000000000001 0.4165290679862398
19.70000000000001 0.4165290263466867
19.80000000000001 0.4165289854976308
19.90000000000001 0.4165289454191551
20.00000000000001 0.4165289060919673
20.10000000000002 0.4165288674973755
20.20000000000002 0.4165288296172668
20.30000000000002 0.4165287924340854
20.40000000000002 0.416528755930812
20.50000000000002 0.4165287200909449
20.60000000000002 0.4165286848984803
20.70000000000002 0.4165286503378949
20.80000000000003 0.4165286163941289
20.90000000000003 0.4165285830525685
21.00000000000003 0.4165285502990312
21.10000000000003 0.4165285181197501
21.20000000000003 0.4165284865013592
21.30000000000003 0.41652845543088
21.40000000000003 0.4165284248957072
21.50000000000004 0.4165283948835971
21.60000000000004 0.4165283653826538
21.70000000000004 0.4165283363813188
21.80000000000004 0.4165283078683582
21.90000000000004 0.4165282798328532
22.00000000000004 0.416528252264188
22.10000000000004 0.4165282251520413
22.20000000000005 0.4165281984863756
22.30000000000005 0.4165281722574281
22.40000000000005 0.4165281464557015
22.50000000000005 0.4165281210719558
22.60000000000005 0.4165280960971999
22.70000000000005 0.4165280715226831
22.80000000000005 0.4165280473398881
22.90000000000006 0.416528023540523
23.00000000000006 0.4165280001165144
23.10000000000006 0.4165279770600008
23.20000000000006 0.4165279543633252
23.30000000000006 0.4165279320190298
23.40000000000006 0.4165279100198487
23.50000000000006 0.4165278883587027
23.60000000000007 0.4165278670286935
23.70000000000007 0.4165278460230981
23.80000000000007 0.4165278253353631
23.90000000000007 0.4165278049591003
24.00000000000007 0.4165277848880811
24.10000000000007 0.4165277651162321
24.20000000000007 0.4165277456376305
24.30000000000008 0.4165277264464992
24.40000000000008 0.4165277075372029
24.50000000000008 0.416527688904244
24.60000000000008 0.4165276705422583
24.70000000000008 0.4165276524460113
24.80000000000008 0.4165276346103944
24.90000000000008 0.4165276170304215
25.00000000000009 0.4165275997012248
25.10000000000009 0.4165275826180524
25.20000000000009 0.4165275657762642
25.30000000000009 0.4165275491713293
25.40000000000009 0.4165275327988228
25.50000000000009 0.4165275166544224
25.60000000000009 0.4165275007339062
25.7000000000001 0.4165274850331493
25.8000000000001 0.416527469548122
25.9000000000001 0.416527454274886
26.0000000000001 0.4165274392095929
26.1000000000001 0.4165274243484813
26.2000000000001 0.4165274096878746
26.3000000000001 0.4165273952241785
26.40000000000011 0.4165273809538793
26.50000000000011 0.416527366873541
26.60000000000011 0.4165273529798038
26.70000000000011 0.4165273392693819
26.80000000000011 0.4165273257390616
26.90000000000011 0.4165273123856993
27.00000000000011 0.41652729920622
27.10000000000012 0.4165272861976149
27.20000000000012 0.4165272733569402
27.30000000000012 0.4165272606813153
27.40000000000012 0.4165272481679211
27.50000000000012 0.4165272358139988
27.60000000000012 0.4165272236168472
27.70000000000012 0.4165272115738232
27.80000000000013 0.4165271996823384
27.90000000000013 0.4165271879398589
28.00000000000013 0.4165271763439034
28.10000000000013 0.4165271648920424
28.20000000000013 0.4165271535818961
28.30000000000013 0.416527142411134
28.40000000000013 0.4165271313774735
28.50000000000014 0.416527120478678
28.60000000000014 0.416527109712557
28.70000000000014 0.4165270990769638
28.80000000000014 0.4165270885697953
28.90000000000014 0.4165270781889906
29.00000000000014 0.4165270679325298
29.10000000000014 0.4165270577984334
29.20000000000014 0.4165270477847611
29.30000000000015 0.4165270378896109
29.40000000000015 0.4165270281111185
29.50000000000015 0.4165270184474557
29.60000000000015 0.4165270088968301
29.70000000000015 0.4165269994574846
29.80000000000015 0.4165269901276956
29.90000000000015 0.4165269809057731
30.00000000000016 0.4165269717900594
30.10000000000016 0.4165269627789285
30.20000000000016 0.4165269538707857
30.30000000000016 0.4165269450640663
30.40000000000016 0.4165269363572354
30.50000000000016 0.4165269277487869
30.60000000000016 0.4165269192372433
30.70000000000017 0.4165269108211543
30.80000000000017 0.4165269024990969
30.90000000000017 0.4165268942696748
31.00000000000017 0.4165268861315169
31.10000000000017 0.4165268780832779
31.20000000000017 0.4165268701236373
31.30000000000017 0.416526862251298
31.40000000000018 0.4165268544649876
31.50000000000018 0.416526846763456
31.60000000000018 0.4165268391454761
31.70000000000018 0.416526831609843
31.80000000000018 0.4165268241553732
31.90000000000018 0.4165268167809046
32.00000000000018 0.4165268094852957
32.10000000000019 0.4165268022674256
32.20000000000019 0.4165267951261927
32.30000000000019 0.4165267880605154
32.40000000000019 0.4165267810693309
32.50000000000019 0.4165267741515948
32.60000000000019 0.4165267673062815
32.70000000000019 0.4165267605323829
32.8000000000002 0.4165267538289082
32.9000000000002 0.416526747194884
33.0000000000002 0.416526740629354
33.1000000000002 0.4165267341313775
33.2000000000002 0.4165267277000305
33.3000000000002 0.4165267213344048
33.4000000000002 0.4165267150336071
33.50000000000021 0.4165267087967597
33.60000000000021 0.4165267026229997
33.70000000000021 0.4165266965114783
33.80000000000021 0.4165266904613616
33.90000000000021 0.4165266844718289
34.00000000000021 0.4165266785420738
34.10000000000021 0.4165266726713029
34.20000000000022 0.4165266668587359
34.30000000000022 0.4165266611036056
34.40000000000022 0.4165266554051574
34.50000000000022 0.4165266497626489
34.60000000000022 0.4165266441753497
34.70000000000022 0.4165266386425417
34.80000000000022 0.4165266331635182
34.90000000000023 0.4165266277375839
35.00000000000023 0.4165266223640547
35.10000000000023 0.4165266170422576
35.20000000000023 0.4165266117715302
35.30000000000023 0.416526606551221
35.40000000000023 0.4165266013806884
35.50000000000023 0.4165265962593014
35.60000000000024 0.4165265911864386
35.70000000000024 0.4165265861614889
35.80000000000024 0.4165265811838501
35.90000000000024 0.4165265762529302
36.00000000000024 0.4165265713681458
36.10000000000024 0.4165265665289229
36.20000000000024 0.4165265617346964
36.30000000000025 0.4165265569849098
36.40000000000025 0.4165265522790154
36.50000000000025 0.4165265476164736
36.60000000000025 0.4165265429967533
36.70000000000025 0.4165265384193313
36.80000000000025 0.416526533883693
36.90000000000025 0.4165265293893307
37.00000000000026 0.4165265249357451
37.10000000000026 0.4165265205224439
37.20000000000026 0.4165265161489426
37.30000000000026 0.4165265118147639
37.40000000000026 0.4165265075194374
37.50000000000026 0.4165265032625
37.60000000000026 0.4165264990434955
37.70000000000027 0.4165264948619739
37.80000000000027 0.4165264907174927
37.90000000000027 0.4165264866096153
38.00000000000027 0.4165264825379119
38.10000000000027 0.4165264785019586
38.20000000000027 0.416526474501338
38.30000000000027 0.4165264705356386
38.40000000000028 0.4165264666044551
38.50000000000028 0.4165264627073877
38.60000000000028 0.4165264588440428
38.70000000000028 0.4165264550140321
38.80000000000028 0.4165264512169732
38.90000000000028 0.4165264474524888
39.00000000000028 0.4165264437202074
39.10000000000029 0.4165264400197624
39.20000000000029 0.4165264363507926
39.30000000000029 0.416526432712942
39.40000000000029 0.4165264291058594
39.50000000000029 0.4165264255291987
39.60000000000029 0.4165264219826185
39.70000000000029 0.4165264184657824
39.8000000000003 0.4165264149783585
39.9000000000003 0.4165264115200196
40.0000000000003 0.4165264080904431
40.1000000000003 0.4165264046893108
40.2000000000003 0.4165264013163087
40.3000000000003 0.4165263979711275
40.4000000000003 0.4165263946534619
40.50000000000031 0.4165263913630107
40.60000000000031 0.4165263880994771
40.70000000000031 0.416526384862568
40.80000000000031 0.4165263816519947
40.90000000000031 0.416526378467472
41.00000000000031 0.4165263753087186
41.10000000000031 0.4165263721754572
41.20000000000032 0.4165263690674142
41.30000000000032 0.4165263659843196
41.40000000000032 0.4165263629259068
41.50000000000032 0.4165263598919131
41.60000000000032 0.416526356882079
41.70000000000032 0.4165263538961486
41.80000000000032 0.4165263509338694
41.90000000000033 0.4165263479949922
42.00000000000033 0.4165263450792708
42.10000000000033 0.4165263421864628
42.20000000000033 0.4165263393163284
42.30000000000033 0.4165263364686314
42.40000000000033 0.4165263336431382
42.50000000000033 0.4165263308396187
42.60000000000034 0.4165263280578452
42.70000000000034 0.4165263252975938
42.80000000000034 0.4165263225586425
42.90000000000034 0.4165263198407728
43.00000000000034 0.4165263171437688
43.10000000000034 0.4165263144674176
43.20000000000034 0.4165263118115084
43.30000000000035 0.4165263091758337
43.40000000000035 0.4165263065601883
43.50000000000035 0.4165263039643698
43.60000000000035 0.4165263013881781
43.70000000000035 0.4165262988314158
43.80000000000035 0.416526296293888
43.90000000000035 0.4165262937754022
44.00000000000036 0.4165262912757681
44.10000000000036 0.4165262887947982
44.20000000000036 0.4165262863323069
44.30000000000036 0.4165262838881112
44.40000000000036 0.41652628146203
44.50000000000036 0.4165262790538848
44.60000000000036 0.4165262766634993
44.70000000000037 0.4165262742906992
44.80000000000037 0.4165262719353122
44.90000000000037 0.4165262695971684
45.00000000000037 0.4165262672760998
45.10000000000037 0.4165262649719405
45.20000000000037 0.4165262626845266
45.30000000000037 0.416526260413696
45.40000000000038 0.416526258159289
45.50000000000038 0.4165262559211473
45.60000000000038 0.416526253699115
45.70000000000038 0.4165262514930376
45.80000000000038 0.4165262493027628
45.90000000000038 0.4165262471281398
46.00000000000038 0.4165262449690201
46.10000000000039 0.4165262428252562
46.20000000000039 0.4165262406967032
46.30000000000039 0.4165262385832172
46.40000000000039 0.4165262364846564
46.50000000000039 0.4165262344008805
46.60000000000039 0.416526232331751
46.70000000000039 0.4165262302771306
46.8000000000004 0.4165262282368843
46.9000000000004 0.4165262262108781
47.0000000000004 0.4165262241989798
47.1000000000004 0.4165262222010586
47.2000000000004 0.4165262202169854
47.3000000000004 0.4165262182466322
47.4000000000004 0.4165262162898731
47.50000000000041 0.4165262143465832
47.60000000000041 0.416526212416639
47.70000000000041 0.4165262104999186
47.80000000000041 0.4165262085963014
47.90000000000041 0.4165262067056683
48.00000000000041 0.4165262048279013
48.10000000000041 0.4165262029628838
48.20000000000041 0.416526201110501
48.30000000000042 0.4165261992706387
48.40000000000042 0.4165261974431843
48.50000000000042 0.4165261956280263
48.60000000000042 0.416526193825055
48.70000000000042 0.4165261920341612
48.80000000000042 0.4165261902552374
48.90000000000042 0.416526188488177
49.00000000000043 0.4165261867328747
49.10000000000043 0.4165261849892264
49.20000000000043 0.4165261832571293
49.30000000000043 0.4165261815364815
49.40000000000043 0.4165261798271819
49.50000000000043 0.4165261781291315
49.60000000000043 0.4165261764422313
49.70000000000044 0.4165261747663841
49.80000000000044 0.4165261731014936
49.90000000000044 0.4165261714474642
50.00000000000044 0.4165261698042017
