0 -0.01984472870594979
0.1 -0.01984473051342565
0.2 -0.01984473596086835
0.3 -0.0198447451240653
0.4 -0.01984475813184036
0.5 -0.01984477516995794
0.6 -0.01984479648687341
0.7 -0.01984482240164197
0.7999999999999999 -0.01984485331443029
0.8999999999999999 -0.01984488972024593
0.9999999999999999 -0.01984493222672679
1.1 -0.01984498157714194
1.2 -0.01984503868018092
1.3 -0.01984510464870749
1.4 -0.01984518085050441
1.5 -0.01984526897526436
1.6 -0.01984537112388004
1.7 -0.01984548992876004
1.8 -0.01984562871793478
1.900000000000001 -0.01984579174192353
2 -0.0198459844920527
2.100000000000001 -0.01984621415444805
2.200000000000001 -0.01984649026930243
2.300000000000001 -0.01984682570751159
2.400000000000001 -0.01984723814985074
2.500000000000001 -0.01984775238336482
2.600000000000001 -0.01984840396691618
2.700000000000001 -0.01984924526920874
2.800000000000001 -0.01985035577871124
2.900000000000001 -0.01985186045303858
3.000000000000001 -0.019853963996861
3.100000000000001 -0.01985701867551073
3.200000000000002 -0.01986166807702619
3.300000000000002 -0.01986917896467811
3.400000000000002 -0.01988229444093919
3.500000000000002 -0.0199077603032567
3.600000000000002 -0.01996541639822592
3.700000000000002 -0.0201319380664134
3.800000000000002 -0.02088611097632149
3.900000000000002 -0.03184692589123805
4.000000000000002 1.909238599278056
4.100000000000001 1.915707648809821
4.200000000000001 1.916026748143035
4.300000000000001 1.917231705222402
4.4 1.916804122081998
4.5 1.916997063139058
4.6 1.917061836717101
4.699999999999999 1.91708653846639
4.799999999999999 1.917097737991662
4.899999999999999 1.917103532604279
4.999999999999998 1.91710683908285
5.099999999999998 1.9171088705664
5.199999999999998 1.917110192210685
5.299999999999997 1.917111091946076
5.399999999999997 1.917111727363541
5.499999999999996 1.917112189900551
5.599999999999996 1.917112535235946
5.699999999999996 1.917112798676363
5.799999999999995 1.91711300339462
5.899999999999995 1.917113165056563
5.999999999999995 1.917113294528522
6.099999999999994 1.917113399519145
6.199999999999994 1.91711348560661
6.299999999999994 1.917113556899262
6.399999999999993 1.917113616471035
6.499999999999993 1.917113666654782
6.599999999999993 1.917113709243822
6.699999999999992 1.917113745632902
6.799999999999992 1.917113776918406
6.899999999999991 1.917113803970632
6.999999999999991 1.917113827486653
7.099999999999991 1.917113848029442
7.19999999999999 1.917113866057176
7.29999999999999 1.917113881945417
7.39999999999999 1.917113896004055
7.499999999999989 1.917113908490385
7.599999999999989 1.917113919619277
7.699999999999989 1.917113929571154
7.799999999999988 1.917113938498287
7.899999999999988 1.917113946529811
7.999999999999988 1.917113953775742
8.099999999999987 1.917113960330205
8.199999999999987 1.917113966274064
8.299999999999986 1.917113971677054
8.399999999999986 1.917113976599537
8.499999999999986 1.917113981093943
8.599999999999985 1.91711398520596
8.699999999999985 1.917113988975532
8.799999999999985 1.917113992437684
8.899999999999984 1.917113995623216
8.999999999999984 1.91711399855929
9.099999999999984 1.917114001269918
9.199999999999983 1.917114003776386
9.299999999999983 1.917114006097608
9.399999999999983 1.917114008250426
9.499999999999982 1.917114010249877
9.599999999999982 1.917114012109408
9.699999999999982 1.917114013841073
9.799999999999981 1.917114015455702
9.899999999999981 1.917114016963037
9.99999999999998 1.917114018371861
10.09999999999998 1.917114019690109
10.19999999999998 1.917114020924957
10.29999999999998 1.91711402208291
10.39999999999998 1.917114023169873
10.49999999999998 1.917114024191212
10.59999999999998 1.917114025151814
10.69999999999998 1.917114026056135
10.79999999999998 1.917114026908245
10.89999999999998 1.917114027711862
10.99999999999998 1.917114028470393
11.09999999999998 1.917114029186961
11.19999999999998 1.917114029864432
11.29999999999998 1.917114030505441
11.39999999999998 1.91711403111241
11.49999999999998 1.917114031687573
11.59999999999997 1.91711403223299
11.69999999999997 1.917114032750559
11.79999999999997 1.91711403324204
11.89999999999997 1.917114033709056
11.99999999999997 1.917114034153114
12.09999999999997 1.917114034575608
12.19999999999997 1.917114034977833
12.29999999999997 1.917114035360992
12.39999999999997 1.917114035726201
12.49999999999997 1.917114036074502
12.59999999999997 1.917114036406862
12.69999999999997 1.917114036724184
12.79999999999997 1.91711403702731
12.89999999999997 1.917114037317026
12.99999999999997 1.917114037594065
13.09999999999997 1.917114037859114
13.19999999999997 1.917114038112816
13.29999999999997 1.917114038355772
13.39999999999997 1.917114038588545
13.49999999999997 1.917114038811663
13.59999999999997 1.917114039025623
13.69999999999997 1.91711403923089
13.79999999999997 1.917114039427901
13.89999999999997 1.917114039617068
13.99999999999997 1.917114039798778
14.09999999999997 1.917114039973393
14.19999999999997 1.917114040141259
14.29999999999997 1.917114040302698
14.39999999999996 1.917114040458015
14.49999999999996 1.917114040607497
14.59999999999996 1.917114040751416
14.69999999999996 1.917114040890029
14.79999999999996 1.917114041023578
14.89999999999996 1.917114041152293
14.99999999999996 1.91711404127639
15.09999999999996 1.917114041396075
15.19999999999996 1.917114041511542
15.29999999999996 1.917114041622975
15.39999999999996 1.91711404173055
15.49999999999996 1.917114041834431
15.59999999999996 1.917114041934777
15.69999999999996 1.917114042031737
15.79999999999996 1.917114042125451
15.89999999999996 1.917114042216055
15.99999999999996 1.917114042303677
16.09999999999996 1.917114042388439
16.19999999999996 1.917114042470456
16.29999999999996 1.917114042549839
16.39999999999996 1.917114042626693
16.49999999999996 1.917114042701117
16.59999999999997 1.917114042773207
16.69999999999997 1.917114042843054
16.79999999999997 1.917114042910745
16.89999999999997 1.917114042976361
16.99999999999997 1.917114043039982
17.09999999999997 1.917114043101684
17.19999999999997 1.917114043161537
17.29999999999998 1.917114043219612
17.39999999999998 1.917114043275972
17.49999999999998 1.917114043330682
17.59999999999998 1.917114043383801
17.69999999999998 1.917114043435387
17.79999999999998 1.917114043485495
17.89999999999998 1.917114043534177
17.99999999999999 1.917114043581483
18.09999999999999 1.917114043627462
18.19999999999999 1.91711404367216
18.29999999999999 1.917114043715622
18.39999999999999 1.917114043757889
18.49999999999999 1.917114043799004
18.59999999999999 1.917114043839003
18.7 1.917114043877926
18.8 1.917114043915809
18.9 1.917114043952684
19 1.917114043988588
19.1 1.917114044023549
19.2 1.917114044057601
19.3 1.917114044090772
19.40000000000001 1.917114044123089
19.50000000000001 1.917114044154582
19.60000000000001 1.917114044185275
19.70000000000001 1.917114044215194
19.80000000000001 1.917114044244363
19.90000000000001 1.917114044272805
20.00000000000001 1.917114044300544
20.10000000000002 1.9171140443276
20.20000000000002 1.917114044353996
20.30000000000002 1.917114044379749
20.40000000000002 1.917114044404881
20.50000000000002 1.917114044429409
20.60000000000002 1.917114044453352
20.70000000000002 1.917114044476727
20.80000000000003 1.917114044499551
20.90000000000003 1.917114044521839
21.00000000000003 1.917114044543609
21.10000000000003 1.917114044564873
21.20000000000003 1.917114044585648
21.30000000000003 1.917114044605947
21.40000000000003 1.917114044625784
21.50000000000004 1.917114044645171
21.60000000000004 1.917114044664123
21.70000000000004 1.917114044682649
21.80000000000004 1.917114044700763
21.90000000000004 1.917114044718476
22.00000000000004 1.917114044735799
22.10000000000004 1.917114044752743
22.20000000000005 1.917114044769317
22.30000000000005 1.917114044785533
22.40000000000005 1.917114044801399
22.50000000000005 1.917114044816925
22.60000000000005 1.91711404483212
22.70000000000005 1.917114044846993
22.80000000000005 1.917114044861552
22.90000000000006 1.917114044875806
23.00000000000006 1.917114044889762
23.10000000000006 1.917114044903428
23.20000000000006 1.917114044916812
23.30000000000006 1.917114044929921
23.40000000000006 1.917114044942763
23.50000000000006 1.917114044955343
23.60000000000007 1.917114044967668
23.70000000000007 1.917114044979745
23.80000000000007 1.91711404499158
23.90000000000007 1.91711404500318
24.00000000000007 1.917114045014549
24.10000000000007 1.917114045025694
24.20000000000007 1.91711404503662
24.30000000000008 1.917114045047333
24.40000000000008 1.917114045057837
24.50000000000008 1.917114045068138
24.60000000000008 1.91711404507824
24.70000000000008 1.917114045088149
24.80000000000008 1.917114045097869
24.90000000000008 1.917114045107404
25.00000000000009 1.917114045116758
25.10000000000009 1.917114045125937
25.20000000000009 1.917114045134944
25.30000000000009 1.917114045143784
25.40000000000009 1.91711404515246
25.50000000000009 1.917114045160975
25.60000000000009 1.917114045169333
25.7000000000001 1.917114045177539
25.8000000000001 1.917114045185596
25.9000000000001 1.917114045193506
26.0000000000001 1.917114045201274
26.1000000000001 1.917114045208902
26.2000000000001 1.917114045216394
26.3000000000001 1.917114045223753
26.40000000000011 1.91711404523098
26.50000000000011 1.917114045238081
26.60000000000011 1.917114045245057
26.70000000000011 1.91711404525191
26.80000000000011 1.917114045258645
26.90000000000011 1.917114045265262
27.00000000000011 1.917114045271765
27.10000000000012 1.917114045278157
27.20000000000012 1.917114045284439
27.30000000000012 1.917114045290614
27.40000000000012 1.917114045296685
27.50000000000012 1.917114045302652
27.60000000000012 1.917114045308519
27.70000000000012 1.917114045314289
27.80000000000013 1.917114045319961
27.90000000000013 1.91711404532554
28.00000000000013 1.917114045331026
28.10000000000013 1.917114045336422
28.20000000000013 1.917114045341729
28.30000000000013 1.917114045346949
28.40000000000013 1.917114045352085
28.50000000000014 1.917114045357136
28.60000000000014 1.917114045362107
28.70000000000014 1.917114045366997
28.80000000000014 1.91711404537181
28.90000000000014 1.917114045376545
29.00000000000014 1.917114045381206
29.10000000000014 1.917114045385792
29.20000000000014 1.917114045390306
29.30000000000015 1.91711404539475
29.40000000000015 1.917114045399123
29.50000000000015 1.917114045403429
29.60000000000015 1.917114045407667
29.70000000000015 1.917114045411841
29.80000000000015 1.917114045415949
29.90000000000015 1.917114045419996
30.00000000000016 1.917114045423979
30.10000000000016 1.917114045427903
30.20000000000016 1.917114045431766
30.30000000000016 1.917114045435572
30.40000000000016 1.91711404543932
30.50000000000016 1.917114045443012
30.60000000000016 1.917114045446649
30.70000000000017 1.917114045450232
30.80000000000017 1.917114045453762
30.90000000000017 1.917114045457239
31.00000000000017 1.917114045460665
31.10000000000017 1.917114045464041
31.20000000000017 1.917114045467368
31.30000000000017 1.917114045470646
31.40000000000018 1.917114045473877
31.50000000000018 1.917114045477061
31.60000000000018 1.917114045480199
31.70000000000018 1.917114045483292
31.80000000000018 1.91711404548634
31.90000000000018 1.917114045489346
32.00000000000018 1.917114045492309
32.10000000000019 1.917114045495229
32.20000000000019 1.917114045498109
32.30000000000019 1.917114045500948
32.40000000000019 1.917114045503748
32.50000000000019 1.917114045506509
32.60000000000019 1.91711404550923
32.70000000000019 1.917114045511914
32.8000000000002 1.917114045514562
32.9000000000002 1.917114045517173
33.0000000000002 1.917114045519748
33.1000000000002 1.917114045522287
33.2000000000002 1.917114045524793
33.3000000000002 1.917114045527264
33.4000000000002 1.917114045529702
33.50000000000021 1.917114045532107
33.60000000000021 1.91711404553448
33.70000000000021 1.91711404553682
33.80000000000021 1.91711404553913
33.90000000000021 1.917114045541409
34.00000000000021 1.917114045543657
34.10000000000021 1.917114045545876
34.20000000000022 1.917114045548066
34.30000000000022 1.917114045550227
34.40000000000022 1.91711404555236
34.50000000000022 1.917114045554465
34.60000000000022 1.917114045556542
34.70000000000022 1.917114045558593
34.80000000000022 1.917114045560617
34.90000000000023 1.917114045562615
35.00000000000023 1.917114045564587
35.10000000000023 1.917114045566535
35.20000000000023 1.917114045568457
35.30000000000023 1.917114045570355
35.40000000000023 1.917114045572229
35.50000000000023 1.91711404557408
35.60000000000024 1.917114045575906
35.70000000000024 1.91711404557771
35.80000000000024 1.917114045579492
35.90000000000024 1.917114045581251
36.00000000000024 1.917114045582988
36.10000000000024 1.917114045584704
36.20000000000024 1.917114045586399
36.30000000000025 1.917114045588072
36.40000000000025 1.917114045589726
36.50000000000025 1.917114045591359
36.60000000000025 1.917114045592972
36.70000000000025 1.917114045594565
36.80000000000025 1.917114045596139
36.90000000000025 1.917114045597694
37.00000000000026 1.917114045599231
37.10000000000026 1.917114045600749
37.20000000000026 1.917114045602248
37.30000000000026 1.91711404560373
37.40000000000026 1.917114045605194
37.50000000000026 1.917114045606641
37.60000000000026 1.917114045608071
37.70000000000027 1.917114045609483
37.80000000000027 1.917114045610879
37.90000000000027 1.917114045612259
38.00000000000027 1.917114045613623
38.10000000000027 1.91711404561497
38.20000000000027 1.917114045616302
38.30000000000027 1.917114045617618
38.40000000000028 1.91711404561892
38.50000000000028 1.917114045620206
38.60000000000028 1.917114045621477
38.70000000000028 1.917114045622734
38.80000000000028 1.917114045623977
38.90000000000028 1.917114045625205
39.00000000000028 1.91711404562642
39.10000000000029 1.91711404562762
39.20000000000029 1.917114045628807
39.30000000000029 1.917114045629981
39.40000000000029 1.917114045631142
39.50000000000029 1.917114045632289
39.60000000000029 1.917114045633423
39.70000000000029 1.917114045634545
39.8000000000003 1.917114045635654
39.9000000000003 1.917114045636751
40.0000000000003 1.917114045637837
40.1000000000003 1.91711404563891
40.2000000000003 1.917114045639971
40.3000000000003 1.917114045641021
40.4000000000003 1.917114045642059
40.50000000000031 1.917114045643086
40.60000000000031 1.917114045644101
40.70000000000031 1.917114045645106
40.80000000000031 1.9171140456461
40.90000000000031 1.917114045647083
41.00000000000031 1.917114045648055
41.10000000000031 1.917114045649017
41.20000000000032 1.917114045649969
41.30000000000032 1.917114045650911
41.40000000000032 1.917114045651842
41.50000000000032 1.917114045652764
41.60000000000032 1.917114045653676
41.70000000000032 1.917114045654578
41.80000000000032 1.917114045655471
41.90000000000033 1.917114045656354
42.00000000000033 1.917114045657229
42.10000000000033 1.917114045658093
42.20000000000033 1.917114045658949
42.30000000000033 1.917114045659797
42.40000000000033 1.917114045660635
42.50000000000033 1.917114045661464
42.60000000000034 1.917114045662285
42.70000000000034 1.917114045663098
42.80000000000034 1.917114045663902
42.90000000000034 1.917114045664698
43.00000000000034 1.917114045665486
43.10000000000034 1.917114045666267
43.20000000000034 1.917114045667039
43.30000000000035 1.917114045667803
43.40000000000035 1.917114045668559
43.50000000000035 1.917114045669307
43.60000000000035 1.917114045670049
43.70000000000035 1.917114045670783
43.80000000000035 1.917114045671509
43.90000000000035 1.917114045672229
44.00000000000036 1.917114045672941
44.10000000000036 1.917114045673646
44.20000000000036 1.917114045674344
44.30000000000036 1.917114045675035
44.40000000000036 1.917114045675719
44.50000000000036 1.917114045676397
44.60000000000036 1.917114045677068
44.70000000000037 1.917114045677732
44.80000000000037 1.91711404567839
44.90000000000037 1.917114045679042
45.00000000000037 1.917114045679687
45.10000000000037 1.917114045680326
45.20000000000037 1.917114045680959
45.30000000000037 1.917114045681585
45.40000000000038 1.917114045682206
45.50000000000038 1.91711404568282
45.60000000000038 1.917114045683429
45.70000000000038 1.917114045684032
45.80000000000038 1.917114045684629
45.90000000000038 1.91711404568522
46.00000000000038 1.917114045685807
46.10000000000039 1.917114045686387
46.20000000000039 1.917114045686962
46.30000000000039 1.917114045687532
46.40000000000039 1.917114045688096
46.50000000000039 1.917114045688654
46.60000000000039 1.917114045689208
46.70000000000039 1.917114045689756
46.8000000000004 1.9171140456903
46.9000000000004 1.917114045690838
47.0000000000004 1.917114045691372
47.1000000000004 1.9171140456919
47.2000000000004 1.917114045692424
47.3000000000004 1.917114045692942
47.4000000000004 1.917114045693456
47.50000000000041 1.917114045693965
47.60000000000041 1.91711404569447
47.70000000000041 1.91711404569497
47.80000000000041 1.917114045695465
47.90000000000041 1.917114045695956
48.00000000000041 1.917114045696442
48.10000000000041 1.917114045696925
48.20000000000041 1.917114045697402
48.30000000000042 1.917114045697876
48.40000000000042 1.917114045698345
48.50000000000042 1.91711404569881
48.60000000000042 1.917114045699271
48.70000000000042 1.917114045699728
48.80000000000042 1.91711404570018
48.90000000000042 1.917114045700629
49.00000000000043 1.917114045701073
49.10000000000043 1.917114045701514
49.20000000000043 1.917114045701951
49.30000000000043 1.917114045702384
49.40000000000043 1.917114045702814
49.50000000000043 1.917114045703239
49.60000000000043 1.917114045703661
49.70000000000044 1.917114045704079
49.80000000000044 1.917114045704493
49.90000000000044 1.917114045704904
50.00000000000044 1.917114045705311
