0 -0.01984472870594979
0.1 -0.01984472870784587
0.2 -0.01984472871357187
0.3 -0.01984472872324255
0.4 -0.01984472873705445
0.5 -0.01984472875529416
0.6 -0.01984472877835071
0.7 -0.01984472880673295
0.7999999999999999 -0.01984472884109323
0.8999999999999999 -0.01984472888225934
0.9999999999999999 -0.01984472893127719
1.1 -0.01984472898946816
1.2 -0.01984472905850646
1.3 -0.01984472914052425
1.4 -0.01984472923825603
1.5 -0.01984472935523896
1.6 -0.01984472949609471
1.7 -0.0198447296669313
1.8 -0.01984472987592531
1.900000000000001 -0.01984473013417964
2 -0.01984473045701129
2.100000000000001 -0.01984473086592469
2.200000000000001 -0.01984473139170451
2.300000000000001 -0.01984473207938572
2.400000000000001 -0.01984473299646476
2.500000000000001 -0.01984473424689272
2.600000000000001 -0.01984473599576865
2.700000000000001 -0.01984473851467371
2.800000000000001 -0.01984474226875488
2.900000000000001 -0.01984474809299731
3.000000000000001 -0.01984475757157792
3.100000000000001 -0.01984477391588664
3.200000000000002 -0.01984480418351611
3.300000000000002 -0.01984486552957576
3.400000000000002 -0.01984500542204009
3.500000000000002 -0.01984538004158931
3.600000000000002 -0.01984664557867823
3.700000000000002 -0.01985281146446833
3.800000000000002 -0.01991123803948831
3.900000000000002 -0.02271750813637491
4.000000000000002 9.689764439068535
4.100000000000001 9.692470445200774
4.200000000000001 9.69221283839059
4.300000000000001 9.692220108072974
4.4 9.692221795844148
4.5 9.692222103547039
4.6 9.692222182619254
4.699999999999999 9.692222208736307
4.799999999999999 9.692222219039476
4.899999999999999 9.692222223667548
4.999999999999998 9.692222225961128
5.099999999999998 9.692222227188429
5.199999999999998 9.692222227886797
5.299999999999997 9.692222228304701
5.399999999999997 9.692222228565482
5.499999999999996 9.692222228734105
5.599999999999996 9.6922222288465
5.699999999999996 9.692222228923429
5.799999999999995 9.692222228977309
5.899999999999995 9.692222229015826
5.999999999999995 9.692222229043871
6.099999999999994 9.692222229064617
6.199999999999994 9.692222229080196
6.299999999999994 9.692222229092049
6.399999999999993 9.692222229101176
6.499999999999993 9.692222229108287
6.599999999999993 9.692222229113879
6.699999999999992 9.692222229118322
6.799999999999992 9.692222229121876
6.899999999999991 9.692222229124747
6.999999999999991 9.692222229127086
7.099999999999991 9.692222229128996
7.19999999999999 9.692222229130572
7.29999999999999 9.692222229131881
7.39999999999999 9.692222229132971
7.499999999999989 9.692222229133886
7.599999999999989 9.692222229134655
7.699999999999989 9.692222229135309
7.799999999999988 9.692222229135867
7.899999999999988 9.692222229136341
7.999999999999988 9.692222229136748
8.099999999999987 9.692222229137101
8.199999999999987 9.6922222291374
8.299999999999986 9.692222229137665
8.399999999999986 9.692222229137892
8.499999999999986 9.692222229138093
8.599999999999985 9.692222229138267
8.699999999999985 9.692222229138419
8.799999999999985 9.692222229138554
8.899999999999984 9.692222229138673
8.999999999999984 9.692222229138778
9.099999999999984 9.692222229138872
9.199999999999983 9.692222229138956
9.299999999999983 9.692222229139034
9.399999999999983 9.6922222291391
9.499999999999982 9.692222229139157
9.599999999999982 9.692222229139212
9.699999999999982 9.692222229139263
9.799999999999981 9.692222229139304
9.899999999999981 9.692222229139343
9.99999999999998 9.69222222913938
10.09999999999998 9.692222229139411
10.19999999999998 9.692222229139443
10.29999999999998 9.692222229139469
10.39999999999998 9.692222229139496
10.49999999999998 9.692222229139517
10.59999999999998 9.692222229139535
10.69999999999998 9.692222229139553
10.79999999999998 9.692222229139571
10.89999999999998 9.692222229139588
10.99999999999998 9.692222229139601
11.09999999999998 9.692222229139617
11.19999999999998 9.692222229139626
11.29999999999998 9.692222229139636
11.39999999999998 9.692222229139647
11.49999999999998 9.692222229139658
11.59999999999997 9.692222229139663
11.69999999999997 9.692222229139672
11.79999999999997 9.692222229139681
11.89999999999997 9.692222229139688
11.99999999999997 9.692222229139691
12.09999999999997 9.692222229139698
12.19999999999997 9.692222229139702
12.29999999999997 9.692222229139707
12.39999999999997 9.692222229139713
12.49999999999997 9.692222229139716
12.59999999999997 9.69222222913972
12.69999999999997 9.692222229139725
12.79999999999997 9.692222229139725
12.89999999999997 9.692222229139727
12.99999999999997 9.692222229139734
13.09999999999997 9.692222229139738
13.19999999999997 9.692222229139739
13.29999999999997 9.692222229139745
13.39999999999997 9.692222229139746
13.49999999999997 9.69222222913975
13.59999999999997 9.69222222913975
13.69999999999997 9.692222229139754
13.79999999999997 9.692222229139754
13.89999999999997 9.692222229139755
13.99999999999997 9.692222229139757
14.09999999999997 9.692222229139761
14.19999999999997 9.692222229139759
14.29999999999997 9.692222229139762
14.39999999999996 9.692222229139766
14.49999999999996 9.692222229139764
14.59999999999996 9.692222229139764
14.69999999999996 9.692222229139764
14.79999999999996 9.692222229139764
14.89999999999996 9.692222229139764
14.99999999999996 9.692222229139762
15.09999999999996 9.692222229139766
15.19999999999996 9.692222229139766
15.29999999999996 9.692222229139766
15.39999999999996 9.692222229139768
15.49999999999996 9.692222229139769
15.59999999999996 9.692222229139769
15.69999999999996 9.692222229139771
15.79999999999996 9.692222229139773
15.89999999999996 9.692222229139775
15.99999999999996 9.69222222913978
16.09999999999996 9.692222229139778
16.19999999999996 9.692222229139778
16.29999999999996 9.692222229139782
16.39999999999996 9.69222222913978
16.49999999999996 9.69222222913978
16.59999999999997 9.692222229139778
16.69999999999997 9.692222229139778
16.79999999999997 9.692222229139782
16.89999999999997 9.69222222913978
16.99999999999997 9.69222222913978
17.09999999999997 9.692222229139778
17.19999999999997 9.69222222913978
17.29999999999998 9.692222229139778
17.39999999999998 9.69222222913978
17.49999999999998 9.69222222913978
17.59999999999998 9.692222229139778
17.69999999999998 9.692222229139778
17.79999999999998 9.692222229139778
17.89999999999998 9.692222229139777
17.99999999999999 9.692222229139775
18.09999999999999 9.692222229139778
18.19999999999999 9.69222222913978
18.29999999999999 9.692222229139778
18.39999999999999 9.692222229139778
18.49999999999999 9.69222222913978
18.59999999999999 9.69222222913978
18.7 9.69222222913978
18.8 9.692222229139775
18.9 9.692222229139777
19 9.692222229139775
19.1 9.692222229139777
19.2 9.692222229139778
19.3 9.692222229139778
19.40000000000001 9.69222222913978
19.50000000000001 9.69222222913978
19.60000000000001 9.692222229139782
19.70000000000001 9.692222229139782
19.80000000000001 9.692222229139785
19.90000000000001 9.692222229139782
20.00000000000001 9.692222229139787
20.10000000000002 9.692222229139784
20.20000000000002 9.692222229139784
20.30000000000002 9.692222229139782
20.40000000000002 9.692222229139784
20.50000000000002 9.692222229139778
20.60000000000002 9.692222229139782
20.70000000000002 9.69222222913978
20.80000000000003 9.692222229139782
20.90000000000003 9.69222222913978
21.00000000000003 9.69222222913978
21.10000000000003 9.692222229139777
21.20000000000003 9.692222229139775
21.30000000000003 9.692222229139778
21.40000000000003 9.692222229139778
21.50000000000004 9.692222229139775
21.60000000000004 9.692222229139778
21.70000000000004 9.692222229139778
21.80000000000004 9.692222229139782
21.90000000000004 9.692222229139778
22.00000000000004 9.69222222913978
22.10000000000004 9.69222222913978
22.20000000000005 9.69222222913978
22.30000000000005 9.69222222913978
22.40000000000005 9.692222229139782
22.50000000000005 9.69222222913978
22.60000000000005 9.692222229139784
22.70000000000005 9.692222229139784
22.80000000000005 9.692222229139785
22.90000000000006 9.692222229139785
23.00000000000006 9.692222229139785
23.10000000000006 9.692222229139784
23.20000000000006 9.692222229139785
23.30000000000006 9.692222229139782
23.40000000000006 9.692222229139782
23.50000000000006 9.692222229139784
23.60000000000007 9.692222229139784
23.70000000000007 9.692222229139782
23.80000000000007 9.692222229139784
23.90000000000007 9.692222229139785
24.00000000000007 9.692222229139782
24.10000000000007 9.692222229139782
24.20000000000007 9.692222229139785
24.30000000000008 9.692222229139784
24.40000000000008 9.692222229139785
24.50000000000008 9.692222229139784
24.60000000000008 9.692222229139787
24.70000000000008 9.692222229139784
24.80000000000008 9.692222229139784
24.90000000000008 9.692222229139785
25.00000000000009 9.692222229139784
25.10000000000009 9.692222229139784
25.20000000000009 9.692222229139785
25.30000000000009 9.692222229139782
25.40000000000009 9.692222229139782
25.50000000000009 9.69222222913978
25.60000000000009 9.69222222913978
25.7000000000001 9.69222222913978
25.8000000000001 9.692222229139782
25.9000000000001 9.69222222913978
26.0000000000001 9.69222222913978
26.1000000000001 9.692222229139782
26.2000000000001 9.69222222913978
26.3000000000001 9.69222222913978
26.40000000000011 9.692222229139782
26.50000000000011 9.692222229139784
26.60000000000011 9.692222229139784
26.70000000000011 9.692222229139784
26.80000000000011 9.692222229139784
26.90000000000011 9.692222229139784
27.00000000000011 9.692222229139784
27.10000000000012 9.692222229139784
27.20000000000012 9.692222229139784
27.30000000000012 9.692222229139785
27.40000000000012 9.692222229139785
27.50000000000012 9.692222229139789
27.60000000000012 9.692222229139787
27.70000000000012 9.692222229139787
27.80000000000013 9.692222229139791
27.90000000000013 9.692222229139791
28.00000000000013 9.692222229139793
28.10000000000013 9.692222229139794
28.20000000000013 9.692222229139793
28.30000000000013 9.692222229139793
28.40000000000013 9.692222229139791
28.50000000000014 9.692222229139791
28.60000000000014 9.692222229139789
28.70000000000014 9.692222229139793
28.80000000000014 9.692222229139791
28.90000000000014 9.692222229139791
29.00000000000014 9.692222229139787
29.10000000000014 9.692222229139787
29.20000000000014 9.692222229139787
29.30000000000015 9.692222229139784
29.40000000000015 9.692222229139785
29.50000000000015 9.692222229139785
29.60000000000015 9.692222229139787
29.70000000000015 9.692222229139787
29.80000000000015 9.692222229139785
29.90000000000015 9.692222229139784
30.00000000000016 9.692222229139785
30.10000000000016 9.692222229139782
30.20000000000016 9.692222229139787
30.30000000000016 9.692222229139784
30.40000000000016 9.692222229139784
30.50000000000016 9.692222229139785
30.60000000000016 9.692222229139784
30.70000000000017 9.692222229139784
30.80000000000017 9.692222229139784
30.90000000000017 9.692222229139784
31.00000000000017 9.692222229139784
31.10000000000017 9.692222229139784
31.20000000000017 9.692222229139782
31.30000000000017 9.692222229139784
31.40000000000018 9.69222222913978
31.50000000000018 9.692222229139778
31.60000000000018 9.692222229139782
31.70000000000018 9.69222222913978
31.80000000000018 9.692222229139784
31.90000000000018 9.692222229139784
32.00000000000018 9.692222229139785
32.10000000000019 9.692222229139784
32.20000000000019 9.692222229139789
32.30000000000019 9.692222229139785
32.40000000000019 9.692222229139785
32.50000000000019 9.692222229139789
32.60000000000019 9.692222229139785
32.70000000000019 9.692222229139785
32.8000000000002 9.692222229139787
32.9000000000002 9.692222229139787
33.0000000000002 9.692222229139791
33.1000000000002 9.692222229139787
33.2000000000002 9.692222229139789
33.3000000000002 9.692222229139787
33.4000000000002 9.692222229139787
33.50000000000021 9.692222229139787
33.60000000000021 9.692222229139785
33.70000000000021 9.692222229139789
33.80000000000021 9.692222229139787
33.90000000000021 9.692222229139793
34.00000000000021 9.692222229139789
34.10000000000021 9.692222229139787
34.20000000000022 9.692222229139787
34.30000000000022 9.692222229139787
34.40000000000022 9.692222229139784
34.50000000000022 9.69222222913978
34.60000000000022 9.692222229139782
34.70000000000022 9.692222229139778
34.80000000000022 9.692222229139784
34.90000000000023 9.69222222913978
35.00000000000023 9.692222229139782
35.10000000000023 9.69222222913978
35.20000000000023 9.69222222913978
35.30000000000023 9.69222222913978
35.40000000000023 9.692222229139778
35.50000000000023 9.692222229139778
35.60000000000024 9.692222229139778
35.70000000000024 9.692222229139777
35.80000000000024 9.692222229139777
35.90000000000024 9.692222229139778
36.00000000000024 9.692222229139778
36.10000000000024 9.692222229139775
36.20000000000024 9.692222229139778
36.30000000000025 9.692222229139778
36.40000000000025 9.692222229139775
36.50000000000025 9.692222229139775
36.60000000000025 9.692222229139778
36.70000000000025 9.692222229139778
36.80000000000025 9.692222229139778
36.90000000000025 9.692222229139778
37.00000000000026 9.69222222913978
37.10000000000026 9.692222229139782
37.20000000000026 9.69222222913978
37.30000000000026 9.692222229139778
37.40000000000026 9.692222229139778
37.50000000000026 9.692222229139778
37.60000000000026 9.692222229139778
37.70000000000027 9.692222229139778
37.80000000000027 9.692222229139778
37.90000000000027 9.692222229139777
38.00000000000027 9.69222222913978
38.10000000000027 9.692222229139778
38.20000000000027 9.69222222913978
38.30000000000027 9.692222229139782
38.40000000000028 9.692222229139784
38.50000000000028 9.692222229139782
38.60000000000028 9.692222229139784
38.70000000000028 9.692222229139782
38.80000000000028 9.692222229139785
38.90000000000028 9.692222229139785
39.00000000000028 9.692222229139784
39.10000000000029 9.692222229139787
39.20000000000029 9.692222229139784
39.30000000000029 9.692222229139782
39.40000000000029 9.692222229139784
39.50000000000029 9.69222222913978
39.60000000000029 9.692222229139782
39.70000000000029 9.69222222913978
39.8000000000003 9.69222222913978
39.9000000000003 9.69222222913978
40.0000000000003 9.692222229139782
40.1000000000003 9.692222229139784
40.2000000000003 9.692222229139784
40.3000000000003 9.692222229139785
40.4000000000003 9.692222229139787
40.50000000000031 9.692222229139784
40.60000000000031 9.69222222913978
40.70000000000031 9.692222229139778
40.80000000000031 9.69222222913978
40.90000000000031 9.69222222913978
41.00000000000031 9.692222229139782
41.10000000000031 9.692222229139784
41.20000000000032 9.692222229139784
41.30000000000032 9.692222229139782
41.40000000000032 9.692222229139782
41.50000000000032 9.692222229139784
41.60000000000032 9.692222229139784
41.70000000000032 9.692222229139782
41.80000000000032 9.692222229139778
41.90000000000033 9.69222222913978
42.00000000000033 9.692222229139782
42.10000000000033 9.692222229139777
42.20000000000033 9.692222229139775
42.30000000000033 9.692222229139777
42.40000000000033 9.692222229139778
42.50000000000033 9.692222229139775
42.60000000000034 9.692222229139773
42.70000000000034 9.692222229139773
42.80000000000034 9.692222229139771
42.90000000000034 9.692222229139771
43.00000000000034 9.692222229139773
43.10000000000034 9.692222229139775
43.20000000000034 9.692222229139771
43.30000000000035 9.692222229139771
43.40000000000035 9.692222229139771
43.50000000000035 9.692222229139769
43.60000000000035 9.692222229139768
43.70000000000035 9.692222229139766
43.80000000000035 9.692222229139769
43.90000000000035 9.692222229139769
44.00000000000036 9.692222229139768
44.10000000000036 9.692222229139766
44.20000000000036 9.692222229139768
44.30000000000036 9.692222229139766
44.40000000000036 9.692222229139769
44.50000000000036 9.692222229139768
44.60000000000036 9.692222229139768
44.70000000000037 9.692222229139762
44.80000000000037 9.692222229139764
44.90000000000037 9.692222229139764
45.00000000000037 9.692222229139762
45.10000000000037 9.692222229139766
45.20000000000037 9.692222229139762
45.30000000000037 9.692222229139764
45.40000000000038 9.692222229139762
45.50000000000038 9.692222229139766
45.60000000000038 9.692222229139762
45.70000000000038 9.692222229139764
45.80000000000038 9.692222229139761
45.90000000000038 9.692222229139764
46.00000000000038 9.692222229139764
46.10000000000039 9.692222229139761
46.20000000000039 9.692222229139761
46.30000000000039 9.692222229139757
46.40000000000039 9.692222229139755
46.50000000000039 9.692222229139754
46.60000000000039 9.692222229139752
46.70000000000039 9.69222222913975
46.8000000000004 9.692222229139754
46.9000000000004 9.692222229139752
47.0000000000004 9.692222229139754
47.1000000000004 9.692222229139754
47.2000000000004 9.692222229139752
47.3000000000004 9.692222229139754
47.4000000000004 9.692222229139752
47.50000000000041 9.69222222913975
47.60000000000041 9.692222229139752
47.70000000000041 9.692222229139755
47.80000000000041 9.692222229139755
47.90000000000041 9.692222229139755
48.00000000000041 9.692222229139755
48.10000000000041 9.692222229139757
48.20000000000041 9.692222229139755
48.30000000000042 9.692222229139755
48.40000000000042 9.692222229139757
48.50000000000042 9.692222229139754
48.60000000000042 9.692222229139757
48.70000000000042 9.692222229139755
48.80000000000042 9.692222229139754
48.90000000000042 9.692222229139757
49.00000000000043 9.692222229139755
49.10000000000043 9.692222229139755
49.20000000000043 9.692222229139757
49.30000000000043 9.692222229139757
49.40000000000043 9.692222229139757
49.50000000000043 9.692222229139754
49.60000000000043 9.692222229139754
49.70000000000044 9.692222229139755
49.80000000000044 9.692222229139754
49.90000000000044 9.692222229139754
50.00000000000044 9.692222229139754
