0 -0.01984472870594979
0.1 -0.01984472870784587
0.2 -0.01984472871357187
0.3 -0.01984472872324256
0.4 -0.01984472873705446
0.5 -0.01984472875529418
0.6 -0.01984472877835073
0.7 -0.01984472880673297
0.7999999999999999 -0.01984472884109326
0.8999999999999999 -0.01984472888225938
0.9999999999999999 -0.01984472893127725
1.1 -0.01984472898946823
1.2 -0.01984472905850654
1.3 -0.01984472914052436
1.4 -0.01984472923825616
1.5 -0.01984472935523911
1.6 -0.01984472949609489
1.7 -0.01984472966693151
1.8 -0.01984472987592556
1.900000000000001 -0.01984473013417993
2 -0.01984473045701163
2.100000000000001 -0.01984473086592509
2.200000000000001 -0.01984473139170497
2.300000000000001 -0.01984473207938627
2.400000000000001 -0.01984473299646543
2.500000000000001 -0.01984473424689352
2.600000000000001 -0.01984473599576961
2.700000000000001 -0.0198447385146749
2.800000000000001 -0.01984474226875635
2.900000000000001 -0.01984474809299917
3.000000000000001 -0.01984475757158034
3.100000000000001 -0.01984477391588984
3.200000000000002 -0.01984480418352051
3.300000000000002 -0.0198448655295821
3.400000000000002 -0.01984500542204981
3.500000000000002 -0.01984538004160557
3.600000000000002 -0.01984664557870918
3.700000000000002 -0.01985281146454126
3.800000000000002 -0.01991123803974482
3.900000000000002 -0.02271750813889732
4.000000000000002 9.68976443787464
4.100000000000001 9.692470444009595
4.200000000000001 9.692212837198493
4.300000000000001 9.692220106880981
4.4 9.692221794652177
4.5 9.692222102355073
4.6 9.69222218142729
4.699999999999999 9.692222207544345
4.799999999999999 9.692222217847519
4.899999999999999 9.692222222475591
4.999999999999998 9.692222224769171
5.099999999999998 9.692222225996472
5.199999999999998 9.692222226694842
5.299999999999997 9.692222227112744
5.399999999999997 9.692222227373531
5.499999999999996 9.69222222754215
5.599999999999996 9.692222227654549
5.699999999999996 9.692222227731477
5.799999999999995 9.69222222778536
5.899999999999995 9.69222222782388
5.999999999999995 9.692222227851921
6.099999999999994 9.692222227872671
6.199999999999994 9.692222227888253
6.299999999999994 9.692222227900107
6.399999999999993 9.692222227909236
6.499999999999993 9.692222227916348
6.599999999999993 9.692222227921938
6.699999999999992 9.692222227926377
6.799999999999992 9.692222227929939
6.899999999999991 9.692222227932811
6.999999999999991 9.692222227935146
7.099999999999991 9.692222227937057
7.19999999999999 9.692222227938634
7.29999999999999 9.692222227939942
7.39999999999999 9.692222227941036
7.499999999999989 9.692222227941947
7.599999999999989 9.692222227942716
7.699999999999989 9.692222227943372
7.799999999999988 9.692222227943928
7.899999999999988 9.692222227944402
7.999999999999988 9.692222227944812
8.099999999999987 9.692222227945159
8.199999999999987 9.692222227945468
8.299999999999986 9.692222227945726
8.399999999999986 9.692222227945956
8.499999999999986 9.692222227946155
8.599999999999985 9.692222227946328
8.699999999999985 9.692222227946482
8.799999999999985 9.692222227946617
8.899999999999984 9.692222227946738
8.999999999999984 9.692222227946845
9.099999999999984 9.692222227946935
9.199999999999983 9.69222222794702
9.299999999999983 9.692222227947095
9.399999999999983 9.692222227947159
9.499999999999982 9.692222227947219
9.599999999999982 9.692222227947275
9.699999999999982 9.692222227947326
9.799999999999981 9.692222227947365
9.899999999999981 9.692222227947408
9.99999999999998 9.692222227947443
10.09999999999998 9.692222227947477
10.19999999999998 9.692222227947505
10.29999999999998 9.692222227947532
10.39999999999998 9.692222227947555
10.49999999999998 9.692222227947578
10.59999999999998 9.692222227947596
10.69999999999998 9.692222227947614
10.79999999999998 9.692222227947628
10.89999999999998 9.692222227947644
10.99999999999998 9.692222227947653
11.09999999999998 9.692222227947667
11.19999999999998 9.69222222794768
11.29999999999998 9.692222227947687
11.39999999999998 9.692222227947697
11.49999999999998 9.692222227947708
11.59999999999997 9.692222227947717
11.69999999999997 9.692222227947726
11.79999999999997 9.692222227947731
11.89999999999997 9.692222227947742
11.99999999999997 9.692222227947747
12.09999999999997 9.692222227947752
12.19999999999997 9.692222227947756
12.29999999999997 9.692222227947761
12.39999999999997 9.692222227947765
12.49999999999997 9.692222227947768
12.59999999999997 9.692222227947774
12.69999999999997 9.692222227947775
12.79999999999997 9.692222227947777
12.89999999999997 9.692222227947779
12.99999999999997 9.692222227947784
13.09999999999997 9.692222227947788
13.19999999999997 9.692222227947791
13.29999999999997 9.692222227947795
13.39999999999997 9.692222227947795
13.49999999999997 9.692222227947797
13.59999999999997 9.692222227947799
13.69999999999997 9.692222227947799
13.79999999999997 9.6922222279478
13.89999999999997 9.692222227947804
13.99999999999997 9.692222227947806
14.09999999999997 9.692222227947809
14.19999999999997 9.692222227947809
14.29999999999997 9.692222227947809
14.39999999999996 9.692222227947811
14.49999999999996 9.692222227947813
14.59999999999996 9.692222227947816
14.69999999999996 9.692222227947816
14.79999999999996 9.692222227947816
14.89999999999996 9.692222227947818
14.99999999999996 9.692222227947815
15.09999999999996 9.692222227947816
15.19999999999996 9.692222227947816
15.29999999999996 9.692222227947816
15.39999999999996 9.692222227947816
15.49999999999996 9.69222222794782
15.59999999999996 9.692222227947818
15.69999999999996 9.692222227947818
15.79999999999996 9.692222227947818
15.89999999999996 9.692222227947818
15.99999999999996 9.692222227947822
16.09999999999996 9.692222227947822
16.19999999999996 9.69222222794782
16.29999999999996 9.692222227947823
16.39999999999996 9.692222227947822
16.49999999999996 9.692222227947825
16.59999999999997 9.692222227947822
16.69999999999997 9.692222227947823
16.79999999999997 9.692222227947825
16.89999999999997 9.692222227947827
16.99999999999997 9.692222227947829
17.09999999999997 9.692222227947822
17.19999999999997 9.692222227947823
17.29999999999998 9.692222227947823
17.39999999999998 9.692222227947822
17.49999999999998 9.692222227947822
17.59999999999998 9.692222227947822
17.69999999999998 9.692222227947823
17.79999999999998 9.692222227947827
17.89999999999998 9.692222227947823
17.99999999999999 9.692222227947825
18.09999999999999 9.692222227947829
18.19999999999999 9.692222227947823
18.29999999999999 9.692222227947827
18.39999999999999 9.692222227947827
18.49999999999999 9.692222227947825
18.59999999999999 9.692222227947825
18.7 9.692222227947829
18.8 9.692222227947825
18.9 9.692222227947827
19 9.692222227947823
19.1 9.692222227947827
19.2 9.692222227947829
19.3 9.692222227947829
19.40000000000001 9.692222227947829
19.50000000000001 9.692222227947829
19.60000000000001 9.692222227947829
19.70000000000001 9.692222227947829
19.80000000000001 9.692222227947832
19.90000000000001 9.692222227947831
20.00000000000001 9.692222227947834
20.10000000000002 9.692222227947834
20.20000000000002 9.692222227947836
20.30000000000002 9.692222227947834
20.40000000000002 9.692222227947832
20.50000000000002 9.692222227947829
20.60000000000002 9.692222227947834
20.70000000000002 9.692222227947834
20.80000000000003 9.692222227947832
20.90000000000003 9.692222227947831
21.00000000000003 9.692222227947831
21.10000000000003 9.692222227947834
21.20000000000003 9.692222227947832
21.30000000000003 9.692222227947832
21.40000000000003 9.692222227947832
21.50000000000004 9.692222227947832
21.60000000000004 9.692222227947831
21.70000000000004 9.692222227947832
21.80000000000004 9.692222227947832
21.90000000000004 9.692222227947831
22.00000000000004 9.692222227947831
22.10000000000004 9.692222227947832
22.20000000000005 9.692222227947834
22.30000000000005 9.692222227947836
22.40000000000005 9.692222227947832
22.50000000000005 9.692222227947832
22.60000000000005 9.692222227947836
22.70000000000005 9.692222227947836
22.80000000000005 9.692222227947834
22.90000000000006 9.692222227947834
23.00000000000006 9.692222227947834
23.10000000000006 9.692222227947832
23.20000000000006 9.692222227947832
23.30000000000006 9.692222227947832
23.40000000000006 9.692222227947832
23.50000000000006 9.692222227947831
23.60000000000007 9.692222227947832
23.70000000000007 9.692222227947831
23.80000000000007 9.692222227947832
23.90000000000007 9.692222227947831
24.00000000000007 9.692222227947832
24.10000000000007 9.692222227947832
24.20000000000007 9.692222227947832
24.30000000000008 9.692222227947836
24.40000000000008 9.692222227947838
24.50000000000008 9.692222227947838
24.60000000000008 9.692222227947838
24.70000000000008 9.692222227947834
24.80000000000008 9.692222227947836
24.90000000000008 9.692222227947836
25.00000000000009 9.692222227947838
25.10000000000009 9.692222227947836
25.20000000000009 9.692222227947838
25.30000000000009 9.692222227947836
25.40000000000009 9.692222227947836
25.50000000000009 9.692222227947836
25.60000000000009 9.692222227947834
25.7000000000001 9.692222227947834
25.8000000000001 9.692222227947836
25.9000000000001 9.692222227947836
26.0000000000001 9.692222227947834
26.1000000000001 9.692222227947834
26.2000000000001 9.692222227947836
26.3000000000001 9.692222227947838
26.40000000000011 9.692222227947838
26.50000000000011 9.692222227947838
26.60000000000011 9.692222227947838
26.70000000000011 9.692222227947838
26.80000000000011 9.692222227947834
26.90000000000011 9.692222227947839
27.00000000000011 9.692222227947839
27.10000000000012 9.692222227947836
27.20000000000012 9.692222227947836
27.30000000000012 9.692222227947839
27.40000000000012 9.692222227947838
27.50000000000012 9.692222227947839
27.60000000000012 9.692222227947839
27.70000000000012 9.692222227947839
27.80000000000013 9.692222227947839
27.90000000000013 9.692222227947841
28.00000000000013 9.692222227947845
28.10000000000013 9.692222227947845
28.20000000000013 9.692222227947843
28.30000000000013 9.692222227947841
28.40000000000013 9.692222227947839
28.50000000000014 9.692222227947839
28.60000000000014 9.692222227947841
28.70000000000014 9.692222227947841
28.80000000000014 9.692222227947843
28.90000000000014 9.692222227947841
29.00000000000014 9.692222227947838
29.10000000000014 9.692222227947836
29.20000000000014 9.692222227947838
29.30000000000015 9.692222227947838
29.40000000000015 9.692222227947838
29.50000000000015 9.692222227947838
29.60000000000015 9.692222227947836
29.70000000000015 9.692222227947836
29.80000000000015 9.692222227947838
29.90000000000015 9.692222227947834
30.00000000000016 9.692222227947834
30.10000000000016 9.692222227947834
30.20000000000016 9.692222227947836
30.30000000000016 9.692222227947836
30.40000000000016 9.692222227947834
30.50000000000016 9.692222227947838
30.60000000000016 9.692222227947834
30.70000000000017 9.692222227947834
30.80000000000017 9.692222227947834
30.90000000000017 9.692222227947834
31.00000000000017 9.692222227947836
31.10000000000017 9.692222227947836
31.20000000000017 9.692222227947834
31.30000000000017 9.692222227947834
31.40000000000018 9.692222227947832
31.50000000000018 9.692222227947831
31.60000000000018 9.692222227947834
31.70000000000018 9.692222227947832
31.80000000000018 9.692222227947834
31.90000000000018 9.692222227947836
32.00000000000018 9.692222227947836
32.10000000000019 9.692222227947838
32.20000000000019 9.692222227947839
32.30000000000019 9.692222227947836
32.40000000000019 9.692222227947836
32.50000000000019 9.692222227947836
32.60000000000019 9.692222227947834
32.70000000000019 9.692222227947834
32.8000000000002 9.692222227947836
32.9000000000002 9.692222227947838
33.0000000000002 9.692222227947836
33.1000000000002 9.692222227947839
33.2000000000002 9.692222227947838
33.3000000000002 9.692222227947836
33.4000000000002 9.692222227947836
33.50000000000021 9.692222227947836
33.60000000000021 9.692222227947836
33.70000000000021 9.692222227947839
33.80000000000021 9.692222227947839
33.90000000000021 9.692222227947843
34.00000000000021 9.692222227947841
34.10000000000021 9.692222227947839
34.20000000000022 9.692222227947838
34.30000000000022 9.692222227947839
34.40000000000022 9.692222227947832
34.50000000000022 9.692222227947836
34.60000000000022 9.692222227947834
34.70000000000022 9.692222227947834
34.80000000000022 9.692222227947834
34.90000000000023 9.692222227947836
35.00000000000023 9.692222227947831
35.10000000000023 9.692222227947832
35.20000000000023 9.692222227947834
35.30000000000023 9.692222227947832
35.40000000000023 9.692222227947831
35.50000000000023 9.692222227947832
35.60000000000024 9.692222227947831
35.70000000000024 9.692222227947829
35.80000000000024 9.692222227947827
35.90000000000024 9.692222227947827
36.00000000000024 9.692222227947827
36.10000000000024 9.692222227947829
36.20000000000024 9.692222227947829
36.30000000000025 9.692222227947829
36.40000000000025 9.692222227947829
36.50000000000025 9.692222227947831
36.60000000000025 9.692222227947831
36.70000000000025 9.692222227947832
36.80000000000025 9.692222227947831
36.90000000000025 9.692222227947831
37.00000000000026 9.692222227947832
37.10000000000026 9.692222227947834
37.20000000000026 9.692222227947832
37.30000000000026 9.692222227947832
37.40000000000026 9.692222227947832
37.50000000000026 9.692222227947832
37.60000000000026 9.692222227947832
37.70000000000027 9.692222227947831
37.80000000000027 9.692222227947831
37.90000000000027 9.692222227947829
38.00000000000027 9.692222227947832
38.10000000000027 9.692222227947832
38.20000000000027 9.692222227947836
38.30000000000027 9.692222227947834
38.40000000000028 9.692222227947836
38.50000000000028 9.692222227947836
38.60000000000028 9.692222227947838
38.70000000000028 9.692222227947834
38.80000000000028 9.692222227947836
38.90000000000028 9.692222227947839
39.00000000000028 9.692222227947838
39.10000000000029 9.692222227947836
39.20000000000029 9.692222227947838
39.30000000000029 9.692222227947836
39.40000000000029 9.692222227947836
39.50000000000029 9.692222227947834
39.60000000000029 9.692222227947836
39.70000000000029 9.692222227947834
39.8000000000003 9.692222227947834
39.9000000000003 9.692222227947831
40.0000000000003 9.692222227947831
40.1000000000003 9.692222227947832
40.2000000000003 9.692222227947831
40.3000000000003 9.692222227947834
40.4000000000003 9.692222227947832
40.50000000000031 9.692222227947834
40.60000000000031 9.692222227947832
40.70000000000031 9.692222227947829
40.80000000000031 9.692222227947829
40.90000000000031 9.692222227947829
41.00000000000031 9.692222227947827
41.10000000000031 9.692222227947832
41.20000000000032 9.692222227947827
41.30000000000032 9.692222227947829
41.40000000000032 9.692222227947829
41.50000000000032 9.692222227947832
41.60000000000032 9.692222227947831
41.70000000000032 9.692222227947829
41.80000000000032 9.692222227947827
41.90000000000033 9.692222227947829
42.00000000000033 9.692222227947827
42.10000000000033 9.692222227947823
42.20000000000033 9.69222222794782
42.30000000000033 9.692222227947822
42.40000000000033 9.692222227947822
42.50000000000033 9.692222227947822
42.60000000000034 9.69222222794782
42.70000000000034 9.69222222794782
42.80000000000034 9.692222227947816
42.90000000000034 9.692222227947818
43.00000000000034 9.69222222794782
43.10000000000034 9.692222227947823
43.20000000000034 9.692222227947818
43.30000000000035 9.692222227947816
43.40000000000035 9.692222227947818
43.50000000000035 9.692222227947815
43.60000000000035 9.692222227947815
43.70000000000035 9.692222227947815
43.80000000000035 9.692222227947813
43.90000000000035 9.692222227947815
44.00000000000036 9.692222227947815
44.10000000000036 9.692222227947815
44.20000000000036 9.692222227947813
44.30000000000036 9.692222227947809
44.40000000000036 9.692222227947813
44.50000000000036 9.692222227947811
44.60000000000036 9.692222227947811
44.70000000000037 9.692222227947809
44.80000000000037 9.692222227947807
44.90000000000037 9.692222227947809
45.00000000000037 9.692222227947806
45.10000000000037 9.692222227947809
45.20000000000037 9.692222227947807
45.30000000000037 9.692222227947807
45.40000000000038 9.692222227947811
45.50000000000038 9.692222227947809
45.60000000000038 9.692222227947809
45.70000000000038 9.692222227947807
45.80000000000038 9.692222227947807
45.90000000000038 9.692222227947806
46.00000000000038 9.692222227947807
46.10000000000039 9.692222227947804
46.20000000000039 9.692222227947804
46.30000000000039 9.692222227947802
46.40000000000039 9.692222227947804
46.50000000000039 9.692222227947799
46.60000000000039 9.692222227947797
46.70000000000039 9.692222227947797
46.8000000000004 9.6922222279478
46.9000000000004 9.6922222279478
47.0000000000004 9.6922222279478
47.1000000000004 9.6922222279478
47.2000000000004 9.692222227947799
47.3000000000004 9.6922222279478
47.4000000000004 9.6922222279478
47.50000000000041 9.692222227947797
47.60000000000041 9.6922222279478
47.70000000000041 9.692222227947799
47.80000000000041 9.6922222279478
47.90000000000041 9.692222227947802
48.00000000000041 9.692222227947802
48.10000000000041 9.6922222279478
48.20000000000041 9.6922222279478
48.30000000000042 9.6922222279478
48.40000000000042 9.692222227947802
48.50000000000042 9.692222227947802
48.60000000000042 9.6922222279478
48.70000000000042 9.6922222279478
48.80000000000042 9.692222227947802
48.90000000000042 9.6922222279478
49.00000000000043 9.692222227947804
49.10000000000043 9.692222227947802
49.20000000000043 9.6922222279478
49.30000000000043 9.692222227947802
49.40000000000043 9.6922222279478
49.50000000000043 9.6922222279478
49.60000000000043 9.692222227947799
49.70000000000044 9.692222227947802
49.80000000000044 9.692222227947799
49.90000000000044 9.692222227947799
50.00000000000044 9.692222227947795
