0 -0.01984472870594979
0.1 -0.0198447287060257
0.2 -0.01984472870625584
0.3 -0.01984472870664764
0.4 -0.01984472870721389
0.5 -0.01984472870797349
0.6 -0.01984472870895254
0.7 -0.01984472871018583
0.7999999999999999 -0.01984472871171902
0.8999999999999999 -0.01984472871361159
0.9999999999999999 -0.01984472871594083
1.1 -0.01984472871880745
1.2 -0.01984472872234328
1.3 -0.01984472872672198
1.4 -0.01984472873217437
1.5 -0.0198447287390101
1.6 -0.01984472874764922
1.7 -0.01984472875866847
1.8 -0.01984472877287053
1.900000000000001 -0.01984472879138911
2 -0.01984472881585162
2.100000000000001 -0.01984472884863642
2.200000000000001 -0.01984472889328849
2.300000000000001 -0.0198447289552087
2.400000000000001 -0.01984472904282845
2.500000000000001 -0.0198447291696754
2.600000000000001 -0.01984472935813517
2.700000000000001 -0.01984472964657941
2.800000000000001 -0.01984473010350151
2.900000000000001 -0.0198447308570634
3.000000000000001 -0.01984473216078291
3.100000000000001 -0.01984473455066938
3.200000000000002 -0.019844739255976
3.300000000000002 -0.01984474939742333
3.400000000000002 -0.01984477400664134
3.500000000000002 -0.01984484424627368
3.600000000000002 -0.01984509814498721
3.700000000000002 -0.01984643606772458
3.800000000000002 -0.01986068396764457
3.900000000000002 -0.02086679879573754
4.000000000000002 -0.002374020638106225
4.100000000000001 -0.001403627270495963
4.200000000000001 -0.001388992566061689
4.300000000000001 -0.001387578888475162
4.4 -0.0013873057151794
4.5 -0.001387230092626479
4.6 -0.001387205198878604
4.699999999999999 -0.001387197842034803
4.799999999999999 -0.001387198366353516
4.899999999999999 -0.001387200045347849
4.999999999999998 -0.001387175459222546
5.099999999999998 -0.001386966072668472
5.199999999999998 -0.001385812163445729
5.299999999999997 -0.001383904844341026
5.399999999999997 -0.001402075549892759
5.499999999999996 -0.001385985945064699
5.599999999999996 -0.001383715296734415
5.699999999999996 -0.001385626379240654
5.799999999999995 -0.001386049439844335
5.899999999999995 -0.001386107623121378
5.999999999999995 -0.001386106884547308
6.099999999999994 -0.001386100191687761
6.199999999999994 -0.001386095086879952
6.299999999999994 -0.001386091822334092
6.399999999999993 -0.001386089799022865
6.499999999999993 -0.001386088536317897
6.599999999999993 -0.001386087732925635
6.699999999999992 -0.001386087209847352
6.799999999999992 -0.001386086861190735
6.899999999999991 -0.001386086623496773
6.999999999999991 -0.001386086457995112
7.099999999999991 -0.001386086340488469
7.19999999999999 -0.001386086255547307
7.29999999999999 -0.001386086193126645
7.39999999999999 -0.001386086146557084
7.499999999999989 -0.001386086111327959
7.599999999999989 -0.001386086084335568
7.699999999999989 -0.001386086063409786
7.799999999999988 -0.00138608604701038
7.899999999999988 -0.001386086034028896
7.999999999999988 -0.001386086023657234
8.099999999999987 -0.001386086015299078
8.199999999999987 -0.001386086008509427
8.299999999999986 -0.001386086002952688
8.399999999999986 -0.001386085998373244
8.499999999999986 -0.001386085994574621
8.599999999999985 -0.001386085991404468
8.699999999999985 -0.001386085988743674
8.799999999999985 -0.001386085986498427
8.899999999999984 -0.001386085984594278
8.999999999999984 -0.001386085982971755
9.099999999999984 -0.001386085981583036
9.199999999999983 -0.001386085980389425
9.299999999999983 -0.001386085979359452
9.399999999999983 -0.001386085978467358
9.499999999999982 -0.001386085977691964
9.599999999999982 -0.001386085977015771
9.699999999999982 -0.001386085976424242
9.799999999999981 -0.001386085975905256
9.899999999999981 -0.001386085975448667
9.99999999999998 -0.001386085975045935
10.09999999999998 -0.00138608597468985
10.19999999999998 -0.001386085974374313
10.29999999999998 -0.001386085974094139
10.39999999999998 -0.001386085973844906
10.49999999999998 -0.001386085973622829
10.59999999999998 -0.001386085973424659
10.69999999999998 -0.001386085973247611
10.79999999999998 -0.00138608597308928
10.89999999999998 -0.001386085972947589
10.99999999999998 -0.001386085972820743
11.09999999999998 -0.001386085972707186
11.19999999999998 -0.001386085972605566
11.29999999999998 -0.001386085972514713
11.39999999999998 -0.001386085972433608
11.49999999999998 -0.001386085972361371
11.59999999999997 -0.001386085972297241
11.69999999999997 -0.001386085972240559
11.79999999999997 -0.001386085972190752
11.89999999999997 -0.001386085972147342
11.99999999999997 -0.00138608597210991
12.09999999999997 -0.001386085972078122
12.19999999999997 -0.001386085972051691
12.29999999999997 -0.001386085972030394
12.39999999999997 -0.001386085972014063
12.49999999999997 -0.001386085972002585
12.59999999999997 -0.001386085971995885
12.69999999999997 -0.001386085971993949
12.79999999999997 -0.001386085971996801
12.89999999999997 -0.001386085972004538
12.99999999999997 -0.001386085972017274
13.09999999999997 -0.001386085972035217
13.19999999999997 -0.001386085972058602
13.29999999999997 -0.001386085972087746
13.39999999999997 -0.001386085972123028
13.49999999999997 -0.001386085972164913
13.59999999999997 -0.001386085972213937
13.69999999999997 -0.001386085972270738
13.79999999999997 -0.001386085972336082
13.89999999999997 -0.001386085972410835
13.99999999999997 -0.001386085972496022
14.09999999999997 -0.001386085972592838
14.19999999999997 -0.001386085972702653
14.29999999999997 -0.001386085972827087
14.39999999999996 -0.001386085972968
14.49999999999996 -0.001386085973127579
14.59999999999996 -0.001386085973308358
14.69999999999996 -0.001386085973513319
14.79999999999996 -0.001386085973745928
14.89999999999996 -0.001386085974010284
14.99999999999996 -0.001386085974311174
15.09999999999996 -0.001386085974654285
15.19999999999996 -0.00138608597504631
15.29999999999996 -0.001386085975495199
15.39999999999996 -0.001386085976010426
15.49999999999996 -0.001386085976603273
15.59999999999996 -0.001386085977287265
15.69999999999996 -0.001386085978078636
15.79999999999996 -0.00138608597899694
15.89999999999996 -0.001386085980065831
15.99999999999996 -0.001386085981313982
16.09999999999996 -0.001386085982776279
16.19999999999996 -0.001386085984495298
16.29999999999996 -0.001386085986523131
16.39999999999996 -0.001386085988923699
16.49999999999996 -0.001386085991775551
16.59999999999997 -0.001386085995175373
16.69999999999997 -0.001386085999242193
16.79999999999997 -0.001386086004122305
16.89999999999997 -0.00138608600999481
16.99999999999997 -0.00138608601707735
17.09999999999997 -0.00138608602563072
17.19999999999997 -0.00138608603595994
17.29999999999998 -0.001386086048406327
17.39999999999998 -0.001386086063319617
17.49999999999998 -0.001386086080988133
17.59999999999998 -0.001386086101482682
17.69999999999998 -0.001386086124325019
17.79999999999998 -0.001386086147799422
17.89999999999998 -0.001386086167534988
17.99999999999999 -0.00138608617358409
18.09999999999999 -0.001386086144367398
18.19999999999999 -0.001386086034025753
18.29999999999999 -0.001386085745819401
18.39999999999999 -0.001386085076150192
18.49999999999999 -0.001386083598559729
18.59999999999999 -0.001386080436014594
18.7 -0.001386073881897428
18.8 -0.001386061108062223
18.9 -0.001386039719483936
19 -0.001386018220299171
19.1 -0.001386049015994158
19.2 -0.001386250126072214
19.3 -0.001386601057434898
19.40000000000001 -0.001386673336538413
19.50000000000001 -0.001386350325748104
19.60000000000001 -0.00138608505155479
19.70000000000001 -0.001386017534651673
19.80000000000001 -0.001386032313229948
19.90000000000001 -0.00138605570430338
20.00000000000001 -0.001386070916640166
20.10000000000002 -0.001386078964297328
20.20000000000002 -0.001386082899619345
20.30000000000002 -0.001386084753504404
20.40000000000002 -0.001386085602105437
20.50000000000002 -0.001386085974356726
20.60000000000002 -0.00138608612360084
20.70000000000002 -0.001386086170298048
20.80000000000003 -0.001386086171598938
20.90000000000003 -0.00138608615447759
21.00000000000003 -0.001386086131467318
21.10000000000003 -0.001386086108176109
21.20000000000003 -0.001386086086904569
21.30000000000003 -0.001386086068399154
21.40000000000003 -0.001386086052703907
21.50000000000004 -0.001386086039572082
21.60000000000004 -0.001386086028661601
21.70000000000004 -0.001386086019624175
21.80000000000004 -0.001386086012142497
21.90000000000004 -0.001386086005942489
22.00000000000004 -0.001386086000794149
22.10000000000004 -0.001386085996507582
22.20000000000005 -0.001386085992927423
22.30000000000005 -0.00138608598992717
22.40000000000005 -0.001386085987404058
22.50000000000005 -0.001386085985274598
22.60000000000005 -0.001386085983470904
22.70000000000005 -0.001386085981937672
22.80000000000005 -0.001386085980629764
22.90000000000006 -0.001386085979510213
23.00000000000006 -0.001386085978548656
23.10000000000006 -0.001386085977720084
23.20000000000006 -0.001386085977003831
23.30000000000006 -0.001386085976382748
23.40000000000006 -0.001386085975842567
23.50000000000006 -0.001386085975371406
23.60000000000007 -0.001386085974959277
23.70000000000007 -0.001386085974597809
23.80000000000007 -0.00138608597427994
23.90000000000007 -0.001386085973999704
24.00000000000007 -0.001386085973752041
24.10000000000007 -0.001386085973532642
24.20000000000007 -0.001386085973337842
24.30000000000008 -0.001386085973164496
24.40000000000008 -0.001386085973009916
24.50000000000008 -0.001386085972871791
24.60000000000008 -0.001386085972748119
24.70000000000008 -0.001386085972637178
24.80000000000008 -0.001386085972537475
24.90000000000008 -0.001386085972447704
25.00000000000009 -0.001386085972366743
25.10000000000009 -0.001386085972293608
25.20000000000009 -0.001386085972227438
25.30000000000009 -0.001386085972167474
25.40000000000009 -0.001386085972113055
25.50000000000009 -0.001386085972063605
25.60000000000009 -0.001386085972018608
25.7000000000001 -0.001386085971977607
25.8000000000001 -0.00138608597194021
25.9000000000001 -0.001386085971906054
26.0000000000001 -0.001386085971874833
26.1000000000001 -0.001386085971846262
26.2000000000001 -0.001386085971820094
26.3000000000001 -0.001386085971796106
26.40000000000011 -0.001386085971774102
26.50000000000011 -0.001386085971753906
26.60000000000011 -0.001386085971735357
26.70000000000011 -0.001386085971718316
26.80000000000011 -0.001386085971702655
26.90000000000011 -0.00138608597168826
27.00000000000011 -0.001386085971675031
27.10000000000012 -0.00138608597166287
27.20000000000012 -0.001386085971651703
27.30000000000012 -0.001386085971641449
27.40000000000012 -0.001386085971632045
27.50000000000012 -0.001386085971623431
27.60000000000012 -0.00138608597161555
27.70000000000012 -0.001386085971608354
27.80000000000013 -0.001386085971601802
27.90000000000013 -0.001386085971595852
28.00000000000013 -0.001386085971590475
28.10000000000013 -0.001386085971585634
28.20000000000013 -0.001386085971581304
28.30000000000013 -0.001386085971577456
28.40000000000013 -0.001386085971574078
28.50000000000014 -0.001386085971571143
28.60000000000014 -0.00138608597156864
28.70000000000014 -0.001386085971566552
28.80000000000014 -0.001386085971564869
28.90000000000014 -0.001386085971563585
29.00000000000014 -0.001386085971562696
29.10000000000014 -0.001386085971562187
29.20000000000014 -0.001386085971562063
29.30000000000015 -0.001386085971562322
29.40000000000015 -0.001386085971562969
29.50000000000015 -0.001386085971564003
29.60000000000015 -0.001386085971565433
29.70000000000015 -0.001386085971567268
29.80000000000015 -0.001386085971569515
29.90000000000015 -0.001386085971572188
30.00000000000016 -0.001386085971575307
30.10000000000016 -0.001386085971578879
30.20000000000016 -0.001386085971582932
30.30000000000016 -0.001386085971587491
30.40000000000016 -0.001386085971592575
30.50000000000016 -0.001386085971598222
30.60000000000016 -0.001386085971604463
30.70000000000017 -0.001386085971611332
30.80000000000017 -0.001386085971618874
30.90000000000017 -0.001386085971627139
31.00000000000017 -0.00138608597163618
31.10000000000017 -0.001386085971646047
31.20000000000017 -0.001386085971656813
31.30000000000017 -0.001386085971668548
31.40000000000018 -0.00138608597168133
31.50000000000018 -0.001386085971695246
31.60000000000018 -0.001386085971710404
31.70000000000018 -0.001386085971726908
31.80000000000018 -0.001386085971744885
31.90000000000018 -0.001386085971764471
32.00000000000018 -0.001386085971785819
32.10000000000019 -0.001386085971809102
32.20000000000019 -0.001386085971834507
32.30000000000019 -0.00138608597186226
32.40000000000019 -0.00138608597189259
32.50000000000019 -0.001386085971925776
32.60000000000019 -0.001386085971962121
32.70000000000019 -0.001386085972001968
32.8000000000002 -0.0013860859720457
32.9000000000002 -0.001386085972093763
33.0000000000002 -0.001386085972146647
33.1000000000002 -0.001386085972204921
33.2000000000002 -0.00138608597226922
33.3000000000002 -0.001386085972340276
33.4000000000002 -0.001386085972418918
33.50000000000021 -0.001386085972506095
33.60000000000021 -0.001386085972602907
33.70000000000021 -0.00138608597271059
33.80000000000021 -0.001386085972830593
33.90000000000021 -0.001386085972964577
34.00000000000021 -0.001386085973114464
34.10000000000021 -0.00138608597328248
34.20000000000022 -0.001386085973471217
34.30000000000022 -0.001386085973683691
34.40000000000022 -0.001386085973923425
34.50000000000022 -0.001386085974194555
34.60000000000022 -0.001386085974501933
34.70000000000022 -0.00138608597485128
34.80000000000022 -0.001386085975249364
34.90000000000023 -0.001386085975704211
35.00000000000023 -0.001386085976225358
35.10000000000023 -0.00138608597682419
35.20000000000023 -0.001386085977514353
35.30000000000023 -0.001386085978312218
35.40000000000023 -0.001386085979237532
35.50000000000023 -0.001386085980314171
35.60000000000024 -0.001386085981571115
35.70000000000024 -0.001386085983043649
35.80000000000024 -0.001386085984774858
35.90000000000024 -0.001386085986817507
36.00000000000024 -0.001386085989236428
36.10000000000024 -0.001386085992111392
36.20000000000024 -0.001386085995540737
36.30000000000025 -0.001386085999645724
36.40000000000025 -0.001386086004575725
36.50000000000025 -0.001386086010514114
36.60000000000025 -0.001386086017684449
36.70000000000025 -0.001386086026355839
36.80000000000025 -0.001386086036845086
36.90000000000025 -0.001386086049510233
37.00000000000026 -0.001386086064724922
37.10000000000026 -0.001386086082811787
37.20000000000026 -0.001386086103890884
37.30000000000026 -0.001386086127554234
37.40000000000026 -0.001386086152184737
37.50000000000026 -0.001386086173544781
37.60000000000026 -0.001386086181851895
37.70000000000027 -0.001386086155686583
37.80000000000027 -0.00138608604920153
37.90000000000027 -0.001386085765073715
38.00000000000027 -0.001386085097235756
38.10000000000027 -0.001386083611318024
38.20000000000027 -0.001386080407619714
38.30000000000027 -0.001386073719976798
38.40000000000028 -0.001386060583936897
38.50000000000028 -0.001386038390745577
38.60000000000028 -0.001386015792429359
38.70000000000028 -0.001386047731795972
38.80000000000028 -0.001386258931489637
38.90000000000028 -0.001386624633528219
39.00000000000028 -0.001386689023524228
39.10000000000029 -0.00138634698141632
39.20000000000029 -0.001386078484222654
39.30000000000029 -0.001386014735923643
39.40000000000029 -0.001386031844183507
39.50000000000029 -0.001386055914049167
39.60000000000029 -0.001386071188119606
39.70000000000029 -0.001386079162067951
39.8000000000003 -0.001386083024371838
39.9000000000003 -0.001386084828509149
40.0000000000003 -0.001386085646659707
40.1000000000003 -0.001386086000928474
40.2000000000003 -0.001386086139636748
40.3000000000003 -0.001386086180133039
40.4000000000003 -0.001386086177746992
40.50000000000031 -0.001386086158405929
40.60000000000031 -0.001386086134041864
40.70000000000031 -0.001386086109914595
40.80000000000031 -0.001386086088120771
40.90000000000031 -0.00138608606928585
41.00000000000031 -0.001386086053381015
41.10000000000031 -0.001386086040115069
41.20000000000032 -0.001386086029118466
41.30000000000032 -0.0013860860200257
41.40000000000032 -0.001386086012508572
41.50000000000032 -0.00138608600628605
41.60000000000032 -0.001386086001123639
41.70000000000032 -0.001386085996828519
41.80000000000032 -0.001386085993243391
41.90000000000033 -0.001386085990240536
42.00000000000033 -0.001386085987716319
42.10000000000033 -0.001386085985586701
42.20000000000033 -0.001386085983783451
42.30000000000033 -0.001386085982251017
42.40000000000033 -0.001386085980944089
42.50000000000033 -0.001386085979825598
42.60000000000034 -0.001386085978865131
42.70000000000034 -0.001386085978037629
42.80000000000034 -0.001386085977322393
42.90000000000034 -0.001386085976702275
43.00000000000034 -0.001386085976163003
43.10000000000034 -0.001386085975692669
43.20000000000034 -0.001386085975281323
43.30000000000035 -0.001386085974920564
43.40000000000035 -0.001386085974603358
43.50000000000035 -0.001386085974323725
43.60000000000035 -0.001386085974076618
43.70000000000035 -0.00138608597385774
43.80000000000035 -0.001386085973663418
43.90000000000035 -0.001386085973490524
44.00000000000036 -0.001386085973336359
44.10000000000036 -0.001386085973198617
44.20000000000036 -0.001386085973075303
44.30000000000036 -0.0013860859729647
44.40000000000036 -0.001386085972865307
44.50000000000036 -0.001386085972775834
44.60000000000036 -0.001386085972695153
44.70000000000037 -0.001386085972622277
44.80000000000037 -0.001386085972556353
44.90000000000037 -0.001386085972496625
45.00000000000037 -0.001386085972442432
45.10000000000037 -0.001386085972393191
45.20000000000037 -0.001386085972348399
45.30000000000037 -0.001386085972307595
45.40000000000038 -0.001386085972270384
45.50000000000038 -0.001386085972236405
45.60000000000038 -0.001386085972205355
45.70000000000038 -0.00138608597217695
45.80000000000038 -0.001386085972150937
45.90000000000038 -0.001386085972127102
46.00000000000038 -0.001386085972105243
46.10000000000039 -0.001386085972085188
46.20000000000039 -0.001386085972066776
46.30000000000039 -0.001386085972049867
46.40000000000039 -0.001386085972034332
46.50000000000039 -0.001386085972020055
46.60000000000039 -0.001386085972006942
46.70000000000039 -0.001386085971994893
46.8000000000004 -0.001386085971983832
46.9000000000004 -0.001386085971973681
47.0000000000004 -0.001386085971964371
47.1000000000004 -0.001386085971955848
47.2000000000004 -0.001386085971948055
47.3000000000004 -0.001386085971940943
47.4000000000004 -0.001386085971934469
47.50000000000041 -0.001386085971928597
47.60000000000041 -0.001386085971923291
47.70000000000041 -0.001386085971918515
47.80000000000041 -0.001386085971914242
47.90000000000041 -0.001386085971910457
48.00000000000041 -0.00138608597190713
48.10000000000041 -0.001386085971904239
48.20000000000041 -0.001386085971901777
48.30000000000042 -0.00138608597189973
48.40000000000042 -0.001386085971898082
48.50000000000042 -0.001386085971896827
48.60000000000042 -0.001386085971895957
48.70000000000042 -0.001386085971895471
48.80000000000042 -0.001386085971895359
48.90000000000042 -0.001386085971895623
49.00000000000043 -0.001386085971896267
49.10000000000043 -0.001386085971897295
49.20000000000043 -0.001386085971898707
49.30000000000043 -0.001386085971900516
49.40000000000043 -0.001386085971902732
49.50000000000043 -0.001386085971905365
49.60000000000043 -0.001386085971908429
49.70000000000044 -0.001386085971911939
49.80000000000044 -0.001386085971915919
49.90000000000044 -0.001386085971920387
50.00000000000044 -0.001386085971925378
