0 -0.01984472870594979
0.1 -0.01984330081424519
0.2 -0.01984187337869386
0.3 -0.01984044642511838
0.4 -0.01983902002821763
0.5 -0.01983759433763608
0.6 -0.0198361696073389
0.7 -0.01983474622971923
0.7999999999999999 -0.01983332477617279
0.8999999999999999 -0.01983190604631286
0.9999999999999999 -0.01983049112860806
1.1 -0.01982908147606982
1.2 -0.01982767900178731
1.3 -0.01982628620073874
1.4 -0.01982490630660052
1.5 -0.01982354349552491
1.6 -0.01982220315351721
1.7 -0.01982089223080869
1.8 -0.01981961971657766
1.900000000000001 -0.01981839728224342
2 -0.01981724016413851
2.100000000000001 -0.0198161683912629
2.200000000000001 -0.01981520851882135
2.300000000000001 -0.01981439611679211
2.400000000000001 -0.01981377940875124
2.500000000000001 -0.01981342470323032
2.600000000000001 -0.01981342469045059
2.700000000000001 -0.01981391145283025
2.800000000000001 -0.01981507748784288
2.900000000000001 -0.01981721087193481
3.000000000000001 -0.01982075649731839
3.100000000000001 -0.01982642792146377
3.200000000000002 -0.01983542371128619
3.300000000000002 -0.01984987637672311
3.400000000000002 -0.01987387007177767
3.500000000000002 -0.0199160288114764
3.600000000000002 -0.01999721435869735
3.700000000000002 -0.02017928526420992
3.800000000000002 -0.02072088838737071
3.900000000000002 -0.02388736877594975
4.000000000000002 -0.01763178319673547
4.100000000000001 0.1658815921871294
4.200000000000001 0.1659982550704266
4.300000000000001 0.1654564588230707
4.4 0.1650901454844608
4.5 0.1648040948208805
4.6 0.1645619569259573
4.699999999999999 0.1646408126519111
4.799999999999999 0.1657672670588109
4.899999999999999 0.1668516193644394
4.999999999999998 0.1669780733719534
5.099999999999998 0.1668213845681299
5.199999999999998 0.1666760402049484
5.299999999999997 0.1665742991178426
5.399999999999997 0.1665049725307301
5.499999999999996 0.1664566737251253
5.599999999999996 0.1664219407051141
5.699999999999996 0.1663961745943782
5.799999999999995 0.1663765202358807
5.899999999999995 0.1663611595289848
5.999999999999995 0.1663489002262791
6.099999999999994 0.166338937601515
6.199999999999994 0.1663307137156621
6.299999999999994 0.1663238321650796
6.399999999999993 0.1663180050314157
6.499999999999993 0.1663130189962135
6.599999999999993 0.1663087131587995
6.699999999999992 0.1663049641812557
6.799999999999992 0.166301676129668
6.899999999999991 0.1662987733920125
6.999999999999991 0.1662961956528793
7.099999999999991 0.166293894269268
7.19999999999999 0.1662918296174326
7.29999999999999 0.1662899691236074
7.39999999999999 0.166288285783571
7.499999999999989 0.1662867570364747
7.599999999999989 0.1662853638987199
7.699999999999989 0.1662840902910094
7.799999999999988 0.1662829225105064
7.899999999999988 0.1662818488131256
7.999999999999988 0.1662808590802357
8.099999999999987 0.1662799445506455
8.199999999999987 0.1662790976035193
8.299999999999986 0.166278311581341
8.399999999999986 0.166277580644612
8.499999999999986 0.1662768996518742
8.599999999999985 0.1662762640600804
8.699999999999985 0.1662756698414162
8.799999999999985 0.1662751134135061
8.899999999999984 0.1662745915805682
8.999999999999984 0.1662741014835743
9.099999999999984 0.1662736405578574
9.199999999999983 0.1662732064969043
9.299999999999983 0.1662727972213126
9.399999999999983 0.1662724108520761
9.499999999999982 0.1662720456875147
9.599999999999982 0.1662717001832861
9.699999999999982 0.1662713729350095
9.799999999999981 0.1662710626631173
9.899999999999981 0.1662707681996078
9.99999999999998 0.16627048847643
10.09999999999998 0.1662702225152708
10.19999999999998 0.1662699694185537
10.29999999999998 0.1662697283614846
10.39999999999998 0.1662694985850069
10.49999999999998 0.1662692793895481
10.59999999999998 0.166269070129456
10.69999999999998 0.1662688702080393
10.79999999999998 0.1662686790731368
10.89999999999998 0.1662684962131525
10.99999999999998 0.1662683211534995
11.09999999999998 0.1662681534534059
11.19999999999998 0.1662679927030406
11.29999999999998 0.1662678385209222
11.39999999999998 0.1662676905515798
11.49999999999998 0.1662675484634376
11.59999999999997 0.1662674119468988
11.69999999999997 0.1662672807126084
11.79999999999997 0.1662671544898744
11.89999999999997 0.1662670330252322
11.99999999999997 0.1662669160811376
12.09999999999997 0.1662668034347735
12.19999999999997 0.1662666948769617
12.29999999999997 0.166266590211167
12.39999999999997 0.1662664892525861
12.49999999999997 0.1662663918273126
12.59999999999997 0.1662662977715706
12.69999999999997 0.1662662069310113
12.79999999999997 0.1662661191600656
12.89999999999997 0.1662660343213488
12.99999999999997 0.1662659522851121
13.09999999999997 0.166265872928736
13.19999999999997 0.1662657961362642
13.29999999999997 0.1662657217979704
13.39999999999997 0.1662656498099605
13.49999999999997 0.1662655800738025
13.59999999999997 0.1662655124961837
13.69999999999997 0.1662654469885937
13.79999999999997 0.1662653834670298
13.89999999999997 0.1662653218517225
13.99999999999997 0.1662652620668821
14.09999999999997 0.1662652040404611
14.19999999999997 0.1662651477039345
14.29999999999997 0.1662650929920939
14.39999999999996 0.1662650398428562
14.49999999999996 0.1662649881970855
14.59999999999996 0.1662649379984254
14.69999999999996 0.1662648891931438
14.79999999999996 0.1662648417299871
14.89999999999996 0.1662647955600434
14.99999999999996 0.1662647506366155
15.09999999999996 0.1662647069151009
15.19999999999996 0.16626466435288
15.29999999999996 0.1662646229092106
15.39999999999996 0.1662645825451295
15.49999999999996 0.1662645432233601
15.59999999999996 0.1662645049082246
15.69999999999996 0.166264467565563
15.79999999999996 0.1662644311626556
15.89999999999996 0.1662643956681504
15.99999999999996 0.1662643610519957
16.09999999999996 0.1662643272853746
16.19999999999996 0.1662642943406457
16.29999999999996 0.1662642621912849
16.39999999999996 0.1662642308118321
16.49999999999996 0.16626420017784
16.59999999999997 0.1662641702658261
16.69999999999997 0.1662641410532275
16.79999999999997 0.1662641125183574
16.89999999999997 0.1662640846403651
16.99999999999997 0.1662640573991973
17.09999999999997 0.1662640307755614
17.19999999999997 0.1662640047508915
17.29999999999998 0.1662639793073156
17.39999999999998 0.1662639544276247
17.49999999999998 0.1662639300952433
17.59999999999998 0.1662639062942017
17.69999999999998 0.1662638830091095
17.79999999999998 0.1662638602251304
17.89999999999998 0.1662638379279588
17.99999999999999 0.1662638161037966
18.09999999999999 0.1662637947393324
18.19999999999999 0.1662637738217202
18.29999999999999 0.1662637533385605
18.39999999999999 0.1662637332778817
18.49999999999999 0.1662637136281225
18.59999999999999 0.1662636943781148
18.7 0.1662636755170682
18.8 0.1662636570345545
18.9 0.166263638920493
19 0.1662636211651372
19.1 0.1662636037590612
19.2 0.1662635866931468
19.3 0.1662635699585723
19.40000000000001 0.1662635535468006
19.50000000000001 0.1662635374495676
19.60000000000001 0.1662635216588733
19.70000000000001 0.16626350616697
19.80000000000001 0.166263490966354
19.90000000000001 0.1662634760497558
20.00000000000001 0.166263461410132
20.10000000000002 0.166263447040656
20.20000000000002 0.1662634329347109
20.30000000000002 0.1662634190858812
20.40000000000002 0.1662634054879459
20.50000000000002 0.1662633921348711
20.60000000000002 0.1662633790208035
20.70000000000002 0.166263366140064
20.80000000000003 0.1662633534871415
20.90000000000003 0.1662633410566864
21.00000000000003 0.1662633288435059
21.10000000000003 0.1662633168425578
21.20000000000003 0.1662633050489456
21.30000000000003 0.1662632934579133
21.40000000000003 0.1662632820648408
21.50000000000004 0.1662632708652389
21.60000000000004 0.1662632598547453
21.70000000000004 0.16626324902912
21.80000000000004 0.1662632383842414
21.90000000000004 0.1662632279161022
22.00000000000004 0.1662632176208057
22.10000000000004 0.1662632074945621
22.20000000000005 0.1662631975336852
22.30000000000005 0.1662631877345884
22.40000000000005 0.1662631780937824
22.50000000000005 0.1662631686078715
22.60000000000005 0.1662631592735504
22.70000000000005 0.166263150087602
22.80000000000005 0.1662631410468937
22.90000000000006 0.1662631321483757
23.00000000000006 0.1662631233890775
23.10000000000006 0.1662631147661063
23.20000000000006 0.1662631062766438
23.30000000000006 0.1662630979179443
23.40000000000006 0.1662630896873326
23.50000000000006 0.1662630815822013
23.60000000000007 0.1662630736000094
23.70000000000007 0.1662630657382796
23.80000000000007 0.1662630579945972
23.90000000000007 0.1662630503666075
24.00000000000007 0.1662630428520142
24.10000000000007 0.166263035448578
24.20000000000007 0.1662630281541145
24.30000000000008 0.1662630209664928
24.40000000000008 0.1662630138836338
24.50000000000008 0.166263006903509
24.60000000000008 0.1662630000241384
24.70000000000008 0.16626299324359
24.80000000000008 0.1662629865599777
24.90000000000008 0.1662629799714601
25.00000000000009 0.1662629734762397
25.10000000000009 0.1662629670725609
25.20000000000009 0.1662629607587096
25.30000000000009 0.1662629545330115
25.40000000000009 0.1662629483938313
25.50000000000009 0.1662629423395712
25.60000000000009 0.1662629363686704
25.7000000000001 0.1662629304796037
25.8000000000001 0.1662629246708808
25.9000000000001 0.1662629189410451
26.0000000000001 0.1662629132886729
26.1000000000001 0.1662629077123725
26.2000000000001 0.1662629022107833
26.3000000000001 0.1662628967825751
26.40000000000011 0.1662628914264473
26.50000000000011 0.1662628861411277
26.60000000000011 0.1662628809253723
26.70000000000011 0.1662628757779643
26.80000000000011 0.1662628706977133
26.90000000000011 0.166262865683455
27.00000000000011 0.1662628607340498
27.10000000000012 0.1662628558483831
27.20000000000012 0.1662628510253638
27.30000000000012 0.1662628462639243
27.40000000000012 0.1662628415630195
27.50000000000012 0.1662628369216266
27.60000000000012 0.166262832338744
27.70000000000012 0.1662628278133914
27.80000000000013 0.1662628233446088
27.90000000000013 0.1662628189314563
28.00000000000013 0.1662628145730133
28.10000000000013 0.1662628102683784
28.20000000000013 0.1662628060166684
28.30000000000013 0.1662628018170184
28.40000000000013 0.166262797668581
28.50000000000014 0.1662627935705261
28.60000000000014 0.1662627895220401
28.70000000000014 0.1662627855223262
28.80000000000014 0.1662627815706031
28.90000000000014 0.1662627776661053
29.00000000000014 0.1662627738080827
29.10000000000014 0.1662627699957999
29.20000000000014 0.1662627662285357
29.30000000000015 0.1662627625055836
29.40000000000015 0.1662627588262504
29.50000000000015 0.1662627551898569
29.60000000000015 0.1662627515957368
29.70000000000015 0.1662627480432366
29.80000000000015 0.1662627445317157
29.90000000000015 0.1662627410605455
30.00000000000016 0.1662627376291095
30.10000000000016 0.166262734236803
30.20000000000016 0.1662627308830328
30.30000000000016 0.1662627275672167
30.40000000000016 0.1662627242887838
30.50000000000016 0.1662627210471735
30.60000000000016 0.166262717841836
30.70000000000017 0.1662627146722315
30.80000000000017 0.1662627115378304
30.90000000000017 0.1662627084381129
31.00000000000017 0.1662627053725686
31.10000000000017 0.1662627023406965
31.20000000000017 0.1662626993420047
31.30000000000017 0.1662626963760104
31.40000000000018 0.1662626934422396
31.50000000000018 0.1662626905402268
31.60000000000018 0.1662626876695147
31.70000000000018 0.1662626848296543
31.80000000000018 0.1662626820202049
31.90000000000018 0.1662626792407333
32.00000000000018 0.1662626764908141
32.10000000000019 0.1662626737700295
32.20000000000019 0.166262671077969
32.30000000000019 0.1662626684142293
32.40000000000019 0.1662626657784141
32.50000000000019 0.1662626631701343
32.60000000000019 0.1662626605890071
32.70000000000019 0.1662626580346567
32.8000000000002 0.1662626555067137
32.9000000000002 0.1662626530048149
33.0000000000002 0.1662626505286036
33.1000000000002 0.166262648077729
33.2000000000002 0.1662626456518461
33.3000000000002 0.1662626432506162
33.4000000000002 0.1662626408737061
33.50000000000021 0.166262638520788
33.60000000000021 0.1662626361915399
33.70000000000021 0.1662626338856452
33.80000000000021 0.1662626316027923
33.90000000000021 0.166262629342675
34.00000000000021 0.1662626271049923
34.10000000000021 0.1662626248894477
34.20000000000022 0.1662626226957502
34.30000000000022 0.166262620523613
34.40000000000022 0.1662626183727545
34.50000000000022 0.1662626162428972
34.60000000000022 0.1662626141337684
34.70000000000022 0.1662626120450998
34.80000000000022 0.1662626099766274
34.90000000000023 0.1662626079280914
35.00000000000023 0.1662626058992362
35.10000000000023 0.1662626038898102
35.20000000000023 0.1662626018995662
35.30000000000023 0.1662625999282603
35.40000000000023 0.1662625979756529
35.50000000000023 0.1662625960415082
35.60000000000024 0.1662625941255937
35.70000000000024 0.1662625922276811
35.80000000000024 0.1662625903475453
35.90000000000024 0.1662625884849647
36.00000000000024 0.1662625866397213
36.10000000000024 0.1662625848116005
36.20000000000024 0.1662625830003908
36.30000000000025 0.1662625812058841
36.40000000000025 0.1662625794278756
36.50000000000025 0.1662625776661636
36.60000000000025 0.166262575920549
36.70000000000025 0.1662625741908366
36.80000000000025 0.1662625724768333
36.90000000000025 0.1662625707783494
37.00000000000026 0.1662625690951981
37.10000000000026 0.1662625674271951
37.20000000000026 0.1662625657741591
37.30000000000026 0.1662625641359114
37.40000000000026 0.1662625625122759
37.50000000000026 0.1662625609030794
37.60000000000026 0.166262559308151
37.70000000000027 0.1662625577273223
37.80000000000027 0.1662625561604275
37.90000000000027 0.1662625546073032
38.00000000000027 0.1662625530677884
38.10000000000027 0.1662625515417244
38.20000000000027 0.1662625500289548
38.30000000000027 0.1662625485293257
38.40000000000028 0.166262547042685
38.50000000000028 0.1662625455688832
38.60000000000028 0.1662625441077726
38.70000000000028 0.166262542659208
38.80000000000028 0.166262541223046
38.90000000000028 0.1662625397991451
39.00000000000028 0.1662625383873663
39.10000000000029 0.1662625369875722
39.20000000000029 0.1662625355996273
39.30000000000029 0.1662625342233983
39.40000000000029 0.1662625328587535
39.50000000000029 0.1662625315055632
39.60000000000029 0.1662625301636995
39.70000000000029 0.1662625288330362
39.8000000000003 0.166262527513449
39.9000000000003 0.1662625262048151
40.0000000000003 0.1662625249070135
40.1000000000003 0.1662625236199251
40.2000000000003 0.166262522343432
40.3000000000003 0.1662625210774182
40.4000000000003 0.1662625198217693
40.50000000000031 0.1662625185763722
40.60000000000031 0.1662625173411157
40.70000000000031 0.1662625161158899
40.80000000000031 0.1662625149005863
40.90000000000031 0.1662625136950981
41.00000000000031 0.1662625124993198
41.10000000000031 0.1662625113131472
41.20000000000032 0.1662625101364777
41.30000000000032 0.1662625089692101
41.40000000000032 0.1662625078112443
41.50000000000032 0.1662625066624816
41.60000000000032 0.1662625055228248
41.70000000000032 0.1662625043921778
41.80000000000032 0.1662625032704457
41.90000000000033 0.1662625021575351
42.00000000000033 0.1662625010533537
42.10000000000033 0.1662624999578102
42.20000000000033 0.1662624988708149
42.30000000000033 0.1662624977922789
42.40000000000033 0.1662624967221146
42.50000000000033 0.1662624956602356
42.60000000000034 0.1662624946065563
42.70000000000034 0.1662624935609928
42.80000000000034 0.1662624925234616
42.90000000000034 0.1662624914938807
43.00000000000034 0.1662624904721691
43.10000000000034 0.1662624894582466
43.20000000000034 0.1662624884520342
43.30000000000035 0.166262487453454
43.40000000000035 0.1662624864624288
43.50000000000035 0.1662624854788826
43.60000000000035 0.1662624845027404
43.70000000000035 0.1662624835339278
43.80000000000035 0.1662624825723717
43.90000000000035 0.1662624816179996
44.00000000000036 0.1662624806707403
44.10000000000036 0.166262479730523
44.20000000000036 0.1662624787972782
44.30000000000036 0.1662624778709371
44.40000000000036 0.1662624769514316
44.50000000000036 0.1662624760386946
44.60000000000036 0.1662624751326598
44.70000000000037 0.1662624742332618
44.80000000000037 0.1662624733404358
44.90000000000037 0.1662624724541179
45.00000000000037 0.1662624715742449
45.10000000000037 0.1662624707007545
45.20000000000037 0.166262469833585
45.30000000000037 0.1662624689726756
45.40000000000038 0.1662624681179661
45.50000000000038 0.1662624672693972
45.60000000000038 0.1662624664269099
45.70000000000038 0.1662624655904465
45.80000000000038 0.1662624647599495
45.90000000000038 0.1662624639353622
46.00000000000038 0.1662624631166288
46.10000000000039 0.1662624623036938
46.20000000000039 0.1662624614965027
46.30000000000039 0.1662624606950014
46.40000000000039 0.1662624598991366
46.50000000000039 0.1662624591088554
46.60000000000039 0.1662624583241057
46.70000000000039 0.1662624575448361
46.8000000000004 0.1662624567709955
46.9000000000004 0.1662624560025336
47.0000000000004 0.1662624552394006
47.1000000000004 0.1662624544815474
47.2000000000004 0.1662624537289253
47.3000000000004 0.1662624529814863
47.4000000000004 0.1662624522391828
47.50000000000041 0.1662624515019679
47.60000000000041 0.1662624507697952
47.70000000000041 0.1662624500426187
47.80000000000041 0.1662624493203931
47.90000000000041 0.1662624486030735
48.00000000000041 0.1662624478906155
48.10000000000041 0.1662624471829753
48.20000000000041 0.1662624464801095
48.30000000000042 0.1662624457819752
48.40000000000042 0.1662624450885301
48.50000000000042 0.1662624443997321
48.60000000000042 0.1662624437155399
48.70000000000042 0.1662624430359124
48.80000000000042 0.1662624423608092
48.90000000000042 0.16626244169019
49.00000000000043 0.1662624410240154
49.10000000000043 0.166262440362246
49.20000000000043 0.166262439704843
49.30000000000043 0.1662624390517682
49.40000000000043 0.1662624384029835
49.50000000000043 0.1662624377584516
49.60000000000043 0.1662624371181352
49.70000000000044 0.1662624364819977
49.80000000000044 0.1662624358500027
49.90000000000044 0.1662624352221143
50.00000000000044 0.1662624345982971
