0 -0.01984472870594979
0.1 -0.01984472870668277
0.2 -0.01984472870861261
0.3 -0.01984472871174706
0.4 -0.01984472871609784
0.5 -0.01984472872168003
0.6 -0.01984472872851109
0.7 -0.0198447287366095
0.7999999999999999 -0.01984472874599249
0.8999999999999999 -0.01984472875667295
0.9999999999999999 -0.01984472876865465
1.1 -0.01984472878192549
1.2 -0.01984472879644735
1.3 -0.0198447288121413
1.4 -0.01984472882886557
1.5 -0.01984472884638271
1.6 -0.01984472886431011
1.7 -0.01984472888204471
1.8 -0.01984472889864705
1.900000000000001 -0.01984472891266023
2 -0.01984472892182272
2.100000000000001 -0.01984472892260483
2.200000000000001 -0.01984472890944513
2.300000000000001 -0.0198447288734639
2.400000000000001 -0.01984472880023904
2.500000000000001 -0.01984472866584763
2.600000000000001 -0.01984472842958251
2.700000000000001 -0.01984472802003098
2.800000000000001 -0.01984472730726954
2.900000000000001 -0.01984472604440735
3.000000000000001 -0.0198447237370375
3.100000000000001 -0.01984471932987212
3.200000000000002 -0.01984471038561309
3.300000000000002 -0.01984469068577043
3.400000000000002 -0.01984464217481735
3.500000000000002 -0.01984450243009763
3.600000000000002 -0.01984399455513971
3.700000000000002 -0.0198413074907174
3.800000000000002 -0.01981241550735569
3.900000000000002 -0.01764974601056776
4.000000000000002 3.954462318471714
4.100000000000001 3.953474386067147
4.200000000000001 3.955221958917938
4.300000000000001 3.955547454516404
4.4 3.95554174292981
4.5 3.955540720612597
4.6 3.95554050852466
4.699999999999999 3.955540449123691
4.799999999999999 3.955540428359901
4.899999999999999 3.955540419834579
4.999999999999998 3.955540415887542
5.099999999999998 3.95554041388346
5.199999999999998 3.955540412789051
5.299999999999997 3.955540412155252
5.399999999999997 3.955540411770041
5.499999999999996 3.955540411526276
5.599999999999996 3.955540411366648
5.699999999999996 3.955540411259003
5.799999999999995 3.955540411184542
5.899999999999995 3.955540411131872
5.999999999999995 3.955540411093875
6.099999999999994 3.955540411065981
6.199999999999994 3.95554041104518
6.299999999999994 3.955540411029448
6.399999999999993 3.955540411017396
6.499999999999993 3.955540411008056
6.599999999999993 3.955540411000739
6.699999999999992 3.955540410994953
6.799999999999992 3.955540410990336
6.899999999999991 3.95554041098662
6.999999999999991 3.955540410983607
7.099999999999991 3.955540410981146
7.19999999999999 3.955540410979123
7.29999999999999 3.955540410977448
7.39999999999999 3.955540410976056
7.499999999999989 3.955540410974891
7.599999999999989 3.955540410973911
7.699999999999989 3.955540410973084
7.799999999999988 3.95554041097238
7.899999999999988 3.955540410971781
7.999999999999988 3.955540410971267
8.099999999999987 3.955540410970825
8.199999999999987 3.955540410970445
8.299999999999986 3.955540410970116
8.399999999999986 3.95554041096983
8.499999999999986 3.955540410969582
8.599999999999985 3.955540410969364
8.699999999999985 3.955540410969174
8.799999999999985 3.955540410969006
8.899999999999984 3.955540410968858
8.999999999999984 3.955540410968726
9.099999999999984 3.955540410968611
9.199999999999983 3.955540410968508
9.299999999999983 3.955540410968417
9.399999999999983 3.955540410968336
9.499999999999982 3.955540410968263
9.599999999999982 3.955540410968199
9.699999999999982 3.95554041096814
9.799999999999981 3.955540410968087
9.899999999999981 3.95554041096804
9.99999999999998 3.955540410967997
10.09999999999998 3.955540410967957
10.19999999999998 3.955540410967923
10.29999999999998 3.955540410967891
10.39999999999998 3.955540410967863
10.49999999999998 3.955540410967837
10.59999999999998 3.955540410967814
10.69999999999998 3.955540410967793
10.79999999999998 3.955540410967773
10.89999999999998 3.955540410967755
10.99999999999998 3.955540410967739
11.09999999999998 3.955540410967724
11.19999999999998 3.955540410967711
11.29999999999998 3.955540410967699
11.39999999999998 3.955540410967687
11.49999999999998 3.955540410967675
11.59999999999997 3.955540410967666
11.69999999999997 3.955540410967656
11.79999999999997 3.955540410967648
11.89999999999997 3.955540410967641
11.99999999999997 3.955540410967632
12.09999999999997 3.955540410967627
12.19999999999997 3.95554041096762
12.29999999999997 3.955540410967616
12.39999999999997 3.95554041096761
12.49999999999997 3.955540410967605
12.59999999999997 3.955540410967601
12.69999999999997 3.955540410967597
12.79999999999997 3.955540410967593
12.89999999999997 3.95554041096759
12.99999999999997 3.955540410967586
13.09999999999997 3.955540410967583
13.19999999999997 3.955540410967581
13.29999999999997 3.955540410967577
13.39999999999997 3.955540410967576
13.49999999999997 3.955540410967574
13.59999999999997 3.955540410967572
13.69999999999997 3.95554041096757
13.79999999999997 3.955540410967569
13.89999999999997 3.955540410967567
13.99999999999997 3.955540410967566
14.09999999999997 3.955540410967564
14.19999999999997 3.955540410967563
14.29999999999997 3.955540410967561
14.39999999999996 3.95554041096756
14.49999999999996 3.955540410967559
14.59999999999996 3.955540410967557
14.69999999999996 3.955540410967557
14.79999999999996 3.955540410967556
14.89999999999996 3.955540410967555
14.99999999999996 3.955540410967553
15.09999999999996 3.955540410967552
15.19999999999996 3.955540410967551
15.29999999999996 3.955540410967549
15.39999999999996 3.955540410967549
15.49999999999996 3.955540410967548
15.59999999999996 3.955540410967548
15.69999999999996 3.955540410967547
15.79999999999996 3.955540410967547
15.89999999999996 3.955540410967546
15.99999999999996 3.955540410967545
16.09999999999996 3.955540410967546
16.19999999999996 3.955540410967544
16.29999999999996 3.955540410967543
16.39999999999996 3.955540410967544
16.49999999999996 3.955540410967543
16.59999999999997 3.955540410967542
16.69999999999997 3.955540410967542
16.79999999999997 3.955540410967543
16.89999999999997 3.955540410967544
16.99999999999997 3.955540410967544
17.09999999999997 3.955540410967544
17.19999999999997 3.955540410967544
17.29999999999998 3.955540410967544
17.39999999999998 3.955540410967544
17.49999999999998 3.955540410967543
17.59999999999998 3.955540410967544
17.69999999999998 3.955540410967543
17.79999999999998 3.955540410967542
17.89999999999998 3.955540410967543
17.99999999999999 3.955540410967543
18.09999999999999 3.955540410967543
18.19999999999999 3.955540410967544
18.29999999999999 3.955540410967544
18.39999999999999 3.955540410967544
18.49999999999999 3.955540410967543
18.59999999999999 3.955540410967542
18.7 3.955540410967542
18.8 3.955540410967542
18.9 3.955540410967541
19 3.955540410967542
19.1 3.955540410967541
19.2 3.95554041096754
19.3 3.95554041096754
19.40000000000001 3.955540410967541
19.50000000000001 3.95554041096754
19.60000000000001 3.955540410967541
19.70000000000001 3.95554041096754
19.80000000000001 3.95554041096754
19.90000000000001 3.955540410967539
20.00000000000001 3.955540410967539
20.10000000000002 3.95554041096754
20.20000000000002 3.955540410967539
20.30000000000002 3.955540410967539
20.40000000000002 3.955540410967539
20.50000000000002 3.95554041096754
20.60000000000002 3.95554041096754
20.70000000000002 3.95554041096754
20.80000000000003 3.95554041096754
20.90000000000003 3.955540410967538
21.00000000000003 3.955540410967538
21.10000000000003 3.955540410967538
21.20000000000003 3.955540410967538
21.30000000000003 3.95554041096754
21.40000000000003 3.955540410967539
21.50000000000004 3.95554041096754
21.60000000000004 3.955540410967539
21.70000000000004 3.955540410967539
21.80000000000004 3.955540410967538
21.90000000000004 3.955540410967539
22.00000000000004 3.955540410967539
22.10000000000004 3.955540410967538
22.20000000000005 3.955540410967539
22.30000000000005 3.955540410967539
22.40000000000005 3.955540410967537
22.50000000000005 3.955540410967537
22.60000000000005 3.955540410967536
22.70000000000005 3.955540410967536
22.80000000000005 3.955540410967536
22.90000000000006 3.955540410967537
23.00000000000006 3.955540410967537
23.10000000000006 3.955540410967537
23.20000000000006 3.955540410967537
23.30000000000006 3.955540410967538
23.40000000000006 3.955540410967538
23.50000000000006 3.95554041096754
23.60000000000007 3.95554041096754
23.70000000000007 3.95554041096754
23.80000000000007 3.95554041096754
23.90000000000007 3.955540410967542
24.00000000000007 3.955540410967541
24.10000000000007 3.95554041096754
24.20000000000007 3.955540410967542
24.30000000000008 3.955540410967541
24.40000000000008 3.955540410967543
24.50000000000008 3.955540410967543
24.60000000000008 3.955540410967544
24.70000000000008 3.955540410967543
24.80000000000008 3.955540410967542
24.90000000000008 3.955540410967543
25.00000000000009 3.955540410967544
25.10000000000009 3.955540410967544
25.20000000000009 3.955540410967543
25.30000000000009 3.955540410967544
25.40000000000009 3.955540410967544
25.50000000000009 3.955540410967543
25.60000000000009 3.955540410967543
25.7000000000001 3.955540410967542
25.8000000000001 3.955540410967542
25.9000000000001 3.955540410967543
26.0000000000001 3.955540410967543
26.1000000000001 3.955540410967542
26.2000000000001 3.955540410967542
26.3000000000001 3.955540410967542
26.40000000000011 3.955540410967543
26.50000000000011 3.955540410967543
26.60000000000011 3.955540410967544
26.70000000000011 3.955540410967543
26.80000000000011 3.955540410967544
26.90000000000011 3.955540410967544
27.00000000000011 3.955540410967543
27.10000000000012 3.955540410967543
27.20000000000012 3.955540410967543
27.30000000000012 3.955540410967543
27.40000000000012 3.955540410967544
27.50000000000012 3.955540410967544
27.60000000000012 3.955540410967544
27.70000000000012 3.955540410967543
27.80000000000013 3.955540410967545
27.90000000000013 3.955540410967546
28.00000000000013 3.955540410967546
28.10000000000013 3.955540410967544
28.20000000000013 3.955540410967545
28.30000000000013 3.955540410967544
28.40000000000013 3.955540410967544
28.50000000000014 3.955540410967543
28.60000000000014 3.955540410967543
28.70000000000014 3.955540410967543
28.80000000000014 3.955540410967544
28.90000000000014 3.955540410967544
29.00000000000014 3.955540410967544
29.10000000000014 3.955540410967544
29.20000000000014 3.955540410967543
29.30000000000015 3.955540410967544
29.40000000000015 3.955540410967544
29.50000000000015 3.955540410967543
29.60000000000015 3.955540410967543
29.70000000000015 3.955540410967544
29.80000000000015 3.955540410967544
29.90000000000015 3.955540410967543
30.00000000000016 3.955540410967542
30.10000000000016 3.955540410967542
30.20000000000016 3.955540410967541
30.30000000000016 3.955540410967541
30.40000000000016 3.955540410967541
30.50000000000016 3.95554041096754
30.60000000000016 3.955540410967539
30.70000000000017 3.95554041096754
30.80000000000017 3.95554041096754
30.90000000000017 3.955540410967539
31.00000000000017 3.955540410967539
31.10000000000017 3.955540410967539
31.20000000000017 3.955540410967539
31.30000000000017 3.95554041096754
31.40000000000018 3.95554041096754
31.50000000000018 3.955540410967539
31.60000000000018 3.95554041096754
31.70000000000018 3.95554041096754
31.80000000000018 3.95554041096754
31.90000000000018 3.95554041096754
32.00000000000018 3.95554041096754
32.10000000000019 3.95554041096754
32.20000000000019 3.95554041096754
32.30000000000019 3.95554041096754
32.40000000000019 3.955540410967539
32.50000000000019 3.955540410967539
32.60000000000019 3.95554041096754
32.70000000000019 3.95554041096754
32.8000000000002 3.955540410967541
32.9000000000002 3.95554041096754
33.0000000000002 3.95554041096754
33.1000000000002 3.95554041096754
33.2000000000002 3.95554041096754
33.3000000000002 3.955540410967539
33.4000000000002 3.955540410967538
33.50000000000021 3.955540410967538
33.60000000000021 3.955540410967538
33.70000000000021 3.955540410967537
33.80000000000021 3.955540410967537
33.90000000000021 3.955540410967537
34.00000000000021 3.955540410967537
34.10000000000021 3.955540410967537
34.20000000000022 3.955540410967537
34.30000000000022 3.955540410967537
34.40000000000022 3.955540410967539
34.50000000000022 3.955540410967538
34.60000000000022 3.955540410967537
34.70000000000022 3.955540410967538
34.80000000000022 3.955540410967538
34.90000000000023 3.955540410967538
35.00000000000023 3.955540410967538
35.10000000000023 3.95554041096754
35.20000000000023 3.95554041096754
35.30000000000023 3.955540410967539
35.40000000000023 3.955540410967538
35.50000000000023 3.955540410967537
35.60000000000024 3.955540410967537
35.70000000000024 3.955540410967538
35.80000000000024 3.955540410967537
35.90000000000024 3.955540410967539
36.00000000000024 3.955540410967539
36.10000000000024 3.955540410967539
36.20000000000024 3.955540410967538
36.30000000000025 3.955540410967538
36.40000000000025 3.955540410967538
36.50000000000025 3.955540410967538
36.60000000000025 3.955540410967538
36.70000000000025 3.955540410967539
36.80000000000025 3.955540410967539
36.90000000000025 3.955540410967539
37.00000000000026 3.95554041096754
37.10000000000026 3.955540410967539
37.20000000000026 3.955540410967539
37.30000000000026 3.955540410967539
37.40000000000026 3.955540410967539
37.50000000000026 3.955540410967538
37.60000000000026 3.955540410967539
37.70000000000027 3.955540410967539
37.80000000000027 3.955540410967538
37.90000000000027 3.955540410967538
38.00000000000027 3.955540410967538
38.10000000000027 3.955540410967539
38.20000000000027 3.955540410967539
38.30000000000027 3.955540410967539
38.40000000000028 3.95554041096754
38.50000000000028 3.955540410967538
38.60000000000028 3.955540410967538
38.70000000000028 3.955540410967539
38.80000000000028 3.95554041096754
38.90000000000028 3.95554041096754
39.00000000000028 3.955540410967541
39.10000000000029 3.955540410967539
39.20000000000029 3.955540410967539
39.30000000000029 3.955540410967538
39.40000000000029 3.955540410967538
39.50000000000029 3.955540410967537
39.60000000000029 3.955540410967538
39.70000000000029 3.955540410967537
39.8000000000003 3.955540410967538
39.9000000000003 3.955540410967538
40.0000000000003 3.955540410967537
40.1000000000003 3.955540410967537
40.2000000000003 3.955540410967537
40.3000000000003 3.955540410967538
40.4000000000003 3.955540410967537
40.50000000000031 3.955540410967539
40.60000000000031 3.955540410967537
40.70000000000031 3.955540410967538
40.80000000000031 3.955540410967539
40.90000000000031 3.955540410967538
41.00000000000031 3.95554041096754
41.10000000000031 3.955540410967539
41.20000000000032 3.955540410967538
41.30000000000032 3.955540410967539
41.40000000000032 3.955540410967539
41.50000000000032 3.955540410967539
41.60000000000032 3.955540410967539
41.70000000000032 3.955540410967539
41.80000000000032 3.95554041096754
41.90000000000033 3.95554041096754
42.00000000000033 3.95554041096754
42.10000000000033 3.95554041096754
42.20000000000033 3.955540410967539
42.30000000000033 3.95554041096754
42.40000000000033 3.955540410967539
42.50000000000033 3.95554041096754
42.60000000000034 3.95554041096754
42.70000000000034 3.95554041096754
42.80000000000034 3.955540410967541
42.90000000000034 3.955540410967541
43.00000000000034 3.955540410967541
43.10000000000034 3.955540410967542
43.20000000000034 3.955540410967543
43.30000000000035 3.955540410967542
43.40000000000035 3.955540410967543
43.50000000000035 3.955540410967543
43.60000000000035 3.955540410967543
43.70000000000035 3.955540410967544
43.80000000000035 3.955540410967544
43.90000000000035 3.955540410967544
44.00000000000036 3.955540410967544
44.10000000000036 3.955540410967545
44.20000000000036 3.955540410967544
44.30000000000036 3.955540410967544
44.40000000000036 3.955540410967544
44.50000000000036 3.955540410967545
44.60000000000036 3.955540410967545
44.70000000000037 3.955540410967545
44.80000000000037 3.955540410967546
44.90000000000037 3.955540410967545
45.00000000000037 3.955540410967544
45.10000000000037 3.955540410967545
45.20000000000037 3.955540410967545
45.30000000000037 3.955540410967545
45.40000000000038 3.955540410967546
45.50000000000038 3.955540410967546
45.60000000000038 3.955540410967546
45.70000000000038 3.955540410967546
45.80000000000038 3.955540410967545
45.90000000000038 3.955540410967545
46.00000000000038 3.955540410967547
46.10000000000039 3.955540410967547
46.20000000000039 3.955540410967547
46.30000000000039 3.955540410967546
46.40000000000039 3.955540410967546
46.50000000000039 3.955540410967546
46.60000000000039 3.955540410967546
46.70000000000039 3.955540410967545
46.8000000000004 3.955540410967544
46.9000000000004 3.955540410967544
47.0000000000004 3.955540410967544
47.1000000000004 3.955540410967545
47.2000000000004 3.955540410967547
47.3000000000004 3.955540410967545
47.4000000000004 3.955540410967544
47.50000000000041 3.955540410967544
47.60000000000041 3.955540410967545
47.70000000000041 3.955540410967544
47.80000000000041 3.955540410967544
47.90000000000041 3.955540410967544
48.00000000000041 3.955540410967544
48.10000000000041 3.955540410967546
48.20000000000041 3.955540410967545
48.30000000000042 3.955540410967544
48.40000000000042 3.955540410967544
48.50000000000042 3.955540410967544
48.60000000000042 3.955540410967544
48.70000000000042 3.955540410967544
48.80000000000042 3.955540410967545
48.90000000000042 3.955540410967545
49.00000000000043 3.955540410967544
49.10000000000043 3.955540410967545
49.20000000000043 3.955540410967546
49.30000000000043 3.955540410967545
49.40000000000043 3.955540410967546
49.50000000000043 3.955540410967547
49.60000000000043 3.955540410967548
49.70000000000044 3.955540410967548
49.80000000000044 3.955540410967549
49.90000000000044 3.955540410967548
50.00000000000044 3.955540410967549
50.10000000000044 3.955540410967548
50.20000000000044 3.955540410967548
50.30000000000044 3.955540410967548
50.40000000000045 3.955540410967548
50.50000000000045 3.955540410967547
50.60000000000045 3.955540410967547
50.70000000000045 3.955540410967548
50.80000000000045 3.955540410967547
50.90000000000045 3.955540410967546
51.00000000000045 3.955540410967546
51.10000000000046 3.955540410967548
51.20000000000046 3.955540410967548
51.30000000000046 3.955540410967548
51.40000000000046 3.955540410967548
51.50000000000046 3.955540410967548
51.60000000000046 3.955540410967547
51.70000000000046 3.955540410967546
51.80000000000047 3.955540410967547
51.90000000000047 3.955540410967547
52.00000000000047 3.955540410967548
52.10000000000047 3.955540410967548
52.20000000000047 3.955540410967548
52.30000000000047 3.955540410967548
52.40000000000047 3.955540410967547
52.50000000000048 3.955540410967547
52.60000000000048 3.955540410967547
52.70000000000048 3.955540410967548
52.80000000000048 3.955540410967549
52.90000000000048 3.95554041096755
53.00000000000048 3.95554041096755
53.10000000000048 3.955540410967551
53.20000000000049 3.95554041096755
53.30000000000049 3.955540410967549
53.40000000000049 3.95554041096755
53.50000000000049 3.955540410967549
53.60000000000049 3.95554041096755
53.70000000000049 3.955540410967549
53.80000000000049 3.95554041096755
53.9000000000005 3.955540410967549
54.0000000000005 3.95554041096755
54.1000000000005 3.955540410967551
54.2000000000005 3.955540410967552
54.3000000000005 3.955540410967553
54.4000000000005 3.955540410967552
54.5000000000005 3.955540410967552
54.60000000000051 3.955540410967552
54.70000000000051 3.955540410967554
54.80000000000051 3.955540410967553
54.90000000000051 3.955540410967554
55.00000000000051 3.955540410967555
55.10000000000051 3.955540410967556
55.20000000000051 3.955540410967557
55.30000000000052 3.955540410967558
55.40000000000052 3.955540410967557
55.50000000000052 3.955540410967557
55.60000000000052 3.955540410967558
55.70000000000052 3.955540410967558
55.80000000000052 3.955540410967557
55.90000000000052 3.955540410967559
56.00000000000053 3.955540410967559
56.10000000000053 3.955540410967559
56.20000000000053 3.955540410967558
56.30000000000053 3.955540410967558
56.40000000000053 3.955540410967558
56.50000000000053 3.955540410967558
56.60000000000053 3.955540410967558
56.70000000000054 3.955540410967558
56.80000000000054 3.955540410967559
56.90000000000054 3.955540410967559
57.00000000000054 3.955540410967559
57.10000000000054 3.955540410967559
57.20000000000054 3.955540410967559
57.30000000000054 3.95554041096756
57.40000000000055 3.95554041096756
57.50000000000055 3.95554041096756
57.60000000000055 3.955540410967561
57.70000000000055 3.955540410967561
57.80000000000055 3.955540410967561
57.90000000000055 3.95554041096756
58.00000000000055 3.955540410967561
58.10000000000056 3.955540410967561
58.20000000000056 3.95554041096756
58.30000000000056 3.95554041096756
58.40000000000056 3.95554041096756
58.50000000000056 3.95554041096756
58.60000000000056 3.955540410967561
58.70000000000056 3.95554041096756
58.80000000000057 3.95554041096756
58.90000000000057 3.95554041096756
59.00000000000057 3.95554041096756
59.10000000000057 3.955540410967562
59.20000000000057 3.955540410967561
59.30000000000057 3.95554041096756
59.40000000000057 3.955540410967561
59.50000000000058 3.955540410967561
59.60000000000058 3.95554041096756
59.70000000000058 3.95554041096756
59.80000000000058 3.955540410967559
59.90000000000058 3.955540410967559
60.00000000000058 3.955540410967558
60.10000000000058 3.955540410967556
60.20000000000059 3.955540410967556
60.30000000000059 3.955540410967556
60.40000000000059 3.955540410967556
60.50000000000059 3.955540410967557
60.60000000000059 3.955540410967557
60.70000000000059 3.955540410967557
60.80000000000059 3.955540410967558
60.9000000000006 3.955540410967558
61.0000000000006 3.955540410967558
61.1000000000006 3.955540410967559
61.2000000000006 3.95554041096756
61.3000000000006 3.955540410967559
61.4000000000006 3.95554041096756
61.5000000000006 3.955540410967559
61.60000000000061 3.95554041096756
61.70000000000061 3.95554041096756
61.80000000000061 3.95554041096756
61.90000000000061 3.95554041096756
62.00000000000061 3.955540410967559
62.10000000000061 3.95554041096756
62.20000000000061 3.95554041096756
62.30000000000062 3.95554041096756
62.40000000000062 3.95554041096756
62.50000000000062 3.95554041096756
62.60000000000062 3.955540410967561
62.70000000000062 3.955540410967561
62.80000000000062 3.95554041096756
62.90000000000062 3.95554041096756
63.00000000000063 3.95554041096756
63.10000000000063 3.95554041096756
63.20000000000063 3.95554041096756
63.30000000000063 3.95554041096756
63.40000000000063 3.95554041096756
63.50000000000063 3.95554041096756
63.60000000000063 3.955540410967558
63.70000000000064 3.955540410967557
63.80000000000064 3.955540410967558
63.90000000000064 3.955540410967558
64.00000000000064 3.955540410967558
64.10000000000063 3.955540410967557
64.20000000000063 3.955540410967557
64.30000000000062 3.955540410967557
64.40000000000062 3.955540410967558
64.50000000000061 3.955540410967557
64.60000000000061 3.955540410967559
64.7000000000006 3.955540410967559
64.80000000000059 3.95554041096756
64.90000000000059 3.955540410967561
65.00000000000058 3.955540410967562
65.10000000000058 3.955540410967561
65.20000000000057 3.95554041096756
65.30000000000057 3.95554041096756
65.40000000000056 3.95554041096756
65.50000000000055 3.955540410967561
65.60000000000055 3.955540410967561
65.70000000000054 3.955540410967562
65.80000000000054 3.955540410967561
65.90000000000053 3.955540410967561
66.00000000000053 3.955540410967562
66.10000000000052 3.955540410967561
66.20000000000051 3.955540410967562
66.30000000000051 3.955540410967564
66.4000000000005 3.955540410967564
66.5000000000005 3.955540410967564
66.60000000000049 3.955540410967565
66.70000000000049 3.955540410967564
66.80000000000048 3.955540410967565
66.90000000000047 3.955540410967565
67.00000000000047 3.955540410967565
67.10000000000046 3.955540410967564
67.20000000000046 3.955540410967563
67.30000000000045 3.955540410967562
67.40000000000045 3.955540410967562
67.50000000000044 3.955540410967561
67.60000000000043 3.955540410967561
67.70000000000043 3.955540410967561
67.80000000000042 3.95554041096756
67.90000000000042 3.955540410967561
68.00000000000041 3.95554041096756
68.10000000000041 3.95554041096756
68.2000000000004 3.95554041096756
68.3000000000004 3.95554041096756
68.40000000000039 3.955540410967561
68.50000000000038 3.95554041096756
68.60000000000038 3.955540410967559
68.70000000000037 3.955540410967559
68.80000000000037 3.955540410967559
68.90000000000036 3.95554041096756
69.00000000000036 3.955540410967558
69.10000000000035 3.955540410967558
69.20000000000034 3.955540410967556
69.30000000000034 3.955540410967556
69.40000000000033 3.955540410967557
69.50000000000033 3.955540410967556
69.60000000000032 3.955540410967556
69.70000000000032 3.955540410967556
69.80000000000031 3.955540410967556
69.9000000000003 3.955540410967556
70.0000000000003 3.955540410967554
