1 1 0 0 -0 4 0 
1 0.968583 0.24869 0 -0.99476 3.87433 0 
1 0.876307 0.481754 0 -1.92701 3.50523 0 
1 0.728969 0.684547 0 -2.73819 2.91587 0 
1 0.535827 0.844328 0 -3.37731 2.14331 0 
1 0.309017 0.951057 0 -3.80423 1.23607 0 
1 0.0627905 0.998027 0 -3.99211 0.251162 0 
1 -0.187381 0.982287 0 -3.92915 -0.749525 0 
1 -0.425779 0.904827 0 -3.61931 -1.70312 0 
1 -0.637424 0.770513 0 -3.08205 -2.5497 0 
1 -0.809017 0.587785 0 -2.35114 -3.23607 0 
1 -0.929776 0.368125 0 -1.4725 -3.71911 0 
1 -0.992115 0.125333 0 -0.501333 -3.96846 0 
1 -0.992115 -0.125333 0 0.501333 -3.96846 0 
1 -0.929776 -0.368125 0 1.4725 -3.71911 0 
1 -0.809017 -0.587785 0 2.35114 -3.23607 0 
1 -0.637424 -0.770513 0 3.08205 -2.5497 0 
1 -0.425779 -0.904827 0 3.61931 -1.70312 0 
1 -0.187381 -0.982287 0 3.92915 -0.749525 0 
1 0.0627905 -0.998027 0 3.99211 0.251162 0 
1 0.309017 -0.951057 0 3.80423 1.23607 0 
1 0.535827 -0.844328 0 3.37731 2.14331 0 
1 0.728969 -0.684547 0 2.73819 2.91587 0 
1 0.876307 -0.481754 0 1.92701 3.50523 0 
1 0.968583 -0.24869 0 0.99476 3.87433 0 
