1.00000e-0 3.822951481333064e-03 2.327731038961283e-03 -1.173716804238643e-04 -0.0010494294942461665 0.002280363794783992 9.270197256827943e-07
0.16601e-6 1.408425795511855e-01 -4.242292285133766e-01 -4.754046789918308e-02 7.723223336729732 3.6675890132522064 -0.4094141193610267
2.44784e-6 -4.045378675585431e-01 5.926236176028141e-01 3.152830139666811e-02 -6.101997160748483 -4.241175874219516 0.2940716549219332
3.00349e-6 -4.962139472330894e-01 8.498746611580658e-01 -1.281672546689410e-04 -5.515891507926584 -3.21197732159835 0.00026990210078542523
3.69316e-8 -4.988524506595054e-01 8.493928772848574e-01 -1.441906923764013e-04 -5.471360628930102 -3.4119822905552275 -0.017860625679726103
3.22715e-7 1.501005134515774e-01 1.551626037129526e+00 2.875162465347516e-02 -4.896100795013351 0.9171119636126961 0.1394217517533081
0.95479e-3 -4.394483341219526e+00 -3.192759851307341e+00 1.115683911424326e-01 1.5856757875029188 -2.0999202901441896 -0.026788662480044023
2.85886e-4 -5.543903625752591e+00 7.228212206904496e+00 9.485438804015080e-02 -1.725466670982101 -1.2452057330709023 0.09044023226035193
4.36624e-5 1.889269924321610e+01 -6.791947046244259e+00 -2.700125912890976e-01 0.4754819784686981 1.2849252240886193 -0.0014051769203710697
0.51514e-4 2.202542406695139e+01 -2.045505257804240e+01 -8.636482094830454e-02 0.7726278360259999 0.8467682846624968 -0.03526228586959707
6.55433e-9 -2.977487243980736e+00 -3.063715311892873e+01 4.139622681217259e+00 1.161550638059945 -0.32243410617807944 -0.3058585889887618