1.9885 -8.138435659859049E-03 -2.646237155725025E-03 2.118603991597231E-04 0.00167383642 -0.00269793389 -0.00001453343
0.3285E-6 2.834687646615640E-01 -2.964235065187585E-01 -5.054334294065069E-02 5.2573111027 7.72372169282 0.14932736897
4.867E-6 -4.467569693240944E-01 5.654233823834839E-01 3.332202366375087E-02 -5.87116710339 -4.55784085658 0.27629574634
5.97219E-6 4.380681261008963E-01 8.777888860081043E-01 1.591358958522465E-04 -5.70391263302 2.81255248845 -0.00036319558
7.342E-8 4.398244736471247E-01 8.795816194980633E-01 2.421375622599562E-04 -5.85688153108 2.97179314562 0.01844066594
6.418E-7 -7.880358356080380E-01 -1.315902739576935E+00 -8.180090755556136E-03 4.58858044191 -2.1748378843 -0.15804980828
1.89813E-3 3.676608225032437E+00 3.343604876741654E+00 -9.612764104374549E-02 -1.88497661033 2.16967203508 0.03317527567
5.6832E-4 8.920666149237855E+00 -3.903462342721669E+00 -2.873036902870885E-01 0.70281392064 1.86267151014 -0.06029132965
8.6811E-5 1.237422657649795E+01 1.521503463896463E+01 -1.038015865219541E-01 -1.12509740076 0.83949213273 0.01771518717
1.02409E-4 2.982876256407454E+01 -1.907275683052251E+00 -6.481580754508555E-01 0.06561902713 1.15109196971 -0.02519018235
   
  