4.0996e-28 8.584465185143886e-01 -5.433710124182195e-01 -6.995466366529355e-05 4.576475804331137 7.800708684992286 1.1113055194365928
1.0000 2.242745821359624e-03 -4.396478447197427e-03 -6.045808529263910e-05 0.0029323700166545303 -5.887021682569722e-05 -7.960908553086875e-05
0.1652e-6 1.432246076663801e-01 -4.290021553737929e-01 -4.768167209317154e-02 7.696459411442045 3.761632160859705 -0.3994974174157322
2.4468e-6 4.298604617521185e-01 5.774297839886169e-01 -1.683467122560177e-02 -5.9732761641519225 4.34274468656876 0.4040742166617633
3.0025e-6 8.583975846166355e-01 -5.433703963636892e-01 -8.380336755579602e-05 3.246940277773952 5.296421089346494 -2.4212696242825252e-05
3.6911e-8 1.045922258274281e+00 1.017072183388385e+00 -4.375582693843120e-03 -3.3763691094837354 4.087448995747299 0.16874079256234403
3.2266e-7 8.564775361431108e-01 -5.449548473806202e-01 3.448776074583209e-06 3.391957519992684 5.1294594255284744 0.018111815387874153
0.9543e-3 8.257528575870453e-01 5.020663101918085e+00 -3.917291144089587e-02 -2.7523679979865396 0.5747345906325365 0.059270648402605576
2.8572e-4 -7.129323970085150e+00 5.774483830917726e+00 1.823085218413700e-01 -1.3922674479062929 -1.5888819395097304 0.08322352898422651
4.3643e-5 -1.392273964546867e+01 -1.231600300681028e+01 1.349174470846571e-01 0.9410967155003434 -1.1431190335353307 -0.016410787175972066
0.5149e-4 -7.563894187222433e+00 -2.932240802616185e+01 7.780393757587016e-01 1.1029714113216924 -0.2800338385121104 -0.01971897596550251
