4.0996e-28 8.584465185143886e-01 -5.433710124182195e-01 -6.995466366529355e-05 4.5733433773603425 7.795369390888938 1.1105448722638094
1.0000 2.242745821359624e-03 -4.396478447197427e-03 -6.045808529263910e-05 0.0029303629187649653 -5.8829922358328504e-05 -7.955459608149786e-05
0.1652e-6 1.432246076663801e-01 -4.290021553737929e-01 -4.768167209317154e-02 7.691191472077608 3.7590574639665775 -0.39922397633604995
2.4468e-6 4.298604617521185e-01 5.774297839886169e-01 -1.683467122560177e-02 -5.969187679439977 4.33977223982915 0.40379764293372655
3.0025e-6 8.583975846166355e-01 -5.433703963636892e-01 -8.380336755579602e-05 3.2447178682751336 5.292795886684382 -2.41961235554585e-05
3.6911e-8 1.045922258274281e+00 1.017072183388385e+00 -4.375582693843120e-03 -3.3740581107777237 4.0846512893847065 0.1686252957844095
3.2266e-7 8.564775361431108e-01 -5.449548473806202e-01 3.448776074583209e-06 3.3896358516011764 5.125948501897038 0.01809941852587013
0.9543e-3 8.257528575870453e-01 5.020663101918085e+00 -3.917291144089587e-02 -2.7504841047640984 0.5743412062446978 0.05923007985475985
2.8572e-4 -7.129323970085150e+00 5.774483830917726e+00 1.823085218413700e-01 -1.3913144927742556 -1.587794409092544 0.08316656558314217
4.3643e-5 -1.392273964546867e+01 -1.231600300681028e+01 1.349174470846571e-01 0.9404525699045183 -1.142336611198893 -0.01639955460432527
0.5149e-4 -7.563894187222433e+00 -2.932240802616185e+01 7.780393757587016e-01 1.1022164685350244 -0.2798421657958119 -0.019705479062035364