3.68712e-28 9.741543864467233e-01 -2.736490111906083e-01 3.505550222859745e-04 2.37884248430917 8.050396885647674 0.15239369493630842
1.00000e-0 2.379062367264964e-03 -4.397486329883116e-03 -6.416536492834189e-05 0.0029470785242103753 1.606361634222592e-05 -8.027070344332181e-05
0.16601e-6 3.624869775072309e-01 -7.631595792779840e-02 -3.901025485816213e-02 0.025171185373110486 10.539758217932935 0.8585496186885654
2.44784e-6 1.158295290069065e-01 7.067817964381709e-01 3.061565540522761e-03 -7.317816700651652 1.1265734499883804 0.437947051811536
3.00349e-6 9.719697436868358e-01 -2.792789804007306e-01 -7.014351242057359e-05 1.6170048684091194 6.022180663125292 0.00030224945550012323
3.69316e-8 9.722130187544019e-01 -2.766005318494937e-01 -2.987851365932512e-04 1.413491927573275 6.037507462507443 -0.006175672185122781
3.22715e-7 8.760790366316830e-01 1.192062835610892e+00 3.471380031597753e-03 -3.929487087268014 3.448528706858153 0.16898077930922561
0.95479e-3 6.978983788823903e-01 5.045692947844414e+00 -3.641238122547094e-02 -2.7623309284632005 0.5048118488922255 0.05979330715238654
2.85886e-4 -7.193492443889655e+00 5.700507292879089e+00 1.861528628953848e-01 -1.3752373266324074 -1.602395986134422 0.08274776809294357
4.36624e-5 -1.387901094582505e+01 -1.236892442553679e+01 1.341532737503513e-01 0.94507134640706 -1.1396021527665634 -0.016453077721243412
0.51514e-4 -7.512741737940275e+00 -2.933534653566399e+01 7.771246262446629e-01 1.1033685781252054 -0.27805338695270937 -0.019669100239190516