0 -51474.3
0.001 -51474.3
0.002 -51474.301
0.003 -51474.301
0.004 -51474.302
0.005 -51474.302
0.006 -51474.286
0.007 -51473.968
0.008 -51376.504
0.009 -44335.534
0.01 -44351.408
0.011 -44351.519
0.012 -44351.528
0.013 -44351.523
0.014 -44351.425
0.015 -44347.508
0.016 -42407.179
0.017 -7660.4253
0.018 -7665.3126
0.019 -7665.2589
0.02 -7662.381
0.021 -6708.4473
0.022 -6823.8776
0.023 -7116.3769
0.024 -5727.3273
0.025 -5728.4394
0.026 -5727.7973
0.027 -5722.4002
0.028 -5719.4698
0.029 -5715.5063
0.03 -5637.7066
0.031 -5635.8399
0.032 -5635.7676
0.033 -5606.8166
0.034 -5859.0698
0.035 -5867.922
0.036 -5257.2877
0.037 5017.7834
0.038 5035.4757
0.039 6218.1164
0.04 6029.5604
0.041 6233.9435
0.042 4997.2865
0.043 4517.7687
0.044 4579.9752
0.045 13525.109
0.046 13267.513
0.047 13269.317
0.048 13266.479
0.049 12162.425
0.05 12297.774
0.051 108778.2
0.052 118182.93
0.053 118192.91
0.054 131394.05
0.055 131324.37
0.056 131304.21
0.057 130965.06
0.058 130759.55
0.059 130321.94
0.06 131272.87
0.061 132273.7
0.062 132198.86
0.063 132543.5
0.064 132541.37
0.065 132538.68
0.066 132580.64
0.067 137332.65
0.068 137312.24
0.069 137298.25
0.07 137316.91
0.071 525504.33
0.072 525659.17
0.073 525634.96
0.074 526637.55
0.075 526629.54
0.076 526410.89
0.077 526410.07
0.078 526377.67
0.079 526378.14
0.08 526440.52
0.081 531435.51
0.082 531403.05
0.083 531382.59
0.084 531376.32
0.085 530919.06
0.086 531900.97
0.087 531292.85
0.088 531296.95
0.089 531345.76
0.09 531291.25
0.091 531178.23
0.092 531172.84
0.093 531421.05
0.094 533753.03
0.095 533204.87
0.096 533086.1
0.097 532947.72
0.098 533010.09
0.099 533005.18
0.1 532722.44
0.101 532522.51
0.102 535245.66
0.103 535072.38
0.104 536258.38
0.105 536528.92
0.106 536529.91
0.107 536485.84
0.108 536524.14
0.109 536517.13
0.11 536502.8
0.111 536484.82
0.112 536406.03
0.113 536356.83
0.114 536356.78
0.115 536359.52
0.116 536368.64
0.117 536370.9
0.118 536379.82
0.119 536378.25
0.12 536301.15
0.121 536284.38
0.122 536285.18
0.123 536284.86
0.124 536286
0.125 536353.57
0.126 536329.08
0.127 536322.05
0.128 536322.2
0.129 536260.71
0.13 536255.96
0.131 536255.33
0.132 536278
0.133 568220.6
0.134 568176.48
0.135 568176.21
0.136 568175.45
0.137 568168.99
0.138 568135.11
0.139 568215.66
0.14 567571.86
0.141 567529.14
0.142 567519.22
0.143 593522.6
0.144 600129.45
0.145 600150.66
0.146 600376.04
0.147 600295.39
0.148 600289.5
0.149 600697.31
0.15 602104.85
0.151 601833.08
0.152 601314.14
0.153 600961.4
0.154 601416.67
0.155 632908.9
0.156 632903.8
0.157 632903.26
0.158 632898.74
0.159 631978.99
0.16 632535.98
0.161 632534.6
0.162 632534.61
0.163 632534.45
0.164 632533.95
0.165 632528.79
0.166 632543.99
0.167 633555.81
0.168 633503.17
0.169 633479.55
0.17 633443.38
0.171 633442.59
0.172 633442.38
0.173 633441.28
0.174 633441.17
0.175 633440.96
0.176 633439.95
0.177 633440.43
0.178 633440.72
0.179 633932.07
0.18 638244.34
0.181 638058.89
0.182 638057.33
0.183 638057.29
0.184 638057.26
0.185 638058.56
0.186 637924.74
0.187 637832.45
0.188 637805.95
0.189 637825.23
0.19 662121.39
0.191 662114.38
0.192 662103.94
0.193 662103.59
0.194 662103.66
0.195 662107.34
0.196 663200.47
0.197 663111.77
0.198 663111.47
0.199 663111.45
0.2 663111.45
0.201 663111.47
0.202 663111.87
0.203 663072.15
0.204 662998.01
0.205 662996.47
0.206 662998.05
0.207 662177.88
0.208 662935.25
0.209 662932.15
0.21 662932.06
0.211 662932.05
0.212 662932.05
0.213 662932.05
0.214 662932.05
0.215 662932.04
0.216 662932.04
0.217 662932.04
0.218 662932.04
0.219 662932.13
0.22 662934.63
0.221 663361.25
0.222 663333.16
0.223 663332.88
0.224 663332.86
0.225 663332.92
0.226 663333.25
0.227 663308.19
0.228 663285.07
0.229 663284.52
0.23 663284.48
0.231 663284.51
0.232 663284.45
0.233 663284.45
0.234 663284.45
0.235 663284.43
0.236 663284.49
0.237 663284.4
0.238 663284.47
0.239 663286.82
0.24 663582.47
0.241 663414.65
0.242 663414.24
0.243 663414.21
0.244 663414.2
0.245 663414.21
0.246 663414.21
0.247 663414.2
0.248 663414.24
0.249 663415.28
0.25 663061.19
0.251 663519.23
0.252 663517.65
0.253 663517.6
0.254 663517.61
0.255 663517.65
0.256 663510.17
0.257 663467.31
0.258 663466.2
0.259 663466.14
0.26 663466.16
0.261 663466.72
0.262 663527.13
0.263 663860.01
0.264 663858.43
0.265 663858.59
0.266 663864.35
0.267 663558.45
0.268 663425.31
0.269 663393.97
0.27 664812.75
0.271 664788.19
0.272 664787.99
0.273 664787.97
0.274 664787.97
0.275 664787.97
0.276 664787.97
0.277 664787.97
0.278 664787.97
0.279 664787.97
0.28 664787.97
0.281 664787.97
0.282 664787.97
0.283 664787.97
0.284 664787.97
0.285 664787.97
0.286 664787.97
0.287 664787.97
0.288 664787.97
0.289 664787.96
0.29 664787.96
0.291 664787.96
0.292 664787.95
0.293 664787.93
0.294 664787.95
0.295 664787.77
0.296 664787.71
0.297 664787.72
0.298 664787.72
0.299 664787.72
0.3 664787.72
0.301 664787.72
0.302 664787.72
0.303 664787.72
0.304 664787.72
0.305 664787.72
0.306 664787.72
0.307 664787.72
0.308 664787.72
0.309 664787.72
0.31 664787.72
0.311 664787.72
0.312 664787.72
0.313 664787.72
0.314 664787.72
0.315 664787.72
0.316 664787.72
0.317 664787.72
0.318 664787.72
0.319 664787.72
0.32 664787.71
0.321 664787.71
0.322 664787.71
0.323 664787.71
0.324 664787.71
0.325 664787.71
0.326 664787.7
0.327 664787.7
0.328 664787.7
0.329 664787.7
0.33 664787.69
0.331 664787.69
0.332 664787.69
0.333 664787.69
0.334 664787.69
0.335 664787.69
0.336 664787.69
0.337 664787.69
0.338 664787.69
0.339 664787.69
0.34 664787.69
0.341 664787.69
0.342 664787.69
0.343 664787.69
0.344 664787.69
0.345 664787.69
0.346 664787.69
0.347 664787.69
0.348 664787.69
0.349 664787.7
0.35 664787.74
0.351 664788.2
0.352 664739.26
0.353 664700.25
0.354 664699.28
0.355 664699.23
0.356 664699.23
0.357 664699.23
0.358 664699.23
0.359 664699.23
0.36 664699.23
0.361 664699.23
0.362 664699.23
0.363 664699.23
0.364 664699.23
0.365 664699.23
0.366 664699.22
0.367 664699.22
0.368 664699.22
0.369 664699.22
0.37 664699.22
0.371 664699.22
0.372 664699.22
0.373 664699.21
0.374 664699.2
0.375 664699.2
0.376 664699.21
0.377 664699.21
0.378 664699.21
0.379 664699.21
0.38 664699.21
0.381 664699.21
0.382 664699.21
0.383 664699.21
0.384 664699.21
0.385 664699.21
0.386 664699.21
0.387 664699.24
0.388 664699.81
0.389 664690.24
0.39 664970.9
0.391 664969.22
0.392 664969.16
0.393 664969.15
0.394 664969.15
0.395 664969.13
0.396 664969.04
0.397 664968.93
0.398 664967.9
0.399 664967.79
0.4 664967.79
0.401 664967.83
0.402 664968.64
0.403 664819
0.404 664984.57
0.405 664983.05
0.406 664982.99
0.407 664982.99
0.408 664982.99
0.409 664982.99
0.41 664982.99
0.411 664982.99
0.412 664982.99
0.413 664982.99
0.414 664982.99
0.415 664982.99
0.416 664982.99
0.417 664982.99
0.418 664982.99
0.419 664982.99
0.42 664982.99
0.421 664982.99
0.422 664982.99
0.423 664982.99
0.424 664982.99
0.425 664982.98
0.426 664982.98
0.427 664982.98
0.428 664982.98
0.429 664982.98
0.43 664982.98
0.431 664982.99
0.432 664982.99
0.433 664982.99
0.434 664982.99
0.435 664982.99
0.436 664982.99
0.437 664982.99
0.438 664982.99
0.439 664982.99
0.44 664982.99
0.441 664982.99
0.442 664982.99
0.443 664982.99
0.444 664982.99
0.445 664982.99
0.446 664982.99
0.447 664982.99
0.448 664982.99
0.449 664982.99
0.45 664982.99
0.451 664982.99
0.452 664982.99
0.453 664982.99
0.454 664982.99
0.455 664982.99
0.456 664982.99
0.457 664982.99
0.458 664982.99
0.459 664982.99
0.46 664982.99
0.461 664982.99
0.462 664982.99
0.463 664982.99
0.464 664982.99
0.465 664982.99
0.466 664982.99
0.467 664982.98
0.468 664982.98
0.469 664982.98
0.47 664982.98
0.471 664982.98
0.472 664982.98
0.473 664982.98
0.474 664982.98
0.475 664982.98
0.476 664982.98
0.477 664982.98
0.478 664982.99
0.479 664982.99
0.48 664982.98
0.481 664982.98
0.482 664982.98
0.483 664982.98
0.484 664982.98
0.485 664982.98
0.486 664982.98
0.487 664982.98
0.488 664982.98
0.489 664982.98
0.49 664982.98
0.491 664982.98
0.492 664982.98
0.493 664982.98
0.494 664982.98
0.495 664982.98
0.496 664982.98
0.497 664982.98
0.498 664982.98
0.499 664982.98
0.5 664982.98
0.501 664982.98
0.502 664982.98
0.503 664982.98
0.504 664982.98
0.505 664983.01
0.506 664983.42
0.507 665014.2
0.508 664785.99
0.509 664782.41
0.51 664782.32
0.511 664782.31
0.512 664782.3
0.513 664782.31
0.514 664782.64
0.515 664871.86
0.516 664986.75
0.517 664983.44
0.518 664983.36
0.519 664983.35
0.52 664983.35
0.521 664983.35
0.522 664983.35
0.523 664983.35
0.524 664983.35
0.525 664983.35
0.526 664983.35
0.527 664983.35
0.528 664983.35
0.529 664983.35
0.53 664983.35
0.531 664983.35
0.532 664983.35
0.533 664983.35
0.534 664983.35
0.535 664983.35
0.536 664983.35
0.537 664983.35
0.538 664983.35
0.539 664983.35
0.54 664983.34
0.541 664983.34
0.542 664983.34
0.543 664983.34
0.544 664983.33
0.545 664983.32
0.546 664983.33
0.547 664983.33
0.548 664983.33
0.549 664983.33
0.55 664983.33
0.551 664983.33
0.552 664983.33
0.553 664983.33
0.554 664983.33
0.555 664983.33
0.556 664983.33
0.557 664983.33
0.558 664983.33
0.559 664983.33
0.56 664983.33
0.561 664983.33
0.562 664983.33
0.563 664983.33
0.564 664983.33
0.565 664983.33
0.566 664983.33
0.567 664983.33
0.568 664983.33
0.569 664983.33
0.57 664983.33
0.571 664983.33
0.572 664983.33
0.573 664983.32
0.574 664983.32
0.575 664983.31
0.576 664983.31
0.577 664983.29
0.578 664983.27
0.579 664983.27
0.58 664983.28
0.581 664983.28
0.582 664983.28
0.583 664983.28
0.584 664983.28
0.585 664983.28
0.586 664983.28
0.587 664983.28
0.588 664983.28
0.589 664983.28
0.59 664983.28
0.591 664983.28
0.592 664983.28
0.593 664983.29
0.594 664983.42
0.595 664986.28
0.596 665266.36
0.597 665202.84
0.598 665202.48
0.599 665202.46
0.6 665202.46
0.601 665202.54
0.602 665203.18
0.603 665176.43
0.604 665147.27
0.605 665146.68
0.606 665146.64
0.607 665146.64
0.608 665146.64
0.609 665146.64
0.61 665146.64
0.611 665146.64
0.612 665146.64
0.613 665146.64
0.614 665146.64
0.615 665146.64
0.616 665146.64
0.617 665146.64
0.618 665146.64
0.619 665146.64
0.62 665146.64
0.621 665146.64
0.622 665146.64
0.623 665146.64
0.624 665146.64
0.625 665146.64
0.626 665146.64
0.627 665146.64
0.628 665146.64
0.629 665146.64
0.63 665146.64
0.631 665146.64
0.632 665146.64
0.633 665146.64
0.634 665146.64
0.635 665146.69
0.636 665147.19
0.637 665090.68
0.638 665058.48
0.639 665057.34
0.64 665057.28
0.641 665057.28
0.642 665057.28
0.643 665057.28
0.644 665057.28
0.645 665057.27
0.646 665057.27
0.647 665057.27
0.648 665057.27
0.649 665057.27
0.65 665057.27
0.651 665057.27
0.652 665057.34
0.653 665058.36
0.654 664960.07
0.655 664953.58
0.656 664952.56
0.657 664952.54
0.658 664952.9
0.659 664919.5
0.66 664842.94
0.661 664839.76
0.662 664839.64
0.663 664839.62
0.664 664839.61
0.665 664839.63
0.666 664840.4
0.667 664732.01
0.668 664990.72
0.669 662376.69
0.67 753479
0.671 753475.56
0.672 753475.54
0.673 753475.52
0.674 753485.71
0.675 753487.74
0.676 753487.68
0.677 753487.68
0.678 753487.69
0.679 753487.69
0.68 753487.68
0.681 753487.68
0.682 753487.69
0.683 753487.68
0.684 753487.68
0.685 753487.68
0.686 753487.68
0.687 753487.68
0.688 753487.68
0.689 753487.69
0.69 753487.69
0.691 753487.69
0.692 753487.69
0.693 753487.69
0.694 753487.69
0.695 753487.69
0.696 753487.69
0.697 753487.69
0.698 753487.69
0.699 753487.69
0.7 753487.69
0.701 753487.69
0.702 753487.69
0.703 753487.69
0.704 753487.69
0.705 753487.69
0.706 753487.69
0.707 753487.69
0.708 753487.69
0.709 753487.69
0.71 753487.69
0.711 753487.69
0.712 753487.69
0.713 753487.68
0.714 753487.68
0.715 753487.68
0.716 753487.68
0.717 753487.68
0.718 753487.68
0.719 753487.68
0.72 753487.68
0.721 753487.68
0.722 753487.68
0.723 753487.68
0.724 753487.68
0.725 753487.68
0.726 753487.7
0.727 753487.73
0.728 753483.88
0.729 753449.02
0.73 753446.64
0.731 753446.54
0.732 753446.52
0.733 753446.52
0.734 753446.52
0.735 753446.53
0.736 753446.53
0.737 753446.53
0.738 753446.53
0.739 753446.53
0.74 753446.53
0.741 753446.53
0.742 753446.53
0.743 753446.53
0.744 753446.53
0.745 753446.53
0.746 753446.53
0.747 753446.53
0.748 753446.53
0.749 753446.53
0.75 753446.53
0.751 753446.53
0.752 753446.53
0.753 753446.53
0.754 753446.53
0.755 753446.53
0.756 753446.53
0.757 753446.53
0.758 753446.53
0.759 753446.53
0.76 753446.53
0.761 753446.53
0.762 753446.53
0.763 753446.53
0.764 753446.53
0.765 753446.53
0.766 753446.53
0.767 753446.53
0.768 753446.53
0.769 753446.53
0.77 753446.53
0.771 753446.53
0.772 753446.53
0.773 753446.53
0.774 753446.53
0.775 753446.53
0.776 753446.53
0.777 753446.53
0.778 753446.53
0.779 753446.53
0.78 753446.53
0.781 753446.53
0.782 753446.53
0.783 753446.53
0.784 753446.53
0.785 753446.53
0.786 753446.53
0.787 753446.53
0.788 753446.53
0.789 753446.53
0.79 753446.53
0.791 753446.53
0.792 753446.53
0.793 753446.52
0.794 753446.52
0.795 753446.52
0.796 753446.53
0.797 753446.55
0.798 753446.74
0.799 753434.76
0.8 753326.34
0.801 753322.76
0.802 753322.62
0.803 753322.61
0.804 753322.61
0.805 753322.62
0.806 753322.67
0.807 753322.99
0.808 753289.94
0.809 753233.93
0.81 753232.75
0.811 753232.69
0.812 753232.68
0.813 753232.68
0.814 753232.68
0.815 753232.68
0.816 753232.68
0.817 753232.68
0.818 753232.67
0.819 753232.66
0.82 753232.64
0.821 753232.6
0.822 753232.43
0.823 753232.12
0.824 753231.98
0.825 753231.96
0.826 753231.95
0.827 753231.95
0.828 753231.95
0.829 753231.95
0.83 753231.96
0.831 753231.96
0.832 753231.96
0.833 753231.96
0.834 753231.96
0.835 753231.96
0.836 753231.96
0.837 753231.95
0.838 753231.95
0.839 753231.94
0.84 753231.93
0.841 753231.95
0.842 753231.88
0.843 753231.84
0.844 753231.85
0.845 753231.87
0.846 753232.06
0.847 753208.44
0.848 753100.72
0.849 753096.95
0.85 753096.3
0.851 753094.74
0.852 753087.42
0.853 753087.22
0.854 753086.16
0.855 752990.54
0.856 752972.27
0.857 752969.81
0.858 752969.21
0.859 752979.12
0.86 753323.13
0.861 753321.97
0.862 753321.92
0.863 753321.91
0.864 753321.91
0.865 753321.91
0.866 753321.91
0.867 753321.91
0.868 753321.92
0.869 753322
0.87 753324.91
0.871 754264.99
0.872 754147.67
0.873 754147.34
0.874 754147.32
0.875 754147.33
0.876 754147.5
0.877 754140.49
0.878 754007.68
0.879 753997.17
0.88 753996.86
0.881 753996.83
0.882 753996.83
0.883 753996.83
0.884 753996.83
0.885 753996.83
0.886 753996.83
0.887 753996.83
0.888 753996.82
0.889 753996.82
0.89 753996.84
0.891 753995.13
0.892 753935.9
0.893 753877.56
0.894 753875.65
0.895 753875.39
0.896 753875.17
0.897 753873.61
0.898 753772.11
0.899 753825.16
0.9 753822.72
0.901 753822.48
0.902 753823
0.903 754181.22
0.904 753996.76
0.905 753996.32
0.906 753996.3
0.907 753996.3
0.908 753996.3
0.909 753996.3
0.91 753996.3
0.911 753996.3
0.912 753996.3
0.913 753996.3
0.914 753996.3
0.915 753996.34
0.916 753997.54
0.917 753376.97
0.918 758146.82
0.919 758146.09
0.92 758146.06
0.921 758146.06
0.922 758146.06
0.923 758146.06
0.924 758146.06
0.925 758146.06
0.926 758146.06
0.927 758146.06
0.928 758146.06
0.929 758146.06
0.93 758146.06
0.931 758146.06
0.932 758146.06
0.933 758146.06
0.934 758146.06
0.935 758146.06
0.936 758146.06
0.937 758146.06
0.938 758146.06
0.939 758146.06
0.94 758146.06
0.941 758146.06
0.942 758146.06
0.943 758146.06
0.944 758146.06
0.945 758146.06
0.946 758146.06
0.947 758146.06
0.948 758146.06
0.949 758146.06
0.95 758146.05
0.951 758146.05
0.952 758146.05
0.953 758146.05
0.954 758146.05
0.955 758146.05
0.956 758146.04
0.957 758146.04
0.958 758146.05
0.959 758146.05
0.96 758146.05
0.961 758146.05
0.962 758146.05
0.963 758146.05
0.964 758146.05
0.965 758146.05
0.966 758146.05
0.967 758146.05
0.968 758146.05
0.969 758146.05
0.97 758146.05
0.971 758146.05
0.972 758146.05
0.973 758146.05
0.974 758146.05
0.975 758146.05
0.976 758146.05
0.977 758146.05
0.978 758146.05
0.979 758146.05
0.98 758146.05
0.981 758146.05
0.982 758146.05
0.983 758146.05
0.984 758146.05
0.985 758146.05
0.986 758146.05
0.987 758146.05
0.988 758146.05
0.989 758146.05
0.99 758146.05
0.991 758146.05
0.992 758146.05
0.993 758146.05
0.994 758146.05
0.995 758146.05
0.996 758146.05
0.997 758146.05
0.998 758146.05
0.999 758146.05
1 758146.05
1.001 758146.05
1.002 758146.05
1.003 758146.05
1.004 758146.05
1.005 758146.05
1.006 758146.05
1.007 758146.05
1.008 758146.05
1.009 758146.05
1.01 758146.05
1.011 758146.05
1.012 758146.05
1.013 758146.04
1.014 758146.04
1.015 758146.04
1.016 758146.04
1.017 758146.05
1.018 758146.05
1.019 758146.05
1.02 758146.05
1.021 758146.05
1.022 758146.05
1.023 758146.05
1.024 758146.05
1.025 758146.05
1.026 758146.05
1.027 758146.05
1.028 758146.05
1.029 758146.05
1.03 758146.05
1.031 758146.05
1.032 758146.05
1.033 758146.05
1.034 758146.05
1.035 758146.05
1.036 758146.05
1.037 758146.04
1.038 758146.04
1.039 758146.04
1.04 758146.04
1.041 758146.04
1.042 758146.03
1.043 758146.03
1.044 758146.03
1.045 758146.03
1.046 758146.03
1.047 758146.03
1.048 758146.03
1.049 758146.03
1.05 758146.03
1.051 758146.03
1.052 758146.03
1.053 758146.03
1.054 758146.03
1.055 758146.03
1.056 758146.03
1.057 758146.03
1.058 758146.03
1.059 758146.03
1.06 758146.03
1.061 758146.04
1.062 758146.04
1.063 758146.04
1.064 758146.04
1.065 758146.04
1.066 758146.04
1.067 758146.04
1.068 758146.04
1.069 758146.04
1.07 758146.04
1.071 758146.04
1.072 758146.04
1.073 758146.04
1.074 758146.04
1.075 758146.04
1.076 758146.04
1.077 758146.04
1.078 758146.04
1.079 758146.04
1.08 758146.04
1.081 758146.04
1.082 758146.04
1.083 758146.04
1.084 758146.04
1.085 758146.04
1.086 758146.04
1.087 758146.04
1.088 758146.04
1.089 758146.04
1.09 758146.04
1.091 758146.04
1.092 758146.04
1.093 758146.04
1.094 758146.04
1.095 758146.04
1.096 758146.04
1.097 758146.04
1.098 758146.04
1.099 758146.04
1.1 758146.04
1.101 758146.04
1.102 758146.04
1.103 758146.03
1.104 758146.03
1.105 758146.03
1.106 758146.03
1.107 758146.03
1.108 758146.03
1.109 758146.03
1.11 758146.03
1.111 758146.03
1.112 758146.03
1.113 758146.03
1.114 758146.03
1.115 758146.03
1.116 758146.03
1.117 758146.03
1.118 758146.03
1.119 758146.03
1.12 758146.03
1.121 758146.03
1.122 758146.03
1.123 758146.03
1.124 758146.03
1.125 758146.03
1.126 758146.03
1.127 758146.03
1.128 758146.03
1.129 758146.03
1.13 758146.03
1.131 758146.03
1.132 758146.03
1.133 758146.03
1.134 758146.03
1.135 758146.03
1.136 758146.03
1.137 758146.03
1.138 758146.03
1.139 758146.03
1.14 758146.03
1.141 758146.03
1.142 758146.03
1.143 758146.03
1.144 758146.03
1.145 758146.03
1.146 758146.03
1.147 758146.03
1.148 758146.03
1.149 758146.03
1.15 758146.03
1.151 758146.03
1.152 758146.03
1.153 758146.03
1.154 758146.03
1.155 758146.03
1.156 758146.03
1.157 758146.03
1.158 758146.03
1.159 758146.03
1.16 758146.03
1.161 758146.03
1.162 758146.03
1.163 758146.03
1.164 758146.03
1.165 758146.03
1.166 758146.03
1.167 758146.04
1.168 758146.06
1.169 758146.43
1.17 758277.16
1.171 757500.68
1.172 756527.38
1.173 758881.15
1.174 758880.69
1.175 758880.65
1.176 758880.64
1.177 758880.64
1.178 758880.64
1.179 758880.64
1.18 758880.64
1.181 758880.64
1.182 758880.64
1.183 758880.64
1.184 758880.64
1.185 758880.64
1.186 758880.64
1.187 758880.64
1.188 758880.64
1.189 758880.64
1.19 758880.64
1.191 758880.64
1.192 758880.64
1.193 758880.64
1.194 758880.64
1.195 758880.64
1.196 758880.64
1.197 758880.64
1.198 758880.64
1.199 758880.64
1.2 758880.64
1.201 758880.64
1.202 758880.64
1.203 758880.64
1.204 758880.64
1.205 758880.64
1.206 758880.64
1.207 758880.64
1.208 758880.64
1.209 758880.64
1.21 758880.64
1.211 758880.64
1.212 758880.64
1.213 758880.64
1.214 758880.64
1.215 758880.64
1.216 758880.64
1.217 758880.64
1.218 758880.64
1.219 758880.64
1.22 758880.64
1.221 758880.64
1.222 758880.64
1.223 758880.64
1.224 758880.64
1.225 758880.64
1.226 758880.64
1.227 758880.64
1.228 758880.64
1.229 758880.64
1.23 758880.64
1.231 758880.64
1.232 758880.64
1.233 758880.64
1.234 758880.64
1.235 758880.64
1.236 758880.64
1.237 758880.64
1.238 758880.68
1.239 758881.42
1.24 758768.79
1.241 759295.56
1.242 759293.94
1.243 759293.88
1.244 759293.88
1.245 759293.87
1.246 759293.87
1.247 759293.87
1.248 759293.87
1.249 759293.87
1.25 759293.87
1.251 759293.87
1.252 759293.87
1.253 759293.87
1.254 759293.87
1.255 759293.87
1.256 759293.87
1.257 759293.87
1.258 759293.87
1.259 759293.87
1.26 759293.87
1.261 759293.87
1.262 759293.87
1.263 759293.87
1.264 759293.87
1.265 759293.87
1.266 759293.87
1.267 759293.87
1.268 759293.87
1.269 759293.87
1.27 759293.87
1.271 759293.87
1.272 759293.87
1.273 759293.87
1.274 759293.87
1.275 759293.87
1.276 759293.87
1.277 759293.87
1.278 759293.87
1.279 759293.87
1.28 759293.87
1.281 759293.87
1.282 759293.87
1.283 759293.87
1.284 759293.87
1.285 759293.87
1.286 759293.87
1.287 759293.87
1.288 759293.87
1.289 759293.87
1.29 759293.87
1.291 759293.87
1.292 759293.87
1.293 759293.87
1.294 759293.87
1.295 759293.87
1.296 759293.87
1.297 759293.87
1.298 759293.87
1.299 759293.87
1.3 759293.87
1.301 759293.87
1.302 759293.87
1.303 759293.87
1.304 759293.87
1.305 759293.87
1.306 759293.87
1.307 759293.87
1.308 759293.87
1.309 759293.87
1.31 759293.87
1.311 759293.87
1.312 759293.87
1.313 759293.87
1.314 759293.87
1.315 759293.87
1.316 759293.87
1.317 759293.87
1.318 759293.87
1.319 759293.87
1.32 759293.87
1.321 759293.87
1.322 759293.87
1.323 759293.87
1.324 759293.87
1.325 759293.87
1.326 759293.87
1.327 759293.87
1.328 759293.87
1.329 759293.87
1.33 759293.87
1.331 759293.87
1.332 759293.87
1.333 759293.87
1.334 759293.87
1.335 759293.87
1.336 759293.87
1.337 759293.87
1.338 759293.87
1.339 759293.87
1.34 759293.87
1.341 759293.87
1.342 759293.87
1.343 759293.87
1.344 759293.87
1.345 759293.87
1.346 759293.87
1.347 759293.87
1.348 759293.87
1.349 759293.87
1.35 759293.87
1.351 759293.87
1.352 759293.87
1.353 759293.87
1.354 759293.87
1.355 759293.87
1.356 759293.87
1.357 759293.87
1.358 759293.87
1.359 759293.87
1.36 759293.87
1.361 759293.87
1.362 759293.87
1.363 759293.87
1.364 759293.87
1.365 759293.87
1.366 759293.87
1.367 759293.87
1.368 759293.87
1.369 759293.87
1.37 759293.87
1.371 759293.87
1.372 759293.87
1.373 759293.87
1.374 759293.87
1.375 759293.87
1.376 759293.87
1.377 759293.87
1.378 759293.87
1.379 759293.87
1.38 759293.87
1.381 759293.87
1.382 759293.87
1.383 759293.87
1.384 759293.87
1.385 759293.87
1.386 759293.87
1.387 759293.87
1.388 759293.87
1.389 759293.87
1.39 759293.87
1.391 759293.87
1.392 759293.87
1.393 759293.87
1.394 759293.87
1.395 759293.87
1.396 759293.87
1.397 759293.87
1.398 759293.87
1.399 759293.87
1.4 759293.87
1.401 759293.87
1.402 759293.87
1.403 759293.87
1.404 759293.87
1.405 759293.87
1.406 759293.87
1.407 759293.87
1.408 759293.87
1.409 759293.87
1.41 759293.87
1.411 759293.87
1.412 759293.87
1.413 759293.87
1.414 759293.87
1.415 759293.87
1.416 759293.87
1.417 759293.87
1.418 759293.87
1.419 759293.87
1.42 759293.87
1.421 759293.87
1.422 759293.87
1.423 759293.87
1.424 759293.87
1.425 759293.87
1.426 759293.87
1.427 759293.87
1.428 759293.87
1.429 759293.87
1.43 759293.87
1.431 759293.87
1.432 759293.87
1.433 759293.87
1.434 759293.87
1.435 759293.87
1.436 759293.87
1.437 759293.87
1.438 759293.87
1.439 759293.87
1.44 759293.87
1.441 759293.87
1.442 759293.87
1.443 759293.87
1.444 759293.87
1.445 759293.87
1.446 759293.87
1.447 759293.87
1.448 759293.87
1.449 759293.87
1.45 759293.87
1.451 759293.87
1.452 759293.87
1.453 759293.87
1.454 759293.87
1.455 759293.87
1.456 759293.87
1.457 759293.87
1.458 759293.87
1.459 759293.87
1.46 759293.87
1.461 759293.87
1.462 759293.87
1.463 759293.87
1.464 759293.87
1.465 759293.87
1.466 759293.87
1.467 759293.87
1.468 759293.87
1.469 759293.87
1.47 759293.87
1.471 759293.87
1.472 759293.87
1.473 759293.87
1.474 759293.87
1.475 759293.87
1.476 759293.87
1.477 759293.87
1.478 759293.87
1.479 759293.87
1.48 759293.87
1.481 759293.87
1.482 759293.87
1.483 759293.87
1.484 759293.87
1.485 759293.87
1.486 759293.87
1.487 759293.87
1.488 759293.87
1.489 759293.87
1.49 759293.87
1.491 759293.87
1.492 759293.87
1.493 759293.87
1.494 759293.87
1.495 759293.87
1.496 759293.87
1.497 759293.87
1.498 759293.87
1.499 759293.87
1.5 759293.87
1.501 759293.87
1.502 759293.87
1.503 759293.87
1.504 759293.87
1.505 759293.87
1.506 759293.87
1.507 759293.87
1.508 759293.87
1.509 759293.87
1.51 759293.87
1.511 759293.87
1.512 759293.87
1.513 759293.87
1.514 759293.87
1.515 759293.87
1.516 759293.87
1.517 759293.87
1.518 759293.87
1.519 759293.87
1.52 759293.87
1.521 759293.87
1.522 759293.87
1.523 759293.87
1.524 759293.87
1.525 759293.87
1.526 759293.87
1.527 759293.87
1.528 759293.87
1.529 759293.87
1.53 759293.87
1.531 759293.87
1.532 759293.87
1.533 759293.87
1.534 759293.87
1.535 759293.87
1.536 759293.87
1.537 759293.87
1.538 759293.87
1.539 759293.87
1.54 759293.87
1.541 759293.87
1.542 759293.87
1.543 759293.87
1.544 759293.87
1.545 759293.87
1.546 759293.87
1.547 759293.87
1.548 759293.87
1.549 759293.87
1.55 759293.87
1.551 759293.87
1.552 759293.87
1.553 759293.87
1.554 759293.87
1.555 759293.87
1.556 759293.87
1.557 759293.87
1.558 759293.87
1.559 759293.87
1.56 759293.87
1.561 759293.87
1.562 759293.87
1.563 759293.87
1.564 759293.87
1.565 759293.87
1.566 759293.87
1.567 759293.87
1.568 759293.87
1.569 759293.87
1.57 759293.87
1.571 759293.87
1.572 759293.87
1.573 759293.87
1.574 759293.87
1.575 759293.87
1.576 759293.87
1.577 759293.87
1.578 759293.87
1.579 759293.87
1.58 759293.87
1.581 759293.87
1.582 759293.87
1.583 759293.87
1.584 759293.87
1.585 759293.87
1.586 759293.87
1.587 759293.87
1.588 759293.87
1.589 759293.87
1.59 759293.87
1.591 759293.87
1.592 759293.87
1.593 759293.87
1.594 759293.87
1.595 759293.87
1.596 759293.87
1.597 759293.87
1.598 759293.87
1.599 759293.87
1.6 759293.87
1.601 759293.87
1.602 759293.87
1.603 759293.87
1.604 759293.87
1.605 759293.87
1.606 759293.87
1.607 759293.87
1.608 759293.87
1.609 759293.87
1.61 759293.87
1.611 759293.87
1.612 759293.87
1.613 759293.87
1.614 759293.87
1.615 759293.87
1.616 759293.87
1.617 759293.87
1.618 759293.87
1.619 759293.87
1.62 759293.87
1.621 759293.87
1.622 759293.87
1.623 759293.87
1.624 759293.87
1.625 759293.87
1.626 759293.87
1.627 759293.87
1.628 759293.87
1.629 759293.87
1.63 759293.87
1.631 759293.87
1.632 759293.87
1.633 759293.87
1.634 759293.87
1.635 759293.87
1.636 759293.87
1.637 759293.87
1.638 759293.87
1.639 759293.87
1.64 759293.87
1.641 759293.87
1.642 759293.87
1.643 759293.87
1.644 759293.87
1.645 759293.87
1.646 759293.87
1.647 759293.87
1.648 759293.87
1.649 759293.87
1.65 759293.87
1.651 759293.87
1.652 759293.87
1.653 759293.87
1.654 759293.87
1.655 759293.87
1.656 759293.87
1.657 759293.87
1.658 759293.87
1.659 759293.87
1.66 759293.87
1.661 759293.87
1.662 759293.87
1.663 759293.87
1.664 759293.87
1.665 759293.87
1.666 759293.87
1.667 759293.87
1.668 759293.87
1.669 759293.87
1.67 759293.87
1.671 759293.87
1.672 759293.87
1.673 759293.87
1.674 759293.87
1.675 759293.87
1.676 759293.87
1.677 759293.87
1.678 759293.87
1.679 759293.87
1.68 759293.87
1.681 759293.87
1.682 759293.87
1.683 759293.87
1.684 759293.87
1.685 759293.87
1.686 759293.87
1.687 759293.87
1.688 759293.87
1.689 759293.87
1.69 759293.87
1.691 759293.87
1.692 759293.87
1.693 759293.87
1.694 759293.87
1.695 759293.87
1.696 759293.87
1.697 759293.87
1.698 759293.87
1.699 759293.87
1.7 759293.87
1.701 759293.87
1.702 759293.87
1.703 759293.87
1.704 759293.87
1.705 759293.87
1.706 759293.87
1.707 759293.87
1.708 759293.87
1.709 759293.87
1.71 759293.87
1.711 759293.87
1.712 759293.87
1.713 759293.87
1.714 759293.87
1.715 759293.87
1.716 759293.87
1.717 759293.87
1.718 759293.87
1.719 759293.87
1.72 759293.87
1.721 759293.87
1.722 759293.87
1.723 759293.87
1.724 759293.87
1.725 759293.87
1.726 759293.87
1.727 759293.87
1.728 759293.87
1.729 759293.87
1.73 759293.87
1.731 759293.87
1.732 759293.87
1.733 759293.87
1.734 759293.87
1.735 759293.87
1.736 759293.87
1.737 759293.89
1.738 759294.1
1.739 759298.73
1.74 759107.01
1.741 759038.77
1.742 759038.29
1.743 759038.26
1.744 759038.25
1.745 759038.25
1.746 759038.32
1.747 759043.01
1.748 760924.07
1.749 760863.12
1.75 760862.87
1.751 760862.86
1.752 760862.85
1.753 760862.85
1.754 760862.85
1.755 760862.85
1.756 760862.85
1.757 760862.85
1.758 760862.85
1.759 760862.85
1.76 760862.85
1.761 760862.85
1.762 760862.85
1.763 760862.85
1.764 760862.85
1.765 760862.85
1.766 760862.85
1.767 760862.85
1.768 760862.85
1.769 760862.85
1.77 760862.85
1.771 760862.85
1.772 760862.85
1.773 760862.85
1.774 760862.85
1.775 760862.85
1.776 760862.85
1.777 760862.85
1.778 760862.85
1.779 760862.85
1.78 760862.85
1.781 760862.85
1.782 760862.85
1.783 760862.85
1.784 760862.85
1.785 760862.85
1.786 760862.85
1.787 760862.85
1.788 760862.85
1.789 760862.85
1.79 760862.85
1.791 760862.85
1.792 760862.85
1.793 760862.85
1.794 760862.85
1.795 760862.85
1.796 760862.85
1.797 760862.85
1.798 760862.85
1.799 760862.85
1.8 760862.85
1.801 760862.85
1.802 760862.85
1.803 760862.85
1.804 760862.85
1.805 760862.85
1.806 760862.85
1.807 760862.85
1.808 760862.85
1.809 760862.85
1.81 760862.86
1.811 760862.91
1.812 760864.06
1.813 760536.8
1.814 760957.46
1.815 760955.8
1.816 760955.74
1.817 760955.73
1.818 760955.73
1.819 760955.73
1.82 760955.73
1.821 760955.73
1.822 760955.73
1.823 760955.73
1.824 760955.73
1.825 760955.73
1.826 760955.73
1.827 760955.73
1.828 760955.73
1.829 760955.73
1.83 760955.73
1.831 760955.73
1.832 760955.73
1.833 760955.73
1.834 760955.73
1.835 760955.73
1.836 760955.73
1.837 760955.73
1.838 760955.73
1.839 760955.73
1.84 760955.73
1.841 760955.73
1.842 760955.73
1.843 760955.73
1.844 760955.73
1.845 760955.73
1.846 760955.73
1.847 760955.73
1.848 760955.73
1.849 760955.73
1.85 760955.73
1.851 760955.73
1.852 760955.73
1.853 760955.73
1.854 760955.73
1.855 760955.73
1.856 760955.73
1.857 760955.73
1.858 760955.73
1.859 760955.72
1.86 760955.72
1.861 760955.72
1.862 760955.71
1.863 760955.7
1.864 760955.69
1.865 760955.7
1.866 760955.7
1.867 760955.7
1.868 760955.7
1.869 760955.7
1.87 760955.7
1.871 760955.7
1.872 760955.7
1.873 760955.7
1.874 760955.7
1.875 760955.7
1.876 760955.7
1.877 760955.7
1.878 760955.7
1.879 760955.7
1.88 760955.7
1.881 760955.7
1.882 760955.7
1.883 760955.7
1.884 760955.7
1.885 760955.7
1.886 760955.7
1.887 760955.7
1.888 760955.7
1.889 760955.7
1.89 760955.7
1.891 760955.7
1.892 760955.7
1.893 760955.7
1.894 760955.7
1.895 760955.7
1.896 760955.7
1.897 760955.7
1.898 760955.7
1.899 760955.7
1.9 760955.7
1.901 760955.7
1.902 760955.7
1.903 760955.7
1.904 760955.7
1.905 760955.7
1.906 760955.7
1.907 760955.7
1.908 760955.7
1.909 760955.7
1.91 760955.7
1.911 760955.7
1.912 760955.7
1.913 760955.7
1.914 760955.7
1.915 760955.7
1.916 760955.7
1.917 760955.7
1.918 760955.7
1.919 760955.7
1.92 760955.7
1.921 760955.7
1.922 760955.7
1.923 760955.7
1.924 760955.7
1.925 760955.7
1.926 760955.7
1.927 760955.7
1.928 760955.7
1.929 760955.7
1.93 760955.7
1.931 760955.7
1.932 760955.7
1.933 760955.7
1.934 760955.7
1.935 760955.7
1.936 760955.7
1.937 760955.7
1.938 760955.7
1.939 760955.7
1.94 760955.7
1.941 760955.7
1.942 760955.7
1.943 760955.7
1.944 760955.7
1.945 760955.7
1.946 760955.7
1.947 760955.7
1.948 760955.7
1.949 760955.7
1.95 760955.7
1.951 760955.7
1.952 760955.7
1.953 760955.7
1.954 760955.7
1.955 760955.7
1.956 760955.7
1.957 760955.7
1.958 760955.7
1.959 760955.7
1.96 760955.7
1.961 760955.7
1.962 760955.7
1.963 760955.7
1.964 760955.7
1.965 760955.7
1.966 760955.7
1.967 760955.7
1.968 760955.7
1.969 760955.7
1.97 760955.7
1.971 760955.7
1.972 760955.7
1.973 760955.7
1.974 760955.7
1.975 760955.7
1.976 760955.7
1.977 760955.7
1.978 760955.7
1.979 760955.7
1.98 760955.7
1.981 760955.7
1.982 760955.7
1.983 760955.7
1.984 760955.7
1.985 760955.7
1.986 760955.7
1.987 760955.7
1.988 760955.7
1.989 760955.7
1.99 760955.7
1.991 760955.7
1.992 760955.7
1.993 760955.7
1.994 760955.7
1.995 760955.7
1.996 760955.7
1.997 760955.7
1.998 760955.7
1.999 760955.7
2 760955.7
2.001 760955.7
2.002 760955.7
2.003 760955.7
2.004 760955.7
2.005 760955.7
2.006 760955.7
2.007 760955.7
2.008 760955.7
2.009 760955.7
2.01 760955.7
2.011 760955.69
2.012 760955.69
2.013 760955.69
2.014 760955.69
2.015 760955.69
2.016 760955.69
2.017 760955.69
2.018 760955.69
2.019 760955.7
2.02 760955.7
2.021 760955.7
2.022 760955.7
2.023 760955.7
2.024 760955.7
2.025 760955.7
2.026 760955.7
2.027 760955.7
2.028 760955.7
2.029 760955.7
2.03 760955.7
2.031 760955.7
2.032 760955.7
2.033 760955.7
2.034 760955.7
2.035 760955.7
2.036 760955.7
2.037 760955.7
2.038 760955.7
2.039 760955.7
2.04 760955.7
2.041 760955.7
2.042 760955.7
2.043 760955.7
2.044 760955.7
2.045 760955.7
2.046 760955.7
2.047 760955.7
2.048 760955.7
2.049 760955.7
2.05 760955.7
2.051 760955.7
2.052 760955.7
2.053 760955.7
2.054 760955.7
2.055 760955.7
2.056 760955.7
2.057 760955.7
2.058 760955.7
2.059 760955.7
2.06 760955.7
2.061 760955.7
2.062 760955.7
2.063 760955.7
2.064 760955.7
2.065 760955.7
2.066 760955.7
2.067 760955.7
2.068 760955.7
2.069 760955.7
2.07 760955.7
2.071 760955.7
2.072 760955.7
2.073 760955.7
2.074 760955.7
2.075 760955.7
2.076 760955.7
2.077 760955.7
2.078 760955.7
2.079 760955.7
2.08 760955.7
2.081 760955.7
2.082 760955.7
2.083 760955.7
2.084 760955.7
2.085 760955.7
2.086 760955.7
2.087 760955.7
2.088 760955.7
2.089 760955.7
2.09 760955.7
2.091 760955.7
2.092 760955.7
2.093 760955.7
2.094 760955.7
2.095 760955.7
2.096 760955.7
2.097 760955.7
2.098 760955.7
2.099 760955.7
2.1 760955.7
2.101 760955.7
2.102 760955.7
2.103 760955.7
2.104 760955.7
2.105 760955.7
2.106 760955.7
2.107 760955.7
2.108 760955.7
2.109 760955.7
2.11 760955.7
2.111 760955.7
2.112 760955.7
2.113 760955.7
2.114 760955.7
2.115 760955.7
2.116 760955.7
2.117 760955.7
2.118 760955.7
2.119 760955.7
2.12 760955.7
2.121 760955.7
2.122 760955.7
2.123 760955.7
2.124 760955.7
2.125 760955.7
2.126 760955.7
2.127 760955.7
2.128 760955.7
2.129 760955.7
2.13 760955.7
2.131 760955.7
2.132 760955.7
2.133 760955.7
2.134 760955.7
2.135 760955.7
2.136 760955.7
2.137 760955.7
2.138 760955.7
2.139 760955.7
2.14 760955.7
2.141 760955.7
2.142 760955.7
2.143 760955.7
2.144 760955.7
2.145 760955.7
2.146 760955.7
2.147 760955.7
2.148 760955.7
2.149 760955.7
2.15 760955.7
2.151 760955.7
2.152 760955.7
2.153 760955.7
2.154 760955.7
2.155 760955.7
2.156 760955.7
2.157 760955.7
2.158 760955.7
2.159 760955.7
2.16 760955.7
2.161 760955.7
2.162 760955.7
2.163 760955.7
2.164 760955.7
2.165 760955.7
2.166 760955.7
2.167 760955.7
2.168 760955.7
2.169 760955.7
2.17 760955.7
2.171 760955.7
2.172 760955.7
2.173 760955.7
2.174 760955.7
2.175 760955.7
2.176 760955.7
2.177 760955.7
2.178 760955.7
2.179 760955.7
2.18 760955.7
2.181 760955.7
2.182 760955.7
2.183 760955.7
2.184 760955.7
2.185 760955.7
2.186 760955.7
2.187 760955.7
2.188 760955.7
2.189 760955.7
2.19 760955.7
2.191 760955.7
2.192 760955.7
2.193 760955.7
2.194 760955.7
2.195 760955.7
2.196 760955.7
2.197 760955.7
2.198 760955.7
2.199 760955.7
2.2 760955.7
2.201 760955.7
2.202 760955.7
2.203 760955.7
2.204 760955.7
2.205 760955.7
2.206 760955.7
2.207 760955.7
2.208 760955.7
2.209 760955.7
2.21 760955.7
2.211 760955.7
2.212 760955.7
2.213 760955.7
2.214 760955.7
2.215 760955.7
2.216 760955.7
2.217 760955.7
2.218 760955.7
2.219 760955.7
2.22 760955.7
2.221 760955.7
2.222 760955.7
2.223 760955.7
2.224 760955.7
2.225 760955.7
2.226 760955.7
2.227 760955.7
2.228 760955.7
2.229 760955.7
2.23 760955.7
2.231 760955.7
2.232 760955.7
2.233 760955.7
2.234 760955.7
2.235 760955.7
2.236 760955.7
2.237 760955.7
2.238 760955.7
2.239 760955.7
2.24 760955.7
2.241 760955.7
2.242 760955.7
2.243 760955.7
2.244 760955.7
2.245 760955.7
2.246 760955.7
2.247 760955.7
2.248 760955.7
2.249 760955.7
2.25 760955.7
2.251 760955.7
2.252 760955.7
2.253 760955.7
2.254 760955.7
2.255 760955.7
2.256 760955.7
2.257 760955.7
2.258 760955.7
2.259 760955.7
2.26 760955.7
2.261 760955.7
2.262 760955.7
2.263 760955.7
2.264 760955.7
2.265 760955.7
2.266 760955.7
2.267 760955.7
2.268 760955.7
2.269 760955.7
2.27 760955.7
2.271 760955.7
2.272 760955.7
2.273 760955.7
2.274 760955.7
2.275 760955.7
2.276 760955.7
2.277 760955.7
2.278 760955.7
2.279 760955.7
2.28 760955.7
2.281 760955.7
2.282 760955.7
2.283 760955.7
2.284 760955.7
2.285 760955.7
2.286 760955.7
2.287 760955.7
2.288 760955.7
2.289 760955.7
2.29 760955.7
2.291 760955.7
2.292 760955.7
2.293 760955.7
2.294 760955.7
2.295 760955.7
2.296 760955.7
2.297 760955.7
2.298 760955.7
2.299 760955.7
2.3 760955.7
2.301 760955.7
2.302 760955.7
2.303 760955.7
2.304 760955.7
2.305 760955.7
2.306 760955.7
2.307 760955.7
2.308 760955.7
2.309 760955.7
2.31 760955.7
2.311 760955.7
2.312 760955.7
2.313 760955.7
2.314 760955.7
2.315 760955.7
2.316 760955.7
2.317 760955.7
2.318 760955.7
2.319 760955.7
2.32 760955.7
2.321 760955.7
2.322 760955.7
2.323 760955.7
2.324 760955.7
2.325 760955.7
2.326 760955.7
2.327 760955.7
2.328 760955.7
2.329 760955.7
2.33 760955.7
2.331 760955.7
2.332 760955.7
2.333 760955.7
2.334 760955.7
2.335 760955.7
2.336 760955.7
2.337 760955.7
2.338 760955.7
2.339 760955.7
2.34 760955.7
2.341 760955.7
2.342 760955.7
2.343 760955.7
2.344 760955.7
2.345 760955.7
2.346 760955.7
2.347 760955.7
2.348 760955.7
2.349 760955.7
2.35 760955.7
2.351 760955.7
2.352 760955.7
2.353 760955.7
2.354 760955.7
2.355 760955.7
2.356 760955.7
2.357 760955.7
2.358 760955.7
2.359 760955.7
2.36 760955.7
2.361 760955.7
2.362 760955.7
2.363 760955.7
2.364 760955.7
2.365 760955.7
2.366 760955.7
2.367 760955.7
2.368 760955.7
2.369 760955.7
2.37 760955.7
2.371 760955.7
2.372 760955.7
2.373 760955.7
2.374 760955.7
2.375 760955.7
2.376 760955.7
2.377 760955.7
2.378 760955.7
2.379 760955.7
2.38 760955.7
2.381 760955.7
2.382 760955.7
2.383 760955.7
2.384 760955.7
2.385 760955.7
2.386 760955.7
2.387 760955.7
2.388 760955.7
2.389 760955.7
2.39 760955.7
2.391 760955.7
2.392 760955.7
2.393 760955.7
2.394 760955.7
2.395 760955.7
2.396 760955.7
2.397 760955.7
2.398 760955.7
2.399 760955.7
2.4 760955.7
2.401 760955.7
2.402 760955.7
2.403 760955.7
2.404 760955.7
2.405 760955.7
2.406 760955.7
2.407 760955.7
2.408 760955.7
2.409 760955.7
2.41 760955.7
2.411 760955.7
2.412 760955.7
2.413 760955.7
2.414 760955.7
2.415 760955.7
2.416 760955.7
2.417 760955.7
2.418 760955.7
2.419 760955.7
2.42 760955.7
2.421 760955.7
2.422 760955.7
2.423 760955.7
2.424 760955.7
2.425 760955.7
2.426 760955.7
2.427 760955.7
2.428 760955.7
2.429 760955.7
2.43 760955.7
2.431 760955.7
2.432 760955.7
2.433 760955.7
2.434 760955.7
2.435 760955.7
2.436 760955.7
2.437 760955.7
2.438 760955.7
2.439 760955.7
2.44 760955.7
2.441 760955.7
2.442 760955.7
2.443 760955.7
2.444 760955.7
2.445 760955.7
2.446 760955.7
2.447 760955.7
2.448 760955.7
2.449 760955.7
2.45 760955.7
2.451 760955.7
2.452 760955.7
2.453 760955.7
2.454 760955.7
2.455 760955.7
2.456 760955.7
2.457 760955.7
2.458 760955.7
2.459 760955.7
2.46 760955.7
2.461 760955.7
2.462 760955.7
2.463 760955.7
2.464 760955.7
2.465 760955.7
2.466 760955.7
2.467 760955.7
2.468 760955.7
2.469 760955.7
2.47 760955.7
2.471 760955.7
2.472 760955.7
2.473 760955.7
2.474 760955.7
2.475 760955.7
2.476 760955.7
2.477 760955.7
2.478 760955.7
2.479 760955.7
2.48 760955.7
2.481 760955.7
2.482 760955.7
2.483 760955.7
2.484 760955.7
2.485 760955.7
2.486 760955.7
2.487 760955.7
2.488 760955.7
2.489 760955.7
2.49 760955.7
2.491 760955.7
2.492 760955.7
2.493 760955.7
2.494 760955.7
2.495 760955.7
2.496 760955.7
2.497 760955.7
2.498 760955.7
2.499 760955.7
2.5 760955.7
2.501 760955.7
2.502 760955.7
2.503 760955.7
2.504 760955.7
2.505 760955.7
2.506 760955.7
2.507 760955.7
2.508 760955.7
2.509 760955.7
2.51 760955.69
2.511 760955.69
2.512 760955.69
2.513 760955.69
2.514 760955.69
2.515 760955.69
2.516 760955.69
2.517 760955.69
2.518 760955.69
2.519 760955.69
2.52 760955.69
2.521 760955.69
2.522 760955.69
2.523 760955.7
2.524 760955.7
2.525 760955.7
2.526 760955.7
2.527 760955.7
2.528 760955.7
2.529 760955.7
2.53 760955.7
2.531 760955.7
2.532 760955.7
2.533 760955.7
2.534 760955.7
2.535 760955.7
2.536 760955.7
2.537 760955.7
2.538 760955.7
2.539 760955.7
2.54 760955.7
2.541 760955.7
2.542 760955.7
2.543 760955.7
2.544 760955.7
2.545 760955.7
2.546 760955.7
2.547 760955.7
2.548 760955.7
2.549 760955.7
2.55 760955.7
2.551 760955.7
2.552 760955.7
2.553 760955.7
2.554 760955.7
2.555 760955.7
2.556 760955.7
2.557 760955.7
2.558 760955.7
2.559 760955.7
2.56 760955.7
2.561 760955.7
2.562 760955.7
2.563 760955.7
2.564 760955.7
2.565 760955.7
2.566 760955.7
2.567 760955.7
2.568 760955.7
2.569 760955.7
2.57 760955.7
2.571 760955.7
2.572 760955.7
2.573 760955.7
2.574 760955.7
2.575 760955.7
2.576 760955.7
2.577 760955.7
2.578 760955.7
2.579 760955.7
2.58 760955.7
2.581 760955.7
2.582 760955.7
2.583 760955.7
2.584 760955.7
2.585 760955.7
2.586 760955.7
2.587 760955.7
2.588 760955.7
2.589 760955.7
2.59 760955.7
2.591 760955.7
2.592 760955.7
2.593 760955.7
2.594 760955.7
2.595 760955.7
2.596 760955.7
2.597 760955.69
2.598 760955.69
2.599 760955.69
2.6 760955.69
2.601 760955.69
2.602 760955.69
2.603 760955.69
2.604 760955.69
2.605 760955.69
2.606 760955.69
2.607 760955.69
2.608 760955.69
2.609 760955.69
2.61 760955.69
2.611 760955.69
2.612 760955.7
2.613 760955.7
2.614 760955.7
2.615 760955.7
2.616 760955.7
2.617 760955.7
2.618 760955.7
2.619 760955.7
2.62 760955.7
2.621 760955.7
2.622 760955.7
2.623 760955.7
2.624 760955.7
2.625 760955.7
2.626 760955.7
2.627 760955.7
2.628 760955.7
2.629 760955.7
2.63 760955.7
2.631 760955.7
2.632 760955.7
2.633 760955.7
2.634 760955.7
2.635 760955.7
2.636 760955.7
2.637 760955.7
2.638 760955.7
2.639 760955.7
2.64 760955.7
2.641 760955.7
2.642 760955.7
2.643 760955.7
2.644 760955.7
2.645 760955.7
2.646 760955.7
2.647 760955.7
2.648 760955.7
2.649 760955.7
2.65 760955.7
2.651 760955.7
2.652 760955.7
2.653 760955.7
2.654 760955.7
2.655 760955.7
2.656 760955.7
2.657 760955.7
2.658 760955.7
2.659 760955.7
2.66 760955.7
2.661 760955.7
2.662 760955.7
2.663 760955.7
2.664 760955.7
2.665 760955.7
2.666 760955.7
2.667 760955.7
2.668 760955.7
2.669 760955.7
2.67 760955.7
2.671 760955.7
2.672 760955.7
2.673 760955.7
2.674 760955.7
2.675 760955.7
2.676 760955.7
2.677 760955.7
2.678 760955.7
2.679 760955.7
2.68 760955.7
2.681 760955.7
2.682 760955.7
2.683 760955.7
2.684 760955.7
2.685 760955.7
2.686 760955.7
2.687 760955.7
2.688 760955.7
2.689 760955.7
2.69 760955.7
2.691 760955.7
2.692 760955.7
2.693 760955.7
2.694 760955.7
2.695 760955.7
2.696 760955.7
2.697 760955.7
2.698 760955.7
2.699 760955.7
2.7 760955.7
2.701 760955.7
2.702 760955.7
2.703 760955.7
2.704 760955.7
2.705 760955.7
2.706 760955.7
2.707 760955.7
2.708 760955.7
2.709 760955.7
2.71 760955.7
2.711 760955.7
2.712 760955.7
2.713 760955.7
2.714 760955.7
2.715 760955.7
2.716 760955.7
2.717 760955.7
2.718 760955.7
2.719 760955.7
2.72 760955.7
2.721 760955.7
2.722 760955.7
2.723 760955.7
2.724 760955.7
2.725 760955.7
2.726 760955.7
2.727 760955.7
2.728 760955.7
2.729 760955.7
2.73 760955.7
2.731 760955.7
2.732 760955.7
2.733 760955.7
2.734 760955.7
2.735 760955.7
2.736 760955.7
2.737 760955.7
2.738 760955.7
2.739 760955.7
2.74 760955.7
2.741 760955.7
2.742 760955.7
2.743 760955.7
2.744 760955.7
2.745 760955.7
2.746 760955.7
2.747 760955.7
2.748 760955.7
2.749 760955.7
2.75 760955.7
2.751 760955.7
2.752 760955.7
2.753 760955.69
2.754 760955.69
2.755 760955.69
2.756 760955.69
2.757 760955.69
2.758 760955.69
2.759 760955.69
2.76 760955.69
2.761 760955.69
2.762 760955.69
2.763 760955.69
2.764 760955.69
2.765 760955.68
2.766 760955.68
2.767 760955.68
2.768 760955.68
2.769 760955.68
2.77 760955.68
2.771 760955.69
2.772 760955.69
2.773 760955.69
2.774 760955.69
2.775 760955.69
2.776 760955.69
2.777 760955.69
2.778 760955.69
2.779 760955.69
2.78 760955.69
2.781 760955.69
2.782 760955.69
2.783 760955.69
2.784 760955.69
2.785 760955.69
2.786 760955.69
2.787 760955.69
2.788 760955.69
2.789 760955.69
2.79 760955.69
2.791 760955.69
2.792 760955.69
2.793 760955.69
2.794 760955.69
2.795 760955.69
2.796 760955.69
2.797 760955.69
2.798 760955.69
2.799 760955.69
2.8 760955.69
2.801 760955.69
2.802 760955.69
2.803 760955.69
2.804 760955.69
2.805 760955.69
2.806 760955.69
2.807 760955.69
2.808 760955.69
2.809 760955.69
2.81 760955.69
2.811 760955.69
2.812 760955.69
2.813 760955.69
2.814 760955.69
2.815 760955.69
2.816 760955.69
2.817 760955.69
2.818 760955.69
2.819 760955.69
2.82 760955.69
2.821 760955.69
2.822 760955.69
2.823 760955.69
2.824 760955.69
2.825 760955.69
2.826 760955.69
2.827 760955.69
2.828 760955.69
2.829 760955.69
2.83 760955.69
2.831 760955.69
2.832 760955.69
2.833 760955.69
2.834 760955.69
2.835 760955.69
2.836 760955.69
2.837 760955.69
2.838 760955.69
2.839 760955.69
2.84 760955.69
2.841 760955.69
2.842 760955.69
2.843 760955.69
2.844 760955.69
2.845 760955.69
2.846 760955.69
2.847 760955.69
2.848 760955.69
2.849 760955.69
2.85 760955.69
2.851 760955.69
2.852 760955.69
2.853 760955.69
2.854 760955.69
2.855 760955.69
2.856 760955.69
2.857 760955.69
2.858 760955.69
2.859 760955.69
2.86 760955.69
2.861 760955.69
2.862 760955.69
2.863 760955.69
2.864 760955.69
2.865 760955.69
2.866 760955.69
2.867 760955.69
2.868 760955.69
2.869 760955.69
2.87 760955.69
2.871 760955.69
2.872 760955.69
2.873 760955.69
2.874 760955.69
2.875 760955.69
2.876 760955.69
2.877 760955.69
2.878 760955.69
2.879 760955.69
2.88 760955.69
2.881 760955.69
2.882 760955.69
2.883 760955.69
2.884 760955.69
2.885 760955.69
2.886 760955.69
2.887 760955.69
2.888 760955.69
2.889 760955.69
2.89 760955.69
2.891 760955.69
2.892 760955.69
2.893 760955.69
2.894 760955.69
2.895 760955.69
2.896 760955.69
2.897 760955.69
2.898 760955.69
2.899 760955.69
2.9 760955.69
2.901 760955.69
2.902 760955.69
2.903 760955.69
2.904 760955.69
2.905 760955.69
2.906 760955.69
2.907 760955.69
2.908 760955.69
2.909 760955.69
2.91 760955.69
2.911 760955.69
2.912 760955.69
2.913 760955.69
2.914 760955.69
2.915 760955.69
2.916 760955.69
2.917 760955.69
2.918 760955.69
2.919 760955.69
2.92 760955.69
2.921 760955.69
2.922 760955.69
2.923 760955.69
2.924 760955.69
2.925 760955.69
2.926 760955.69
2.927 760955.69
2.928 760955.69
2.929 760955.69
2.93 760955.69
2.931 760955.69
2.932 760955.69
2.933 760955.69
2.934 760955.69
2.935 760955.69
2.936 760955.69
2.937 760955.69
2.938 760955.69
2.939 760955.69
2.94 760955.69
2.941 760955.69
2.942 760955.69
2.943 760955.69
2.944 760955.69
2.945 760955.69
2.946 760955.69
2.947 760955.69
2.948 760955.69
2.949 760955.69
2.95 760955.69
2.951 760955.69
2.952 760955.69
2.953 760955.69
2.954 760955.69
2.955 760955.69
2.956 760955.69
2.957 760955.69
2.958 760955.69
2.959 760955.69
2.96 760955.69
2.961 760955.69
2.962 760955.69
2.963 760955.69
2.964 760955.69
2.965 760955.69
2.966 760955.69
2.967 760955.69
2.968 760955.69
2.969 760955.69
2.97 760955.69
2.971 760955.69
2.972 760955.69
2.973 760955.69
2.974 760955.69
2.975 760955.69
2.976 760955.69
2.977 760955.69
2.978 760955.69
2.979 760955.69
2.98 760955.69
2.981 760955.69
2.982 760955.69
2.983 760955.69
2.984 760955.69
2.985 760955.69
2.986 760955.69
2.987 760955.69
2.988 760955.69
2.989 760955.69
2.99 760955.69
2.991 760955.69
2.992 760955.69
2.993 760955.69
2.994 760955.69
2.995 760955.69
2.996 760955.69
2.997 760955.69
2.998 760955.69
2.999 760955.69
3 760955.69
3.001 760955.69
3.002 760955.69
3.003 760955.69
3.004 760955.69
3.005 760955.69
3.006 760955.69
3.007 760955.69
3.008 760955.69
3.009 760955.69
3.01 760955.69
3.011 760955.69
3.012 760955.69
3.013 760955.69
3.014 760955.69
3.015 760955.69
3.016 760955.69
3.017 760955.69
3.018 760955.69
3.019 760955.69
3.02 760955.69
3.021 760955.69
3.022 760955.69
3.023 760955.69
3.024 760955.69
3.025 760955.69
3.026 760955.69
3.027 760955.69
3.028 760955.69
3.029 760955.69
3.03 760955.69
3.031 760955.69
3.032 760955.69
3.033 760955.69
3.034 760955.69
3.035 760955.69
3.036 760955.69
3.037 760955.69
3.038 760955.69
3.039 760955.69
3.04 760955.69
3.041 760955.69
3.042 760955.69
3.043 760955.69
3.044 760955.69
3.045 760955.69
3.046 760955.69
3.047 760955.69
3.048 760955.69
3.049 760955.69
3.05 760955.69
3.051 760955.69
3.052 760955.69
3.053 760955.69
3.054 760955.69
3.055 760955.69
3.056 760955.69
3.057 760955.69
3.058 760955.69
3.059 760955.69
3.06 760955.69
3.061 760955.69
3.062 760955.69
3.063 760955.69
3.064 760955.69
3.065 760955.69
3.066 760955.69
3.067 760955.69
3.068 760955.69
3.069 760955.69
3.07 760955.69
3.071 760955.69
3.072 760955.69
3.073 760955.69
3.074 760955.69
3.075 760955.69
3.076 760955.69
3.077 760955.69
3.078 760955.69
3.079 760955.69
3.08 760955.69
3.081 760955.69
3.082 760955.69
3.083 760955.69
3.084 760955.69
3.085 760955.69
3.086 760955.69
3.087 760955.69
3.088 760955.69
3.089 760955.69
3.09 760955.69
3.091 760955.69
3.092 760955.69
3.093 760955.69
3.094 760955.69
3.095 760955.69
3.096 760955.69
3.097 760955.69
3.098 760955.69
3.099 760955.69
3.1 760955.72
3.101 760956.3
3.102 761048.48
3.103 761542.97
3.104 761541.49
3.105 761541.43
3.106 761541.43
3.107 761541.43
3.108 761541.43
3.109 761541.43
3.11 761541.43
3.111 761541.43
3.112 761541.43
3.113 761541.43
3.114 761541.43
3.115 761541.43
3.116 761541.43
3.117 761541.43
3.118 761541.43
3.119 761541.43
3.12 761541.43
3.121 761541.43
3.122 761541.43
3.123 761541.43
3.124 761541.43
3.125 761541.43
3.126 761541.43
3.127 761541.43
3.128 761541.43
3.129 761541.43
3.13 761541.43
3.131 761541.43
3.132 761541.43
3.133 761541.43
3.134 761541.43
3.135 761541.43
3.136 761541.43
3.137 761541.43
3.138 761541.43
3.139 761541.43
3.14 761541.43
3.141 761541.43
3.142 761541.43
3.143 761541.43
3.144 761541.43
3.145 761541.43
3.146 761541.43
3.147 761541.43
3.148 761541.43
3.149 761541.43
3.15 761541.43
3.151 761541.43
3.152 761541.43
3.153 761541.43
3.154 761541.43
3.155 761541.43
3.156 761541.43
3.157 761541.43
3.158 761541.43
3.159 761541.43
3.16 761541.43
3.161 761541.43
3.162 761541.43
3.163 761541.43
3.164 761541.43
3.165 761541.43
3.166 761541.43
3.167 761541.43
3.168 761541.43
3.169 761541.43
3.17 761541.43
3.171 761541.43
3.172 761541.43
3.173 761541.43
3.174 761541.43
3.175 761541.43
3.176 761541.43
3.177 761541.43
3.178 761541.43
3.179 761541.43
3.18 761541.43
3.181 761541.43
3.182 761541.43
3.183 761541.43
3.184 761541.43
3.185 761541.43
3.186 761541.43
3.187 761541.43
3.188 761541.43
3.189 761541.43
3.19 761541.43
3.191 761541.43
3.192 761541.43
3.193 761541.43
3.194 761541.43
3.195 761541.43
3.196 761541.43
3.197 761541.43
3.198 761541.43
3.199 761541.43
3.2 761541.43
3.201 761541.43
3.202 761541.43
3.203 761541.43
3.204 761541.43
3.205 761541.43
3.206 761541.43
3.207 761541.43
3.208 761541.43
3.209 761541.43
3.21 761541.43
3.211 761541.43
3.212 761541.43
3.213 761541.43
3.214 761541.43
3.215 761541.43
3.216 761541.43
3.217 761541.43
3.218 761541.43
3.219 761541.43
3.22 761541.43
3.221 761541.43
3.222 761541.43
3.223 761541.43
3.224 761541.43
3.225 761541.43
3.226 761541.43
3.227 761541.43
3.228 761541.43
3.229 761541.43
3.23 761541.43
3.231 761541.43
3.232 761541.43
3.233 761541.43
3.234 761541.43
3.235 761541.43
3.236 761541.43
3.237 761541.43
3.238 761541.43
3.239 761541.43
3.24 761541.43
3.241 761541.43
3.242 761541.43
3.243 761541.43
3.244 761541.43
3.245 761541.43
3.246 761541.43
3.247 761541.43
3.248 761541.43
3.249 761541.43
3.25 761541.43
3.251 761541.43
3.252 761541.43
3.253 761541.43
3.254 761541.43
3.255 761541.43
3.256 761541.43
3.257 761541.43
3.258 761541.43
3.259 761541.43
3.26 761541.43
3.261 761541.43
3.262 761541.43
3.263 761541.43
3.264 761541.43
3.265 761541.43
3.266 761541.43
3.267 761541.43
3.268 761541.43
3.269 761541.43
3.27 761541.43
3.271 761541.43
3.272 761541.43
3.273 761541.43
3.274 761541.43
3.275 761541.43
3.276 761541.43
3.277 761541.43
3.278 761541.43
3.279 761541.43
3.28 761541.43
3.281 761541.43
3.282 761541.43
3.283 761541.43
3.284 761541.43
3.285 761541.43
3.286 761541.43
3.287 761541.43
3.288 761541.43
3.289 761541.43
3.29 761541.43
3.291 761541.43
3.292 761541.43
3.293 761541.43
3.294 761541.43
3.295 761541.43
3.296 761541.43
3.297 761541.43
3.298 761541.43
3.299 761541.42
3.3 761541.42
3.301 761541.42
3.302 761541.42
3.303 761541.42
3.304 761541.42
3.305 761541.42
3.306 761541.42
3.307 761541.42
3.308 761541.42
3.309 761541.42
3.31 761541.42
3.311 761541.42
3.312 761541.42
3.313 761541.42
3.314 761541.42
3.315 761541.42
3.316 761541.41
3.317 761541.41
3.318 761541.4
3.319 761541.4
3.32 761541.39
3.321 761541.37
3.322 761541.36
3.323 761541.37
3.324 761541.37
3.325 761541.37
3.326 761541.37
3.327 761541.37
3.328 761541.37
3.329 761541.37
3.33 761541.37
3.331 761541.37
3.332 761541.37
3.333 761541.37
3.334 761541.37
3.335 761541.37
3.336 761541.37
3.337 761541.37
3.338 761541.37
3.339 761541.37
3.34 761541.37
3.341 761541.37
3.342 761541.37
3.343 761541.37
3.344 761541.37
3.345 761541.37
3.346 761541.37
3.347 761541.37
3.348 761541.37
3.349 761541.37
3.35 761541.37
3.351 761541.37
3.352 761541.37
3.353 761541.37
3.354 761541.37
3.355 761541.37
3.356 761541.37
3.357 761541.37
3.358 761541.37
3.359 761541.37
3.36 761541.37
3.361 761541.37
3.362 761541.37
3.363 761541.37
3.364 761541.37
3.365 761541.37
3.366 761541.37
3.367 761541.37
3.368 761541.37
3.369 761541.37
3.37 761541.37
3.371 761541.37
3.372 761541.37
3.373 761541.37
3.374 761541.37
3.375 761541.37
3.376 761541.37
3.377 761541.37
3.378 761541.37
3.379 761541.37
3.38 761541.37
3.381 761541.37
3.382 761541.37
3.383 761541.37
3.384 761541.37
3.385 761541.37
3.386 761541.37
3.387 761541.37
3.388 761541.37
3.389 761541.37
3.39 761541.37
3.391 761541.37
3.392 761541.37
3.393 761541.37
3.394 761541.37
3.395 761541.37
3.396 761541.37
3.397 761541.37
3.398 761541.37
3.399 761541.37
3.4 761541.37
3.401 761541.37
3.402 761541.37
3.403 761541.37
3.404 761541.37
3.405 761541.37
3.406 761541.37
3.407 761541.37
3.408 761541.37
3.409 761541.37
3.41 761541.37
3.411 761541.37
3.412 761541.37
3.413 761541.37
3.414 761541.37
3.415 761541.37
3.416 761541.37
3.417 761541.37
3.418 761541.37
3.419 761541.37
3.42 761541.37
3.421 761541.37
3.422 761541.37
3.423 761541.37
3.424 761541.37
3.425 761541.37
3.426 761541.37
3.427 761541.37
3.428 761541.37
3.429 761541.37
3.43 761541.37
3.431 761541.37
3.432 761541.37
3.433 761541.37
3.434 761541.37
3.435 761541.37
3.436 761541.37
3.437 761541.37
3.438 761541.37
3.439 761541.37
3.44 761541.37
3.441 761541.37
3.442 761541.37
3.443 761541.37
3.444 761541.37
3.445 761541.37
3.446 761541.37
3.447 761541.37
3.448 761541.37
3.449 761541.37
3.45 761541.37
3.451 761541.37
3.452 761541.37
3.453 761541.37
3.454 761541.37
3.455 761541.37
3.456 761541.37
3.457 761541.37
3.458 761541.37
3.459 761541.37
3.46 761541.37
3.461 761541.37
3.462 761541.37
3.463 761541.37
3.464 761541.37
3.465 761541.37
3.466 761541.37
3.467 761541.37
3.468 761541.37
3.469 761541.37
3.47 761541.37
3.471 761541.37
3.472 761541.37
3.473 761541.37
3.474 761541.37
3.475 761541.37
3.476 761541.37
3.477 761541.37
3.478 761541.37
3.479 761541.37
3.48 761541.37
3.481 761541.37
3.482 761541.37
3.483 761541.37
3.484 761541.37
3.485 761541.37
3.486 761541.37
3.487 761541.37
3.488 761541.37
3.489 761541.37
3.49 761541.37
3.491 761541.37
3.492 761541.37
3.493 761541.37
3.494 761541.37
3.495 761541.37
3.496 761541.37
3.497 761541.37
3.498 761541.37
3.499 761541.37
3.5 761541.37
3.501 761541.37
3.502 761541.37
3.503 761541.37
3.504 761541.37
3.505 761541.37
3.506 761541.37
3.507 761541.37
3.508 761541.37
3.509 761541.37
3.51 761541.37
3.511 761541.37
3.512 761541.37
3.513 761541.37
3.514 761541.37
3.515 761541.37
3.516 761541.37
3.517 761541.37
3.518 761541.37
3.519 761541.37
3.52 761541.37
3.521 761541.37
3.522 761541.37
3.523 761541.37
3.524 761541.37
3.525 761541.37
3.526 761541.37
3.527 761541.37
3.528 761541.37
3.529 761541.37
3.53 761541.37
3.531 761541.37
3.532 761541.37
3.533 761541.37
3.534 761541.37
3.535 761541.37
3.536 761541.37
3.537 761541.37
3.538 761541.37
3.539 761541.37
3.54 761541.37
3.541 761541.37
3.542 761541.37
3.543 761541.37
3.544 761541.37
3.545 761541.37
3.546 761541.37
3.547 761541.37
3.548 761541.37
3.549 761541.37
3.55 761541.37
3.551 761541.37
3.552 761541.37
3.553 761541.37
3.554 761541.37
3.555 761541.37
3.556 761541.37
3.557 761541.37
3.558 761541.37
3.559 761541.37
3.56 761541.37
3.561 761541.37
3.562 761541.37
3.563 761541.37
3.564 761541.37
3.565 761541.37
3.566 761541.37
3.567 761541.37
3.568 761541.37
3.569 761541.37
3.57 761541.37
3.571 761541.37
3.572 761541.37
3.573 761541.37
3.574 761541.37
3.575 761541.37
3.576 761541.37
3.577 761541.37
3.578 761541.37
3.579 761541.37
3.58 761541.37
3.581 761541.37
3.582 761541.37
3.583 761541.37
3.584 761541.37
3.585 761541.37
3.586 761541.37
3.587 761541.37
3.588 761541.37
3.589 761541.37
3.59 761541.37
3.591 761541.37
3.592 761541.37
3.593 761541.37
3.594 761541.37
3.595 761541.37
3.596 761541.37
3.597 761541.37
3.598 761541.37
3.599 761541.37
3.6 761541.37
3.601 761541.37
3.602 761541.37
3.603 761541.37
3.604 761541.37
3.605 761541.37
3.606 761541.37
3.607 761541.37
3.608 761541.37
3.609 761541.37
3.61 761541.37
3.611 761541.37
3.612 761541.37
3.613 761541.37
3.614 761541.37
3.615 761541.37
3.616 761541.37
3.617 761541.37
3.618 761541.37
3.619 761541.37
3.62 761541.37
3.621 761541.37
3.622 761541.37
3.623 761541.37
3.624 761541.37
3.625 761541.37
3.626 761541.37
3.627 761541.37
3.628 761541.37
3.629 761541.37
3.63 761541.37
3.631 761541.37
3.632 761541.37
3.633 761541.37
3.634 761541.37
3.635 761541.37
3.636 761541.37
3.637 761541.37
3.638 761541.37
3.639 761541.37
3.64 761541.37
3.641 761541.37
3.642 761541.37
3.643 761541.37
3.644 761541.37
3.645 761541.37
3.646 761541.37
3.647 761541.37
3.648 761541.37
3.649 761541.37
3.65 761541.37
3.651 761541.37
3.652 761541.37
3.653 761541.37
3.654 761541.37
3.655 761541.37
3.656 761541.37
3.657 761541.37
3.658 761541.37
3.659 761541.37
3.66 761541.37
3.661 761541.37
3.662 761541.37
3.663 761541.37
3.664 761541.37
3.665 761541.37
3.666 761541.37
3.667 761541.37
3.668 761541.37
3.669 761541.37
3.67 761541.37
3.671 761541.37
3.672 761541.37
3.673 761541.37
3.674 761541.37
3.675 761541.37
3.676 761541.37
3.677 761541.37
3.678 761541.37
3.679 761541.37
3.68 761541.37
3.681 761541.37
3.682 761541.37
3.683 761541.37
3.684 761541.37
3.685 761541.37
3.686 761541.37
3.687 761541.37
3.688 761541.37
3.689 761541.37
3.69 761541.37
3.691 761541.37
3.692 761541.37
3.693 761541.37
3.694 761541.37
3.695 761541.37
3.696 761541.37
3.697 761541.37
3.698 761541.37
3.699 761541.37
3.7 761541.37
3.701 761541.37
3.702 761541.37
3.703 761541.37
3.704 761541.37
3.705 761541.37
3.706 761541.37
3.707 761541.37
3.708 761541.37
3.709 761541.37
3.71 761541.37
3.711 761541.37
3.712 761541.37
3.713 761541.37
3.714 761541.37
3.715 761541.37
3.716 761541.37
3.717 761541.37
3.718 761541.37
3.719 761541.37
3.72 761541.37
3.721 761541.37
3.722 761541.37
3.723 761541.37
3.724 761541.37
3.725 761541.37
3.726 761541.37
3.727 761541.37
3.728 761541.37
3.729 761541.37
3.73 761541.37
3.731 761541.37
3.732 761541.37
3.733 761541.37
3.734 761541.37
3.735 761541.37
3.736 761541.37
3.737 761541.37
3.738 761541.37
3.739 761541.37
3.74 761541.37
3.741 761541.37
3.742 761541.37
3.743 761541.37
3.744 761541.37
3.745 761541.37
3.746 761541.37
3.747 761541.37
3.748 761541.37
3.749 761541.37
3.75 761541.37
3.751 761541.37
3.752 761541.37
3.753 761541.37
3.754 761541.36
3.755 761541.35
3.756 761541.3
3.757 761541.28
3.758 761540.77
3.759 761540.68
3.76 761540.68
3.761 761540.68
3.762 761540.68
3.763 761540.68
3.764 761540.68
3.765 761540.68
3.766 761540.68
3.767 761540.68
3.768 761540.68
3.769 761540.68
3.77 761540.68
3.771 761540.68
3.772 761540.68
3.773 761540.68
3.774 761540.68
3.775 761540.68
3.776 761540.68
3.777 761540.68
3.778 761540.68
3.779 761540.68
3.78 761540.68
3.781 761540.68
3.782 761540.68
3.783 761540.68
3.784 761540.68
3.785 761540.68
3.786 761540.68
3.787 761540.68
3.788 761540.68
3.789 761540.68
3.79 761540.68
3.791 761540.68
3.792 761540.68
3.793 761540.68
3.794 761540.68
3.795 761540.68
3.796 761540.68
3.797 761540.68
3.798 761540.68
3.799 761540.68
3.8 761540.68
3.801 761540.68
3.802 761540.68
3.803 761540.68
3.804 761540.68
3.805 761540.68
3.806 761540.68
3.807 761540.68
3.808 761540.68
3.809 761540.68
3.81 761540.68
3.811 761540.68
3.812 761540.68
3.813 761540.68
3.814 761540.68
3.815 761540.68
3.816 761540.68
3.817 761540.68
3.818 761540.68
3.819 761540.68
3.82 761540.68
3.821 761540.68
3.822 761540.68
3.823 761540.68
3.824 761540.68
3.825 761540.68
3.826 761540.68
3.827 761540.68
3.828 761540.68
3.829 761540.68
3.83 761540.68
3.831 761540.68
3.832 761540.68
3.833 761540.68
3.834 761540.68
3.835 761540.68
3.836 761540.68
3.837 761540.68
3.838 761540.68
3.839 761540.68
3.84 761540.68
3.841 761540.68
3.842 761540.68
3.843 761540.68
3.844 761540.68
3.845 761540.68
3.846 761540.68
3.847 761540.68
3.848 761540.68
3.849 761540.68
3.85 761540.68
3.851 761540.68
3.852 761540.68
3.853 761540.68
3.854 761540.68
3.855 761540.68
3.856 761540.68
3.857 761540.68
3.858 761540.68
3.859 761540.68
3.86 761540.68
3.861 761540.68
3.862 761540.68
3.863 761540.68
3.864 761540.68
3.865 761540.68
3.866 761540.68
3.867 761540.68
3.868 761540.68
3.869 761540.68
3.87 761540.68
3.871 761540.68
3.872 761540.68
3.873 761540.68
3.874 761540.68
3.875 761540.68
3.876 761540.68
3.877 761540.68
3.878 761540.68
3.879 761540.68
3.88 761540.68
3.881 761540.68
3.882 761540.68
3.883 761540.68
3.884 761540.68
3.885 761540.68
3.886 761540.68
3.887 761540.68
3.888 761540.68
3.889 761540.68
3.89 761540.68
3.891 761540.68
3.892 761540.68
3.893 761540.68
3.894 761540.68
3.895 761540.68
3.896 761540.68
3.897 761540.68
3.898 761540.68
3.899 761540.68
3.9 761540.68
3.901 761540.68
3.902 761540.68
3.903 761540.68
3.904 761540.68
3.905 761540.68
3.906 761540.68
3.907 761540.68
3.908 761540.68
3.909 761540.68
3.91 761540.68
3.911 761540.68
3.912 761540.68
3.913 761540.68
3.914 761540.68
3.915 761540.68
3.916 761540.68
3.917 761540.68
3.918 761540.68
3.919 761540.68
3.92 761540.68
3.921 761540.68
3.922 761540.68
3.923 761540.68
3.924 761540.68
3.925 761540.68
3.926 761540.68
3.927 761540.68
3.928 761540.68
3.929 761540.68
3.93 761540.68
3.931 761540.68
3.932 761540.68
3.933 761540.68
3.934 761540.68
3.935 761540.68
3.936 761540.68
3.937 761540.68
3.938 761540.68
3.939 761540.68
3.94 761540.68
3.941 761540.68
3.942 761540.68
3.943 761540.68
3.944 761540.68
3.945 761540.68
3.946 761540.68
3.947 761540.68
3.948 761540.68
3.949 761540.68
3.95 761540.68
3.951 761540.68
3.952 761540.68
3.953 761540.68
3.954 761540.68
3.955 761540.68
3.956 761540.68
3.957 761540.68
3.958 761540.68
3.959 761540.68
3.96 761540.68
3.961 761540.68
3.962 761540.68
3.963 761540.68
3.964 761540.68
3.965 761540.68
3.966 761540.68
3.967 761540.68
3.968 761540.68
3.969 761540.68
3.97 761540.68
3.971 761540.68
3.972 761540.68
3.973 761540.68
3.974 761540.68
3.975 761540.68
3.976 761540.68
3.977 761540.68
3.978 761540.68
3.979 761540.68
3.98 761540.68
3.981 761540.68
3.982 761540.68
3.983 761540.68
3.984 761540.68
3.985 761540.68
3.986 761540.68
3.987 761540.68
3.988 761540.68
3.989 761540.68
3.99 761540.68
3.991 761540.68
3.992 761540.68
3.993 761540.68
3.994 761540.68
3.995 761540.68
3.996 761540.68
3.997 761540.68
3.998 761540.68
3.999 761540.68
4 761540.68
4.001 761540.68
4.002 761540.68
4.003 761540.68
4.004 761540.68
4.005 761540.68
4.006 761540.68
4.007 761540.68
4.008 761540.68
4.009 761540.68
4.01 761540.68
4.011 761540.68
4.012 761540.68
4.013 761540.68
4.014 761540.68
4.015 761540.68
4.016 761540.68
4.017 761540.68
4.018 761540.68
4.019 761540.68
4.02 761540.68
4.021 761540.68
4.022 761540.68
4.023 761540.68
4.024 761540.68
4.025 761540.68
4.026 761540.68
4.027 761540.68
4.028 761540.68
4.029 761540.68
4.03 761540.68
4.031 761540.68
4.032 761540.68
4.033 761540.68
4.034 761540.68
4.035 761540.68
4.036 761540.68
4.037 761540.68
4.038 761540.68
4.039 761540.68
4.04 761540.68
4.041 761540.68
4.042 761540.68
4.043 761540.68
4.044 761540.68
4.045 761540.68
4.046 761540.68
4.047 761540.68
4.048 761540.68
4.049 761540.68
4.05 761540.68
4.051 761540.68
4.052 761540.68
4.053 761540.68
4.054 761540.68
4.055 761540.68
4.056 761540.68
4.057 761540.68
4.058 761540.68
4.059 761540.68
4.06 761540.68
4.061 761540.68
4.062 761540.68
4.063 761540.68
4.064 761540.68
4.065 761540.68
4.066 761540.68
4.067 761540.68
4.068 761540.68
4.069 761540.68
4.07 761540.68
4.071 761540.68
4.072 761540.68
4.073 761540.68
4.074 761540.68
4.075 761540.68
4.076 761540.68
4.077 761540.68
4.078 761540.68
4.079 761540.68
4.08 761540.68
4.081 761540.68
4.082 761540.68
4.083 761540.68
4.084 761540.68
4.085 761540.68
4.086 761540.68
4.087 761540.68
4.088 761540.68
4.089 761540.68
4.09 761540.68
4.091 761540.68
4.092 761540.68
4.093 761540.68
4.094 761540.68
4.095 761540.68
4.096 761540.68
4.097 761540.68
4.098 761540.68
4.099 761540.68
4.1 761540.68
4.101 761540.68
4.102 761540.68
4.103 761540.68
4.104 761540.68
4.105 761540.68
4.106 761540.68
4.107 761540.68
4.108 761540.68
4.109 761540.68
4.11 761540.68
4.111 761540.68
4.112 761540.68
4.113 761540.68
4.114 761540.68
4.115 761540.68
4.116 761540.68
4.117 761540.68
4.118 761540.68
4.119 761540.68
4.12 761540.68
4.121 761540.68
4.122 761540.68
4.123 761540.68
4.124 761540.68
4.125 761540.68
4.126 761540.68
4.127 761540.68
4.128 761540.68
4.129 761540.68
4.13 761540.68
4.131 761540.68
4.132 761540.68
4.133 761540.68
4.134 761540.68
4.135 761540.68
4.136 761540.68
4.137 761540.68
4.138 761540.68
4.139 761540.68
4.14 761540.68
4.141 761540.68
4.142 761540.68
4.143 761540.68
4.144 761540.68
4.145 761540.68
4.146 761540.68
4.147 761540.68
4.148 761540.68
4.149 761540.68
4.15 761540.68
4.151 761540.68
4.152 761540.68
4.153 761540.68
4.154 761540.68
4.155 761540.68
4.156 761540.68
4.157 761540.68
4.158 761540.68
4.159 761540.68
4.16 761540.68
4.161 761540.68
4.162 761540.68
4.163 761540.68
4.164 761540.68
4.165 761540.68
4.166 761540.68
4.167 761540.68
4.168 761540.68
4.169 761540.68
4.17 761540.68
4.171 761540.68
4.172 761540.68
4.173 761540.68
4.174 761540.68
4.175 761540.68
4.176 761540.68
4.177 761540.68
4.178 761540.68
4.179 761540.68
4.18 761540.68
4.181 761540.68
4.182 761540.68
4.183 761540.68
4.184 761540.68
4.185 761540.68
4.186 761540.68
4.187 761540.68
4.188 761540.68
4.189 761540.68
4.19 761540.68
4.191 761540.68
4.192 761540.68
4.193 761540.68
4.194 761540.68
4.195 761540.68
4.196 761540.68
4.197 761540.68
4.198 761540.68
4.199 761540.68
4.2 761540.68
4.201 761540.68
4.202 761540.68
4.203 761540.68
4.204 761540.68
4.205 761540.68
4.206 761540.68
4.207 761540.68
4.208 761540.68
4.209 761540.68
4.21 761540.68
4.211 761540.68
4.212 761540.68
4.213 761540.68
4.214 761540.68
4.215 761540.68
4.216 761540.68
4.217 761540.68
4.218 761540.68
4.219 761540.68
4.22 761540.68
4.221 761540.68
4.222 761540.68
4.223 761540.68
4.224 761540.68
4.225 761540.68
4.226 761540.68
4.227 761540.68
4.228 761540.68
4.229 761540.68
4.23 761540.68
4.231 761540.68
4.232 761540.68
4.233 761540.68
4.234 761540.68
4.235 761540.68
4.236 761540.68
4.237 761540.68
4.238 761540.68
4.239 761540.68
4.24 761540.68
4.241 761540.68
4.242 761540.68
4.243 761540.68
4.244 761540.68
4.245 761540.68
4.246 761540.68
4.247 761540.68
4.248 761540.68
4.249 761540.68
4.25 761540.68
4.251 761540.68
4.252 761540.68
4.253 761540.68
4.254 761540.68
4.255 761540.68
4.256 761540.68
4.257 761540.68
4.258 761540.68
4.259 761540.68
4.26 761540.68
4.261 761540.68
4.262 761540.68
4.263 761540.68
4.264 761540.68
4.265 761540.68
4.266 761540.68
4.267 761540.68
4.268 761540.68
4.269 761540.68
4.27 761540.68
4.271 761540.68
4.272 761540.68
4.273 761540.68
4.274 761540.68
4.275 761540.68
4.276 761540.68
4.277 761540.68
4.278 761540.68
4.279 761540.68
4.28 761540.68
4.281 761540.68
4.282 761540.68
4.283 761540.68
4.284 761540.68
4.285 761540.68
4.286 761540.68
4.287 761540.68
4.288 761540.68
4.289 761540.68
4.29 761540.68
4.291 761540.68
4.292 761540.68
4.293 761540.68
4.294 761540.68
4.295 761540.68
4.296 761540.68
4.297 761540.68
4.298 761540.68
4.299 761540.68
4.3 761540.68
4.301 761540.68
4.302 761540.68
4.303 761540.68
4.304 761540.68
4.305 761540.68
4.306 761540.68
4.307 761540.68
4.308 761540.68
4.309 761540.68
4.31 761540.68
4.311 761540.68
4.312 761540.68
4.313 761540.68
4.314 761540.68
4.315 761540.68
4.316 761540.68
4.317 761540.68
4.318 761540.68
4.319 761540.68
4.32 761540.68
4.321 761540.68
4.322 761540.68
4.323 761540.68
4.324 761540.68
4.325 761540.68
4.326 761540.68
4.327 761540.68
4.328 761540.68
4.329 761540.68
4.33 761540.68
4.331 761540.68
4.332 761540.68
4.333 761540.68
4.334 761540.68
4.335 761540.68
4.336 761540.68
4.337 761540.68
4.338 761540.68
4.339 761540.68
4.34 761540.68
4.341 761540.68
4.342 761540.68
4.343 761540.68
4.344 761540.68
4.345 761540.68
4.346 761540.68
4.347 761540.68
4.348 761540.68
4.349 761540.68
4.35 761540.68
4.351 761540.68
4.352 761540.68
4.353 761540.68
4.354 761540.68
4.355 761540.68
4.356 761540.68
4.357 761540.68
4.358 761540.68
4.359 761540.68
4.36 761540.68
4.361 761540.68
4.362 761540.68
4.363 761540.68
4.364 761540.68
4.365 761540.68
4.366 761540.68
4.367 761540.68
4.368 761540.68
4.369 761540.68
4.37 761540.68
4.371 761540.68
4.372 761540.68
4.373 761540.68
4.374 761540.68
4.375 761540.68
4.376 761540.68
4.377 761540.68
4.378 761540.68
4.379 761540.68
4.38 761540.68
4.381 761540.68
4.382 761540.68
4.383 761540.68
4.384 761540.68
4.385 761540.68
4.386 761540.68
4.387 761540.68
4.388 761540.68
4.389 761540.68
4.39 761540.68
4.391 761540.68
4.392 761540.68
4.393 761540.68
4.394 761540.68
4.395 761540.68
4.396 761540.68
4.397 761540.68
4.398 761540.68
4.399 761540.68
4.4 761540.68
4.401 761540.68
4.402 761540.68
4.403 761540.68
4.404 761540.68
4.405 761540.68
4.406 761540.68
4.407 761540.68
4.408 761540.68
4.409 761540.68
4.41 761540.68
4.411 761540.68
4.412 761540.68
4.413 761540.68
4.414 761540.68
4.415 761540.68
4.416 761540.68
4.417 761540.68
4.418 761540.68
4.419 761540.68
4.42 761540.68
4.421 761540.68
4.422 761540.68
4.423 761540.68
4.424 761540.68
4.425 761540.68
4.426 761540.68
4.427 761540.68
4.428 761540.68
4.429 761540.68
4.43 761540.68
4.431 761540.68
4.432 761540.68
4.433 761540.68
4.434 761540.68
4.435 761540.68
4.436 761540.68
4.437 761540.68
4.438 761540.68
4.439 761540.68
4.44 761540.68
4.441 761540.68
4.442 761540.68
4.443 761540.68
4.444 761540.68
4.445 761540.68
4.446 761540.68
4.447 761540.68
4.448 761540.68
4.449 761540.68
4.45 761540.68
4.451 761540.68
4.452 761540.68
4.453 761540.68
4.454 761540.68
4.455 761540.68
4.456 761540.68
4.457 761540.68
4.458 761540.68
4.459 761540.68
4.46 761540.68
4.461 761540.68
4.462 761540.68
4.463 761540.68
4.464 761540.68
4.465 761540.68
4.466 761540.68
4.467 761540.68
4.468 761540.68
4.469 761540.68
4.47 761540.68
4.471 761540.68
4.472 761540.68
4.473 761540.68
4.474 761540.68
4.475 761540.68
4.476 761540.68
4.477 761540.68
4.478 761540.68
4.479 761540.68
4.48 761540.68
4.481 761540.68
4.482 761540.68
4.483 761540.68
4.484 761540.68
4.485 761540.68
4.486 761540.68
4.487 761540.68
4.488 761540.68
4.489 761540.68
4.49 761540.68
4.491 761540.68
4.492 761540.68
4.493 761540.68
4.494 761540.68
4.495 761540.68
4.496 761540.68
4.497 761540.68
4.498 761540.68
4.499 761540.68
4.5 761540.68
4.501 761540.68
4.502 761540.68
4.503 761540.68
4.504 761540.68
4.505 761540.68
4.506 761540.68
4.507 761540.68
4.508 761540.68
4.509 761540.68
4.51 761540.68
4.511 761540.68
4.512 761540.68
4.513 761540.68
4.514 761540.68
4.515 761540.68
4.516 761540.68
4.517 761540.68
4.518 761540.68
4.519 761540.68
4.52 761540.68
4.521 761540.68
4.522 761540.68
4.523 761540.68
4.524 761540.68
4.525 761540.68
4.526 761540.68
4.527 761540.68
4.528 761540.68
4.529 761540.68
4.53 761540.68
4.531 761540.68
4.532 761540.68
4.533 761540.68
4.534 761540.68
4.535 761540.68
4.536 761540.68
4.537 761540.68
4.538 761540.68
4.539 761540.68
4.54 761540.68
4.541 761540.68
4.542 761540.68
4.543 761540.68
4.544 761540.68
4.545 761540.68
4.546 761540.68
4.547 761540.68
4.548 761540.68
4.549 761540.68
4.55 761540.68
4.551 761540.68
4.552 761540.68
4.553 761540.68
4.554 761540.68
4.555 761540.68
4.556 761540.68
4.557 761540.68
4.558 761540.68
4.559 761540.68
4.56 761540.68
4.561 761540.68
4.562 761540.68
4.563 761540.68
4.564 761540.68
4.565 761540.68
4.566 761540.68
4.567 761540.68
4.568 761540.68
4.569 761540.68
4.57 761540.68
4.571 761540.68
4.572 761540.68
4.573 761540.68
4.574 761540.68
4.575 761540.68
4.576 761540.68
4.577 761540.68
4.578 761540.68
4.579 761540.68
4.58 761540.68
4.581 761540.68
4.582 761540.68
4.583 761540.68
4.584 761540.68
4.585 761540.68
4.586 761540.68
4.587 761540.68
4.588 761540.68
4.589 761540.68
4.59 761540.68
4.591 761540.68
4.592 761540.68
4.593 761540.68
4.594 761540.68
4.595 761540.68
4.596 761540.68
4.597 761540.68
4.598 761540.68
4.599 761540.68
4.6 761540.68
4.601 761540.68
4.602 761540.68
4.603 761540.68
4.604 761540.68
4.605 761540.68
4.606 761540.68
4.607 761540.68
4.608 761540.68
4.609 761540.68
4.61 761540.68
4.611 761540.68
4.612 761540.68
4.613 761540.68
4.614 761540.68
4.615 761540.68
4.616 761540.68
4.617 761540.68
4.618 761540.68
4.619 761540.68
4.62 761540.68
4.621 761540.68
4.622 761540.68
4.623 761540.68
4.624 761540.68
4.625 761540.68
4.626 761540.68
4.627 761540.68
4.628 761540.68
4.629 761540.68
4.63 761540.68
4.631 761540.68
4.632 761540.68
4.633 761540.68
4.634 761540.68
4.635 761540.68
4.636 761540.68
4.637 761540.68
4.638 761540.68
4.639 761540.68
4.64 761540.68
4.641 761540.68
4.642 761540.68
4.643 761540.68
4.644 761540.68
4.645 761540.68
4.646 761540.68
4.647 761540.68
4.648 761540.68
4.649 761540.68
4.65 761540.68
4.651 761540.68
4.652 761540.68
4.653 761540.68
4.654 761540.68
4.655 761540.68
4.656 761540.68
4.657 761540.68
4.658 761540.68
4.659 761540.68
4.66 761540.68
4.661 761540.68
4.662 761540.68
4.663 761540.68
4.664 761540.68
4.665 761540.68
4.666 761540.68
4.667 761540.68
4.668 761540.68
4.669 761540.68
4.67 761540.68
4.671 761540.68
4.672 761540.68
4.673 761540.68
4.674 761540.68
4.675 761540.68
4.676 761540.68
4.677 761540.68
4.678 761540.68
4.679 761540.68
4.68 761540.68
4.681 761540.68
4.682 761540.68
4.683 761540.68
4.684 761540.68
4.685 761540.68
4.686 761540.68
4.687 761540.68
4.688 761540.68
4.689 761540.68
4.69 761540.68
4.691 761540.68
4.692 761540.68
4.693 761540.68
4.694 761540.68
4.695 761540.68
4.696 761540.68
4.697 761540.68
4.698 761540.68
4.699 761540.68
4.7 761540.68
4.701 761540.68
4.702 761540.68
4.703 761540.68
4.704 761540.68
4.705 761540.68
4.706 761540.68
4.707 761540.68
4.708 761540.68
4.709 761540.68
4.71 761540.68
4.711 761540.68
4.712 761540.68
4.713 761540.68
4.714 761540.68
4.715 761540.68
4.716 761540.68
4.717 761540.68
4.718 761540.68
4.719 761540.68
4.72 761540.68
4.721 761540.68
4.722 761540.68
4.723 761540.68
4.724 761540.68
4.725 761540.68
4.726 761540.68
4.727 761540.68
4.728 761540.68
4.729 761540.68
4.73 761540.68
4.731 761540.68
4.732 761540.68
4.733 761540.68
4.734 761540.68
4.735 761540.68
4.736 761540.68
4.737 761540.68
4.738 761540.68
4.739 761540.68
4.74 761540.68
4.741 761540.68
4.742 761540.68
4.743 761540.68
4.744 761540.68
4.745 761540.68
4.746 761540.68
4.747 761540.68
4.748 761540.68
4.749 761540.68
4.75 761540.68
4.751 761540.68
4.752 761540.68
4.753 761540.68
4.754 761540.68
4.755 761540.68
4.756 761540.68
4.757 761540.68
4.758 761540.68
4.759 761540.68
4.76 761540.68
4.761 761540.68
4.762 761540.68
4.763 761540.68
4.764 761540.68
4.765 761540.68
4.766 761540.68
4.767 761540.68
4.768 761540.68
4.769 761540.68
4.77 761540.68
4.771 761540.68
4.772 761540.68
4.773 761540.68
4.774 761540.68
4.775 761540.68
4.776 761540.68
4.777 761540.68
4.778 761540.68
4.779 761540.68
4.78 761540.68
4.781 761540.68
4.782 761540.68
4.783 761540.68
4.784 761540.68
4.785 761540.68
4.786 761540.68
4.787 761540.68
4.788 761540.68
4.789 761540.68
4.79 761540.68
4.791 761540.68
4.792 761540.68
4.793 761540.68
4.794 761540.68
4.795 761540.68
4.796 761540.68
4.797 761540.68
4.798 761540.68
4.799 761540.68
4.8 761540.68
4.801 761540.68
4.802 761540.68
4.803 761540.68
4.804 761540.68
4.805 761540.68
4.806 761540.68
4.807 761540.68
4.808 761540.68
4.809 761540.68
4.81 761540.68
4.811 761540.68
4.812 761540.68
4.813 761540.68
4.814 761540.68
4.815 761540.68
4.816 761540.68
4.817 761540.68
4.818 761540.68
4.819 761540.68
4.82 761540.68
4.821 761540.68
4.822 761540.68
4.823 761540.67
4.824 761540.66
4.825 761540.64
4.826 761540.63
4.827 761540.45
4.828 761540.35
4.829 761540.34
4.83 761540.35
4.831 761540.35
4.832 761540.35
4.833 761540.35
4.834 761540.35
4.835 761540.35
4.836 761540.35
4.837 761540.35
4.838 761540.35
4.839 761540.35
4.84 761540.35
4.841 761540.35
4.842 761540.35
4.843 761540.35
4.844 761540.35
4.845 761540.35
4.846 761540.35
4.847 761540.35
4.848 761540.35
4.849 761540.35
4.85 761540.35
4.851 761540.35
4.852 761540.35
4.853 761540.35
4.854 761540.35
4.855 761540.35
4.856 761540.35
4.857 761540.35
4.858 761540.35
4.859 761540.35
4.86 761540.35
4.861 761540.35
4.862 761540.35
4.863 761540.35
4.864 761540.35
4.865 761540.35
4.866 761540.35
4.867 761540.35
4.868 761540.35
4.869 761540.35
4.87 761540.35
4.871 761540.35
4.872 761540.35
4.873 761540.35
4.874 761540.35
4.875 761540.35
4.876 761540.35
4.877 761540.35
4.878 761540.35
4.879 761540.35
4.88 761540.35
4.881 761540.35
4.882 761540.35
4.883 761540.35
4.884 761540.35
4.885 761540.35
4.886 761540.35
4.887 761540.35
4.888 761540.35
4.889 761540.35
4.89 761540.35
4.891 761540.35
4.892 761540.35
4.893 761540.35
4.894 761540.35
4.895 761540.35
4.896 761540.35
4.897 761540.35
4.898 761540.35
4.899 761540.35
4.9 761540.35
4.901 761540.35
4.902 761540.35
4.903 761540.35
4.904 761540.35
4.905 761540.35
4.906 761540.35
4.907 761540.35
4.908 761540.35
4.909 761540.35
4.91 761540.35
4.911 761540.35
4.912 761540.35
4.913 761540.35
4.914 761540.35
4.915 761540.35
4.916 761540.35
4.917 761540.35
4.918 761540.35
4.919 761540.35
4.92 761540.35
4.921 761540.35
4.922 761540.35
4.923 761540.35
4.924 761540.35
4.925 761540.35
4.926 761540.35
4.927 761540.35
4.928 761540.35
4.929 761540.35
4.93 761540.35
4.931 761540.35
4.932 761540.35
4.933 761540.35
4.934 761540.35
4.935 761540.35
4.936 761540.35
4.937 761540.35
4.938 761540.35
4.939 761540.35
4.94 761540.35
4.941 761540.35
4.942 761540.35
4.943 761540.35
4.944 761540.35
4.945 761540.35
4.946 761540.35
4.947 761540.35
4.948 761540.35
4.949 761540.35
4.95 761540.35
4.951 761540.35
4.952 761540.35
4.953 761540.35
4.954 761540.35
4.955 761540.35
4.956 761540.35
4.957 761540.35
4.958 761540.35
4.959 761540.35
4.96 761540.35
4.961 761540.35
4.962 761540.35
4.963 761540.35
4.964 761540.35
4.965 761540.35
4.966 761540.35
4.967 761540.35
4.968 761540.35
4.969 761540.35
4.97 761540.35
4.971 761540.35
4.972 761540.35
4.973 761540.35
4.974 761540.35
4.975 761540.35
4.976 761540.35
4.977 761540.35
4.978 761540.35
4.979 761540.35
4.98 761540.35
4.981 761540.35
4.982 761540.35
4.983 761540.35
4.984 761540.35
4.985 761540.35
4.986 761540.35
4.987 761540.35
4.988 761540.35
4.989 761540.35
4.99 761540.35
4.991 761540.35
4.992 761540.35
4.993 761540.35
4.994 761540.35
4.995 761540.35
4.996 761540.35
4.997 761540.35
4.998 761540.35
4.999 761540.35
5 761540.35
5.001 761540.35
5.002 761540.35
5.003 761540.35
5.004 761540.35
5.005 761540.35
5.006 761540.35
5.007 761540.35
5.008 761540.35
5.009 761540.35
5.01 761540.35
5.011 761540.35
5.012 761540.35
5.013 761540.35
5.014 761540.35
5.015 761540.35
5.016 761540.35
5.017 761540.35
5.018 761540.35
5.019 761540.35
5.02 761540.35
5.021 761540.35
5.022 761540.35
5.023 761540.35
5.024 761540.35
5.025 761540.35
5.026 761540.35
5.027 761540.35
5.028 761540.35
5.029 761540.35
5.03 761540.35
5.031 761540.35
5.032 761540.35
5.033 761540.35
5.034 761540.35
5.035 761540.35
5.036 761540.35
5.037 761540.35
5.038 761540.35
5.039 761540.35
5.04 761540.35
5.041 761540.35
5.042 761540.35
5.043 761540.35
5.044 761540.35
5.045 761540.35
5.046 761540.35
5.047 761540.35
5.048 761540.35
5.049 761540.35
5.05 761540.35
5.051 761540.35
5.052 761540.35
5.053 761540.35
5.054 761540.35
5.055 761540.35
5.056 761540.35
5.057 761540.35
5.058 761540.35
5.059 761540.35
5.06 761540.35
5.061 761540.35
5.062 761540.35
5.063 761540.35
5.064 761540.35
5.065 761540.35
5.066 761540.35
5.067 761540.35
5.068 761540.35
5.069 761540.35
5.07 761540.35
5.071 761540.35
5.072 761540.35
5.073 761540.35
5.074 761540.35
5.075 761540.35
5.076 761540.35
5.077 761540.35
5.078 761540.35
5.079 761540.35
5.08 761540.35
5.081 761540.35
5.082 761540.35
5.083 761540.35
5.084 761540.35
5.085 761540.35
5.086 761540.35
5.087 761540.35
5.088 761540.35
5.089 761540.35
5.09 761540.35
5.091 761540.35
5.092 761540.35
5.093 761540.35
5.094 761540.35
5.095 761540.35
5.096 761540.35
5.097 761540.35
5.098 761540.35
5.099 761540.35
5.1 761540.35
5.101 761540.35
5.102 761540.35
5.103 761540.35
5.104 761540.35
5.105 761540.35
5.106 761540.35
5.107 761540.35
5.108 761540.35
5.109 761540.35
5.11 761540.35
5.111 761540.35
5.112 761540.35
5.113 761540.35
5.114 761540.35
5.115 761540.35
5.116 761540.35
5.117 761540.35
5.118 761540.35
5.119 761540.35
5.12 761540.35
5.121 761540.35
5.122 761540.35
5.123 761540.35
5.124 761540.35
5.125 761540.35
5.126 761540.35
5.127 761540.35
5.128 761540.35
5.129 761540.35
5.13 761540.35
5.131 761540.35
5.132 761540.35
5.133 761540.35
5.134 761540.35
5.135 761540.35
5.136 761540.35
5.137 761540.35
5.138 761540.35
5.139 761540.35
5.14 761540.35
5.141 761540.35
5.142 761540.35
5.143 761540.35
5.144 761540.35
5.145 761540.35
5.146 761540.35
5.147 761540.35
5.148 761540.35
5.149 761540.35
5.15 761540.35
5.151 761540.35
5.152 761540.35
5.153 761540.35
5.154 761540.35
5.155 761540.35
5.156 761540.35
5.157 761540.35
5.158 761540.35
5.159 761540.35
5.16 761540.35
5.161 761540.35
5.162 761540.35
5.163 761540.35
5.164 761540.35
5.165 761540.35
5.166 761540.35
5.167 761540.35
5.168 761540.35
5.169 761540.35
5.17 761540.35
5.171 761540.35
5.172 761540.35
5.173 761540.35
5.174 761540.35
5.175 761540.35
5.176 761540.35
5.177 761540.35
5.178 761540.35
5.179 761540.35
5.18 761540.35
5.181 761540.35
5.182 761540.35
5.183 761540.35
5.184 761540.35
5.185 761540.35
5.186 761540.35
5.187 761540.35
5.188 761540.35
5.189 761540.35
5.19 761540.35
5.191 761540.35
5.192 761540.35
5.193 761540.35
5.194 761540.35
5.195 761540.35
5.196 761540.35
5.197 761540.35
5.198 761540.35
5.199 761540.35
5.2 761540.35
5.201 761540.35
5.202 761540.35
5.203 761540.35
5.204 761540.35
5.205 761540.35
5.206 761540.35
5.207 761540.35
5.208 761540.35
5.209 761540.35
5.21 761540.35
5.211 761540.35
5.212 761540.35
5.213 761540.35
5.214 761540.35
5.215 761540.35
5.216 761540.35
5.217 761540.35
5.218 761540.35
5.219 761540.35
5.22 761540.35
5.221 761540.35
5.222 761540.35
5.223 761540.35
5.224 761540.35
5.225 761540.35
5.226 761540.35
5.227 761540.35
5.228 761540.35
5.229 761540.35
5.23 761540.35
5.231 761540.35
5.232 761540.35
5.233 761540.35
5.234 761540.35
5.235 761540.35
5.236 761540.35
5.237 761540.35
5.238 761540.35
5.239 761540.35
5.24 761540.35
5.241 761540.35
5.242 761540.35
5.243 761540.35
5.244 761540.35
5.245 761540.35
5.246 761540.35
5.247 761540.35
5.248 761540.35
5.249 761540.35
5.25 761540.35
5.251 761540.35
5.252 761540.35
5.253 761540.35
5.254 761540.35
5.255 761540.35
5.256 761540.35
5.257 761540.35
5.258 761540.35
5.259 761540.35
5.26 761540.35
5.261 761540.35
5.262 761540.35
5.263 761540.35
5.264 761540.35
5.265 761540.35
5.266 761540.35
5.267 761540.35
5.268 761540.35
5.269 761540.35
5.27 761540.35
5.271 761540.35
5.272 761540.35
5.273 761540.35
5.274 761540.35
5.275 761540.35
5.276 761540.35
5.277 761540.35
5.278 761540.35
5.279 761540.35
5.28 761540.35
5.281 761540.35
5.282 761540.35
5.283 761540.35
5.284 761540.35
5.285 761540.35
5.286 761540.35
5.287 761540.35
5.288 761540.35
5.289 761540.35
5.29 761540.35
5.291 761540.35
5.292 761540.32
5.293 761540.06
5.294 761539.2
5.295 761537.79
5.296 761537.75
5.297 761537.75
5.298 761537.75
5.299 761537.75
5.3 761537.75
5.301 761537.75
5.302 761537.75
5.303 761537.75
5.304 761537.75
5.305 761537.75
5.306 761537.75
5.307 761537.75
5.308 761537.75
5.309 761537.75
5.31 761537.75
5.311 761537.75
5.312 761537.75
5.313 761537.75
5.314 761537.75
5.315 761537.75
5.316 761537.75
5.317 761537.75
5.318 761537.75
5.319 761537.75
5.32 761537.75
5.321 761537.75
5.322 761537.75
5.323 761537.75
5.324 761537.75
5.325 761537.75
5.326 761537.75
5.327 761537.75
5.328 761537.75
5.329 761537.75
5.33 761537.75
5.331 761537.75
5.332 761537.75
5.333 761537.75
5.334 761537.75
5.335 761537.75
5.336 761537.75
5.337 761537.75
5.338 761537.75
5.339 761537.75
5.34 761537.75
5.341 761537.75
5.342 761537.75
5.343 761537.75
5.344 761537.75
5.345 761537.75
5.346 761537.75
5.347 761537.75
5.348 761537.75
5.349 761537.75
5.35 761537.75
5.351 761537.75
5.352 761537.75
5.353 761537.75
5.354 761537.75
5.355 761537.75
5.356 761537.75
5.357 761537.75
5.358 761537.75
5.359 761537.75
5.36 761537.75
5.361 761537.75
5.362 761537.75
5.363 761537.75
5.364 761537.75
5.365 761537.75
5.366 761537.75
5.367 761537.75
5.368 761537.75
5.369 761537.75
5.37 761537.75
5.371 761537.75
5.372 761537.75
5.373 761537.75
5.374 761537.75
5.375 761537.75
5.376 761537.75
5.377 761537.75
5.378 761537.75
5.379 761537.75
5.38 761537.75
5.381 761537.75
5.382 761537.75
5.383 761537.75
5.384 761537.75
5.385 761537.75
5.386 761537.75
5.387 761537.75
5.388 761537.75
5.389 761537.75
5.39 761537.75
5.391 761537.75
5.392 761537.75
5.393 761537.75
5.394 761537.75
5.395 761537.75
5.396 761537.75
5.397 761537.75
5.398 761537.75
5.399 761537.75
5.4 761537.75
5.401 761537.75
5.402 761537.75
5.403 761537.75
5.404 761537.75
5.405 761537.75
5.406 761537.75
5.407 761537.75
5.408 761537.75
5.409 761537.75
5.41 761537.75
5.411 761537.75
5.412 761537.75
5.413 761537.75
5.414 761537.75
5.415 761537.75
5.416 761537.75
5.417 761537.75
5.418 761537.75
5.419 761537.75
5.42 761537.75
5.421 761537.75
5.422 761537.75
5.423 761537.75
5.424 761537.75
5.425 761537.75
5.426 761537.75
5.427 761537.75
5.428 761537.75
5.429 761537.75
5.43 761537.75
5.431 761537.75
5.432 761537.75
5.433 761537.75
5.434 761537.75
5.435 761537.75
5.436 761537.75
5.437 761537.75
5.438 761537.75
5.439 761537.75
5.44 761537.75
5.441 761537.75
5.442 761537.75
5.443 761537.75
5.444 761537.75
5.445 761537.75
5.446 761537.75
5.447 761537.75
5.448 761537.75
5.449 761537.75
5.45 761537.75
5.451 761537.75
5.452 761537.75
5.453 761537.75
5.454 761537.75
5.455 761537.75
5.456 761537.75
5.457 761537.75
5.458 761537.75
5.459 761537.75
5.46 761537.75
5.461 761537.75
5.462 761537.75
5.463 761537.75
5.464 761537.75
5.465 761537.75
5.466 761537.75
5.467 761537.75
5.468 761537.75
5.469 761537.75
5.47 761537.75
5.471 761537.75
5.472 761537.75
5.473 761537.75
5.474 761537.75