0 -5.4869583e-05
0.001 -5.4869582e-05
0.002 -5.486958e-05
0.003 -5.4869578e-05
0.004 -5.4869575e-05
0.005 -5.4869572e-05
0.006 -5.4869568e-05
0.007 -5.4869564e-05
0.008 -5.4869561e-05
0.009 -5.4869557e-05
0.01 -5.4869553e-05
0.011 -5.4869549e-05
0.012 -5.4869546e-05
0.013 -5.4869542e-05
0.014 -5.4869539e-05
0.015 -5.4869535e-05
0.016 -5.4869532e-05
0.017 -5.4869529e-05
0.018 -5.4869527e-05
0.019 -5.4869524e-05
0.02 -5.4869522e-05
0.021 -5.4869519e-05
0.022 -5.4869517e-05
0.023 -5.4869515e-05
0.024 -5.4869514e-05
0.025 -5.4869512e-05
0.026 -5.4869511e-05
0.027 -5.4869509e-05
0.028 -5.4869508e-05
0.029 -5.4869507e-05
0.03 -5.4869506e-05
0.031 -5.4869505e-05
0.032 -5.4869504e-05
0.033 -5.4869503e-05
0.034 -5.4869503e-05
0.035 -5.4869502e-05
0.036 -5.4869502e-05
0.037 -5.4869501e-05
0.038 -5.4869501e-05
0.039 -5.4869501e-05
0.04 -5.48695e-05
0.041 -5.48695e-05
0.042 -5.48695e-05
0.043 -5.48695e-05
0.044 -5.48695e-05
0.045 -5.48695e-05
0.046 -5.4869501e-05
0.047 -5.4869501e-05
0.048 -5.4869501e-05
0.049 -5.4869502e-05
0.05 -5.4869502e-05
0.051 -5.4869503e-05
0.052 -5.4869503e-05
0.053 -5.4869504e-05
0.054 -5.4869505e-05
0.055 -5.4869506e-05
0.056 -5.4869506e-05
0.057 -5.4869507e-05
0.058 -5.4869509e-05
0.059 -5.486951e-05
0.06 -5.4869511e-05
0.061 -5.4869512e-05
0.062 -5.4869514e-05
0.063 -5.4869515e-05
0.064 -5.4869517e-05
0.065 -5.4869519e-05
0.066 -5.4869521e-05
0.067 -5.4869523e-05
0.068 -5.4869525e-05
0.069 -5.4869527e-05
0.07 -5.4869529e-05
0.071 -5.4869531e-05
0.072 -5.4869534e-05
0.073 -5.4869536e-05
0.074 -5.4869539e-05
0.075 -5.4869541e-05
0.076 -5.4869544e-05
0.077 -5.4869546e-05
0.078 -5.4869549e-05
0.079 -5.4869551e-05
0.08 -5.4869554e-05
0.081 -5.4869556e-05
0.082 -5.4869558e-05
0.083 -5.486956e-05
0.084 -5.4869562e-05
0.085 -5.4869563e-05
0.086 -5.4869564e-05
0.087 -5.4869565e-05
0.088 -5.4869565e-05
0.089 -5.4869566e-05
0.09 -5.4869566e-05
0.091 -5.4869565e-05
0.092 -5.4869565e-05
0.093 -5.4869564e-05
0.094 -5.4869562e-05
0.095 -5.4869561e-05
0.096 -5.4869559e-05
0.097 -5.4869558e-05
0.098 -5.4869556e-05
0.099 -5.4869554e-05
0.1 -5.4869551e-05
0.101 -5.4869549e-05
0.102 -5.4869547e-05
0.103 -5.4869545e-05
0.104 -5.4869543e-05
0.105 -5.486954e-05
0.106 -5.4869538e-05
0.107 -5.4869536e-05
0.108 -5.4869534e-05
0.109 -5.4869532e-05
0.11 -5.486953e-05
0.111 -5.4869528e-05
0.112 -5.4869526e-05
0.113 -5.4869524e-05
0.114 -5.4869523e-05
0.115 -5.4869521e-05
0.116 -5.4869519e-05
0.117 -5.4869518e-05
0.118 -5.4869517e-05
0.119 -5.4869515e-05
0.12 -5.4869514e-05
0.121 -5.4869513e-05
0.122 -5.4869512e-05
0.123 -5.486951e-05
0.124 -5.4869509e-05
0.125 -5.4869508e-05
0.126 -5.4869508e-05
0.127 -5.4869507e-05
0.128 -5.4869506e-05
0.129 -5.4869505e-05
0.13 -5.4869504e-05
0.131 -5.4869504e-05
0.132 -5.4869503e-05
0.133 -5.4869503e-05
0.134 -5.4869502e-05
0.135 -5.4869502e-05
0.136 -5.4869501e-05
0.137 -5.4869501e-05
0.138 -5.4869501e-05
0.139 -5.48695e-05
0.14 -5.48695e-05
0.141 -5.48695e-05
0.142 -5.48695e-05
0.143 -5.48695e-05
0.144 -5.48695e-05
0.145 -5.48695e-05
0.146 -5.48695e-05
0.147 -5.48695e-05
0.148 -5.48695e-05
0.149 -5.48695e-05
0.15 -5.48695e-05
0.151 -5.4869501e-05
0.152 -5.4869501e-05
0.153 -5.4869502e-05
0.154 -5.4869502e-05
0.155 -5.4869503e-05
0.156 -5.4869503e-05
0.157 -5.4869504e-05
0.158 -5.4869505e-05
0.159 -5.4869506e-05
0.16 -5.4869507e-05
0.161 -5.4869508e-05
0.162 -5.4869509e-05
0.163 -5.486951e-05
0.164 -5.4869512e-05
0.165 -5.4869513e-05
0.166 -5.4869515e-05
0.167 -5.4869517e-05
0.168 -5.4869519e-05
0.169 -5.4869521e-05
0.17 -5.4869523e-05
0.171 -5.4869526e-05
0.172 -5.4869529e-05
0.173 -5.4869532e-05
0.174 -5.4869535e-05
0.175 -5.4869538e-05
0.176 -5.4869542e-05
0.177 -5.4869546e-05
0.178 -5.486955e-05
0.179 -5.4869554e-05
0.18 -5.4869558e-05
0.181 -5.4869563e-05
0.182 -5.4869567e-05
0.183 -5.4869572e-05
0.184 -5.4869576e-05
0.185 -5.486958e-05
0.186 -5.4869584e-05
0.187 -5.4869587e-05
0.188 -5.486959e-05
0.189 -5.4869592e-05
0.19 -5.4869594e-05
0.191 -5.4869594e-05
0.192 -5.4869594e-05
0.193 -5.4869593e-05
0.194 -5.4869591e-05
0.195 -5.4869589e-05
0.196 -5.4869586e-05
0.197 -5.4869582e-05
0.198 -5.4869578e-05
0.199 -5.4869574e-05
0.2 -5.486957e-05
0.201 -5.4869565e-05
0.202 -5.486956e-05
0.203 -5.4869556e-05
0.204 -5.4869552e-05
0.205 -5.4869547e-05
0.206 -5.4869543e-05
0.207 -5.486954e-05
0.208 -5.4869536e-05
0.209 -5.4869533e-05
0.21 -5.486953e-05
0.211 -5.4869527e-05
0.212 -5.4869524e-05
0.213 -5.4869521e-05
0.214 -5.4869519e-05
0.215 -5.4869517e-05
0.216 -5.4869515e-05
0.217 -5.4869513e-05
0.218 -5.4869511e-05
0.219 -5.486951e-05
0.22 -5.4869509e-05
0.221 -5.4869507e-05
0.222 -5.4869506e-05
0.223 -5.4869505e-05
0.224 -5.4869504e-05
0.225 -5.4869503e-05
0.226 -5.4869502e-05
0.227 -5.4869502e-05
0.228 -5.4869501e-05
0.229 -5.4869501e-05
0.23 -5.48695e-05
0.231 -5.48695e-05
0.232 -5.4869499e-05
0.233 -5.4869499e-05
0.234 -5.4869499e-05
0.235 -5.4869499e-05
0.236 -5.4869499e-05
0.237 -5.4869499e-05
0.238 -5.4869499e-05
0.239 -5.4869499e-05
0.24 -5.4869499e-05
0.241 -5.4869499e-05
0.242 -5.4869499e-05
0.243 -5.48695e-05
0.244 -5.48695e-05
0.245 -5.48695e-05
0.246 -5.4869501e-05
0.247 -5.4869501e-05
0.248 -5.4869502e-05
0.249 -5.4869503e-05
0.25 -5.4869503e-05
0.251 -5.4869504e-05
0.252 -5.4869505e-05
0.253 -5.4869506e-05
0.254 -5.4869506e-05
0.255 -5.4869507e-05
0.256 -5.4869508e-05
0.257 -5.486951e-05
0.258 -5.4869511e-05
0.259 -5.4869512e-05
0.26 -5.4869513e-05
0.261 -5.4869515e-05
0.262 -5.4869516e-05
0.263 -5.4869518e-05
0.264 -5.4869519e-05
0.265 -5.4869521e-05
0.266 -5.4869523e-05
0.267 -5.4869524e-05
0.268 -5.4869526e-05
0.269 -5.4869528e-05
0.27 -5.486953e-05
0.271 -5.4869532e-05
0.272 -5.4869534e-05
0.273 -5.4869536e-05
0.274 -5.4869538e-05
0.275 -5.486954e-05
0.276 -5.4869542e-05
0.277 -5.4869545e-05
0.278 -5.4869547e-05
0.279 -5.4869548e-05
0.28 -5.486955e-05
0.281 -5.4869552e-05
0.282 -5.4869554e-05
0.283 -5.4869555e-05
0.284 -5.4869557e-05
0.285 -5.4869558e-05
0.286 -5.4869559e-05
0.287 -5.486956e-05
0.288 -5.486956e-05
0.289 -5.486956e-05
0.29 -5.486956e-05
0.291 -5.486956e-05
0.292 -5.4869559e-05
0.293 -5.4869559e-05
0.294 -5.4869558e-05
0.295 -5.4869557e-05
0.296 -5.4869555e-05
0.297 -5.4869553e-05
0.298 -5.4869552e-05
0.299 -5.486955e-05
0.3 -5.4869548e-05
0.301 -5.4869546e-05
0.302 -5.4869543e-05
0.303 -5.4869541e-05
0.304 -5.4869539e-05
0.305 -5.4869537e-05
0.306 -5.4869534e-05
0.307 -5.4869532e-05
0.308 -5.486953e-05
0.309 -5.4869528e-05
0.31 -5.4869526e-05
0.311 -5.4869524e-05
0.312 -5.4869522e-05
0.313 -5.486952e-05
0.314 -5.4869518e-05
0.315 -5.4869516e-05
0.316 -5.4869515e-05
0.317 -5.4869513e-05
0.318 -5.4869512e-05
0.319 -5.486951e-05
0.32 -5.4869509e-05
0.321 -5.4869508e-05
0.322 -5.4869506e-05
0.323 -5.4869505e-05
0.324 -5.4869504e-05
0.325 -5.4869503e-05
0.326 -5.4869503e-05
0.327 -5.4869502e-05
0.328 -5.4869501e-05
0.329 -5.48695e-05
0.33 -5.48695e-05
0.331 -5.4869499e-05
0.332 -5.4869499e-05
0.333 -5.4869498e-05
0.334 -5.4869498e-05
0.335 -5.4869498e-05
0.336 -5.4869497e-05
0.337 -5.4869497e-05
0.338 -5.4869497e-05
0.339 -5.4869497e-05
0.34 -5.4869497e-05
0.341 -5.4869497e-05
0.342 -5.4869497e-05
0.343 -5.4869498e-05
0.344 -5.4869498e-05
0.345 -5.4869498e-05
0.346 -5.4869499e-05
0.347 -5.4869499e-05
0.348 -5.48695e-05
0.349 -5.48695e-05
0.35 -5.4869501e-05
0.351 -5.4869502e-05
0.352 -5.4869503e-05
0.353 -5.4869504e-05
0.354 -5.4869505e-05
0.355 -5.4869506e-05
0.356 -5.4869507e-05
0.357 -5.4869509e-05
0.358 -5.4869511e-05
0.359 -5.4869512e-05
0.36 -5.4869514e-05
0.361 -5.4869516e-05
0.362 -5.4869519e-05
0.363 -5.4869521e-05
0.364 -5.4869524e-05
0.365 -5.4869527e-05
0.366 -5.486953e-05
0.367 -5.4869533e-05
0.368 -5.4869536e-05
0.369 -5.486954e-05
0.37 -5.4869544e-05
0.371 -5.4869548e-05
0.372 -5.4869552e-05
0.373 -5.4869556e-05
0.374 -5.486956e-05
0.375 -5.4869564e-05
0.376 -5.4869568e-05
0.377 -5.4869572e-05
0.378 -5.4869576e-05
0.379 -5.4869579e-05
0.38 -5.4869581e-05
0.381 -5.4869583e-05
0.382 -5.4869585e-05
0.383 -5.4869586e-05
0.384 -5.4869586e-05
0.385 -5.4869585e-05
0.386 -5.4869584e-05
0.387 -5.4869582e-05
0.388 -5.4869579e-05
0.389 -5.4869576e-05
0.39 -5.4869573e-05
0.391 -5.4869569e-05
0.392 -5.4869565e-05
0.393 -5.4869561e-05
0.394 -5.4869557e-05
0.395 -5.4869553e-05
0.396 -5.4869549e-05
0.397 -5.4869545e-05
0.398 -5.4869542e-05
0.399 -5.4869538e-05
0.4 -5.4869535e-05
0.401 -5.4869531e-05
0.402 -5.4869528e-05
0.403 -5.4869526e-05
0.404 -5.4869523e-05
0.405 -5.486952e-05
0.406 -5.4869518e-05
0.407 -5.4869516e-05
0.408 -5.4869514e-05
0.409 -5.4869512e-05
0.41 -5.486951e-05
0.411 -5.4869509e-05
0.412 -5.4869507e-05
0.413 -5.4869506e-05
0.414 -5.4869505e-05
0.415 -5.4869504e-05
0.416 -5.4869503e-05
0.417 -5.4869502e-05
0.418 -5.4869501e-05
0.419 -5.48695e-05
0.42 -5.4869499e-05
0.421 -5.4869499e-05
0.422 -5.4869498e-05
0.423 -5.4869497e-05
0.424 -5.4869497e-05
0.425 -5.4869497e-05
0.426 -5.4869496e-05
0.427 -5.4869496e-05
0.428 -5.4869496e-05
0.429 -5.4869495e-05
0.43 -5.4869495e-05
0.431 -5.4869495e-05
0.432 -5.4869495e-05
0.433 -5.4869495e-05
0.434 -5.4869495e-05
0.435 -5.4869495e-05
0.436 -5.4869495e-05
0.437 -5.4869495e-05
0.438 -5.4869495e-05
0.439 -5.4869496e-05
0.44 -5.4869496e-05
0.441 -5.4869496e-05
0.442 -5.4869496e-05
0.443 -5.4869497e-05
0.444 -5.4869497e-05
0.445 -5.4869498e-05
0.446 -5.4869498e-05
0.447 -5.4869499e-05
0.448 -5.4869499e-05
0.449 -5.48695e-05
0.45 -5.4869501e-05
0.451 -5.4869501e-05
0.452 -5.4869502e-05
0.453 -5.4869503e-05
0.454 -5.4869504e-05
0.455 -5.4869505e-05
0.456 -5.4869506e-05
0.457 -5.4869507e-05
0.458 -5.4869509e-05
0.459 -5.486951e-05
0.46 -5.4869511e-05
0.461 -5.4869513e-05
0.462 -5.4869514e-05
0.463 -5.4869516e-05
0.464 -5.4869518e-05
0.465 -5.486952e-05
0.466 -5.4869522e-05
0.467 -5.4869524e-05
0.468 -5.4869526e-05
0.469 -5.4869528e-05
0.47 -5.4869531e-05
0.471 -5.4869533e-05
0.472 -5.4869536e-05
0.473 -5.4869539e-05
0.474 -5.4869541e-05
0.475 -5.4869544e-05
0.476 -5.4869547e-05
0.477 -5.486955e-05
0.478 -5.4869553e-05
0.479 -5.4869555e-05
0.48 -5.4869558e-05
0.481 -5.486956e-05
0.482 -5.4869562e-05
0.483 -5.4869564e-05
0.484 -5.4869566e-05
0.485 -5.4869567e-05
0.486 -5.4869568e-05
0.487 -5.4869569e-05
0.488 -5.4869569e-05
0.489 -5.4869568e-05
0.49 -5.4869567e-05
0.491 -5.4869566e-05
0.492 -5.4869564e-05
0.493 -5.4869562e-05
0.494 -5.486956e-05
0.495 -5.4869557e-05
0.496 -5.4869555e-05
0.497 -5.4869552e-05
0.498 -5.4869549e-05
0.499 -5.4869545e-05
0.5 -5.4869542e-05
0.501 -5.4869539e-05
0.502 -5.4869536e-05
0.503 -5.4869533e-05
0.504 -5.486953e-05
0.505 -5.4869527e-05
0.506 -5.4869525e-05
0.507 -5.4869522e-05
0.508 -5.486952e-05
0.509 -5.4869517e-05
0.51 -5.4869515e-05
0.511 -5.4869513e-05
0.512 -5.4869511e-05
0.513 -5.4869509e-05
0.514 -5.4869508e-05
0.515 -5.4869506e-05
0.516 -5.4869505e-05
0.517 -5.4869504e-05
0.518 -5.4869502e-05
0.519 -5.4869501e-05
0.52 -5.48695e-05
0.521 -5.4869499e-05
0.522 -5.4869499e-05
0.523 -5.4869498e-05
0.524 -5.4869497e-05
0.525 -5.4869497e-05
0.526 -5.4869496e-05
0.527 -5.4869496e-05
0.528 -5.4869495e-05
0.529 -5.4869495e-05
0.53 -5.4869495e-05
0.531 -5.4869495e-05
0.532 -5.4869495e-05
0.533 -5.4869495e-05
0.534 -5.4869495e-05
0.535 -5.4869495e-05
0.536 -5.4869495e-05
0.537 -5.4869495e-05
0.538 -5.4869496e-05
0.539 -5.4869496e-05
0.54 -5.4869496e-05
0.541 -5.4869497e-05
0.542 -5.4869498e-05
0.543 -5.4869498e-05
0.544 -5.4869499e-05
0.545 -5.48695e-05
0.546 -5.4869501e-05
0.547 -5.4869502e-05
0.548 -5.4869503e-05
0.549 -5.4869504e-05
0.55 -5.4869506e-05
0.551 -5.4869507e-05
0.552 -5.4869509e-05
0.553 -5.4869511e-05
0.554 -5.4869513e-05
0.555 -5.4869515e-05
0.556 -5.4869517e-05
0.557 -5.4869519e-05
0.558 -5.4869521e-05
0.559 -5.4869524e-05
0.56 -5.4869526e-05
0.561 -5.4869529e-05
0.562 -5.4869532e-05
0.563 -5.4869535e-05
0.564 -5.4869538e-05
0.565 -5.4869541e-05
0.566 -5.4869544e-05
0.567 -5.4869547e-05
0.568 -5.486955e-05
0.569 -5.4869553e-05
0.57 -5.4869556e-05
0.571 -5.4869559e-05
0.572 -5.4869561e-05
0.573 -5.4869563e-05
0.574 -5.4869565e-05
0.575 -5.4869566e-05
0.576 -5.4869567e-05
0.577 -5.4869568e-05
0.578 -5.4869568e-05
0.579 -5.4869567e-05
0.58 -5.4869566e-05
0.581 -5.4869565e-05
0.582 -5.4869564e-05
0.583 -5.4869562e-05
0.584 -5.486956e-05
0.585 -5.4869557e-05
0.586 -5.4869555e-05
0.587 -5.4869552e-05
0.588 -5.4869549e-05
0.589 -5.4869547e-05
0.59 -5.4869544e-05
0.591 -5.4869541e-05
0.592 -5.4869538e-05
0.593 -5.4869535e-05
0.594 -5.4869533e-05
0.595 -5.486953e-05
0.596 -5.4869528e-05
0.597 -5.4869526e-05
0.598 -5.4869523e-05
0.599 -5.4869521e-05
0.6 -5.4869519e-05
0.601 -5.4869517e-05
0.602 -5.4869515e-05
0.603 -5.4869514e-05
0.604 -5.4869512e-05
0.605 -5.4869511e-05
0.606 -5.4869509e-05
0.607 -5.4869508e-05
0.608 -5.4869506e-05
0.609 -5.4869505e-05
0.61 -5.4869504e-05
0.611 -5.4869503e-05
0.612 -5.4869502e-05
0.613 -5.4869501e-05
0.614 -5.48695e-05
0.615 -5.48695e-05
0.616 -5.4869499e-05
0.617 -5.4869498e-05
0.618 -5.4869498e-05
0.619 -5.4869497e-05
0.62 -5.4869496e-05
0.621 -5.4869496e-05
0.622 -5.4869496e-05
0.623 -5.4869495e-05
0.624 -5.4869495e-05
0.625 -5.4869495e-05
0.626 -5.4869494e-05
0.627 -5.4869494e-05
0.628 -5.4869494e-05
0.629 -5.4869494e-05
0.63 -5.4869494e-05
0.631 -5.4869494e-05
0.632 -5.4869494e-05
0.633 -5.4869494e-05
0.634 -5.4869494e-05
0.635 -5.4869494e-05
0.636 -5.4869494e-05
0.637 -5.4869494e-05
0.638 -5.4869494e-05
0.639 -5.4869495e-05
0.64 -5.4869495e-05
0.641 -5.4869496e-05
0.642 -5.4869496e-05
0.643 -5.4869497e-05
0.644 -5.4869497e-05
0.645 -5.4869498e-05
0.646 -5.4869499e-05
0.647 -5.4869499e-05
0.648 -5.48695e-05
0.649 -5.4869501e-05
0.65 -5.4869502e-05
0.651 -5.4869503e-05
0.652 -5.4869505e-05
0.653 -5.4869506e-05
0.654 -5.4869507e-05
0.655 -5.4869509e-05
0.656 -5.4869511e-05
0.657 -5.4869513e-05
0.658 -5.4869515e-05
0.659 -5.4869517e-05
0.66 -5.4869519e-05
0.661 -5.4869522e-05
0.662 -5.4869524e-05
0.663 -5.4869527e-05
0.664 -5.486953e-05
0.665 -5.4869533e-05
0.666 -5.4869537e-05
0.667 -5.486954e-05
0.668 -5.4869544e-05
0.669 -5.4869548e-05
0.67 -5.4869552e-05
0.671 -5.4869556e-05
0.672 -5.486956e-05
0.673 -5.4869564e-05
0.674 -5.4869568e-05
0.675 -5.4869571e-05
0.676 -5.4869574e-05
0.677 -5.4869577e-05
0.678 -5.486958e-05
0.679 -5.4869582e-05
0.68 -5.4869583e-05
0.681 -5.4869583e-05
0.682 -5.4869583e-05
0.683 -5.4869582e-05
0.684 -5.4869581e-05
0.685 -5.4869578e-05
0.686 -5.4869576e-05
0.687 -5.4869572e-05
0.688 -5.4869569e-05
0.689 -5.4869565e-05
0.69 -5.4869561e-05
0.691 -5.4869557e-05
0.692 -5.4869553e-05
0.693 -5.4869549e-05
0.694 -5.4869545e-05
0.695 -5.4869541e-05
0.696 -5.4869537e-05
0.697 -5.4869533e-05
0.698 -5.486953e-05
0.699 -5.4869527e-05
0.7 -5.4869524e-05
0.701 -5.4869521e-05
0.702 -5.4869518e-05
0.703 -5.4869516e-05
0.704 -5.4869514e-05
0.705 -5.4869512e-05
0.706 -5.486951e-05
0.707 -5.4869508e-05
0.708 -5.4869506e-05
0.709 -5.4869505e-05
0.71 -5.4869504e-05
0.711 -5.4869502e-05
0.712 -5.4869501e-05
0.713 -5.48695e-05
0.714 -5.4869499e-05
0.715 -5.4869499e-05
0.716 -5.4869498e-05
0.717 -5.4869497e-05
0.718 -5.4869497e-05
0.719 -5.4869496e-05
0.72 -5.4869496e-05
0.721 -5.4869495e-05
0.722 -5.4869495e-05
0.723 -5.4869495e-05
0.724 -5.4869495e-05
0.725 -5.4869495e-05
0.726 -5.4869495e-05
0.727 -5.4869495e-05
0.728 -5.4869495e-05
0.729 -5.4869495e-05
0.73 -5.4869495e-05
0.731 -5.4869496e-05
0.732 -5.4869496e-05
0.733 -5.4869496e-05
0.734 -5.4869497e-05
0.735 -5.4869497e-05
0.736 -5.4869498e-05
0.737 -5.4869499e-05
0.738 -5.4869499e-05
0.739 -5.48695e-05
0.74 -5.4869501e-05
0.741 -5.4869502e-05
0.742 -5.4869503e-05
0.743 -5.4869504e-05
0.744 -5.4869505e-05
0.745 -5.4869506e-05
0.746 -5.4869508e-05
0.747 -5.4869509e-05
0.748 -5.486951e-05
0.749 -5.4869512e-05
0.75 -5.4869514e-05
0.751 -5.4869515e-05
0.752 -5.4869517e-05
0.753 -5.4869519e-05
0.754 -5.4869521e-05
0.755 -5.4869523e-05
0.756 -5.4869525e-05
0.757 -5.4869527e-05
0.758 -5.4869529e-05
0.759 -5.4869532e-05
0.76 -5.4869534e-05
0.761 -5.4869536e-05
0.762 -5.4869538e-05
0.763 -5.4869541e-05
0.764 -5.4869543e-05
0.765 -5.4869545e-05
0.766 -5.4869547e-05
0.767 -5.4869549e-05
0.768 -5.4869551e-05
0.769 -5.4869552e-05
0.77 -5.4869554e-05
0.771 -5.4869555e-05
0.772 -5.4869556e-05
0.773 -5.4869557e-05
0.774 -5.4869558e-05
0.775 -5.4869558e-05
0.776 -5.4869558e-05
0.777 -5.4869558e-05
0.778 -5.4869557e-05
0.779 -5.4869557e-05
0.78 -5.4869556e-05
0.781 -5.4869555e-05
0.782 -5.4869553e-05
0.783 -5.4869552e-05
0.784 -5.486955e-05
0.785 -5.4869548e-05
0.786 -5.4869546e-05
0.787 -5.4869544e-05
0.788 -5.4869542e-05
0.789 -5.486954e-05
0.79 -5.4869538e-05
0.791 -5.4869536e-05
0.792 -5.4869534e-05
0.793 -5.4869532e-05
0.794 -5.486953e-05
0.795 -5.4869528e-05
0.796 -5.4869526e-05
0.797 -5.4869524e-05
0.798 -5.4869522e-05
0.799 -5.486952e-05
0.8 -5.4869518e-05
0.801 -5.4869517e-05
0.802 -5.4869515e-05
0.803 -5.4869513e-05
0.804 -5.4869512e-05
0.805 -5.4869511e-05
0.806 -5.4869509e-05
0.807 -5.4869508e-05
0.808 -5.4869507e-05
0.809 -5.4869506e-05
0.81 -5.4869505e-05
0.811 -5.4869504e-05
0.812 -5.4869503e-05
0.813 -5.4869502e-05
0.814 -5.4869501e-05
0.815 -5.48695e-05
0.816 -5.48695e-05
0.817 -5.4869499e-05
0.818 -5.4869499e-05
0.819 -5.4869498e-05
0.82 -5.4869498e-05
0.821 -5.4869497e-05
0.822 -5.4869497e-05
0.823 -5.4869497e-05
0.824 -5.4869496e-05
0.825 -5.4869496e-05
0.826 -5.4869496e-05
0.827 -5.4869496e-05
0.828 -5.4869496e-05
0.829 -5.4869496e-05
0.83 -5.4869496e-05
0.831 -5.4869496e-05
0.832 -5.4869497e-05
0.833 -5.4869497e-05
0.834 -5.4869497e-05
0.835 -5.4869498e-05
0.836 -5.4869498e-05
0.837 -5.4869499e-05
0.838 -5.48695e-05
0.839 -5.48695e-05
0.84 -5.4869501e-05
0.841 -5.4869502e-05
0.842 -5.4869503e-05
0.843 -5.4869504e-05
0.844 -5.4869505e-05
0.845 -5.4869507e-05
0.846 -5.4869508e-05
0.847 -5.486951e-05
0.848 -5.4869511e-05
0.849 -5.4869513e-05
0.85 -5.4869515e-05
0.851 -5.4869518e-05
0.852 -5.486952e-05
0.853 -5.4869523e-05
0.854 -5.4869525e-05
0.855 -5.4869528e-05
0.856 -5.4869532e-05
0.857 -5.4869535e-05
0.858 -5.4869539e-05
0.859 -5.4869543e-05
0.86 -5.4869547e-05
0.861 -5.4869551e-05
0.862 -5.4869555e-05
0.863 -5.486956e-05
0.864 -5.4869564e-05
0.865 -5.4869569e-05
0.866 -5.4869573e-05
0.867 -5.4869577e-05
0.868 -5.4869581e-05
0.869 -5.4869584e-05
0.87 -5.4869587e-05
0.871 -5.4869589e-05
0.872 -5.486959e-05
0.873 -5.4869591e-05
0.874 -5.4869591e-05
0.875 -5.486959e-05
0.876 -5.4869588e-05
0.877 -5.4869585e-05
0.878 -5.4869582e-05
0.879 -5.4869579e-05
0.88 -5.4869575e-05
0.881 -5.4869571e-05
0.882 -5.4869567e-05
0.883 -5.4869562e-05
0.884 -5.4869558e-05
0.885 -5.4869554e-05
0.886 -5.486955e-05
0.887 -5.4869546e-05
0.888 -5.4869542e-05
0.889 -5.4869538e-05
0.89 -5.4869535e-05
0.891 -5.4869531e-05
0.892 -5.4869528e-05
0.893 -5.4869525e-05
0.894 -5.4869523e-05
0.895 -5.486952e-05
0.896 -5.4869518e-05
0.897 -5.4869516e-05
0.898 -5.4869514e-05
0.899 -5.4869512e-05
0.9 -5.4869511e-05
0.901 -5.4869509e-05
0.902 -5.4869508e-05
0.903 -5.4869507e-05
0.904 -5.4869506e-05
0.905 -5.4869504e-05
0.906 -5.4869504e-05
0.907 -5.4869503e-05
0.908 -5.4869502e-05
0.909 -5.4869501e-05
0.91 -5.4869501e-05
0.911 -5.48695e-05
0.912 -5.48695e-05
0.913 -5.4869499e-05
0.914 -5.4869499e-05
0.915 -5.4869499e-05
0.916 -5.4869498e-05
0.917 -5.4869498e-05
0.918 -5.4869498e-05
0.919 -5.4869498e-05
0.92 -5.4869498e-05
0.921 -5.4869498e-05
0.922 -5.4869498e-05
0.923 -5.4869498e-05
0.924 -5.4869498e-05
0.925 -5.4869498e-05
0.926 -5.4869499e-05
0.927 -5.4869499e-05
0.928 -5.4869499e-05
0.929 -5.48695e-05
0.93 -5.48695e-05
0.931 -5.48695e-05
0.932 -5.4869501e-05
0.933 -5.4869501e-05
0.934 -5.4869502e-05
0.935 -5.4869503e-05
0.936 -5.4869503e-05
0.937 -5.4869504e-05
0.938 -5.4869505e-05
0.939 -5.4869506e-05
0.94 -5.4869507e-05
0.941 -5.4869508e-05
0.942 -5.4869509e-05
0.943 -5.486951e-05
0.944 -5.4869511e-05
0.945 -5.4869512e-05
0.946 -5.4869513e-05
0.947 -5.4869515e-05
0.948 -5.4869516e-05
0.949 -5.4869518e-05
0.95 -5.4869519e-05
0.951 -5.4869521e-05
0.952 -5.4869523e-05
0.953 -5.4869524e-05
0.954 -5.4869526e-05
0.955 -5.4869528e-05
0.956 -5.486953e-05
0.957 -5.4869532e-05
0.958 -5.4869534e-05
0.959 -5.4869537e-05
0.96 -5.4869539e-05
0.961 -5.4869541e-05
0.962 -5.4869544e-05
0.963 -5.4869546e-05
0.964 -5.4869548e-05
0.965 -5.4869551e-05
0.966 -5.4869553e-05
0.967 -5.4869555e-05
0.968 -5.4869557e-05
0.969 -5.4869559e-05
0.97 -5.4869561e-05
0.971 -5.4869563e-05
0.972 -5.4869564e-05
0.973 -5.4869565e-05
0.974 -5.4869566e-05
0.975 -5.4869566e-05
0.976 -5.4869566e-05
0.977 -5.4869566e-05
0.978 -5.4869566e-05
0.979 -5.4869565e-05
0.98 -5.4869564e-05
0.981 -5.4869562e-05
0.982 -5.486956e-05
0.983 -5.4869558e-05
0.984 -5.4869556e-05
0.985 -5.4869554e-05
0.986 -5.4869551e-05
0.987 -5.4869549e-05
0.988 -5.4869546e-05
0.989 -5.4869544e-05
0.99 -5.4869541e-05
0.991 -5.4869538e-05
0.992 -5.4869536e-05
0.993 -5.4869533e-05
0.994 -5.4869531e-05
0.995 -5.4869528e-05
0.996 -5.4869526e-05
0.997 -5.4869524e-05
0.998 -5.4869522e-05
0.999 -5.486952e-05
1 -5.4869518e-05
1.001 -5.4869516e-05
1.002 -5.4869515e-05
1.003 -5.4869513e-05
1.004 -5.4869512e-05
1.005 -5.486951e-05
1.006 -5.4869509e-05
1.007 -5.4869508e-05
1.008 -5.4869507e-05
1.009 -5.4869506e-05
1.01 -5.4869505e-05
1.011 -5.4869504e-05
1.012 -5.4869503e-05
1.013 -5.4869503e-05
1.014 -5.4869502e-05
1.015 -5.4869502e-05
1.016 -5.4869501e-05
1.017 -5.4869501e-05
1.018 -5.4869501e-05
1.019 -5.48695e-05
1.02 -5.48695e-05
1.021 -5.48695e-05
1.022 -5.48695e-05
1.023 -5.48695e-05
1.024 -5.48695e-05
1.025 -5.48695e-05
1.026 -5.4869501e-05
1.027 -5.4869501e-05
1.028 -5.4869501e-05
1.029 -5.4869502e-05
1.03 -5.4869502e-05
1.031 -5.4869503e-05
1.032 -5.4869504e-05
1.033 -5.4869504e-05
1.034 -5.4869505e-05
1.035 -5.4869506e-05
1.036 -5.4869507e-05
1.037 -5.4869509e-05
1.038 -5.486951e-05
1.039 -5.4869511e-05
1.04 -5.4869513e-05
1.041 -5.4869515e-05
1.042 -5.4869516e-05
1.043 -5.4869518e-05
1.044 -5.4869521e-05
1.045 -5.4869523e-05
1.046 -5.4869525e-05
1.047 -5.4869528e-05
1.048 -5.4869531e-05
1.049 -5.4869534e-05
1.05 -5.4869537e-05
1.051 -5.486954e-05
1.052 -5.4869544e-05
1.053 -5.4869547e-05
1.054 -5.4869551e-05
1.055 -5.4869554e-05
1.056 -5.4869558e-05
1.057 -5.4869562e-05
1.058 -5.4869565e-05
1.059 -5.4869569e-05
1.06 -5.4869572e-05
1.061 -5.4869575e-05
1.062 -5.4869577e-05
1.063 -5.4869579e-05
1.064 -5.4869581e-05
1.065 -5.4869582e-05
1.066 -5.4869582e-05
1.067 -5.4869582e-05
1.068 -5.4869581e-05
1.069 -5.486958e-05
1.07 -5.4869578e-05
1.071 -5.4869576e-05
1.072 -5.4869573e-05
1.073 -5.4869571e-05
1.074 -5.4869567e-05
1.075 -5.4869564e-05
1.076 -5.4869561e-05
1.077 -5.4869557e-05
1.078 -5.4869554e-05
1.079 -5.486955e-05
1.08 -5.4869547e-05
1.081 -5.4869544e-05
1.082 -5.4869541e-05
1.083 -5.4869538e-05
1.084 -5.4869535e-05
1.085 -5.4869532e-05
1.086 -5.486953e-05
1.087 -5.4869527e-05
1.088 -5.4869525e-05
1.089 -5.4869523e-05
1.09 -5.4869521e-05
1.091 -5.4869519e-05
1.092 -5.4869518e-05
1.093 -5.4869516e-05
1.094 -5.4869515e-05
1.095 -5.4869513e-05
1.096 -5.4869512e-05
1.097 -5.4869511e-05
1.098 -5.486951e-05
1.099 -5.4869509e-05
1.1 -5.4869508e-05
1.101 -5.4869507e-05
1.102 -5.4869506e-05
1.103 -5.4869505e-05
1.104 -5.4869504e-05
1.105 -5.4869504e-05
1.106 -5.4869503e-05
1.107 -5.4869503e-05
1.108 -5.4869502e-05
1.109 -5.4869502e-05
1.11 -5.4869501e-05
1.111 -5.4869501e-05
1.112 -5.4869501e-05
1.113 -5.4869501e-05
1.114 -5.48695e-05
1.115 -5.48695e-05
1.116 -5.48695e-05
1.117 -5.48695e-05
1.118 -5.48695e-05
1.119 -5.48695e-05
1.12 -5.48695e-05
1.121 -5.48695e-05
1.122 -5.48695e-05
1.123 -5.48695e-05
1.124 -5.48695e-05
1.125 -5.4869501e-05
1.126 -5.4869501e-05
1.127 -5.4869501e-05
1.128 -5.4869501e-05
1.129 -5.4869502e-05
1.13 -5.4869502e-05
1.131 -5.4869503e-05
1.132 -5.4869503e-05
1.133 -5.4869504e-05
1.134 -5.4869504e-05
1.135 -5.4869505e-05
1.136 -5.4869506e-05
1.137 -5.4869507e-05
1.138 -5.4869508e-05
1.139 -5.4869509e-05
1.14 -5.486951e-05
1.141 -5.4869511e-05
1.142 -5.4869512e-05
1.143 -5.4869513e-05
1.144 -5.4869515e-05
1.145 -5.4869516e-05
1.146 -5.4869518e-05
1.147 -5.4869519e-05
1.148 -5.4869521e-05
1.149 -5.4869523e-05
1.15 -5.4869525e-05
1.151 -5.4869528e-05
1.152 -5.486953e-05
1.153 -5.4869532e-05
1.154 -5.4869535e-05
1.155 -5.4869538e-05
1.156 -5.4869541e-05
1.157 -5.4869544e-05
1.158 -5.4869547e-05
1.159 -5.486955e-05
1.16 -5.4869554e-05
1.161 -5.4869557e-05
1.162 -5.4869561e-05
1.163 -5.4869564e-05
1.164 -5.4869567e-05
1.165 -5.486957e-05
1.166 -5.4869573e-05
1.167 -5.4869576e-05
1.168 -5.4869578e-05
1.169 -5.486958e-05
1.17 -5.4869581e-05
1.171 -5.4869582e-05
1.172 -5.4869582e-05
1.173 -5.4869581e-05
1.174 -5.486958e-05
1.175 -5.4869579e-05
1.176 -5.4869577e-05
1.177 -5.4869574e-05
1.178 -5.4869571e-05
1.179 -5.4869568e-05
1.18 -5.4869565e-05
1.181 -5.4869561e-05
1.182 -5.4869558e-05
1.183 -5.4869554e-05
1.184 -5.486955e-05
1.185 -5.4869547e-05
1.186 -5.4869543e-05
1.187 -5.486954e-05
1.188 -5.4869536e-05
1.189 -5.4869533e-05
1.19 -5.486953e-05
1.191 -5.4869527e-05
1.192 -5.4869525e-05
1.193 -5.4869522e-05
1.194 -5.486952e-05
1.195 -5.4869518e-05
1.196 -5.4869516e-05
1.197 -5.4869514e-05
1.198 -5.4869513e-05
1.199 -5.4869511e-05
1.2 -5.486951e-05
1.201 -5.4869508e-05
1.202 -5.4869507e-05
1.203 -5.4869506e-05
1.204 -5.4869505e-05
1.205 -5.4869504e-05
1.206 -5.4869503e-05
1.207 -5.4869503e-05
1.208 -5.4869502e-05
1.209 -5.4869501e-05
1.21 -5.4869501e-05
1.211 -5.4869501e-05
1.212 -5.48695e-05
1.213 -5.48695e-05
1.214 -5.48695e-05
1.215 -5.48695e-05
1.216 -5.48695e-05
1.217 -5.48695e-05
1.218 -5.48695e-05
1.219 -5.48695e-05
1.22 -5.48695e-05
1.221 -5.48695e-05
1.222 -5.4869501e-05
1.223 -5.4869501e-05
1.224 -5.4869502e-05
1.225 -5.4869502e-05
1.226 -5.4869503e-05
1.227 -5.4869504e-05
1.228 -5.4869505e-05
1.229 -5.4869505e-05
1.23 -5.4869506e-05
1.231 -5.4869507e-05
1.232 -5.4869509e-05
1.233 -5.486951e-05
1.234 -5.4869511e-05
1.235 -5.4869513e-05
1.236 -5.4869514e-05
1.237 -5.4869516e-05
1.238 -5.4869518e-05
1.239 -5.4869519e-05
1.24 -5.4869521e-05
1.241 -5.4869523e-05
1.242 -5.4869526e-05
1.243 -5.4869528e-05
1.244 -5.486953e-05
1.245 -5.4869533e-05
1.246 -5.4869535e-05
1.247 -5.4869538e-05
1.248 -5.4869541e-05
1.249 -5.4869543e-05
1.25 -5.4869546e-05
1.251 -5.4869548e-05
1.252 -5.4869551e-05
1.253 -5.4869554e-05
1.254 -5.4869556e-05
1.255 -5.4869558e-05
1.256 -5.486956e-05
1.257 -5.4869562e-05
1.258 -5.4869563e-05
1.259 -5.4869564e-05
1.26 -5.4869565e-05
1.261 -5.4869566e-05
1.262 -5.4869566e-05
1.263 -5.4869566e-05
1.264 -5.4869565e-05
1.265 -5.4869564e-05
1.266 -5.4869563e-05
1.267 -5.4869562e-05
1.268 -5.486956e-05
1.269 -5.4869559e-05
1.27 -5.4869557e-05
1.271 -5.4869555e-05
1.272 -5.4869552e-05
1.273 -5.486955e-05
1.274 -5.4869548e-05
1.275 -5.4869545e-05
1.276 -5.4869543e-05
1.277 -5.4869541e-05
1.278 -5.4869538e-05
1.279 -5.4869536e-05
1.28 -5.4869534e-05
1.281 -5.4869532e-05
1.282 -5.486953e-05
1.283 -5.4869528e-05
1.284 -5.4869526e-05
1.285 -5.4869524e-05
1.286 -5.4869522e-05
1.287 -5.486952e-05
1.288 -5.4869519e-05
1.289 -5.4869517e-05
1.29 -5.4869515e-05
1.291 -5.4869514e-05
1.292 -5.4869513e-05
1.293 -5.4869511e-05
1.294 -5.486951e-05
1.295 -5.4869509e-05
1.296 -5.4869508e-05
1.297 -5.4869507e-05
1.298 -5.4869506e-05
1.299 -5.4869505e-05
1.3 -5.4869504e-05
1.301 -5.4869503e-05
1.302 -5.4869503e-05
1.303 -5.4869502e-05
1.304 -5.4869501e-05
1.305 -5.4869501e-05
1.306 -5.48695e-05
1.307 -5.48695e-05
1.308 -5.4869499e-05
1.309 -5.4869499e-05
1.31 -5.4869499e-05
1.311 -5.4869498e-05
1.312 -5.4869498e-05
1.313 -5.4869498e-05
1.314 -5.4869498e-05
1.315 -5.4869497e-05
1.316 -5.4869497e-05
1.317 -5.4869497e-05
1.318 -5.4869497e-05
1.319 -5.4869497e-05
1.32 -5.4869497e-05
1.321 -5.4869498e-05
1.322 -5.4869498e-05
1.323 -5.4869498e-05
1.324 -5.4869498e-05
1.325 -5.4869499e-05
1.326 -5.4869499e-05
1.327 -5.48695e-05
1.328 -5.48695e-05
1.329 -5.4869501e-05
1.33 -5.4869501e-05
1.331 -5.4869502e-05
1.332 -5.4869503e-05
1.333 -5.4869504e-05
1.334 -5.4869505e-05
1.335 -5.4869506e-05
1.336 -5.4869507e-05
1.337 -5.4869509e-05
1.338 -5.486951e-05
1.339 -5.4869512e-05
1.34 -5.4869514e-05
1.341 -5.4869516e-05
1.342 -5.4869518e-05
1.343 -5.486952e-05
1.344 -5.4869523e-05
1.345 -5.4869525e-05
1.346 -5.4869528e-05
1.347 -5.4869531e-05
1.348 -5.4869534e-05
1.349 -5.4869538e-05
1.35 -5.4869541e-05
1.351 -5.4869545e-05
1.352 -5.4869549e-05
1.353 -5.4869554e-05
1.354 -5.4869558e-05
1.355 -5.4869562e-05
1.356 -5.4869567e-05
1.357 -5.4869571e-05
1.358 -5.4869575e-05
1.359 -5.4869579e-05
1.36 -5.4869582e-05
1.361 -5.4869585e-05
1.362 -5.4869587e-05
1.363 -5.4869589e-05
1.364 -5.486959e-05
1.365 -5.486959e-05
1.366 -5.4869589e-05
1.367 -5.4869588e-05
1.368 -5.4869586e-05
1.369 -5.4869583e-05
1.37 -5.4869579e-05
1.371 -5.4869576e-05
1.372 -5.4869572e-05
1.373 -5.4869567e-05
1.374 -5.4869563e-05
1.375 -5.4869558e-05
1.376 -5.4869554e-05
1.377 -5.486955e-05
1.378 -5.4869546e-05
1.379 -5.4869542e-05
1.38 -5.4869538e-05
1.381 -5.4869534e-05
1.382 -5.4869531e-05
1.383 -5.4869527e-05
1.384 -5.4869524e-05
1.385 -5.4869522e-05
1.386 -5.4869519e-05
1.387 -5.4869517e-05
1.388 -5.4869515e-05
1.389 -5.4869513e-05
1.39 -5.4869511e-05
1.391 -5.4869509e-05
1.392 -5.4869507e-05
1.393 -5.4869506e-05
1.394 -5.4869505e-05
1.395 -5.4869503e-05
1.396 -5.4869502e-05
1.397 -5.4869501e-05
1.398 -5.48695e-05
1.399 -5.48695e-05
1.4 -5.4869499e-05
1.401 -5.4869498e-05
1.402 -5.4869498e-05
1.403 -5.4869497e-05
1.404 -5.4869497e-05
1.405 -5.4869496e-05
1.406 -5.4869496e-05
1.407 -5.4869496e-05
1.408 -5.4869496e-05
1.409 -5.4869496e-05
1.41 -5.4869496e-05
1.411 -5.4869496e-05
1.412 -5.4869496e-05
1.413 -5.4869496e-05
1.414 -5.4869496e-05
1.415 -5.4869496e-05
1.416 -5.4869496e-05
1.417 -5.4869497e-05
1.418 -5.4869497e-05
1.419 -5.4869498e-05
1.42 -5.4869498e-05
1.421 -5.4869499e-05
1.422 -5.4869499e-05
1.423 -5.48695e-05
1.424 -5.4869501e-05
1.425 -5.4869501e-05
1.426 -5.4869502e-05
1.427 -5.4869503e-05
1.428 -5.4869504e-05
1.429 -5.4869505e-05
1.43 -5.4869506e-05
1.431 -5.4869508e-05
1.432 -5.4869509e-05
1.433 -5.486951e-05
1.434 -5.4869511e-05
1.435 -5.4869513e-05
1.436 -5.4869514e-05
1.437 -5.4869516e-05
1.438 -5.4869518e-05
1.439 -5.486952e-05
1.44 -5.4869521e-05
1.441 -5.4869523e-05
1.442 -5.4869525e-05
1.443 -5.4869527e-05
1.444 -5.4869529e-05
1.445 -5.4869531e-05
1.446 -5.4869534e-05
1.447 -5.4869536e-05
1.448 -5.4869538e-05
1.449 -5.486954e-05
1.45 -5.4869542e-05
1.451 -5.4869544e-05
1.452 -5.4869546e-05
1.453 -5.4869548e-05
1.454 -5.486955e-05
1.455 -5.4869552e-05
1.456 -5.4869553e-05
1.457 -5.4869554e-05
1.458 -5.4869556e-05
1.459 -5.4869557e-05
1.46 -5.4869557e-05
1.461 -5.4869558e-05
1.462 -5.4869558e-05
1.463 -5.4869558e-05
1.464 -5.4869557e-05
1.465 -5.4869557e-05
1.466 -5.4869556e-05
1.467 -5.4869555e-05
1.468 -5.4869554e-05
1.469 -5.4869552e-05
1.47 -5.486955e-05
1.471 -5.4869548e-05
1.472 -5.4869546e-05
1.473 -5.4869544e-05
1.474 -5.4869542e-05
1.475 -5.486954e-05
1.476 -5.4869538e-05
1.477 -5.4869535e-05
1.478 -5.4869533e-05
1.479 -5.4869531e-05
1.48 -5.4869529e-05
1.481 -5.4869526e-05
1.482 -5.4869524e-05
1.483 -5.4869522e-05
1.484 -5.486952e-05
1.485 -5.4869518e-05
1.486 -5.4869516e-05
1.487 -5.4869515e-05
1.488 -5.4869513e-05
1.489 -5.4869511e-05
1.49 -5.486951e-05
1.491 -5.4869508e-05
1.492 -5.4869507e-05
1.493 -5.4869506e-05
1.494 -5.4869505e-05
1.495 -5.4869503e-05
1.496 -5.4869502e-05
1.497 -5.4869501e-05
1.498 -5.48695e-05
1.499 -5.48695e-05
1.5 -5.4869499e-05
1.501 -5.4869498e-05
1.502 -5.4869497e-05
1.503 -5.4869497e-05
1.504 -5.4869496e-05
1.505 -5.4869496e-05
1.506 -5.4869496e-05
1.507 -5.4869495e-05
1.508 -5.4869495e-05
1.509 -5.4869495e-05
1.51 -5.4869495e-05
1.511 -5.4869494e-05
1.512 -5.4869494e-05
1.513 -5.4869494e-05
1.514 -5.4869495e-05
1.515 -5.4869495e-05
1.516 -5.4869495e-05
1.517 -5.4869495e-05
1.518 -5.4869496e-05
1.519 -5.4869496e-05
1.52 -5.4869496e-05
1.521 -5.4869497e-05
1.522 -5.4869498e-05
1.523 -5.4869498e-05
1.524 -5.4869499e-05
1.525 -5.48695e-05
1.526 -5.4869501e-05
1.527 -5.4869502e-05
1.528 -5.4869504e-05
1.529 -5.4869505e-05
1.53 -5.4869506e-05
1.531 -5.4869508e-05
1.532 -5.486951e-05
1.533 -5.4869512e-05
1.534 -5.4869514e-05
1.535 -5.4869516e-05
1.536 -5.4869519e-05
1.537 -5.4869521e-05
1.538 -5.4869524e-05
1.539 -5.4869527e-05
1.54 -5.486953e-05
1.541 -5.4869534e-05
1.542 -5.4869537e-05
1.543 -5.4869541e-05
1.544 -5.4869545e-05
1.545 -5.4869549e-05
1.546 -5.4869553e-05
1.547 -5.4869557e-05
1.548 -5.4869561e-05
1.549 -5.4869565e-05
1.55 -5.4869569e-05
1.551 -5.4869573e-05
1.552 -5.4869576e-05
1.553 -5.4869578e-05
1.554 -5.486958e-05
1.555 -5.4869582e-05
1.556 -5.4869583e-05
1.557 -5.4869583e-05
1.558 -5.4869582e-05
1.559 -5.4869581e-05
1.56 -5.4869579e-05
1.561 -5.4869577e-05
1.562 -5.4869574e-05
1.563 -5.486957e-05
1.564 -5.4869567e-05
1.565 -5.4869563e-05
1.566 -5.4869559e-05
1.567 -5.4869555e-05
1.568 -5.4869551e-05
1.569 -5.4869547e-05
1.57 -5.4869543e-05
1.571 -5.486954e-05
1.572 -5.4869536e-05
1.573 -5.4869533e-05
1.574 -5.486953e-05
1.575 -5.4869527e-05
1.576 -5.4869524e-05
1.577 -5.4869521e-05
1.578 -5.4869519e-05
1.579 -5.4869516e-05
1.58 -5.4869514e-05
1.581 -5.4869512e-05
1.582 -5.486951e-05
1.583 -5.4869509e-05
1.584 -5.4869507e-05
1.585 -5.4869506e-05
1.586 -5.4869504e-05
1.587 -5.4869503e-05
1.588 -5.4869502e-05
1.589 -5.4869501e-05
1.59 -5.48695e-05
1.591 -5.4869499e-05
1.592 -5.4869498e-05
1.593 -5.4869498e-05
1.594 -5.4869497e-05
1.595 -5.4869496e-05
1.596 -5.4869496e-05
1.597 -5.4869495e-05
1.598 -5.4869495e-05
1.599 -5.4869495e-05
1.6 -5.4869494e-05
1.601 -5.4869494e-05
1.602 -5.4869494e-05
1.603 -5.4869494e-05
1.604 -5.4869494e-05
1.605 -5.4869494e-05
1.606 -5.4869494e-05
1.607 -5.4869494e-05
1.608 -5.4869494e-05
1.609 -5.4869494e-05
1.61 -5.4869494e-05
1.611 -5.4869494e-05
1.612 -5.4869494e-05
1.613 -5.4869495e-05
1.614 -5.4869495e-05
1.615 -5.4869495e-05
1.616 -5.4869496e-05
1.617 -5.4869496e-05
1.618 -5.4869497e-05
1.619 -5.4869497e-05
1.62 -5.4869498e-05
1.621 -5.4869498e-05
1.622 -5.4869499e-05
1.623 -5.48695e-05
1.624 -5.48695e-05
1.625 -5.4869501e-05
1.626 -5.4869502e-05
1.627 -5.4869503e-05
1.628 -5.4869504e-05
1.629 -5.4869505e-05
1.63 -5.4869507e-05
1.631 -5.4869508e-05
1.632 -5.4869509e-05
1.633 -5.4869511e-05
1.634 -5.4869512e-05
1.635 -5.4869514e-05
1.636 -5.4869516e-05
1.637 -5.4869517e-05
1.638 -5.4869519e-05
1.639 -5.4869521e-05
1.64 -5.4869524e-05
1.641 -5.4869526e-05
1.642 -5.4869528e-05
1.643 -5.4869531e-05
1.644 -5.4869533e-05
1.645 -5.4869536e-05
1.646 -5.4869539e-05
1.647 -5.4869541e-05
1.648 -5.4869544e-05
1.649 -5.4869547e-05
1.65 -5.486955e-05
1.651 -5.4869553e-05
1.652 -5.4869555e-05
1.653 -5.4869558e-05
1.654 -5.486956e-05
1.655 -5.4869562e-05
1.656 -5.4869564e-05
1.657 -5.4869566e-05
1.658 -5.4869567e-05
1.659 -5.4869567e-05
1.66 -5.4869568e-05
1.661 -5.4869568e-05
1.662 -5.4869567e-05
1.663 -5.4869566e-05
1.664 -5.4869565e-05
1.665 -5.4869563e-05
1.666 -5.4869561e-05
1.667 -5.4869559e-05
1.668 -5.4869556e-05
1.669 -5.4869553e-05
1.67 -5.486955e-05
1.671 -5.4869547e-05
1.672 -5.4869544e-05
1.673 -5.4869541e-05
1.674 -5.4869538e-05
1.675 -5.4869535e-05
1.676 -5.4869532e-05
1.677 -5.4869529e-05
1.678 -5.4869526e-05
1.679 -5.4869524e-05
1.68 -5.4869521e-05
1.681 -5.4869519e-05
1.682 -5.4869517e-05
1.683 -5.4869515e-05
1.684 -5.4869513e-05
1.685 -5.4869511e-05
1.686 -5.4869509e-05
1.687 -5.4869507e-05
1.688 -5.4869506e-05
1.689 -5.4869505e-05
1.69 -5.4869503e-05
1.691 -5.4869502e-05
1.692 -5.4869501e-05
1.693 -5.48695e-05
1.694 -5.4869499e-05
1.695 -5.4869498e-05
1.696 -5.4869498e-05
1.697 -5.4869497e-05
1.698 -5.4869497e-05
1.699 -5.4869496e-05
1.7 -5.4869496e-05
1.701 -5.4869495e-05
1.702 -5.4869495e-05
1.703 -5.4869495e-05
1.704 -5.4869495e-05
1.705 -5.4869495e-05
1.706 -5.4869495e-05
1.707 -5.4869495e-05
1.708 -5.4869495e-05
1.709 -5.4869495e-05
1.71 -5.4869496e-05
1.711 -5.4869496e-05
1.712 -5.4869496e-05
1.713 -5.4869497e-05
1.714 -5.4869498e-05
1.715 -5.4869498e-05
1.716 -5.4869499e-05
1.717 -5.48695e-05
1.718 -5.4869501e-05
1.719 -5.4869502e-05
1.72 -5.4869503e-05
1.721 -5.4869504e-05
1.722 -5.4869505e-05
1.723 -5.4869507e-05
1.724 -5.4869508e-05
1.725 -5.486951e-05
1.726 -5.4869512e-05
1.727 -5.4869514e-05
1.728 -5.4869516e-05
1.729 -5.4869518e-05
1.73 -5.486952e-05
1.731 -5.4869523e-05
1.732 -5.4869525e-05
1.733 -5.4869528e-05
1.734 -5.4869531e-05
1.735 -5.4869534e-05
1.736 -5.4869537e-05
1.737 -5.486954e-05
1.738 -5.4869543e-05
1.739 -5.4869546e-05
1.74 -5.4869549e-05
1.741 -5.4869552e-05
1.742 -5.4869555e-05
1.743 -5.4869558e-05
1.744 -5.4869561e-05
1.745 -5.4869563e-05
1.746 -5.4869565e-05
1.747 -5.4869566e-05
1.748 -5.4869568e-05
1.749 -5.4869568e-05
1.75 -5.4869569e-05
1.751 -5.4869569e-05
1.752 -5.4869568e-05
1.753 -5.4869567e-05
1.754 -5.4869566e-05
1.755 -5.4869564e-05
1.756 -5.4869562e-05
1.757 -5.486956e-05
1.758 -5.4869558e-05
1.759 -5.4869555e-05
1.76 -5.4869552e-05
1.761 -5.486955e-05
1.762 -5.4869547e-05
1.763 -5.4869544e-05
1.764 -5.4869541e-05
1.765 -5.4869539e-05
1.766 -5.4869536e-05
1.767 -5.4869533e-05
1.768 -5.4869531e-05
1.769 -5.4869529e-05
1.77 -5.4869526e-05
1.771 -5.4869524e-05
1.772 -5.4869522e-05
1.773 -5.486952e-05
1.774 -5.4869518e-05
1.775 -5.4869516e-05
1.776 -5.4869515e-05
1.777 -5.4869513e-05
1.778 -5.4869512e-05
1.779 -5.486951e-05
1.78 -5.4869509e-05
1.781 -5.4869508e-05
1.782 -5.4869507e-05
1.783 -5.4869506e-05
1.784 -5.4869505e-05
1.785 -5.4869504e-05
1.786 -5.4869503e-05
1.787 -5.4869502e-05
1.788 -5.4869501e-05
1.789 -5.48695e-05
1.79 -5.48695e-05
1.791 -5.4869499e-05
1.792 -5.4869499e-05
1.793 -5.4869498e-05
1.794 -5.4869498e-05
1.795 -5.4869497e-05
1.796 -5.4869497e-05
1.797 -5.4869497e-05
1.798 -5.4869496e-05
1.799 -5.4869496e-05
1.8 -5.4869496e-05
1.801 -5.4869496e-05
1.802 -5.4869496e-05
1.803 -5.4869496e-05
1.804 -5.4869496e-05
1.805 -5.4869496e-05
1.806 -5.4869496e-05
1.807 -5.4869496e-05
1.808 -5.4869496e-05
1.809 -5.4869496e-05
1.81 -5.4869496e-05
1.811 -5.4869496e-05
1.812 -5.4869497e-05
1.813 -5.4869497e-05
1.814 -5.4869498e-05
1.815 -5.4869498e-05
1.816 -5.4869499e-05
1.817 -5.4869499e-05
1.818 -5.48695e-05
1.819 -5.4869501e-05
1.82 -5.4869501e-05
1.821 -5.4869502e-05
1.822 -5.4869503e-05
1.823 -5.4869504e-05
1.824 -5.4869505e-05
1.825 -5.4869507e-05
1.826 -5.4869508e-05
1.827 -5.486951e-05
1.828 -5.4869511e-05
1.829 -5.4869513e-05
1.83 -5.4869515e-05
1.831 -5.4869517e-05
1.832 -5.4869519e-05
1.833 -5.4869521e-05
1.834 -5.4869524e-05
1.835 -5.4869526e-05
1.836 -5.4869529e-05
1.837 -5.4869532e-05
1.838 -5.4869535e-05
1.839 -5.4869539e-05
1.84 -5.4869543e-05
1.841 -5.4869546e-05
1.842 -5.486955e-05
1.843 -5.4869554e-05
1.844 -5.4869558e-05
1.845 -5.4869562e-05
1.846 -5.4869566e-05
1.847 -5.486957e-05
1.848 -5.4869574e-05
1.849 -5.4869577e-05
1.85 -5.486958e-05
1.851 -5.4869583e-05
1.852 -5.4869585e-05
1.853 -5.4869586e-05
1.854 -5.4869587e-05
1.855 -5.4869587e-05
1.856 -5.4869586e-05
1.857 -5.4869584e-05
1.858 -5.4869582e-05
1.859 -5.4869579e-05
1.86 -5.4869576e-05
1.861 -5.4869572e-05
1.862 -5.4869569e-05
1.863 -5.4869565e-05
1.864 -5.486956e-05
1.865 -5.4869556e-05
1.866 -5.4869552e-05
1.867 -5.4869548e-05
1.868 -5.4869544e-05
1.869 -5.486954e-05
1.87 -5.4869537e-05
1.871 -5.4869533e-05
1.872 -5.486953e-05
1.873 -5.4869527e-05
1.874 -5.4869524e-05
1.875 -5.4869521e-05
1.876 -5.4869519e-05
1.877 -5.4869517e-05
1.878 -5.4869515e-05
1.879 -5.4869513e-05
1.88 -5.4869511e-05
1.881 -5.4869509e-05
1.882 -5.4869508e-05
1.883 -5.4869507e-05
1.884 -5.4869505e-05
1.885 -5.4869504e-05
1.886 -5.4869503e-05
1.887 -5.4869502e-05
1.888 -5.4869502e-05
1.889 -5.4869501e-05
1.89 -5.48695e-05
1.891 -5.48695e-05
1.892 -5.4869499e-05
1.893 -5.4869499e-05
1.894 -5.4869498e-05
1.895 -5.4869498e-05
1.896 -5.4869498e-05
1.897 -5.4869498e-05
1.898 -5.4869498e-05
1.899 -5.4869498e-05
1.9 -5.4869498e-05
1.901 -5.4869498e-05
1.902 -5.4869498e-05
1.903 -5.4869498e-05
1.904 -5.4869499e-05
1.905 -5.4869499e-05
1.906 -5.4869499e-05
1.907 -5.48695e-05
1.908 -5.48695e-05
1.909 -5.4869501e-05
1.91 -5.4869502e-05
1.911 -5.4869502e-05
1.912 -5.4869503e-05
1.913 -5.4869504e-05
1.914 -5.4869505e-05
1.915 -5.4869506e-05
1.916 -5.4869507e-05
1.917 -5.4869508e-05
1.918 -5.486951e-05
1.919 -5.4869511e-05
1.92 -5.4869512e-05
1.921 -5.4869514e-05
1.922 -5.4869515e-05
1.923 -5.4869517e-05
1.924 -5.4869519e-05
1.925 -5.4869521e-05
1.926 -5.4869523e-05
1.927 -5.4869525e-05
1.928 -5.4869527e-05
1.929 -5.4869529e-05
1.93 -5.4869531e-05
1.931 -5.4869533e-05
1.932 -5.4869535e-05
1.933 -5.4869538e-05
1.934 -5.486954e-05
1.935 -5.4869542e-05
1.936 -5.4869544e-05
1.937 -5.4869546e-05
1.938 -5.4869549e-05
1.939 -5.4869551e-05
1.94 -5.4869552e-05
1.941 -5.4869554e-05
1.942 -5.4869556e-05
1.943 -5.4869557e-05
1.944 -5.4869558e-05
1.945 -5.4869559e-05
1.946 -5.486956e-05
1.947 -5.4869561e-05
1.948 -5.4869561e-05
1.949 -5.4869561e-05
1.95 -5.4869561e-05
1.951 -5.486956e-05
1.952 -5.4869559e-05
1.953 -5.4869558e-05
1.954 -5.4869557e-05
1.955 -5.4869556e-05
1.956 -5.4869554e-05
1.957 -5.4869553e-05
1.958 -5.4869551e-05
1.959 -5.4869549e-05
1.96 -5.4869547e-05
1.961 -5.4869545e-05
1.962 -5.4869543e-05
1.963 -5.4869541e-05
1.964 -5.4869539e-05
1.965 -5.4869536e-05
1.966 -5.4869534e-05
1.967 -5.4869532e-05
1.968 -5.486953e-05
1.969 -5.4869528e-05
1.97 -5.4869527e-05
1.971 -5.4869525e-05
1.972 -5.4869523e-05
1.973 -5.4869521e-05
1.974 -5.486952e-05
1.975 -5.4869518e-05
1.976 -5.4869516e-05
1.977 -5.4869515e-05
1.978 -5.4869514e-05
1.979 -5.4869512e-05
1.98 -5.4869511e-05
1.981 -5.486951e-05
1.982 -5.4869509e-05
1.983 -5.4869508e-05
1.984 -5.4869507e-05
1.985 -5.4869506e-05
1.986 -5.4869505e-05
1.987 -5.4869504e-05
1.988 -5.4869504e-05
1.989 -5.4869503e-05
1.99 -5.4869502e-05
1.991 -5.4869502e-05
1.992 -5.4869501e-05
1.993 -5.4869501e-05
1.994 -5.48695e-05
1.995 -5.48695e-05
1.996 -5.48695e-05
1.997 -5.48695e-05
1.998 -5.4869499e-05
1.999 -5.4869499e-05
2 -5.4869499e-05
2.001 -5.4869499e-05
