0 -225579.84
0.001 -225579.85
0.0015 -225579.87
0.00175 -225579.92
0.001875 -225579.97
0.0019375 -225580
0.00196875 -225580.02
0.001984375 -225580.03
0.0019921875 -225580.03
0.002 -225580.04
0.0020078125 -225580.04
0.002015625 -225580.05
0.0020234375 -225580.05
0.00203125 -225580.06
0.0020390625 -225580.07
0.002046875 -225580.07
0.0020546875 -225580.08
0.0020625 -225580.09
0.0020703125 -225580.09
0.002078125 -225580.1
0.0020859375 -225580.11
0.00209375 -225580.12
0.0021015625 -225580.13
0.0021054688 -225580.13
0.002109375 -225580.13
0.0021132813 -225580.14
0.0021171875 -225580.14
0.0021210938 -225580.15
0.002125 -225580.15
0.0021289063 -225580.16
0.0021328125 -225580.16
0.0021367188 -225580.17
0.002140625 -225580.17
0.0021445313 -225580.18
0.0021484375 -225580.18
0.0021523438 -225580.19
0.00215625 -225580.19
0.0021601563 -225580.2
0.0021640625 -225580.2
0.0021679688 -225580.21
0.002171875 -225580.21
0.0021757813 -225580.22
0.0021796875 -225580.23
0.0021835938 -225580.23
0.0021875 -225580.24
0.0021914063 -225580.24
0.0021953125 -225580.25
0.0021992188 -225580.26
0.002203125 -225580.26
0.0022070313 -225580.27
0.0022109375 -225580.28
0.0022148438 -225580.29
0.00221875 -225580.29
0.0022226563 -225580.3
0.0022265625 -225580.31
0.0022304688 -225580.32
0.002234375 -225580.32
0.0022382813 -225580.33
0.0022421875 -225580.34
0.0022460938 -225580.35
0.00225 -225580.36
0.0022539063 -225580.37
0.0022578125 -225580.37
0.0022617188 -225580.38
0.002265625 -225580.39
0.0022695313 -225580.4
0.0022734375 -225580.41
0.0022773438 -225580.42
0.00228125 -225580.43
0.0022851563 -225580.44
0.0022890625 -225580.45
0.0022929688 -225580.46
0.002296875 -225580.48
0.0023007813 -225580.49
0.0023046875 -225580.5
0.0023085938 -225580.51
0.0023125 -225580.52
0.0023164063 -225580.54
0.0023203125 -225580.55
0.0023242188 -225580.56
0.002328125 -225580.58
0.0023320313 -225580.59
0.0023359375 -225580.61
0.0023398438 -225580.62
0.00234375 -225580.64
0.0023476563 -225580.65
0.0023515625 -225580.67
0.0023554688 -225580.69
0.002359375 -225580.7
0.0023632813 -225580.72
0.0023671875 -225580.74
0.0023710938 -225580.76
0.002375 -225580.78
0.0023789063 -225580.8
0.0023828125 -225580.82
0.0023867188 -225580.84
0.002390625 -225580.86
0.0023945313 -225580.88
0.0023984375 -225580.91
0.0024023438 -225580.93
0.00240625 -225580.95
0.0024101563 -225580.98
0.0024140625 -225581.01
0.0024179688 -225581.03
0.0024199219 -225581.05
0.002421875 -225581.06
0.0024238281 -225581.08
0.0024257812 -225581.09
0.0024277344 -225581.11
0.0024296875 -225581.12
0.0024316406 -225581.14
0.0024335937 -225581.15
0.0024355469 -225581.17
0.0024375 -225581.18
0.0024394531 -225581.2
0.0024414062 -225581.22
0.0024433594 -225581.23
0.0024453125 -225581.25
0.0024472656 -225581.27
0.0024492187 -225581.29
0.0024511719 -225581.31
0.002453125 -225581.32
0.0024550781 -225581.34
0.0024570312 -225581.36
0.0024589844 -225581.38
0.0024609375 -225581.4
0.0024628906 -225581.42
0.0024648437 -225581.45
0.0024667969 -225581.47
0.00246875 -225581.49
0.0024707031 -225581.51
0.0024726562 -225581.53
0.0024746094 -225581.56
0.0024765625 -225581.58
0.0024785156 -225581.61
0.0024804687 -225581.63
0.0024824219 -225581.66
0.002484375 -225581.68
0.0024863281 -225581.71
0.0024882812 -225581.73
0.0024902344 -225581.76
0.0024921875 -225581.79
0.0024941406 -225581.82
0.0024960937 -225581.85
0.0024980469 -225581.88
0.0025 -225581.91
0.0025019531 -225581.94
0.0025039062 -225581.97
0.0025058594 -225582
0.0025078125 -225582.04
0.0025097656 -225582.07
0.0025117187 -225582.11
0.0025136719 -225582.14
0.002515625 -225582.18
0.0025175781 -225582.22
0.0025195312 -225582.26
0.0025214844 -225582.29
0.0025234375 -225582.33
0.0025253906 -225582.38
0.0025273437 -225582.42
0.0025292969 -225582.46
0.00253125 -225582.51
0.0025332031 -225582.55
0.0025351562 -225582.6
0.0025371094 -225582.65
0.0025390625 -225582.7
0.0025410156 -225582.75
0.0025429687 -225582.8
0.0025449219 -225582.85
0.002546875 -225582.91
0.0025488281 -225582.97
0.0025507812 -225583.02
0.0025527344 -225583.08
0.0025546875 -225583.14
0.0025566406 -225583.21
0.0025585937 -225583.27
0.0025605469 -225583.34
0.0025625 -225583.41
0.0025644531 -225583.48
0.0025664062 -225583.55
0.0025683594 -225583.63
0.0025703125 -225583.71
0.0025722656 -225583.79
0.0025742187 -225583.87
0.0025761719 -225583.95
0.002578125 -225584.04
0.0025800781 -225584.13
0.0025810547 -225584.18
0.0025820312 -225584.23
0.0025830078 -225584.28
0.0025839844 -225584.32
0.0025849609 -225584.37
0.0025859375 -225584.43
0.0025869141 -225584.48
0.0025878906 -225584.53
0.0025888672 -225584.58
0.0025898437 -225584.64
0.0025908203 -225584.69
0.0025917969 -225584.75
0.0025927734 -225584.81
0.00259375 -225584.86
0.0025947266 -225584.92
0.0025957031 -225584.98
0.0025966797 -225585.05
0.0025976562 -225585.11
0.0025986328 -225585.17
0.0025996094 -225585.24
0.0026005859 -225585.3
0.0026015625 -225585.37
0.0026025391 -225585.44
0.0026035156 -225585.51
0.0026044922 -225585.58
0.0026054687 -225585.65
0.0026064453 -225585.73
0.0026074219 -225585.8
0.0026083984 -225585.88
0.002609375 -225585.96
0.0026103516 -225586.04
0.0026113281 -225586.12
0.0026123047 -225586.2
0.0026132812 -225586.29
0.0026142578 -225586.37
0.0026152344 -225586.46
0.0026162109 -225586.55
0.0026171875 -225586.65
0.0026181641 -225586.74
0.0026191406 -225586.84
0.0026201172 -225586.93
0.0026210937 -225587.03
0.0026220703 -225587.14
0.0026230469 -225587.24
0.0026240234 -225587.35
0.002625 -225587.46
0.0026259766 -225587.57
0.0026269531 -225587.69
0.0026279297 -225587.8
0.0026289062 -225587.92
0.0026298828 -225588.05
0.0026308594 -225588.17
0.0026318359 -225588.3
0.0026328125 -225588.43
0.0026337891 -225588.57
0.0026347656 -225588.7
0.0026357422 -225588.85
0.0026367187 -225588.99
0.0026376953 -225589.14
0.0026386719 -225589.29
0.0026396484 -225589.45
0.002640625 -225589.61
0.0026416016 -225589.77
0.0026425781 -225589.94
0.0026435547 -225590.11
0.0026445312 -225590.29
0.0026455078 -225590.47
0.0026464844 -225590.66
0.0026474609 -225590.85
0.0026484375 -225591.05
0.0026494141 -225591.26
0.0026503906 -225591.46
0.0026513672 -225591.68
0.0026523437 -225591.9
0.0026533203 -225592.13
0.0026542969 -225592.36
0.0026552734 -225592.6
0.00265625 -225592.85
0.0026572266 -225593.11
0.0026582031 -225593.37
0.0026591797 -225593.65
0.0026601562 -225593.93
0.0026606445 -225594.07
0.0026611328 -225594.22
0.0026616211 -225594.36
0.0026621094 -225594.51
0.0026625977 -225594.67
0.0026630859 -225594.82
0.0026635742 -225594.98
0.0026640625 -225595.14
0.0026645508 -225595.31
0.0026650391 -225595.47
0.0026655273 -225595.64
0.0026660156 -225595.81
0.0026665039 -225595.99
0.0026669922 -225596.16
0.0026674805 -225596.35
0.0026679687 -225596.53
0.002668457 -225596.72
0.0026689453 -225596.91
0.0026694336 -225597.1
0.0026699219 -225597.3
0.0026704102 -225597.5
0.0026708984 -225597.7
0.0026713867 -225597.91
0.002671875 -225598.12
0.0026723633 -225598.34
0.0026728516 -225598.56
0.0026733398 -225598.78
0.0026738281 -225599.01
0.0026743164 -225599.24
0.0026748047 -225599.48
0.002675293 -225599.72
0.0026757812 -225599.96
0.0026762695 -225600.21
0.0026767578 -225600.47
0.0026772461 -225600.73
0.0026777344 -225600.99
0.0026782227 -225601.26
0.0026787109 -225601.54
0.0026791992 -225601.82
0.0026796875 -225602.11
0.0026801758 -225602.4
0.0026806641 -225602.7
0.0026811523 -225603.01
0.0026816406 -225603.32
0.0026821289 -225603.64
0.0026826172 -225603.96
0.0026831055 -225604.29
0.0026835937 -225604.63
0.002684082 -225604.98
0.0026845703 -225605.34
0.0026850586 -225605.7
0.0026855469 -225606.07
0.0026860352 -225606.45
0.0026865234 -225606.83
0.0026870117 -225607.23
0.0026875 -225607.64
0.0026879883 -225608.05
0.0026884766 -225608.48
0.0026889648 -225608.91
0.0026894531 -225609.36
0.0026899414 -225609.81
0.0026904297 -225610.28
0.002690918 -225610.76
0.0026914062 -225611.25
0.0026918945 -225611.75
0.0026923828 -225612.27
0.0026928711 -225612.8
0.0026933594 -225613.34
0.0026938477 -225613.9
0.0026943359 -225614.47
0.0026948242 -225615.06
0.0026953125 -225615.66
0.0026958008 -225616.28
0.0026962891 -225616.92
0.0026967773 -225617.57
0.0026972656 -225618.24
0.0026977539 -225618.93
0.0026982422 -225619.64
0.0026987305 -225620.38
0.0026992187 -225621.13
0.002699707 -225621.9
0.0027001953 -225622.7
0.0027006836 -225623.53
0.0027011719 -225624.37
0.0027016602 -225625.25
0.0027019043 -225625.7
0.0027021484 -225626.15
0.0027023926 -225626.61
0.0027026367 -225627.08
0.0027028809 -225627.56
0.002703125 -225628.04
0.0027033691 -225628.53
0.0027036133 -225629.03
0.0027038574 -225629.54
0.0027041016 -225630.06
0.0027043457 -225630.58
0.0027045898 -225631.11
0.002704834 -225631.66
0.0027050781 -225632.21
0.0027053223 -225632.77
0.0027055664 -225633.34
0.0027058105 -225633.92
0.0027060547 -225634.51
0.0027062988 -225635.11
0.002706543 -225635.72
0.0027067871 -225636.35
0.0027070312 -225636.98
0.0027072754 -225637.62
0.0027075195 -225638.28
0.0027077637 -225638.95
0.0027080078 -225639.63
0.002708252 -225640.32
0.0027084961 -225641.02
0.0027087402 -225641.74
0.0027089844 -225642.47
0.0027092285 -225643.22
0.0027094727 -225643.98
0.0027097168 -225644.76
0.0027099609 -225645.54
0.0027102051 -225646.35
0.0027104492 -225647.17
0.0027106934 -225648.01
0.0027109375 -225648.86
0.0027111816 -225649.73
0.0027114258 -225650.62
0.0027116699 -225651.53
0.0027119141 -225652.45
0.0027121582 -225653.39
0.0027124023 -225654.36
0.0027126465 -225655.34
0.0027128906 -225656.35
0.0027131348 -225657.37
0.0027133789 -225658.42
0.002713623 -225659.49
0.0027138672 -225660.59
0.0027141113 -225661.71
0.0027143555 -225662.85
0.0027145996 -225664.02
0.0027148437 -225665.21
0.0027150879 -225666.44
0.002715332 -225667.69
0.0027155762 -225668.97
0.0027158203 -225670.28
0.0027160645 -225671.62
0.0027163086 -225672.99
0.0027165527 -225674.39
0.0027167969 -225675.83
0.002717041 -225677.31
0.0027172852 -225678.82
0.0027175293 -225680.37
0.0027177734 -225681.95
0.0027180176 -225683.58
0.0027182617 -225685.25
0.0027185059 -225686.96
0.00271875 -225688.72
0.0027189941 -225690.53
0.0027192383 -225692.38
0.0027194824 -225694.28
0.0027197266 -225696.23
0.0027199707 -225698.24
0.0027202148 -225700.3
0.002720459 -225702.42
0.0027207031 -225704.6
0.0027209473 -225706.84
0.0027211914 -225709.15
0.0027214355 -225711.52
0.0027216797 -225713.97
0.0027219238 -225716.49
0.002722168 -225719.08
0.0027224121 -225721.75
0.0027226562 -225724.51
0.0027229004 -225727.35
0.0027231445 -225730.28
0.0027233887 -225733.3
0.0027236328 -225736.42
0.0027237549 -225738.02
0.002723877 -225739.64
0.002723999 -225741.29
0.0027241211 -225742.97
0.0027242432 -225744.68
0.0027243652 -225746.41
0.0027244873 -225748.18
0.0027246094 -225749.97
0.0027247314 -225751.8
0.0027248535 -225753.65
0.0027249756 -225755.54
0.0027250977 -225757.46
0.0027252197 -225759.41
0.0027253418 -225761.4
0.0027254639 -225763.42
0.0027255859 -225765.48
0.002725708 -225767.57
0.0027258301 -225769.71
0.0027259521 -225771.88
0.0027260742 -225774.09
0.0027261963 -225776.34
0.0027263184 -225778.63
0.0027264404 -225780.97
0.0027265625 -225783.35
0.0027266846 -225785.77
0.0027268066 -225788.24
0.0027269287 -225790.76
0.0027270508 -225793.33
0.0027271729 -225795.94
0.0027272949 -225798.61
0.002727417 -225801.32
0.0027275391 -225804.09
0.0027276611 -225806.92
0.0027277832 -225809.8
0.0027279053 -225812.75
0.0027280273 -225815.75
0.0027281494 -225818.81
0.0027282715 -225821.93
0.0027283936 -225825.12
0.0027285156 -225828.38
0.0027286377 -225831.71
0.0027287598 -225835.1
0.0027288818 -225838.57
0.0027290039 -225842.11
0.002729126 -225845.73
0.002729248 -225849.43
0.0027293701 -225853.21
0.0027294922 -225857.07
0.0027296143 -225861.02
0.0027297363 -225865.06
0.0027298584 -225869.19
0.0027299805 -225873.42
0.0027301025 -225877.74
0.0027302246 -225882.16
0.0027303467 -225886.69
0.0027304687 -225891.32
0.0027305908 -225896.07
0.0027307129 -225900.92
0.002730835 -225905.9
0.002730957 -225910.99
0.0027310791 -225916.21
0.0027312012 -225921.56
0.0027313232 -225927.05
0.0027314453 -225932.67
0.0027315674 -225938.44
0.0027316895 -225944.35
0.0027318115 -225950.42
0.0027319336 -225956.64
0.0027320557 -225963.03
0.0027321777 -225969.59
0.0027322998 -225976.33
0.0027324219 -225983.25
0.0027325439 -225990.35
0.002732666 -225997.66
0.0027327881 -226005.16
0.0027329102 -226012.88
0.0027330322 -226020.81
0.0027331543 -226028.97
0.0027332764 -226037.37
0.0027333984 -226046.01
0.0027335205 -226054.91
0.0027336426 -226064.07
0.0027337646 -226073.51
0.0027338867 -226083.23
0.0027340088 -226093.25
0.0027341309 -226103.58
0.0027342529 -226114.23
0.002734375 -226125.22
0.0027344971 -226136.56
0.0027346191 -226148.27
0.0027347412 -226160.36
0.0027348633 -226172.84
0.0027349854 -226185.74
0.0027351074 -226199.08
0.0027352295 -226212.87
0.0027353516 -226227.13
0.0027354736 -226241.89
0.0027355957 -226257.16
0.0027357178 -226272.98
0.0027358398 -226289.37
0.0027359619 -226306.36
0.002736084 -226323.97
0.0027362061 -226342.23
0.0027363281 -226361.19
0.0027363892 -226370.93
0.0027364502 -226380.86
0.0027365112 -226390.98
0.0027365723 -226401.3
0.0027366333 -226411.82
0.0027366943 -226422.53
0.0027367554 -226433.46
0.0027368164 -226444.61
0.0027368774 -226455.97
0.0027369385 -226467.57
0.0027369995 -226479.39
0.0027370605 -226491.46
0.0027371216 -226503.76
0.0027371826 -226516.33
0.0027372437 -226529.14
0.0027373047 -226542.23
0.0027373657 -226555.59
0.0027374268 -226569.23
0.0027374878 -226583.15
0.0027375488 -226597.37
0.0027376099 -226611.9
0.0027376709 -226626.74
0.0027377319 -226641.9
0.002737793 -226657.39
0.002737854 -226673.22
0.002737915 -226689.4
0.0027379761 -226705.95
0.0027380371 -226722.86
0.0027380981 -226740.16
0.0027381592 -226757.84
0.0027382202 -226775.94
0.0027382812 -226794.45
0.0027383423 -226813.39
0.0027384033 -226832.77
0.0027384644 -226852.61
0.0027385254 -226872.92
0.0027385864 -226893.71
0.0027386475 -226915
0.0027387085 -226936.81
0.0027387695 -226959.16
0.0027388306 -226982.05
0.0027388916 -227005.5
0.0027389526 -227029.54
0.0027390137 -227054.19
0.0027390747 -227079.46
0.0027391357 -227105.37
0.0027391968 -227131.95
0.0027392578 -227159.22
0.0027393188 -227187.2
0.0027393799 -227215.92
0.0027394409 -227245.39
0.002739502 -227275.66
0.002739563 -227306.73
0.002739624 -227338.65
0.0027396851 -227371.45
0.0027397461 -227405.14
0.0027398071 -227439.77
0.0027398682 -227475.38
0.0027399292 -227511.98
0.0027399902 -227549.63
0.0027400513 -227588.36
0.0027401123 -227628.21
0.0027401733 -227669.22
0.0027402344 -227711.44
0.0027402954 -227754.91
0.0027403564 -227799.68
0.0027404175 -227845.8
0.0027404785 -227893.33
0.0027405396 -227942.31
0.0027406006 -227992.81
0.0027406616 -228044.89
0.0027407227 -228098.61
0.0027407837 -228154.04
0.0027408447 -228211.24
0.0027409058 -228270.3
0.0027409668 -228331.28
0.0027410278 -228394.27
0.0027410889 -228459.36
0.0027411499 -228526.64
0.0027412109 -228596.19
0.002741272 -228668.12
0.002741333 -228742.53
0.002741394 -228819.53
0.0027414551 -228899.25
0.0027415161 -228981.79
0.0027415771 -229067.3
0.0027416382 -229155.9
0.0027416992 -229247.74
0.0027417603 -229342.97
0.0027418213 -229441.75
0.0027418823 -229544.26
0.0027419434 -229650.66
0.0027419739 -229705.39
0.0027420044 -229761.16
0.0027420349 -229818
0.0027420654 -229875.95
0.0027420959 -229935.02
0.0027421265 -229995.24
0.002742157 -230056.64
0.0027421875 -230119.26
0.002742218 -230183.12
0.0027422485 -230248.25
0.0027422791 -230314.69
0.0027423096 -230382.47
0.0027423401 -230451.62
0.0027423706 -230522.18
0.0027424011 -230594.19
0.0027424316 -230667.67
0.0027424622 -230742.68
0.0027424927 -230819.25
0.0027425232 -230897.42
0.0027425537 -230977.24
0.0027425842 -231058.74
0.0027426147 -231141.98
0.0027426453 -231227
0.0027426758 -231313.85
0.0027427063 -231402.57
0.0027427368 -231493.23
0.0027427673 -231585.87
0.0027427979 -231680.55
0.0027428284 -231777.32
0.0027428589 -231876.24
0.0027428894 -231977.38
0.0027429199 -232080.8
0.0027429504 -232186.56
0.002742981 -232294.72
0.0027430115 -232405.37
0.002743042 -232518.56
0.0027430725 -232634.38
0.002743103 -232752.9
0.0027431335 -232874.2
0.0027431641 -232998.37
0.0027431946 -233125.48
0.0027432251 -233255.63
0.0027432556 -233388.91
0.0027432861 -233525.41
0.0027433167 -233665.24
0.0027433472 -233808.49
0.0027433777 -233955.28
0.0027434082 -234105.7
0.0027434387 -234259.89
0.0027434692 -234417.94
0.0027434998 -234580
0.0027435303 -234746.18
0.0027435608 -234916.63
0.0027435913 -235091.47
0.0027436218 -235270.85
0.0027436523 -235454.92
0.0027436829 -235643.84
0.0027437134 -235837.77
0.0027437439 -236036.88
0.0027437744 -236241.34
0.0027438049 -236451.34
0.0027438354 -236667.06
0.002743866 -236888.71
0.0027438965 -237116.49
0.002743927 -237350.62
0.0027439575 -237591.32
0.002743988 -237838.83
0.0027440186 -238093.39
0.0027440491 -238355.27
0.0027440796 -238624.72
0.0027441101 -238902.03
0.0027441406 -239187.49
0.0027441711 -239481.41
0.0027442017 -239784.11
0.0027442322 -240095.92
0.0027442627 -240417.2
0.0027442932 -240748.32
0.0027443237 -241089.65
0.0027443542 -241441.62
0.0027443848 -241804.63
0.0027444153 -242179.15
0.0027444458 -242565.64
0.0027444763 -242964.59
0.0027445068 -243376.52
0.0027445374 -243801.99
0.0027445679 -244241.55
0.0027445984 -244695.83
0.0027446289 -245165.45
0.0027446594 -245651.1
0.0027446899 -246153.47
0.0027447205 -246673.33
0.002744751 -247211.45
0.0027447815 -247768.69
0.002744812 -248345.92
0.0027448425 -248944.07
0.002744873 -249564.15
0.0027449036 -250207.19
0.0027449341 -250874.32
0.0027449646 -251566.71
0.0027449951 -252285.61
0.0027450256 -253032.36
0.0027450562 -253808.36
0.0027450867 -254615.11
0.0027451172 -255454.22
0.0027451477 -256327.37
0.0027451782 -257236.38
0.0027452087 -258183.16
0.0027452393 -259169.78
0.0027452698 -260198.39
0.0027453003 -261271.34
0.0027453308 -262391.1
0.0027453613 -263560.31
0.0027453918 -264781.78
0.0027454224 -266058.5
0.0027454529 -267393.66
0.0027454834 -268790.65
0.0027455139 -270253.06
0.0027455444 -271784.72
0.002745575 -273389.66
0.0027456055 -275072.15
0.002745636 -276836.68
0.0027456665 -278687.95
0.002745697 -280630.88
0.0027457275 -282670.55
0.0027457581 -284812.16
0.0027457886 -287061.03
0.0027458191 -289422.42
0.0027458496 -291901.54
0.0027458801 -294503.27
0.0027459106 -297232.08
0.0027459412 -300091.7
0.0027459717 -303084.8
0.0027460022 -306212.61
0.0027460327 -309474.34
0.0027460632 -312866.6
0.0027460937 -316382.56
0.0027461243 -320011.12
0.0027461548 -323735.79
0.0027461853 -327533.66
0.0027462158 -331374.17
0.0027462463 -335218.12
0.0027462769 -339016.79
0.0027463074 -342711.64
0.0027463379 -346234.69
0.0027463684 -349509.92
0.0027463989 -352455.95
0.0027464294 -354990
0.00274646 -357033.08
0.0027464905 -358515.98
0.002746521 -359385.19
0.0027465515 -359608.05
0.002746582 -359176.03
0.0027466125 -358105.63
0.0027466431 -356436.64
0.0027466736 -354228.23
0.0027467041 -351553.42
0.0027467346 -348493.03
0.0027467651 -345129.91
0.0027467957 -341544.09
0.0027468262 -337809.24
0.0027468567 -333990.41
0.0027468872 -330142.99
0.0027469177 -326312.58
0.0027469482 -322535.52
0.0027469788 -318839.77
0.0027470093 -315246.07
0.0027470398 -311769.06
0.0027470703 -308418.37
0.0027471008 -305199.62
0.0027471313 -302115.31
0.0027471619 -299165.49
0.0027471924 -296348.45
0.0027472229 -293661.1
0.0027472534 -291099.47
0.0027472839 -288658.93
0.0027473145 -286334.46
0.002747345 -284120.84
0.0027473755 -282012.76
0.002747406 -280004.95
0.0027474365 -278092.23
0.002747467 -276269.56
0.0027474976 -274532.11
0.0027475281 -272875.24
0.0027475586 -271294.52
0.0027475891 -269785.77
0.0027476196 -268345.01
0.0027476501 -266968.5
0.0027476807 -265652.71
0.0027477112 -264394.31
0.0027477417 -263190.19
0.0027477722 -262037.4
0.0027478027 -260933.2
0.0027478333 -259875
0.0027478638 -258860.37
0.0027478943 -257887.03
0.0027479248 -256952.84
0.0027479553 -256055.81
0.0027479858 -255194.03
0.0027480164 -254365.75
0.0027480469 -253569.3
0.0027480774 -252803.11
0.0027481079 -252065.71
0.0027481384 -251355.72
0.0027481689 -250671.83
0.0027481995 -250012.82
0.00274823 -249377.53
0.0027482605 -248764.86
0.002748291 -248173.8
0.0027483215 -247603.35
0.0027483521 -247052.61
0.0027483826 -246520.7
0.0027484131 -246006.8
0.0027484436 -245510.14
0.0027484741 -245029.98
0.0027485046 -244565.62
0.0027485352 -244116.4
0.0027485657 -243681.69
0.0027485962 -243260.9
0.0027486267 -242853.46
0.0027486572 -242458.83
0.0027486877 -242076.51
0.0027487183 -241706
0.0027487488 -241346.85
0.0027487793 -240998.61
0.0027488098 -240660.87
0.0027488403 -240333.22
0.0027488708 -240015.29
0.0027489014 -239706.71
0.0027489319 -239407.13
0.0027489624 -239116.23
0.0027489929 -238833.69
0.0027490234 -238559.21
0.002749054 -238292.49
0.0027490845 -238033.26
0.002749115 -237781.26
0.0027491455 -237536.23
0.002749176 -237297.94
0.0027492065 -237066.15
0.0027492371 -236840.63
0.0027492676 -236621.18
0.0027492981 -236407.59
0.0027493286 -236199.66
0.0027493591 -235997.21
0.0027493896 -235800.06
0.0027494202 -235608.03
0.0027494507 -235420.96
0.0027494812 -235238.68
0.0027495117 -235061.05
0.0027495422 -234887.91
0.0027495728 -234719.13
0.0027496033 -234554.56
0.0027496338 -234394.08
0.0027496643 -234237.55
0.0027496948 -234084.87
0.0027497253 -233935.9
0.0027497559 -233790.54
0.0027497864 -233648.67
0.0027498169 -233510.2
0.0027498474 -233375.02
0.0027498779 -233243.04
0.0027499084 -233114.15
0.002749939 -232988.27
0.0027499695 -232865.32
0.00275 -232745.2
0.0027500305 -232627.84
0.002750061 -232513.15
0.0027500916 -232401.06
0.0027501221 -232291.5
0.0027501526 -232184.4
0.0027501831 -232079.68
0.0027502136 -231977.29
0.0027502441 -231877.15
0.0027502747 -231779.2
0.0027503052 -231683.39
0.0027503357 -231589.66
0.0027503662 -231497.95
0.0027503967 -231408.2
0.0027504272 -231320.37
0.0027504578 -231234.4
0.0027504883 -231150.24
0.0027505188 -231067.85
0.0027505493 -230987.18
0.0027505798 -230908.18
0.0027506104 -230830.81
0.0027506409 -230755.04
0.0027506714 -230680.81
0.0027507019 -230608.09
0.0027507324 -230536.84
0.0027507629 -230467.03
0.0027507935 -230398.61
0.002750824 -230331.55
0.0027508545 -230265.83
0.002750885 -230201.4
0.0027509155 -230138.23
0.002750946 -230076.3
0.0027509766 -230015.56
0.0027510071 -229956.01
0.0027510376 -229897.59
0.0027510681 -229840.3
0.0027510986 -229784.09
0.0027511292 -229728.95
0.0027511597 -229674.85
0.0027511902 -229621.77
0.0027512207 -229569.67
0.0027512512 -229518.55
0.0027512817 -229468.37
0.0027513123 -229419.11
0.0027513428 -229370.76
0.0027513733 -229323.29
0.0027514038 -229276.67
0.0027514343 -229230.91
0.0027514648 -229185.96
0.0027514954 -229141.82
0.0027515259 -229098.46
0.0027515564 -229055.88
0.0027515869 -229014.04
0.0027516174 -228972.94
0.0027516479 -228932.56
0.0027516785 -228892.88
0.002751709 -228853.89
0.0027517395 -228815.57
0.00275177 -228777.91
0.0027518005 -228740.9
0.0027518311 -228704.51
0.0027518616 -228668.74
0.0027518921 -228633.58
0.0027519226 -228599.01
0.0027519531 -228565.01
0.0027519836 -228531.58
0.0027520142 -228498.7
0.0027520447 -228466.37
0.0027520752 -228434.57
0.0027521057 -228403.29
0.0027521362 -228372.52
0.0027521667 -228342.25
0.0027521973 -228312.47
0.0027522278 -228283.17
0.0027522583 -228254.34
0.0027522888 -228225.96
0.0027523193 -228198.04
0.0027523499 -228170.56
0.0027523804 -228143.52
0.0027524109 -228116.9
0.0027524414 -228090.69
0.0027524719 -228064.9
0.0027525024 -228039.5
0.002752533 -228014.5
0.0027525635 -227989.88
0.002752594 -227965.64
0.0027526245 -227941.76
0.002752655 -227918.25
0.0027526855 -227895.1
0.0027527161 -227872.3
0.0027527466 -227849.84
0.0027527771 -227827.71
0.0027528076 -227805.92
0.0027528381 -227784.44
0.0027528687 -227763.29
0.0027528992 -227742.45
0.0027529297 -227721.91
0.0027529602 -227701.68
0.0027529907 -227681.74
0.0027530212 -227662.09
0.0027530518 -227642.72
0.0027530823 -227623.63
0.0027531128 -227604.82
0.0027531433 -227586.27
0.0027531738 -227567.99
0.0027532043 -227549.97
0.0027532349 -227532.2
0.0027532654 -227514.69
0.0027532959 -227497.42
0.0027533264 -227480.39
0.0027533569 -227463.6
0.0027533875 -227447.04
0.002753418 -227430.71
0.0027534485 -227414.61
0.002753479 -227398.73
0.0027535095 -227383.06
0.00275354 -227367.61
0.0027535706 -227352.37
0.0027536011 -227337.34
0.0027536316 -227322.51
0.0027536621 -227307.88
0.0027536926 -227293.45
0.0027537231 -227279.2
0.0027537537 -227265.15
0.0027537842 -227251.29
0.0027538147 -227237.61
0.0027538452 -227224.11
0.0027538757 -227210.78
0.0027539063 -227197.64
0.0027539368 -227184.66
0.0027539673 -227171.85
0.0027539978 -227159.21
0.0027540283 -227146.73
0.0027540588 -227134.42
0.0027540894 -227122.26
0.0027541199 -227110.26
0.0027541504 -227098.41
0.0027541809 -227086.71
0.0027542114 -227075.16
0.0027542419 -227063.76
0.0027542725 -227052.5
0.002754303 -227041.38
0.0027543335 -227030.4
0.002754364 -227019.56
0.0027543945 -227008.86
0.002754425 -226998.29
0.0027544556 -226987.84
0.0027544861 -226977.53
0.0027545166 -226967.35
0.0027545471 -226957.29
0.0027545776 -226947.35
0.0027546082 -226937.54
0.0027546387 -226927.84
0.0027546692 -226918.26
0.0027546997 -226908.8
0.0027547302 -226899.45
0.0027547607 -226890.22
0.0027547913 -226881.09
0.0027548218 -226872.08
0.0027548523 -226863.17
0.0027548828 -226854.37
0.0027549133 -226845.68
0.0027549438 -226837.08
0.0027549744 -226828.59
0.0027550049 -226820.2
0.0027550354 -226811.91
0.0027550659 -226803.71
0.0027550964 -226795.61
0.002755127 -226787.61
0.0027551575 -226779.7
0.002755188 -226771.88
0.0027552185 -226764.15
0.002755249 -226756.51
0.0027552795 -226748.96
0.0027553101 -226741.49
0.0027553406 -226734.11
0.0027553711 -226726.82
0.0027554016 -226719.6
0.0027554321 -226712.47
0.0027554626 -226705.43
0.0027554932 -226698.46
0.0027555237 -226691.57
0.0027555542 -226684.76
0.0027555847 -226678.02
0.0027556152 -226671.36
0.0027556458 -226664.77
0.0027556763 -226658.26
0.0027557068 -226651.82
0.0027557373 -226645.46
0.0027557678 -226639.16
0.0027557983 -226632.93
0.0027558289 -226626.78
0.0027558594 -226620.69
0.0027558899 -226614.66
0.0027559204 -226608.71
0.0027559509 -226602.82
0.0027559814 -226596.99
0.002756012 -226591.23
0.0027560425 -226585.53
0.002756073 -226579.89
0.0027561035 -226574.31
0.002756134 -226568.8
0.0027561646 -226563.34
0.0027561951 -226557.95
0.0027562256 -226552.61
0.0027562561 -226547.33
0.0027562866 -226542.1
0.0027563171 -226536.93
0.0027563477 -226531.82
0.0027563782 -226526.76
0.0027564087 -226521.76
0.0027564392 -226516.81
0.0027564697 -226511.91
0.0027565002 -226507.06
0.0027565308 -226502.27
0.0027565613 -226497.52
0.0027565918 -226492.83
0.0027566223 -226488.19
0.0027566528 -226483.59
0.0027566833 -226479.04
0.0027567139 -226474.54
0.0027567444 -226470.09
0.0027567749 -226465.69
0.0027568054 -226461.33
0.0027568359 -226457.02
0.0027568665 -226452.75
0.002756897 -226448.53
0.0027569275 -226444.35
0.002756958 -226440.21
0.0027569885 -226436.12
0.002757019 -226432.07
0.0027570496 -226428.06
0.0027570801 -226424.09
0.0027571106 -226420.17
0.0027571411 -226416.28
0.0027571716 -226412.44
0.0027572021 -226408.64
0.0027572327 -226404.87
0.0027572632 -226401.14
0.0027572937 -226397.46
0.0027573242 -226393.81
0.0027573547 -226390.19
0.0027573853 -226386.62
0.0027574158 -226383.08
0.0027574463 -226379.58
0.0027574768 -226376.11
0.0027575073 -226372.68
0.0027575378 -226369.28
0.0027575684 -226365.92
0.0027575989 -226362.6
0.0027576294 -226359.3
0.0027576599 -226356.04
0.0027576904 -226352.82
0.0027577209 -226349.63
0.0027577515 -226346.47
0.002757782 -226343.34
0.0027578125 -226340.24
0.002757843 -226337.18
0.0027578735 -226334.15
0.0027579041 -226331.15
0.0027579346 -226328.17
0.0027579651 -226325.23
0.0027579956 -226322.32
0.0027580261 -226319.44
0.0027580566 -226316.59
0.0027580872 -226313.77
0.0027581177 -226310.97
0.0027581482 -226308.21
0.0027581787 -226305.47
0.0027582092 -226302.76
0.0027582397 -226300.08
0.0027582703 -226297.43
0.0027583008 -226294.8
0.0027583313 -226292.2
0.0027583618 -226289.63
0.0027583923 -226287.08
0.0027584229 -226284.56
0.0027584534 -226282.07
0.0027584839 -226279.6
0.0027585144 -226277.15
0.0027585449 -226274.73
0.0027585754 -226272.34
0.002758606 -226269.97
0.0027586365 -226267.63
0.002758667 -226265.3
0.0027586975 -226263.01
0.002758728 -226260.73
0.0027587585 -226258.49
0.0027587891 -226256.26
0.0027588196 -226254.06
0.0027588501 -226251.88
0.0027588806 -226249.72
0.0027589111 -226247.58
0.0027589417 -226245.47
0.0027589722 -226243.38
0.0027590027 -226241.31
0.0027590332 -226239.26
0.0027590637 -226237.24
0.0027590942 -226235.23
0.0027591248 -226233.25
0.0027591553 -226231.29
0.0027591858 -226229.34
0.0027592163 -226227.42
0.0027592468 -226225.52
0.0027592773 -226223.64
0.0027593079 -226221.78
0.0027593384 -226219.94
0.0027593689 -226218.12
0.0027593994 -226216.32
0.0027594299 -226214.53
0.0027594604 -226212.77
0.002759491 -226211.03
0.0027595215 -226209.3
0.002759552 -226207.59
0.0027595825 -226205.91
0.002759613 -226204.24
0.0027596436 -226202.58
0.0027596741 -226200.95
0.0027597046 -226199.34
0.0027597351 -226197.74
0.0027597656 -226196.16
0.0027597961 -226194.6
0.0027598267 -226193.05
0.0027598572 -226191.53
0.0027598877 -226190.01
0.0027599182 -226188.52
0.0027599487 -226187.05
0.0027599792 -226185.59
0.0027600098 -226184.14
0.0027600403 -226182.72
0.0027600708 -226181.31
0.0027601013 -226179.91
0.0027601318 -226178.53
0.0027601624 -226177.17
0.0027601929 -226175.83
0.0027602234 -226174.5
0.0027602539 -226173.18
0.0027602844 -226171.88
0.0027603149 -226170.6
0.0027603455 -226169.33
0.002760376 -226168.08
0.0027604065 -226166.84
0.002760437 -226165.62
0.0027604675 -226164.41
0.002760498 -226163.22
0.0027605286 -226162.04
0.0027605591 -226160.88
0.0027605896 -226159.73
0.0027606201 -226158.59
0.0027606506 -226157.47
0.0027606812 -226156.36
0.0027607117 -226155.27
0.0027607422 -226154.19
0.0027607727 -226153.13
0.0027608032 -226152.08
0.0027608337 -226151.04
0.0027608643 -226150.02
0.0027608948 -226149.01
0.0027609253 -226148.01
0.0027609558 -226147.03
0.0027609863 -226146.06
0.0027610168 -226145.11
0.0027610474 -226144.16
0.0027610779 -226143.23
0.0027611084 -226142.32
0.0027611389 -226141.41
0.0027611694 -226140.52
0.0027612 -226139.65
0.0027612305 -226138.78
0.002761261 -226137.93
0.0027612915 -226137.09
0.002761322 -226136.26
0.0027613525 -226135.44
0.0027613831 -226134.64
0.0027614136 -226133.85
0.0027614441 -226133.07
0.0027614746 -226132.31
0.0027615051 -226131.55
0.0027615356 -226130.81
0.0027615662 -226130.08
0.0027615967 -226129.36
0.0027616272 -226128.65
0.0027616577 -226127.96
0.0027616882 -226127.28
0.0027617188 -226126.6
0.0027617493 -226125.94
0.0027617798 -226125.3
0.0027618103 -226124.66
0.0027618408 -226124.03
0.0027618713 -226123.42
0.0027619019 -226122.82
0.0027619324 -226122.23
0.0027619629 -226121.65
0.0027619934 -226121.08
0.0027620239 -226120.52
0.0027620544 -226119.97
0.002762085 -226119.44
0.0027621155 -226118.91
0.002762146 -226118.4
0.0027621765 -226117.89
0.002762207 -226117.4
0.0027622375 -226116.92
0.0027622681 -226116.45
0.0027622986 -226115.99
0.0027623291 -226115.54
0.0027623596 -226115.1
0.0027623901 -226114.67
0.0027624207 -226114.25
0.0027624512 -226113.84
0.0027624817 -226113.45
0.0027625122 -226113.06
0.0027625427 -226112.68
0.0027625732 -226112.32
0.0027626038 -226111.96
0.0027626343 -226111.62
0.0027626648 -226111.28
0.0027626953 -226110.96
0.0027627258 -226110.64
0.0027627563 -226110.33
0.0027627869 -226110.04
0.0027628174 -226109.75
0.0027628479 -226109.48
0.0027628784 -226109.21
0.0027629089 -226108.96
0.0027629395 -226108.71
0.00276297 -226108.48
0.0027630005 -226108.25
0.002763031 -226108.04
0.0027630615 -226107.83
0.002763092 -226107.64
0.0027631226 -226107.45
0.0027631531 -226107.27
0.0027631836 -226107.1
0.0027632141 -226106.95
0.0027632446 -226106.8
0.0027632751 -226106.66
0.0027633057 -226106.53
0.0027633362 -226106.41
0.0027633667 -226106.3
0.0027633972 -226106.2
0.0027634277 -226106.11
0.0027634583 -226106.03
0.0027634888 -226105.96
0.0027635193 -226105.9
0.0027635498 -226105.85
0.0027635803 -226105.8
0.0027636108 -226105.77
0.0027636414 -226105.74
0.0027636719 -226105.73
0.0027637024 -226105.72
0.0027637329 -226105.72
0.0027637634 -226105.74
0.0027637939 -226105.76
0.0027638245 -226105.79
0.002763855 -226105.83
0.0027638855 -226105.88
0.002763916 -226105.94
0.0027639465 -226106.01
0.0027639771 -226106.08
0.0027640076 -226106.17
0.0027640381 -226106.26
0.0027640686 -226106.37
0.0027640991 -226106.48
0.0027641296 -226106.61
0.0027641602 -226106.74
0.0027641907 -226106.88
0.0027642212 -226107.03
0.0027642517 -226107.19
0.0027642822 -226107.36
0.0027643127 -226107.53
0.0027643433 -226107.72
0.0027643738 -226107.91
0.0027644043 -226108.12
0.0027644348 -226108.33
0.0027644653 -226108.56
0.0027644958 -226108.79
0.0027645264 -226109.03
0.0027645569 -226109.28
0.0027645874 -226109.54
0.0027646179 -226109.8
0.0027646484 -226110.08