0 -0.028168725
0.1 -0.028168891
0.2 -0.028169096
0.3 -0.028169182
0.4 -0.028169187
0.5 -0.028169173
0.6 -0.028169163
0.7 -0.028169158
0.8 -0.028169157
0.9 -0.028169161
1 -0.02816917
1.1 -0.028169186
1.2 -0.028169205
1.3 -0.028169203
1.4 -0.028169123
1.5 -0.028168985
1.6 -0.028168995
1.7 -0.028169205
1.8 -0.028169381
1.9 -0.028169434
2 -0.028169428
2.1 -0.028169414
2.2 -0.028169405
2.3 -0.028169402
2.4 -0.028169403
2.5 -0.028169409
2.6 -0.02816942
2.7 -0.028169438
2.8 -0.028169455
2.9 -0.02816943
3 -0.028169316
3.1 -0.028169202
3.2 -0.028169304
3.3 -0.028169532
3.4 -0.02816966
3.5 -0.028169683
3.6 -0.028169671
3.7 -0.028169658
3.8 -0.028169651
3.9 -0.02816965
4 -0.028169652
4.1 -0.02816966
4.2 -0.028169674
4.3 -0.028169693
4.4 -0.028169701
4.5 -0.028169646
4.6 -0.02816951
4.7 -0.02816946
4.8 -0.028169635
4.9 -0.02816984
5 -0.028169921
5.1 -0.028169924
5.2 -0.02816991
5.3 -0.0281699
5.4 -0.028169895
5.5 -0.028169895
5.6 -0.028169899
5.7 -0.028169908
5.8 -0.028169924
5.9 -0.028169943
6 -0.028169938
6.1 -0.028169855
6.2 -0.02816972
6.3 -0.028169739
6.4 -0.028169949
6.5 -0.028170118
6.6 -0.028170168
6.7 -0.028170162
6.8 -0.028170148
6.9 -0.028170139
7 -0.028170136
7.1 -0.028170137
7.2 -0.028170143
7.3 -0.028170154
7.4 -0.028170172
7.5 -0.028170188
7.6 -0.028170166
7.7 -0.028170054
7.8 -0.028169939
7.9 -0.028170034
8 -0.028170259
8.1 -0.02817039
8.2 -0.028170414
8.3 -0.028170403
8.4 -0.02817039
8.5 -0.028170383
8.6 -0.028170381
8.7 -0.028170384
8.8 -0.028170391
8.9 -0.028170405
9 -0.028170425
9.1 -0.028170434
9.2 -0.028170381
9.3 -0.028170243
9.4 -0.028170188
9.5 -0.028170363
9.6 -0.028170572
9.7 -0.028170656
9.8 -0.02817066
9.9 -0.028170645
10 -0.028170635
10.1 -0.02817063
10.2 -0.02817063
10.3 -0.028170634
10.4 -0.028170643
10.5 -0.02817066
10.6 -0.028170679
10.7 -0.028170672
10.8 -0.028170584
10.9 -0.028170449
11 -0.028170479
11.1 -0.028170696
11.2 -0.028170861
11.3 -0.028170906
11.4 -0.028170899
11.5 -0.028170885
11.6 -0.028170877
11.7 -0.028170874
11.8 -0.028170875
11.9 -0.028170881
12 -0.028170892
12.1 -0.02817091
12.2 -0.028170926
12.3 -0.0281709
12.4 -0.028170786
12.5 -0.028170678
12.6 -0.02817078
12.7 -0.028171001
12.8 -0.028171126
12.9 -0.028171148
13 -0.028171136
13.1 -0.028171124
13.2 -0.028171117
13.3 -0.028171116
13.4 -0.028171118
13.5 -0.028171125
13.6 -0.028171139
13.7 -0.028171158
13.8 -0.028171168
13.9 -0.028171117
14 -0.028170982
14.1 -0.028170922
14.2 -0.028171091
14.3 -0.0281713
14.4 -0.028171386
14.5 -0.028171391
14.6 -0.028171377
14.7 -0.028171366
14.8 -0.028171362
14.9 -0.028171361
15 -0.028171365
15.1 -0.028171375
15.2 -0.028171391
15.3 -0.028171411
15.4 -0.028171405
15.5 -0.028171318
15.6 -0.02817118
15.7 -0.028171207
15.8 -0.028171426
15.9 -0.028171595
16 -0.028171642
16.1 -0.028171634
16.2 -0.02817162
16.3 -0.028171612
16.4 -0.028171609
16.5 -0.02817161
16.6 -0.028171616
16.7 -0.028171628
16.8 -0.028171646
16.9 -0.028171661
17 -0.028171632
17.1 -0.028171514
17.2 -0.02817141
17.3 -0.028171525
17.4 -0.028171748
17.5 -0.028171867
17.6 -0.028171886
17.7 -0.028171873
17.8 -0.028171861
17.9 -0.028171855
18 -0.028171853
18.1 -0.028171856
18.2 -0.028171863
18.3 -0.028171877
18.4 -0.028171896
18.5 -0.028171904
18.6 -0.02817185
18.7 -0.028171716
18.8 -0.028171665
18.9 -0.028171837
19 -0.02817204
19.1 -0.028172121
19.2 -0.028172125
19.3 -0.028172111
19.4 -0.028172101
19.5 -0.028172096
19.6 -0.028172096
19.7 -0.0281721
19.8 -0.028172109
19.9 -0.028172125
20 -0.028172144
20.1 -0.02817214
20.2 -0.028172056
20.3 -0.028171918
20.4 -0.028171939
20.5 -0.028172154
20.6 -0.028172324
20.7 -0.028172373
20.8 -0.028172367
20.9 -0.028172353
21 -0.028172344
21.1 -0.028172341
21.2 -0.028172342
21.3 -0.028172348
21.4 -0.02817236
21.5 -0.028172378
21.6 -0.028172394
21.7 -0.028172366
21.8 -0.028172246
21.9 -0.02817214
22 -0.028172254
22.1 -0.028172481
22.2 -0.028172603
22.3 -0.028172622
22.4 -0.028172609
22.5 -0.028172596
22.6 -0.02817259
22.7 -0.028172589
22.8 -0.028172592
22.9 -0.028172599
23 -0.028172613
23.1 -0.028172633
23.2 -0.028172639
23.3 -0.02817258
23.4 -0.028172443
23.5 -0.028172403
23.6 -0.028172586
23.7 -0.028172785
23.8 -0.028172861
23.9 -0.028172862
24 -0.028172848
24.1 -0.028172838
24.2 -0.028172833
24.3 -0.028172833
24.4 -0.028172837
24.5 -0.028172847
24.6 -0.028172863
24.7 -0.028172882
24.8 -0.028172875
24.9 -0.028172788
25 -0.028172654
25.1 -0.028172684
25.2 -0.028172898
25.3 -0.028173062
25.4 -0.028173107
25.5 -0.0281731
25.6 -0.028173086
25.7 -0.028173078
25.8 -0.028173075
25.9 -0.028173076
26 -0.028173082
26.1 -0.028173094
26.2 -0.028173112
26.3 -0.028173128
26.4 -0.028173101
26.5 -0.028172984
26.6 -0.028172876
26.7 -0.028172984
26.8 -0.028173209
26.9 -0.028173333
27 -0.028173354
27.1 -0.028173341
27.2 -0.028173329
27.3 -0.028173323
27.4 -0.028173321
27.5 -0.028173324
27.6 -0.028173332
27.7 -0.028173346
27.8 -0.028173366
27.9 -0.028173372
28 -0.028173313
28.1 -0.028173174
28.2 -0.028173132
28.3 -0.028173318
28.4 -0.028173521
28.5 -0.028173597
28.6 -0.028173598
28.7 -0.028173584
28.8 -0.028173574
28.9 -0.028173569
29 -0.028173569
29.1 -0.028173574
29.2 -0.028173584
29.3 -0.0281736
29.4 -0.028173619
29.5 -0.028173609
29.6 -0.028173516
29.7 -0.028173384
29.8 -0.028173428
29.9 -0.028173648
30 -0.028173805
30.1 -0.028173845
30.2 -0.028173837
30.3 -0.028173823
30.4 -0.028173815
30.5 -0.028173813
30.6 -0.028173814
30.7 -0.02817382
30.8 -0.028173832
30.9 -0.02817385
31 -0.028173865
31.1 -0.028173835
31.2 -0.028173717
31.3 -0.028173616
31.4 -0.02817373
31.5 -0.028173951
31.6 -0.028174068
31.7 -0.028174087
31.8 -0.028174075
31.9 -0.028174063
32 -0.028174056
32.1 -0.028174055
32.2 -0.028174058
32.3 -0.028174065
32.4 -0.028174079
32.5 -0.028174099
32.6 -0.028174106
32.7 -0.028174049
32.8 -0.028173911
32.9 -0.028173866
33 -0.028174047
33.1 -0.02817425
33.2 -0.028174329
33.3 -0.028174331
33.4 -0.028174316
33.5 -0.028174306
33.6 -0.028174302
33.7 -0.028174302
33.8 -0.028174306
33.9 -0.028174316
34 -0.028174333
34.1 -0.028174352
34.2 -0.028174342
34.3 -0.028174248
34.4 -0.028174114
34.5 -0.028174159
34.6 -0.028174383
34.7 -0.028174543
34.8 -0.028174582
34.9 -0.028174573
35 -0.02817456
35.1 -0.028174552
35.2 -0.028174549
35.3 -0.028174551
35.4 -0.028174557
35.5 -0.028174569
35.6 -0.028174588
35.7 -0.028174601
35.8 -0.028174567
35.9 -0.028174444
36 -0.028174351
36.1 -0.02817448
36.2 -0.0281747
36.3 -0.02817481
36.4 -0.028174825
36.5 -0.028174812
36.6 -0.0281748
36.7 -0.028174794
36.8 -0.028174793
36.9 -0.028174796
37 -0.028174804
37.1 -0.028174818
37.2 -0.028174837
37.3 -0.028174842
37.4 -0.028174782
37.5 -0.028174646
37.6 -0.028174609
37.7 -0.028174792
37.8 -0.028174989
37.9 -0.028175063
38 -0.028175064
38.1 -0.02817505
38.2 -0.02817504
38.3 -0.028175036
38.4 -0.028175036
38.5 -0.02817504
38.6 -0.02817505
38.7 -0.028175066
38.8 -0.028175085
38.9 -0.028175076
39 -0.028174984
39.1 -0.02817485
39.2 -0.028174891
39.3 -0.028175112
39.4 -0.028175273
39.5 -0.028175314
39.6 -0.028175306
39.7 -0.028175292
39.8 -0.028175284
39.9 -0.028175282
40 -0.028175283
40.1 -0.028175289
40.2 -0.028175302
40.3 -0.028175321
40.4 -0.028175335
40.5 -0.0281753
40.6 -0.028175174
40.7 -0.02817508
40.8 -0.028175214
40.9 -0.028175438
41 -0.028175548
41.1 -0.028175562
41.2 -0.028175548
41.3 -0.028175536
41.4 -0.02817553
41.5 -0.028175529
41.6 -0.028175533
41.7 -0.028175541
41.8 -0.028175555
41.9 -0.028175575
42 -0.028175578
42.1 -0.028175511
42.2 -0.028175373
42.3 -0.028175351
42.4 -0.028175545
42.5 -0.028175736
42.6 -0.028175802
42.7 -0.028175801
42.8 -0.028175787
42.9 -0.028175777
43 -0.028175773
43.1 -0.028175774
43.2 -0.028175778
43.3 -0.028175788
43.4 -0.028175805
43.5 -0.028175823
43.6 -0.028175812
43.7 -0.028175717
43.8 -0.028175588
43.9 -0.028175637
44 -0.028175855
44.1 -0.028176009
44.2 -0.028176048
44.3 -0.028176039
44.4 -0.028176026
44.5 -0.028176018
44.6 -0.028176016
44.7 -0.028176017
44.8 -0.028176023
44.9 -0.028176035
45 -0.028176054
45.1 -0.028176069
45.2 -0.028176035
45.3 -0.028175911
45.4 -0.028175815
45.5 -0.028175944
45.6 -0.028176167
45.7 -0.028176279
45.8 -0.028176294
45.9 -0.028176281
46 -0.028176269
46.1 -0.028176263
46.2 -0.028176262
46.3 -0.028176265
46.4 -0.028176274
46.5 -0.028176289
46.6 -0.028176309
46.7 -0.028176311
46.8 -0.028176243
46.9 -0.028176102
47 -0.028176083
47.1 -0.028176282
47.2 -0.028176475
47.3 -0.02817654
47.4 -0.028176538
47.5 -0.028176523
47.6 -0.028176514
47.7 -0.02817651
47.8 -0.028176511
47.9 -0.028176515
48 -0.028176526
48.1 -0.028176543
48.2 -0.02817656
48.3 -0.028176545
48.4 -0.028176444
48.5 -0.028176319
48.6 -0.028176385
48.7 -0.028176608
48.8 -0.028176753
48.9 -0.028176786
49 -0.028176776
49.1 -0.028176763
49.2 -0.028176755
49.3 -0.028176753
49.4 -0.028176755
49.5 -0.028176761
49.6 -0.028176774
49.7 -0.028176792
49.8 -0.028176805
49.9 -0.028176769
50 -0.028176644
50.1 -0.028176556
50.2 -0.02817669
50.3 -0.028176908
50.4 -0.028177014
50.5 -0.028177027
50.6 -0.028177014
50.7 -0.028177003
50.8 -0.028176997
50.9 -0.028176996
51 -0.028176999
51.1 -0.028177007
51.2 -0.028177022
51.3 -0.028177042
51.4 -0.028177046
51.5 -0.028176979
51.6 -0.028176839
51.7 -0.028176815
51.8 -0.028177012
51.9 -0.028177206
52 -0.028177273
52.1 -0.028177271
52.2 -0.028177257
52.3 -0.028177247
52.4 -0.028177243
52.5 -0.028177244
52.6 -0.028177249
52.7 -0.028177259
52.8 -0.028177277
52.9 -0.028177295
53 -0.028177278
53.1 -0.028177174
53.2 -0.028177048
53.3 -0.028177121
53.4 -0.028177348
53.5 -0.028177493
53.6 -0.028177524
53.7 -0.028177513
53.8 -0.0281775
53.9 -0.028177493
54 -0.02817749
54.1 -0.028177492
54.2 -0.028177499
54.3 -0.028177512
54.4 -0.028177531
54.5 -0.028177542
54.6 -0.0281775
54.7 -0.02817737
54.8 -0.028177295
54.9 -0.028177444
55 -0.028177658
55.1 -0.028177755
55.2 -0.028177765
55.3 -0.028177751
55.4 -0.02817774
55.5 -0.028177735
55.6 -0.028177734
55.7 -0.028177737
55.8 -0.028177745
55.9 -0.02817776
56 -0.02817778
56.1 -0.028177781
56.2 -0.028177712
56.3 -0.028177574
56.4 -0.02817756
56.5 -0.028177757
56.6 -0.028177943
56.7 -0.028178006
56.8 -0.028178004
56.9 -0.02817799
57 -0.02817798
57.1 -0.028177977
57.2 -0.028177977
57.3 -0.028177982
57.4 -0.028177993
57.5 -0.02817801
57.6 -0.028178028
57.7 -0.028178013
57.8 -0.02817791
57.9 -0.028177783
58 -0.028177852
58.1 -0.028178079
58.2 -0.028178225
58.3 -0.028178257
58.4 -0.028178246
58.5 -0.028178233
58.6 -0.028178226
58.7 -0.028178224
58.8 -0.028178226
58.9 -0.028178233
59 -0.028178246
59.1 -0.028178265
59.2 -0.028178276
59.3 -0.028178231
59.4 -0.028178098
59.5 -0.028178026
59.6 -0.028178184
59.7 -0.0281784
59.8 -0.028178495
59.9 -0.028178502
60 -0.028178488
60.1 -0.028178477
60.2 -0.028178472
60.3 -0.028178472
60.4 -0.028178475
60.5 -0.028178484
60.6 -0.028178499
60.7 -0.028178519
60.8 -0.028178517
60.9 -0.02817844
61 -0.028178303
61.1 -0.028178306
61.2 -0.028178512
61.3 -0.02817869
61.4 -0.028178746
61.5 -0.028178741
61.6 -0.028178727
61.7 -0.028178718
61.8 -0.028178715
61.9 -0.028178715
62 -0.02817872
62.1 -0.028178731
62.2 -0.028178749
62.3 -0.028178766
62.4 -0.028178747
62.5 -0.028178643
62.6 -0.028178522
62.7 -0.028178598
62.8 -0.028178821
62.9 -0.02817896
63 -0.02817899
63.1 -0.028178979
63.2 -0.028178967
63.3 -0.028178959
63.4 -0.028178957
63.5 -0.028178959
63.6 -0.028178966
63.7 -0.028178979
63.8 -0.028178999
63.9 -0.02817901
64 -0.028178966
64.1 -0.028178834
64.2 -0.028178759
64.3 -0.028178915
64.4 -0.028179132
64.5 -0.028179228
64.6 -0.028179236
64.7 -0.028179222
64.8 -0.028179211
64.9 -0.028179205
65 -0.028179205
65.1 -0.028179209
65.2 -0.028179218
65.3 -0.028179234
65.4 -0.028179253
65.5 -0.02817925
65.6 -0.028179169
65.7 -0.02817903
65.8 -0.028179042
65.9 -0.028179256
66 -0.028179432
66.1 -0.028179484
66.2 -0.028179478
66.3 -0.028179464
66.4 -0.028179455
66.5 -0.028179452
66.6 -0.028179453
66.7 -0.028179458
66.8 -0.02817947
66.9 -0.028179488
67 -0.028179504
67.1 -0.02817948
67.2 -0.028179369
67.3 -0.028179256
67.4 -0.028179352
67.5 -0.028179575
67.6 -0.028179704
67.7 -0.028179728
67.8 -0.028179716
67.9 -0.028179704
68 -0.028179697
68.1 -0.028179695
68.2 -0.028179697
68.3 -0.028179704
68.4 -0.028179718
68.5 -0.028179737
68.6 -0.028179747
68.7 -0.0281797
68.8 -0.028179568
68.9 -0.028179501
69 -0.028179661
69.1 -0.028179871
69.2 -0.028179962
69.3 -0.028179969
69.4 -0.028179955
69.5 -0.028179944
69.6 -0.028179939
69.7 -0.028179939
69.8 -0.028179943
69.9 -0.028179951
70 -0.028179967
70.1 -0.028179987
70.2 -0.028179985
70.3 -0.028179905
70.4 -0.028179765
70.5 -0.028179774
70.6 -0.028179987
70.7 -0.028180165
70.8 -0.028180218
70.9 -0.028180212
71 -0.028180198
71.1 -0.028180189
71.2 -0.028180186
71.3 -0.028180187
71.4 -0.028180193
71.5 -0.028180204
71.6 -0.028180223
71.7 -0.028180239
71.8 -0.028180213
71.9 -0.028180096
72 -0.028179986
72.1 -0.028180093
72.2 -0.02818032
72.3 -0.028180445
72.4 -0.028180466
72.5 -0.028180454
72.6 -0.028180441
72.7 -0.028180435
72.8 -0.028180433
72.9 -0.028180436
73 -0.028180443
73.1 -0.028180457
73.2 -0.028180476
73.3 -0.028180484
73.4 -0.028180429
73.5 -0.028180294
73.6 -0.028180244
73.7 -0.028180418
73.8 -0.028180621
73.9 -0.028180702
74 -0.028180706
74.1 -0.028180692
74.2 -0.028180681
74.3 -0.028180677
74.4 -0.028180676
74.5 -0.02818068
74.6 -0.028180689
74.7 -0.028180705
74.8 -0.028180725
74.9 -0.02818072
75 -0.028180637
75.1 -0.028180501
75.2 -0.028180519
75.3 -0.028180731
75.4 -0.028180902
75.5 -0.028180951
75.6 -0.028180945
75.7 -0.028180931
75.8 -0.028180923
75.9 -0.02818092
76 -0.028180921
76.1 -0.028180926
76.2 -0.028180938
76.3 -0.028180956
76.4 -0.028180973
76.5 -0.028180947
76.6 -0.028180831
76.7 -0.028180719
76.8 -0.028180825
76.9 -0.028181053
77 -0.028181179
77.1 -0.0281812
77.2 -0.028181188
77.3 -0.028181175
77.4 -0.028181169
77.5 -0.028181167
77.6 -0.02818117
77.7 -0.028181178
77.8 -0.028181192
77.9 -0.028181212
78 -0.028181218
78.1 -0.02818116
78.2 -0.028181021
78.3 -0.028180979
78.4 -0.028181164
78.5 -0.028181366
78.6 -0.028181443
78.7 -0.028181444
78.8 -0.02818143
78.9 -0.028181419
79 -0.028181415
79.1 -0.028181415
79.2 -0.028181419
79.3 -0.028181429
79.4 -0.028181445
79.5 -0.028181464
79.6 -0.028181455
79.7 -0.028181364
79.8 -0.028181232
79.9 -0.028181271
80 -0.028181488
80.1 -0.028181648
80.2 -0.02818169
80.3 -0.028181682
80.4 -0.028181668
80.5 -0.02818166
80.6 -0.028181657
80.7 -0.028181659
80.8 -0.028181664
80.9 -0.028181676
81 -0.028181694
81.1 -0.028181709
81.2 -0.028181681
81.3 -0.028181564
81.4 -0.028181459
81.5 -0.028181571
81.6 -0.028181793
81.7 -0.028181914
81.8 -0.028181933
81.9 -0.028181921
82 -0.028181909
82.1 -0.028181902
82.2 -0.028181901
82.3 -0.028181904
82.4 -0.028181911
82.5 -0.028181926
82.6 -0.028181946
82.7 -0.028181952
82.8 -0.028181894
82.9 -0.028181754
83 -0.028181712
83.1 -0.028181897
83.2 -0.0281821
83.3 -0.028182177
83.4 -0.028182178
83.5 -0.028182164
83.6 -0.028182154
83.7 -0.028182149
83.8 -0.028182149
83.9 -0.028182154
84 -0.028182164
84.1 -0.028182181
84.2 -0.0281822
84.3 -0.028182188
84.4 -0.028182092
84.5 -0.02818196
84.6 -0.028182012
84.7 -0.028182236
84.8 -0.028182392
84.9 -0.028182429
85 -0.02818242
85.1 -0.028182406
85.2 -0.028182398
85.3 -0.028182396
85.4 -0.028182397
85.5 -0.028182404
85.6 -0.028182416
85.7 -0.028182435
85.8 -0.028182448
85.9 -0.028182413
86 -0.02818229
86.1 -0.028182198
86.2 -0.028182328
86.3 -0.028182547
86.4 -0.028182656
86.5 -0.02818267
86.6 -0.028182657
86.7 -0.028182646
86.8 -0.02818264
86.9 -0.028182639
87 -0.028182642
87.1 -0.028182649
87.2 -0.028182664
87.3 -0.028182683
87.4 -0.028182688
87.5 -0.028182627
87.6 -0.02818249
87.7 -0.028182455
87.8 -0.028182641
87.9 -0.028182838
88 -0.028182911
88.1 -0.028182911
88.2 -0.028182897
88.3 -0.028182887
88.4 -0.028182883
88.5 -0.028182883
88.6 -0.028182888
88.7 -0.028182898
88.8 -0.028182915
88.9 -0.028182934
89 -0.028182922
89.1 -0.028182825
89.2 -0.028182693
89.3 -0.028182746
89.4 -0.028182971
89.5 -0.028183126
89.6 -0.028183164
89.7 -0.028183154
89.8 -0.028183141
89.9 -0.028183133
90 -0.02818313
90.1 -0.028183132
90.2 -0.028183139
90.3 -0.028183151
90.4 -0.028183171
90.5 -0.028183183
90.6 -0.028183144
90.7 -0.028183015
90.8 -0.028182931
90.9 -0.028183076
91 -0.028183295
91.1 -0.028183398
91.2 -0.028183409
91.3 -0.028183395
91.4 -0.028183384
91.5 -0.028183378
91.6 -0.028183377
91.7 -0.028183381
91.8 -0.028183389
91.9 -0.028183404
92 -0.028183423
92.1 -0.028183425
92.2 -0.028183355
92.3 -0.028183218
92.4 -0.028183203
92.5 -0.0281834
92.6 -0.028183587
92.7 -0.02818365
92.8 -0.028183648
92.9 -0.028183633
93 -0.028183624
93.1 -0.02818362
93.2 -0.028183621
93.3 -0.028183625
93.4 -0.028183636
93.5 -0.028183653
93.6 -0.028183671
93.7 -0.028183657
93.8 -0.028183558
93.9 -0.028183431
94 -0.02818349
94.1 -0.028183713
94.2 -0.028183862
94.3 -0.028183897
94.4 -0.028183887
94.5 -0.028183874
94.6 -0.028183867
94.7 -0.028183864
94.8 -0.028183866
94.9 -0.028183873
95 -0.028183885
95.1 -0.028183905
95.2 -0.028183918
95.3 -0.028183878
95.4 -0.028183748
95.5 -0.028183664
95.6 -0.028183811
95.7 -0.028184031
95.8 -0.028184134
95.9 -0.028184144
96 -0.02818413
96.1 -0.028184119
96.2 -0.028184113
96.3 -0.028184113
96.4 -0.028184116
96.5 -0.028184125
96.6 -0.02818414
96.7 -0.02818416
96.8 -0.028184159
96.9 -0.028184083
97 -0.028183943
97.1 -0.028183944
97.2 -0.028184152
97.3 -0.028184334
97.4 -0.02818439
97.5 -0.028184386
97.6 -0.028184372
97.7 -0.028184363
97.8 -0.028184359
97.9 -0.02818436
98 -0.028184365
98.1 -0.028184376
98.2 -0.028184393
98.3 -0.02818441
98.4 -0.028184391
98.5 -0.028184284
98.6 -0.028184166
98.7 -0.028184247
98.8 -0.028184469
98.9 -0.028184606
99 -0.028184634
99.1 -0.028184623
99.2 -0.028184611
99.3 -0.028184604
99.4 -0.028184602
99.5 -0.028184604
99.6 -0.02818461
99.7 -0.028184623
99.8 -0.028184642
99.9 -0.028184654
100 -0.028184611
100.1 -0.028184481
