0 -0.004431885750815338
0.1 -0.004388974633267707
0.2 -0.00437002613373949
0.3 -0.004360052293457565
0.4 -0.004353496805853942
0.5 -0.00434841591211386
0.6 -0.004344042642078162
0.7 -0.004340036767028325
0.7999999999999999 -0.004336232735248244
0.8999999999999999 -0.004332542437379472
0.9999999999999999 -0.004328914605609091
1.1 -0.004325316553970216
1.2 -0.004321725260005045
1.3 -0.004318122537527317
1.4 -0.004314491996011859
1.5 -0.004310816613200218
1.6 -0.004307076097329871
1.7 -0.004303242685238573
1.8 -0.004299275832229181
1.900000000000001 -0.004295107998501401
2 -0.004290622354814192
2.100000000000001 -0.004285618552470606
2.200000000000001 -0.004279826511997648
2.300000000000001 -0.004273191944240946
2.400000000000001 -0.004266361613813027
2.500000000000001 -0.004260173401924416
2.600000000000001 -0.004254775510936138
2.700000000000001 -0.004249940825633187
2.800000000000001 -0.00424546936654957
2.900000000000001 -0.004241235471686489
3.000000000000001 -0.004237157085295096
3.100000000000001 -0.004233178297168488
3.200000000000002 -0.004229261263666587
3.300000000000002 -0.004225380941269342
3.400000000000002 -0.004221521104866324
3.500000000000002 -0.004217671454701015
3.600000000000002 -0.004213825636323314
3.700000000000002 -0.004209979935497579
3.800000000000002 -0.004206132431342404
3.900000000000002 -0.004202282445906771
4.000000000000002 -0.004198430180501209
4.100000000000001 -0.004194576468864445
4.200000000000001 -0.004190722605037447
4.300000000000001 -0.004186870220985679
4.4 -0.004183021197857492
4.5 -0.004179177599298462
4.6 -0.004175341618623284
4.699999999999999 -0.004171515534612085
4.799999999999999 -0.004167701672873963
4.899999999999999 -0.004163902370998347
4.999999999999998 -0.004160119946359822
5.099999999999998 -0.004156356665741459
5.199999999999998 -0.004152614716068503
5.299999999999997 -0.004148896175569332
5.399999999999997 -0.004145202984635899
5.499999999999996 -0.004141536915539839
5.599999999999996 -0.004137899539958505
5.699999999999996 -0.004134292192938854
5.799999999999995 -0.00413071593145566
5.899999999999995 -0.004127171485132579
5.999999999999995 -0.004123659196122153
6.099999999999994 -0.004120178944879394
6.199999999999994 -0.004116730059237173
6.299999999999994 -0.004113311207089157
6.399999999999993 -0.004109920280622473
6.499999999999993 -0.004106554296772411
6.599999999999993 -0.004103209370540723
6.699999999999992 -0.004099880869831873
6.799999999999992 -0.004096563924689187
6.899999999999991 -0.004093254494998207
6.999999999999991 -0.004089951088853562
7.099999999999991 -0.00408665682786275
7.19999999999999 -0.004083380908703921
7.29999999999999 -0.004080138125137353
7.39999999999999 -0.004076945803565267
7.499999999999989 -0.004073819247863759
7.599999999999989 -0.004070768027815515
7.699999999999989 -0.004067794742481447
7.799999999999988 -0.004064895984930328
7.899999999999988 -0.004062064028103714
7.999999999999988 -0.004059287898949766
8.099999999999987 -0.004056553172002994
8.199999999999987 -0.004053840128945812
8.299999999999986 -0.004051119993982575
8.399999999999986 -0.004048350027144165
8.499999999999986 -0.004045473402249052
8.599999999999985 -0.004042441592882779
8.699999999999985 -0.004039275522015632
8.799999999999985 -0.004036110301456506
8.899999999999984 -0.004033111414707212
8.999999999999984 -0.004030332779923996
9.099999999999984 -0.00402763431530634
9.199999999999983 -0.004024595024846233
9.299999999999983 -0.004021837936577174
9.399999999999983 -0.004019539843604727
9.499999999999982 -0.004017357102967144
9.599999999999982 -0.004015217360375569
9.699999999999982 -0.004013107187681931
9.799999999999981 -0.004011022017924941
9.899999999999981 -0.00400895923889038
9.99999999999998 -0.004006916936067188
10.09999999999998 -0.004004893539394318
10.19999999999998 -0.004002887679517908
10.29999999999998 -0.00400089811484701
10.39999999999998 -0.003998923690181198
10.49999999999998 -0.003996963311761444
10.59999999999998 -0.0039950159315439
10.69999999999998 -0.003993080536889987
10.79999999999998 -0.003991156143545227
10.89999999999998 -0.003989241790668048
10.99999999999998 -0.003987336537160993
11.09999999999998 -0.003985439458839378
11.19999999999998 -0.003983549646141692
11.29999999999998 -0.003981666202189671
11.39999999999998 -0.003979788241070803
11.49999999999998 -0.003977914886256153
11.59999999999997 -0.003976045269091783
11.69999999999997 -0.003974178527316213
11.79999999999997 -0.003972313803563865
11.89999999999997 -0.003970450243816154
11.99999999999997 -0.003968586995758838
12.09999999999997 -0.003966723206997098
12.19999999999997 -0.003964858023068254
12.29999999999997 -0.003962990585175668
12.39999999999997 -0.003961120027545274
12.49999999999997 -0.003959245474277095
12.59999999999997 -0.003957366035526617
12.69999999999997 -0.003955480802802486
12.79999999999997 -0.00395358884310716
12.89999999999997 -0.003951689191573182
12.99999999999997 -0.003949780842162975
13.09999999999997 -0.003947862735909533
13.19999999999997 -0.003945933746098617
13.29999999999997 -0.003943992659769264
13.39999999999997 -0.003942038155019383
13.49999999999997 -0.003940068773998433
13.59999999999997 -0.003938082892415872
13.69999999999997 -0.003936078688324497
13.79999999999997 -0.003934054116471375
13.89999999999997 -0.003932006900367727
13.99999999999997 -0.003929934562821565
14.09999999999997 -0.003927834526015753
14.19999999999997 -0.003925704319859764
14.29999999999997 -0.003923541931931134
14.39999999999996 -0.003921346297663629
14.49999999999996 -0.003919117852710178
14.59999999999996 -0.003916858964424804
14.69999999999996 -0.00391457399084484
14.79999999999996 -0.003912268780488479
14.89999999999996 -0.003909949660612252
14.99999999999996 -0.003907622244566165
15.09999999999996 -0.003905290502882972
15.19999999999996 -0.0039029563875116
15.29999999999996 -0.003900620005100434
15.39999999999996 -0.00389828012130604
15.49999999999996 -0.003895934741662554
15.59999999999996 -0.003893581600968228
15.69999999999996 -0.003891218502159694
15.79999999999996 -0.003888843517745243
15.89999999999996 -0.0038864550925285
15.99999999999996 -0.003884052080223681
16.09999999999996 -0.003881633729252801
16.19999999999996 -0.003879199624748864
16.29999999999996 -0.00387674960379115
16.39999999999996 -0.003874283675086248
16.49999999999996 -0.003871801969651227
16.59999999999997 -0.003869304726159884
16.69999999999997 -0.003866792296085973
16.79999999999997 -0.00386426515211508
16.89999999999997 -0.003861723891409811
16.99999999999997 -0.003859169232681333
17.09999999999997 -0.003856602009116725
17.19999999999997 -0.003854023159386259
17.29999999999998 -0.003851433718157424
17.39999999999998 -0.003848834806779706
17.49999999999998 -0.003846227624333797
17.59999999999998 -0.003843613439016493
17.69999999999998 -0.003840993579759856
17.79999999999998 -0.003838369427980608
17.89999999999998 -0.003835742409380206
17.99999999999999 -0.003833113985744207
18.09999999999999 -0.003830485646715532
18.19999999999999 -0.003827858901537853
18.29999999999999 -0.003825235270783695
18.39999999999999 -0.003822616278098345
18.49999999999999 -0.003820003442005277
18.59999999999999 -0.003817398267831703
18.7 -0.00381480223982403
18.8 -0.003812216813532535
18.9 -0.003809643408551132
19 -0.003807083401699595
19.1 -0.003804538120728581
19.2 -0.00380200883861279
19.3 -0.003799496768474061
19.40000000000001 -0.003797003059073446
19.50000000000001 -0.003794528790696042
19.60000000000001 -0.003792074971488335
19.70000000000001 -0.003789642534370821
19.80000000000001 -0.00378723233448992
19.90000000000001 -0.00378484514726455
20.00000000000001 -0.003782481667085166
20.10000000000002 -0.003780142506623731
20.20000000000002 -0.003777828196636618
20.30000000000002 -0.003775539186104556
20.40000000000002 -0.003773275842535058
20.50000000000002 -0.00377103845222583
20.60000000000002 -0.003768827220233422
20.70000000000002 -0.003766642269688724
20.80000000000003 -0.0037644836399303
20.90000000000003 -0.003762351282645598
21.00000000000003 -0.003760245054748697
21.10000000000003 -0.003758164705954699
21.20000000000003 -0.003756109857710329
21.30000000000003 -0.003754079967913792
21.40000000000003 -0.003752074272012531
21.50000000000004 -0.003750091684425008
21.60000000000004 -0.003748130632901633
21.70000000000004 -0.003746188779855187
21.80000000000004 -0.003744262557154745
21.90000000000004 -0.003742346410882006
22.00000000000004 -0.003740431660302693
22.10000000000004 -0.00373850506453705
22.20000000000005 -0.00373654792951096
22.30000000000005 -0.003734538381076374
22.40000000000005 -0.003732461431259783
22.50000000000005 -0.003730327707435794
22.60000000000005 -0.003728185236954698
22.70000000000005 -0.003726100110045701
22.80000000000005 -0.003724117277668585
22.90000000000006 -0.003722243730167044
23.00000000000006 -0.003720462079439914
23.10000000000006 -0.003718749378470385
23.20000000000006 -0.003717086624401706
23.30000000000006 -0.003715460559795478
23.40000000000006 -0.003713862527681563
23.50000000000006 -0.003712286930864494
23.60000000000007 -0.003710730052154458
23.70000000000007 -0.003709189286814431
23.80000000000007 -0.003707662672556399
23.90000000000007 -0.003706148606268481
24.00000000000007 -0.003704645671817326
24.10000000000007 -0.00370315253317888
24.20000000000007 -0.003701667867175442
24.30000000000008 -0.003700190322817049
24.40000000000008 -0.003698718502612189
24.50000000000008 -0.003697250967157144
24.60000000000008 -0.003695786268602925
24.70000000000008 -0.00369432302081436
24.80000000000008 -0.003692860012543476
24.90000000000008 -0.003691396362275833
25.00000000000009 -0.00368993169775067
25.10000000000009 -0.003688466321284156
25.20000000000009 -0.003687001302572017
25.30000000000009 -0.003685538438770295
25.40000000000009 -0.003684080050732455
25.50000000000009 -0.003682628641574259
25.60000000000009 -0.003681186502966749
25.7000000000001 -0.003679755379601954
25.8000000000001 -0.003678336275968731
25.9000000000001 -0.003676929429328389
26.0000000000001 -0.003675534415178686
26.1000000000001 -0.003674150323030255
26.2000000000001 -0.003672775943382319
26.3000000000001 -0.003671409927414208
26.40000000000011 -0.0036700509036025
26.50000000000011 -0.003668697551594312
26.60000000000011 -0.003667348641654592
26.70000000000011 -0.003666003049988843
26.80000000000011 -0.003664659759036325
26.90000000000011 -0.003663317849523623
27.00000000000011 -0.003661976488799641
27.10000000000012 -0.003660634918184173
27.20000000000012 -0.003659292440815851
27.30000000000012 -0.003657948410692766
27.40000000000012 -0.003656602223135314
27.50000000000012 -0.003655253306658851
27.60000000000012 -0.003653901116149164
27.70000000000012 -0.003652545127243214
27.80000000000013 -0.003651184831913365
27.90000000000013 -0.003649819735428879
28.00000000000013 -0.003648449355100623
28.10000000000013 -0.003647073221412053
28.20000000000013 -0.003645690882074551
28.30000000000013 -0.003644301908851359
28.40000000000013 -0.003642905905410403
28.50000000000014 -0.003641502512441784
28.60000000000014 -0.003640091405468513
28.70000000000014 -0.003638672283170811
28.80000000000014 -0.003637244849343051
28.90000000000014 -0.003635808795954496
29.00000000000014 -0.003634363794170411
29.10000000000014 -0.00363290949518519
29.20000000000014 -0.003631445537794824
29.30000000000015 -0.003629971558040394
29.40000000000015 -0.003628487197569078
29.50000000000015 -0.003626992109455654
29.60000000000015 -0.003625485961671343
29.70000000000015 -0.003623968438936011
29.80000000000015 -0.003622439243682173
29.90000000000015 -0.003620898096649178
30.00000000000016 -0.003619344737412039
30.10000000000016 -0.00361777892499527
30.20000000000016 -0.003616200438630431
30.30000000000016 -0.003614609078666651
30.40000000000016 -0.003613004667621791
30.50000000000016 -0.003611387051352316
30.60000000000016 -0.003609756100318618
30.70000000000017 -0.003608111710922483
30.80000000000017 -0.003606453806895309
30.90000000000017 -0.003604782340716672
31.00000000000017 -0.003603097295044159
31.10000000000017 -0.003601398684135709
31.20000000000017 -0.003599686555246246
31.30000000000017 -0.003597960989980153
31.40000000000018 -0.003596222105581153
31.50000000000018 -0.003594470056140897
31.60000000000018 -0.003592705033707411
31.70000000000018 -0.00359092726927427
31.80000000000018 -0.003589137033631784
31.90000000000018 -0.003587334638061165
32.00000000000018 -0.003585520434853615
32.10000000000019 -0.003583694817636707
32.20000000000019 -0.00358185822149146
32.30000000000019 -0.003580011122845028
32.40000000000019 -0.003578154039125352
32.50000000000019 -0.003576287528166216
32.60000000000019 -0.00357441218735355
32.70000000000019 -0.003572528652506085
32.8000000000002 -0.003570637596486671
32.9000000000002 -0.003568739727543536
33.0000000000002 -0.003566835787383894
33.1000000000002 -0.003564926548985964
33.2000000000002 -0.003563012814158867
33.3000000000002 -0.003561095410863214
33.4000000000002 -0.003559175190308811
33.50000000000021 -0.003557253023848871
33.60000000000021 -0.003555329799693166
33.70000000000021 -0.003553406419465006
33.80000000000021 -0.003551483794629104
33.90000000000021 -0.003549562842818883
34.00000000000021 -0.003547644484093122
34.10000000000021 -0.003545729637152369
34.20000000000022 -0.003543819215545981
34.30000000000022 -0.003541914123901159
34.40000000000022 -0.003540015254206275
34.50000000000022 -0.00353812348218314
34.60000000000022 -0.003536239663787675
34.70000000000022 -0.003534364631885148
34.80000000000022 -0.003532499193154577
34.90000000000023 -0.003530644125280854
35.00000000000023 -0.003528800174484561
35.10000000000023 -0.003526968053408064
35.20000000000023 -0.003525148439319036
35.30000000000023 -0.003523341972528132
35.40000000000023 -0.003521549254884517
35.50000000000023 -0.003519770848252692
35.60000000000024 -0.003518007272982543
35.70000000000024 -0.00351625900650052
35.80000000000024 -0.003514526482195087
35.90000000000024 -0.003512810088716525
36.00000000000024 -0.003511110169706211
36.10000000000024 -0.003509427023881194
36.20000000000024 -0.003507760905364267
36.30000000000025 -0.003506112024158882
36.40000000000025 -0.003504480546696203
36.50000000000025 -0.003502866596406164
36.60000000000025 -0.003501270254276974
36.70000000000025 -0.00349969155937001
36.80000000000025 -0.003498130509253192
36.90000000000025 -0.003496587060309294
37.00000000000026 -0.003495061127869411
37.10000000000026 -0.00349355258611669
37.20000000000026 -0.003492061267703581
37.30000000000026 -0.003490586963029043
37.40000000000026 -0.003489129419134646
37.50000000000026 -0.003487688338204813
37.60000000000026 -0.003486263375705256
37.70000000000027 -0.003484854138273344
37.80000000000027 -0.003483460181598763
37.90000000000027 -0.003482081008715773
38.00000000000027 -0.003480716069387566
38.10000000000027 -0.003479364761610414
38.20000000000027 -0.003478026436694531
38.30000000000027 -0.003476700409841242
38.40000000000028 -0.003475385978502994
38.50000000000028 -0.003474082450842529
38.60000000000028 -0.003472789185933237
38.70000000000028 -0.003471505645535981
38.80000000000028 -0.003470231454055867
38.90000000000028 -0.003468966458813361
39.00000000000028 -0.003467710778132792
39.10000000000029 -0.003466464822044115
39.20000000000029 -0.003465229272128846
39.30000000000029 -0.003464005014704564
39.40000000000029 -0.00346279303390535
39.50000000000029 -0.003461594283870719
39.60000000000029 -0.003460409566474075
39.70000000000029 -0.003459239439173857
39.8000000000003 -0.003458084167570248
39.9000000000003 -0.003456943723938925
40.0000000000003 -0.003455817822015809
40.1000000000003 -0.003454705972940256
40.2000000000003 -0.003453607547570488
40.3000000000003 -0.003452521834239384
40.4000000000003 -0.003451448085897038
40.50000000000031 -0.003450385554736282
40.60000000000031 -0.003449333515114062
40.70000000000031 -0.003448291276914827
40.80000000000031 -0.003447258191845529
40.90000000000031 -0.003446233654931098
41.00000000000031 -0.003445217103025745
41.10000000000031 -0.003444208011666929
41.20000000000032 -0.003443205891173402
41.30000000000032 -0.003442210282559281
41.40000000000032 -0.003441220753598979
41.50000000000032 -0.003440236895218914
41.60000000000032 -0.003439258318289654
41.70000000000032 -0.003438284650831713
41.80000000000032 -0.003437315535613704
41.90000000000033 -0.003436350628105361
42.00000000000033 -0.003435389594741618
42.10000000000033 -0.003434432111453633
42.20000000000033 -0.003433477862425982
42.30000000000033 -0.003432526539043523
42.40000000000033 -0.003431577838996231
42.50000000000033 -0.003430631465515478
42.60000000000034 -0.003429687126718996
42.70000000000034 -0.003428744535046095
42.80000000000034 -0.0034278034067676
42.90000000000034 -0.003426863461557936
43.00000000000034 -0.003425924422118951
43.10000000000034 -0.003424986013846902
43.20000000000034 -0.003424047964535583
43.30000000000035 -0.003423110004109608
43.40000000000035 -0.003422171864383049
43.50000000000035 -0.003421233278838804
43.60000000000035 -0.003420293982424933
43.70000000000035 -0.003419353711364097
43.80000000000035 -0.00341841220297244
43.90000000000035 -0.003417469195483591
44.00000000000036 -0.003416524427873554
44.10000000000036 -0.003415577639680928
44.20000000000036 -0.003414628570816531
44.30000000000036 -0.003413676961355516
44.40000000000036 -0.003412722551304787
44.50000000000036 -0.003411765080339765
44.60000000000036 -0.003410804287508772
44.70000000000037 -0.003409839910913535
44.80000000000037 -0.00340887168739543
44.90000000000037 -0.003407899352295443
45.00000000000037 -0.003406922639418368
45.10000000000037 -0.003405941281420596
45.20000000000037 -0.003404955010940328
45.30000000000037 -0.003403963562843141
45.40000000000038 -0.003402966677852009
45.50000000000038 -0.003401964107413032
45.60000000000038 -0.003400955618844947
45.70000000000038 -0.003399940998876505
45.80000000000038 -0.00339892005330392
45.90000000000038 -0.003397892601518968
46.00000000000038 -0.003396858467037316
46.10000000000039 -0.003395817467452696
46.20000000000039 -0.003394769407623945
46.30000000000039 -0.003393714078033273
46.40000000000039 -0.003392651257676901
46.50000000000039 -0.003391580719329758
46.60000000000039 -0.00339050223504157
46.70000000000039 -0.003389415580599896
46.8000000000004 -0.003388320538606098
46.9000000000004 -0.003387216900356765
47.0000000000004 -0.00338610446690797
47.1000000000004 -0.003384983049675493
47.2000000000004 -0.00338385247082607
47.3000000000004 -0.003382712563615896
47.4000000000004 -0.003381563172759416
47.50000000000041 -0.003380404154864813
47.60000000000041 -0.003379235378946044
47.70000000000041 -0.003378056727007934
47.80000000000041 -0.003376868094694915
47.90000000000041 -0.003375669391991942
48.00000000000041 -0.003374460543966016
48.10000000000041 -0.003373241491536916
48.20000000000041 -0.003372012192266825
48.30000000000042 -0.00337077262115854
48.40000000000042 -0.003369522771452514
48.50000000000042 -0.003368262655412961
48.60000000000042 -0.003366992305092945
48.70000000000042 -0.003365711773068054
48.80000000000042 -0.003364421133127669
48.90000000000042 -0.003363120480911665
49.00000000000043 -0.003361809934479513
49.10000000000043 -0.003360489634796596
49.20000000000043 -0.003359159746120573
49.30000000000043 -0.003357820456267257
49.40000000000043 -0.003356471976730517
49.50000000000043 -0.003355114542624359
49.60000000000043 -0.003353748412404828
49.70000000000044 -0.003352373867314544
49.80000000000044 -0.003350991210469707
49.90000000000044 -0.003349600765474125
50.00000000000044 -0.003348202874390359
