0 -0.004431885750815338
0.1 -0.004431351236527103
0.2 -0.004429985909148623
0.3 -0.004429550897582942
0.4 -0.004430107750995952
0.5 -0.004430568525322027
0.6 -0.004430750876733117
0.7 -0.004431079336950145
0.7999999999999999 -0.004431091896425489
0.8999999999999999 -0.004430604012868075
0.9999999999999999 -0.00442978773194351
1.1 -0.004429811247804877
1.2 -0.004430760418107029
1.3 -0.00443158493812464
1.4 -0.004431082864382565
1.5 -0.004430271558216268
1.6 -0.004430145513059332
1.7 -0.004430217437774511
1.8 -0.00442996477495795
1.900000000000001 -0.004430502764072961
2 -0.004431635346056536
2.100000000000001 -0.004431776976995419
2.200000000000001 -0.004430490182414516
2.300000000000001 -0.004429719064888579
2.400000000000001 -0.004429888977941861
2.500000000000001 -0.004430467860447066
2.600000000000001 -0.00443071101209389
2.700000000000001 -0.00443112799559502
2.800000000000001 -0.004431168639801735
2.900000000000001 -0.004430886590462777
3.000000000000001 -0.004430125144367173
3.100000000000001 -0.00442979837543746
3.200000000000002 -0.004430322495197742
3.300000000000002 -0.004431392288673811
3.400000000000002 -0.004431468629893054
3.500000000000002 -0.004430609872893363
3.600000000000002 -0.004430077445005719
3.700000000000002 -0.004430243770760007
3.800000000000002 -0.004430081324011622
3.900000000000002 -0.004430201944660653
4.000000000000002 -0.004431133203728081
4.100000000000001 -0.004431941459712344
4.200000000000001 -0.004431053174212466
4.300000000000001 -0.004429863156120865
4.4 -0.004429625059616979
4.5 -0.004430265047746214
4.6 -0.004430629776385951
4.699999999999999 -0.004430892131908289
4.799999999999999 -0.004431095586968319
4.899999999999999 -0.004431046563545833
4.999999999999998 -0.004430426086316267
5.099999999999998 -0.004429711347350079
5.199999999999998 -0.004429897324210627
5.299999999999997 -0.00443100406508779
5.399999999999997 -0.004431582582615413
5.499999999999996 -0.004430838063424316
5.599999999999996 -0.004430088739393975
5.699999999999996 -0.004430177693536794
5.799999999999995 -0.004430154302917604
5.899999999999995 -0.004429936168570632
5.999999999999995 -0.004430651490002788
6.099999999999994 -0.00443181379400985
6.199999999999994 -0.004431530183724683
6.299999999999994 -0.004430139062626109
6.399999999999993 -0.004429588470204094
6.499999999999993 -0.004430028192588255
6.599999999999993 -0.004430529739394614
6.699999999999992 -0.004430711730283813
6.799999999999992 -0.004431124580573019
6.899999999999991 -0.004431164376242946
6.999999999999991 -0.004430736770960204
7.099999999999991 -0.00442990170993215
7.19999999999999 -0.004429800919181234
7.29999999999999 -0.00443059264469711
7.39999999999999 -0.004431520019564946
7.499999999999989 -0.004431241913417643
7.599999999999989 -0.004430423782915449
7.699999999999989 -0.004430140504560289
7.799999999999988 -0.004430244263798719
7.899999999999988 -0.004430006469907464
7.999999999999988 -0.00443040189849679
8.099999999999987 -0.004431472087939538
8.199999999999987 -0.004431879884826467
8.299999999999986 -0.004430713612205821
8.399999999999986 -0.00442978907262542
8.499999999999986 -0.004429794967503975
8.599999999999985 -0.004430400822263894
8.699999999999985 -0.004430681871325354
8.799999999999985 -0.004431073437483663
8.899999999999984 -0.004431176141285118
8.999999999999984 -0.004430980394905652
9.099999999999984 -0.0044302490166666
9.199999999999983 -0.004429758136302597
9.299999999999983 -0.00443013215889607
9.399999999999983 -0.00443124148911881
9.499999999999982 -0.004431524427571909
9.599999999999982 -0.004430695671534604
9.699999999999982 -0.004430061357609284
9.799999999999981 -0.0044302282469054
9.899999999999981 -0.004430103805897678
9.99999999999998 -0.004430067744277272
10.09999999999998 -0.004430920152739618
10.19999999999998 -0.004431924418153038
10.29999999999998 -0.004431238845012397
10.39999999999998 -0.00442992445603488
10.49999999999998 -0.004429563742194918
10.59999999999998 -0.004430167280869077
10.69999999999998 -0.004430572222145922
10.79999999999998 -0.00443078382322486
10.89999999999998 -0.004431098635971096
10.99999999999998 -0.004431112355709402
11.09999999999998 -0.004430544207645047
11.19999999999998 -0.004429729983915161
11.29999999999998 -0.004429804261598523
11.39999999999998 -0.004430825168907425
11.49999999999998 -0.004431555429380897
11.59999999999997 -0.004430968265261757
11.69999999999997 -0.004430195908811064
11.79999999999997 -0.004430172762983967
11.89999999999997 -0.004430195323289114
11.99999999999997 -0.004429930636305349
12.09999999999997 -0.004430543109898918
12.19999999999997 -0.004431716528605535
12.29999999999997 -0.004431693673259361
12.39999999999997 -0.004430338189883002
12.49999999999997 -0.004429660863454474
12.59999999999997 -0.004429949981843566
12.69999999999997 -0.004430484636802302
12.79999999999997 -0.004430688373470009
12.89999999999997 -0.004431146127426262
12.99999999999997 -0.004431215299319329
13.09999999999997 -0.004430854952564958
13.19999999999997 -0.004430029605123433
13.29999999999997 -0.004429788716055631
13.39999999999997 -0.004430412719319519
13.49999999999997 -0.004431420239464699
13.59999999999997 -0.004431372726143103
13.69999999999997 -0.004430559857901247
13.79999999999997 -0.004430129131293296
13.89999999999997 -0.004430262154965915
13.99999999999997 -0.004430054599562871
14.09999999999997 -0.004430290041859107
14.19999999999997 -0.004431279908341502
14.29999999999997 -0.00443194185112343
14.39999999999996 -0.004430926934223833
14.49999999999996 -0.004429841511452818
14.59999999999996 -0.004429695796579818
14.69999999999996 -0.004430319340314144
14.79999999999996 -0.004430635573875303
14.89999999999996 -0.004430970410510715
14.99999999999996 -0.004431160971535823
15.09999999999996 -0.004431057749980196
15.19999999999996 -0.004430361733621116
15.29999999999996 -0.004429714137870162
15.39999999999996 -0.004429958565177621
15.49999999999996 -0.004431072919283655
15.59999999999996 -0.004431541499857296
15.69999999999996 -0.0044307826872633
15.79999999999996 -0.00443008381809509
15.89999999999996 -0.004430219307240641
15.99999999999996 -0.004430138993273189
16.09999999999996 -0.004429973037316808
16.19999999999996 -0.004430738856741088
16.29999999999996 -0.004431870237915908
16.39999999999996 -0.004431419512013334
16.49999999999996 -0.004430032191931783
16.59999999999997 -0.004429556353342743
16.69999999999997 -0.004430079371725432
16.79999999999997 -0.004430527473694503
16.89999999999997 -0.004430707301294726
16.99999999999997 -0.004431117970984337
17.09999999999997 -0.004431178538741069
17.19999999999997 -0.004430672229399868
17.29999999999998 -0.004429805818396882
17.39999999999998 -0.004429769045254036
17.49999999999998 -0.00443066316666994
17.59999999999998 -0.004431515102043171
17.69999999999998 -0.004431125533322003
17.79999999999998 -0.004430348273103625
17.89999999999998 -0.004430183544021261
17.99999999999999 -0.00443024319838642
18.09999999999999 -0.00442997012666751
18.19999999999999 -0.004430458204073014
18.29999999999999 -0.004431587522703521
18.39999999999999 -0.004431826347358765
18.49999999999999 -0.004430559531309288
18.59999999999999 -0.004429740468762745
18.7 -0.004429864381230633
18.8 -0.004430428909651478
18.9 -0.004430665088460252
19 -0.004431121247906635
19.1 -0.004431236421456488
19.2 -0.004430959743021411
19.3 -0.004430161260155407
19.40000000000001 -0.00442976705870414
19.50000000000001 -0.004430232031114101
19.60000000000001 -0.004431298921970294
19.70000000000001 -0.00443146614721535
19.80000000000001 -0.004430671747924833
19.90000000000001 -0.004430118113251253
20.00000000000001 -0.004430268980165335
20.10000000000002 -0.004430094548335131
20.20000000000002 -0.004430162812023159
20.30000000000002 -0.004431065022982855
20.40000000000002 -0.004431949834986773
20.50000000000002 -0.004431117091495676
20.60000000000002 -0.004429884557305554
20.70000000000002 -0.004429605337217997
20.80000000000003 -0.004430224707186189
20.90000000000003 -0.004430577282517149
21.00000000000003 -0.004430843878497401
21.10000000000003 -0.004431136052801296
21.20000000000003 -0.004431119801798256
21.30000000000003 -0.004430472954998082
21.40000000000003 -0.004429698370324625
21.50000000000004 -0.004429831256286626
21.60000000000004 -0.004430905045092946
21.70000000000004 -0.004431535433924003
21.80000000000004 -0.00443088768396007
21.90000000000004 -0.004430151577538803
22.00000000000004 -0.004430210050968364
22.10000000000004 -0.00443017741482014
22.20000000000005 -0.004429925031993333
22.30000000000005 -0.004430597226720789
22.40000000000005 -0.004431783581676218
22.50000000000005 -0.004431588101775498
22.60000000000005 -0.004430189588250747
22.70000000000005 -0.004429595681405708
22.80000000000005 -0.004429994699257958
22.90000000000006 -0.00443048411335561
23.00000000000006 -0.00443066335883005
23.10000000000006 -0.004431141759031647
23.20000000000006 -0.004431238117809065
23.30000000000006 -0.004430802273358602
23.40000000000006 -0.004429926849720335
23.50000000000006 -0.004429767298677281
23.60000000000007 -0.004430503438029855
23.70000000000007 -0.004431447406416819
23.80000000000007 -0.004431274320598577
23.90000000000007 -0.00443049975892678
24.00000000000007 -0.004430180754823689
24.10000000000007 -0.00443027306885325
24.20000000000007 -0.004430019881023118
24.30000000000008 -0.004430361065297613
24.40000000000008 -0.004431411146362593
24.50000000000008 -0.004431908578304734
24.60000000000008 -0.004430775168954679
24.70000000000008 -0.004429801242764687
24.80000000000008 -0.004429762596361284
24.90000000000008 -0.00443035796247041
25.00000000000009 -0.004430633193480753
25.10000000000009 -0.004431045801083276
25.20000000000009 -0.004431228016480776
25.30000000000009 -0.004431051976444851
25.40000000000009 -0.004430290626752104
25.50000000000009 -0.004429734388275365
25.60000000000009 -0.004430054913842016
25.7000000000001 -0.004431155170087534
25.8000000000001 -0.004431512639039243
25.9000000000001 -0.00443075403653548
26.0000000000001 -0.00443010890028056
26.1000000000001 -0.00443025772034367
26.2000000000001 -0.0044301235681317
26.3000000000001 -0.00443003732338766
26.40000000000011 -0.004430852319367527
26.50000000000011 -0.004431910591375018
26.60000000000011 -0.004431293312798036
26.70000000000011 -0.004429947312337108
26.80000000000011 -0.004429548716365119
26.90000000000011 -0.004430129323457096
27.00000000000011 -0.004430529113077213
27.10000000000012 -0.004430739439035697
27.20000000000012 -0.004431131999450505
27.30000000000012 -0.004431186612233393
27.40000000000012 -0.004430603666285381
27.50000000000012 -0.004429739854775992
27.60000000000012 -0.004429763955825708
27.70000000000012 -0.004430744562260125
27.80000000000013 -0.004431511503358487
27.90000000000013 -0.004431018719288917
28.00000000000013 -0.004430268187143069
28.10000000000013 -0.004430209910676699
28.20000000000013 -0.004430225303374277
28.30000000000013 -0.004429935581110413
28.40000000000013 -0.004430499229780554
28.50000000000014 -0.00443166978566843
28.60000000000014 -0.00443173403165738
28.70000000000014 -0.004430390741004099
28.80000000000014 -0.004429671985141638
28.90000000000014 -0.004429919908936594
29.00000000000014 -0.004430449773930251
29.10000000000014 -0.004430653513669018
29.20000000000014 -0.004431153083881844
29.30000000000015 -0.00443128078881201
29.40000000000015 -0.004430925913835026
29.50000000000015 -0.004430069292588107
29.60000000000015 -0.00442976739664214
29.70000000000015 -0.00443033564655658
29.80000000000015 -0.004431352320029691
29.90000000000015 -0.004431395053218476
30.00000000000016 -0.004430626809870226
30.10000000000016 -0.004430164078023705
30.20000000000016 -0.004430287012571825
30.30000000000016 -0.004430068125761938
30.40000000000016 -0.004430246284694579
30.50000000000016 -0.004431205552763996
30.60000000000016 -0.004431947283081657
30.70000000000017 -0.004430980815336308
30.80000000000017 -0.004429850114598133
30.90000000000017 -0.004429665208351363
31.00000000000017 -0.00443028275548994
31.10000000000017 -0.004430598199391618
31.20000000000017 -0.004430937541871927
31.30000000000017 -0.004431201816802924
31.40000000000018 -0.004431126456757666
31.50000000000018 -0.004430408923617843
31.60000000000018 -0.004429699489031773
31.70000000000018 -0.004429894760680573
31.80000000000018 -0.004430992298083264
31.90000000000018 -0.004431519239553541
32.00000000000018 -0.004430828800086268
32.10000000000019 -0.004430126612474828
32.20000000000019 -0.004430237890230102
32.30000000000019 -0.004430153829067334
32.40000000000019 -0.004429947387712652
32.50000000000019 -0.004430675099470133
32.60000000000019 -0.004431837632329548
32.70000000000019 -0.004431465590800502
32.8000000000002 -0.004430063763481163
32.9000000000002 -0.004429553371263328
33.0000000000002 -0.004430048131772426
33.1000000000002 -0.004430499170447223
33.2000000000002 -0.004430679515610265
33.3000000000002 -0.004431147917778456
33.4000000000002 -0.004431244188466996
33.50000000000021 -0.004430732986003941
33.60000000000021 -0.004429829536310802
33.70000000000021 -0.004429741945028534
33.80000000000021 -0.004430587696483206
33.90000000000021 -0.004431466769235216
34.00000000000021 -0.004431164487032666
34.10000000000021 -0.004430408736615684
34.20000000000022 -0.004430203510110757
34.30000000000022 -0.004430260879595711
34.40000000000022 -0.004429977042901916
34.50000000000022 -0.004430415396520793
34.60000000000022 -0.004431525860252253
34.70000000000022 -0.004431851980351513
34.80000000000022 -0.004430617086630589
34.90000000000023 -0.004429754958891078
35.00000000000023 -0.004429835503824027
35.10000000000023 -0.004430401279881822
35.20000000000023 -0.004430641006637688
35.30000000000023 -0.004431113251227872
35.40000000000023 -0.004431281784766135
35.50000000000023 -0.004431023345353477
35.60000000000024 -0.004430203929508859
35.70000000000024 -0.004429745869657791
35.80000000000024 -0.004430156309190229
35.90000000000024 -0.004431225522388341
36.00000000000024 -0.004431464333287171
36.10000000000024 -0.004430711688108054
36.20000000000024 -0.004430135848569483
36.30000000000025 -0.004430281643924944
36.40000000000025 -0.004430106689800619
36.50000000000025 -0.004430122712481245
36.60000000000025 -0.004430991606227598
36.70000000000025 -0.004431939836089268
36.80000000000025 -0.004431169614425644
36.90000000000025 -0.004429899427220985
37.00000000000026 -0.004429584437880129
37.10000000000026 -0.004430194606886402
37.20000000000026 -0.004430552066647134
37.30000000000026 -0.004430812308089854
37.40000000000026 -0.004431165793078222
37.50000000000026 -0.004431179947321892
37.60000000000026 -0.00443052344504475
37.70000000000027 -0.00442969504407142
37.80000000000027 -0.004429780601727904
37.90000000000027 -0.004430825743467062
38.00000000000027 -0.004431502201847318
38.10000000000027 -0.004430924375975839
38.20000000000027 -0.004430195740203976
38.30000000000027 -0.004430226549404689
38.40000000000028 -0.004430200177192843
38.50000000000028 -0.004429924315635956
38.60000000000028 -0.004430557639505727
38.70000000000028 -0.004431748898653969
38.80000000000028 -0.004431633322532336
38.90000000000028 -0.004430239944733187
39.00000000000028 -0.004429611325213257
39.10000000000029 -0.004429974249424254
39.20000000000029 -0.004430469506306914
39.30000000000029 -0.004430651997059325
39.40000000000029 -0.004431164013964225
39.50000000000029 -0.004431290920861084
39.60000000000029 -0.004430859614810521
39.70000000000029 -0.004429959081813996
39.8000000000003 -0.004429745338829648
39.9000000000003 -0.004430428715316201
40.0000000000003 -0.004431392706922896
40.1000000000003 -0.004431300502151443
40.2000000000003 -0.004430551375843452
40.3000000000003 -0.004430198025987916
40.4000000000003 -0.004430295528757084
40.50000000000031 -0.004430042623420436
40.60000000000031 -0.004430331709699165
40.70000000000031 -0.004431351082425691
40.80000000000031 -0.004431924977208881
40.90000000000031 -0.004430835027626819
41.00000000000031 -0.004429817014610643
41.10000000000031 -0.004429737687813478
41.20000000000032 -0.004430337303883782
41.30000000000032 -0.004430618284882736
41.40000000000032 -0.004431025305745872
41.50000000000032 -0.00443125286668994
41.60000000000032 -0.004431100640233269
41.70000000000032 -0.004430325336420105
41.80000000000032 -0.004429707121710771
41.90000000000033 -0.004429980517908809
42.00000000000033 -0.004431079768600845
42.10000000000033 -0.004431500032122512
42.20000000000033 -0.004430787944626392
42.30000000000033 -0.004430132688747841
42.40000000000033 -0.004430273033498302
42.50000000000033 -0.004430143864699232
42.60000000000034 -0.00443001150972704
42.70000000000034 -0.00443079085151765
42.80000000000034 -0.004431890341288621
42.90000000000034 -0.004431345616488847
43.00000000000034 -0.004429974988863231
43.10000000000034 -0.004429542551272115
43.20000000000034 -0.004430103333914323
43.30000000000035 -0.004430509868443472
43.40000000000035 -0.004430710758088309
43.50000000000035 -0.004431149989947152
43.60000000000035 -0.004431230167982843
43.70000000000035 -0.004430646531209768
43.80000000000035 -0.004429744699859753
43.90000000000035 -0.004429726385860542
44.00000000000036 -0.004430670944417437
44.10000000000036 -0.00443147732289178
44.20000000000036 -0.004431060124314746
44.30000000000036 -0.004430322931092972
44.40000000000036 -0.004430228751773957
44.50000000000036 -0.004430250325724016
44.60000000000036 -0.004429949196856372
44.70000000000037 -0.004430470103813935
44.80000000000037 -0.004431627514237708
44.90000000000037 -0.00443177198515063
45.00000000000037 -0.004430449755501293
45.10000000000037 -0.004429690284678134
45.20000000000037 -0.004429893296468148
45.30000000000037 -0.004430427583988814
45.40000000000038 -0.004430636499901951
45.50000000000038 -0.00443115036460771
45.60000000000038 -0.004431308874559894
45.70000000000038 -0.004430968565176571
45.80000000000038 -0.004430099134137449
45.90000000000038 -0.004429743894822129
46.00000000000038 -0.004430263448012866
46.10000000000039 -0.004431295643605078
46.20000000000039 -0.004431410114223037
46.30000000000039 -0.004430668266434118
46.40000000000039 -0.004430177613485072
46.50000000000039 -0.004430305480720985
46.60000000000039 -0.004430090744564842
46.70000000000039 -0.004430214964301027
46.8000000000004 -0.004431138411373845
46.9000000000004 -0.004431944644734722
47.0000000000004 -0.004431032371616669
47.1000000000004 -0.004429859157022783
47.2000000000004 -0.004429635092173193
47.3000000000004 -0.004430250438180869
47.4000000000004 -0.004430570843745481
47.50000000000041 -0.004430895242323035
47.60000000000041 -0.004431207111070261
47.70000000000041 -0.004431164055268551
47.80000000000041 -0.004430444407007574
47.90000000000041 -0.004429683283247111
48.00000000000041 -0.004429838060986136
48.10000000000041 -0.004430922364408237
48.20000000000041 -0.004431499009557774
48.30000000000042 -0.004430860897168202
48.40000000000042 -0.004430160775800506
48.50000000000042 -0.004430255633368021
48.60000000000042 -0.004430181280102109
48.70000000000042 -0.004429941059438613
48.80000000000042 -0.004430629201898333
48.90000000000042 -0.004431804756456645
49.00000000000043 -0.00443150856834793
49.10000000000043 -0.004430099455439825
49.20000000000043 -0.004429554698618072
49.30000000000043 -0.004430018101755443
49.40000000000043 -0.004430477592609642
49.50000000000043 -0.004430656117197698
49.60000000000043 -0.00443116184662897
49.70000000000044 -0.004431286603263768
49.80000000000044 -0.004430783443839044
49.90000000000044 -0.004429856442388434
50.00000000000044 -0.004429724214115639
