0 -0.004431885750815338
0.1 -0.004384214981613859
0.2 -0.004347489503886104
0.3 -0.004329347221899166
0.4 -0.00431950089334497
0.5 -0.004312827392393476
0.6 -0.004307439721720483
0.7 -0.004302623957578695
0.7999999999999999 -0.004298079725040971
0.8999999999999999 -0.004293670366466313
0.9999999999999999 -0.004289328680521275
1.1 -0.004285018878710767
1.2 -0.004280720326011128
1.3 -0.004276420176014257
1.4 -0.004272109843708756
1.5 -0.004267783229015093
1.6 -0.004263435779225814
1.7 -0.004259063970650579
1.8 -0.004254665008470064
1.900000000000001 -0.004250236644797209
2 -0.004245777063064365
2.100000000000001 -0.004241284800659647
2.200000000000001 -0.004236758693902442
2.300000000000001 -0.004232197835761851
2.400000000000001 -0.004227601539950442
2.500000000000001 -0.004222969306523253
2.600000000000001 -0.004218300784514835
2.700000000000001 -0.004213595726688746
2.800000000000001 -0.004208853930115949
2.900000000000001 -0.004204075153761033
3.000000000000001 -0.00419925899997102
3.100000000000001 -0.004194404739794219
3.200000000000002 -0.004189511051078159
3.300000000000002 -0.004184575622228352
3.400000000000002 -0.004179594553309495
3.500000000000002 -0.004174561460432999
3.600000000000002 -0.004169466200584697
3.700000000000002 -0.004164293274774513
3.800000000000002 -0.004159020456896526
3.900000000000002 -0.004153619501601063
4.000000000000002 -0.00414806304552969
4.100000000000001 -0.004142342696250922
4.200000000000001 -0.004136495186211013
4.300000000000001 -0.004130613137049003
4.4 -0.00412481339062627
4.5 -0.004119180995890872
4.6 -0.004113741643316413
4.699999999999999 -0.004108476790939996
4.799999999999999 -0.004103351909929545
4.899999999999999 -0.004098334567190589
4.999999999999998 -0.004093400431164731
5.099999999999998 -0.004088533299383299
5.199999999999998 -0.004083723961162231
5.299999999999997 -0.004078969333216146
5.399999999999997 -0.004074270370740747
5.499999999999996 -0.004069628569656789
5.599999999999996 -0.004065044195420758
5.699999999999996 -0.004060516886564456
5.799999999999995 -0.004056046506221091
5.899999999999995 -0.00405163335610549
5.999999999999995 -0.004047278046624183
6.099999999999994 -0.004042981322311934
6.199999999999994 -0.004038743934576053
6.299999999999994 -0.004034566563644509
6.399999999999993 -0.004030449774127731
6.499999999999993 -0.004026393991251515
6.599999999999993 -0.004022399489600388
6.699999999999992 -0.004018466389570734
6.799999999999992 -0.004014594658715558
6.899999999999991 -0.004010784116276325
6.999999999999991 -0.004007034439819295
7.099999999999991 -0.004003345173246676
7.19999999999999 -0.003999715735662346
7.29999999999999 -0.003996145430709647
7.39999999999999 -0.003992633456105547
7.499999999999989 -0.003989178913182998
7.599999999999989 -0.003985780816322807
7.699999999999989 -0.003982438102194619
7.799999999999988 -0.003979149638739874
7.899999999999988 -0.003975914233827761
7.999999999999988 -0.003972730643513991
8.099999999999987 -0.003969597579840709
8.199999999999987 -0.00396651371813203
8.299999999999986 -0.003963477703759289
8.399999999999986 -0.003960488158365909
8.499999999999986 -0.003957543685554839
8.599999999999985 -0.003954642876048209
8.699999999999985 -0.003951784312333652
8.799999999999985 -0.003948966572812549
8.899999999999984 -0.003946188235465485
8.999999999999984 -0.003943447881047234
9.099999999999984 -0.003940744095817789
9.199999999999983 -0.003938075473806197
9.299999999999983 -0.003935440618586012
9.399999999999983 -0.003932838144511603
9.499999999999982 -0.003930266677312447
9.599999999999982 -0.003927724853851101
9.699999999999982 -0.003925211320685611
9.799999999999981 -0.003922724730772388
9.899999999999981 -0.003920263737068172
9.99999999999998 -0.003917826980659395
10.09999999999998 -0.003915413068754512
10.19999999999998 -0.003913020533045845
10.29999999999998 -0.003910647748358065
10.39999999999998 -0.003908292767222518
10.49999999999998 -0.003905952967610345
10.59999999999998 -0.003903624263257197
10.69999999999998 -0.003901299232988718
10.79999999999998 -0.003898962438197446
10.89999999999998 -0.003896578177586691
10.99999999999998 -0.003894058470920929
11.09999999999998 -0.003891191145539936
11.19999999999998 -0.00388758026431206
11.29999999999998 -0.003883042441196734
11.39999999999998 -0.003878477055338417
11.49999999999998 -0.003874850682026595
11.59999999999997 -0.003872034679270346
11.69999999999997 -0.003869609679987838
11.79999999999997 -0.00386733856426578
11.89999999999997 -0.003865124319604285
11.99999999999997 -0.003862929518915471
12.09999999999997 -0.003860738832489536
12.19999999999997 -0.003858544830071732
12.29999999999997 -0.003856342663222066
12.39999999999997 -0.003854127907892833
12.49999999999997 -0.003851895522979682
12.59999999999997 -0.00384963921908
12.69999999999997 -0.00384735106773545
12.79999999999997 -0.003845021502712741
12.89999999999997 -0.003842640166005229
12.99999999999997 -0.003840198259844606
13.09999999999997 -0.003837692753094675
13.19999999999997 -0.00383513133354611
13.29999999999997 -0.003832534742525226
13.39999999999997 -0.003829932791821336
13.49999999999997 -0.003827354625803653
13.59999999999997 -0.003824819308458904
13.69999999999997 -0.003822332532046608
13.79999999999997 -0.003819889522858447
13.89999999999997 -0.003817480237043462
13.99999999999997 -0.003815093561192318
14.09999999999997 -0.003812719556530575
14.19999999999997 -0.003810350197459077
14.29999999999997 -0.003807979321781474
14.39999999999996 -0.003805602294004396
14.49999999999996 -0.003803215632449204
14.59999999999996 -0.003800816693840111
14.69999999999996 -0.003798403434406325
14.79999999999996 -0.003795974238625135
14.89999999999996 -0.003793527799990094
14.99999999999996 -0.003791063039309925
15.09999999999996 -0.003788579049239608
15.19999999999996 -0.003786075056880134
15.29999999999996 -0.003783550398764164
15.39999999999996 -0.003781004504340855
15.49999999999996 -0.003778436885318827
15.59999999999996 -0.003775847129071962
15.69999999999996 -0.003773234894880733
15.79999999999996 -0.003770599912162218
15.89999999999996 -0.003767941980096466
15.99999999999996 -0.003765260968227868
16.09999999999996 -0.003762556817735132
16.19999999999996 -0.003759829543141101
16.29999999999996 -0.003757079234286964
16.39999999999996 -0.003754306058431083
16.49999999999996 -0.00375151026235804
16.59999999999997 -0.003748692174401054
16.69999999999997 -0.003745852206293523
16.79999999999997 -0.003742990854774929
16.89999999999997 -0.003740108702883493
16.99999999999997 -0.003737206420873622
17.09999999999997 -0.003734284766700111
17.19999999999997 -0.003731344586013863
17.29999999999998 -0.003728386811614037
17.39999999999998 -0.003725412462299478
17.49999999999998 -0.003722422641056294
17.59999999999998 -0.003719418532506599
17.69999999999998 -0.003716401399524398
17.79999999999998 -0.003713372578891266
17.89999999999998 -0.003710333475809422
17.99999999999999 -0.003707285556994574
18.09999999999999 -0.003704230341909299
18.19999999999999 -0.003701169391434716
18.29999999999999 -0.003698104292901931
18.39999999999999 -0.003695036640045325
18.49999999999999 -0.003691968006751056
18.59999999999999 -0.00368889991659272
18.7 -0.003685833821160392
18.8 -0.003682771125504137
18.9 -0.003679713327008515
19 -0.003676662288277478
19.1 -0.003673620446889773
19.2 -0.003670590599915633
19.3 -0.0036675753055928
19.40000000000001 -0.003664576489418099
19.50000000000001 -0.003661595541684189
19.60000000000001 -0.003658633613087004
19.70000000000001 -0.003655691813688311
19.80000000000001 -0.003652771274994416
19.90000000000001 -0.003649873141259361
20.00000000000001 -0.003646998542016764
20.10000000000002 -0.003644148566941996
20.20000000000002 -0.00364132424770917
20.30000000000002 -0.003638526546054054
20.40000000000002 -0.003635756346299208
20.50000000000002 -0.003633014450907666
20.60000000000002 -0.003630301578097536
20.70000000000002 -0.003627618360904385
20.80000000000003 -0.003624965347305831
20.90000000000003 -0.003622343001159112
21.00000000000003 -0.003619751703782475
21.10000000000003 -0.003617191756057941
21.20000000000003 -0.003614663380960846
21.30000000000003 -0.003612166726438726
21.40000000000003 -0.003609701868573172
21.50000000000004 -0.003607268814965948
21.60000000000004 -0.003604867508296813
21.70000000000004 -0.003602497830005072
21.80000000000004 -0.003600159604051521
21.90000000000004 -0.003597852600721439
22.00000000000004 -0.003595576540433308
22.10000000000004 -0.003593331097521589
22.20000000000005 -0.003591115903966005
22.30000000000005 -0.003588930553042999
22.40000000000005 -0.003586774602878851
22.50000000000005 -0.003584647579887079
22.60000000000005 -0.003582548982075722
22.70000000000005 -0.003580478282213037
22.80000000000005 -0.003578434930842601
22.90000000000006 -0.003576418359141103
23.00000000000006 -0.003574427981614416
23.10000000000006 -0.003572463198629233
23.20000000000006 -0.003570523398779424
23.30000000000006 -0.003568607961087765
23.40000000000006 -0.003566716257044916
23.50000000000006 -0.003564847652488678
23.60000000000007 -0.003563001509327325
23.70000000000007 -0.003561177187111944
23.80000000000007 -0.003559374044462752
23.90000000000007 -0.00355759144035569
24.00000000000007 -0.003555828735275597
24.10000000000007 -0.003554085292243696
24.20000000000007 -0.003552360477728135
24.30000000000008 -0.0035506536624482
24.40000000000008 -0.00354896422208536
24.50000000000008 -0.003547291537916573
24.60000000000008 -0.003545634997386173
24.70000000000008 -0.00354399399462961
24.80000000000008 -0.003542367930951045
24.90000000000008 -0.003540756215237866
25.00000000000009 -0.00353915826427237
25.10000000000009 -0.003537573502889834
25.20000000000009 -0.003536001363949999
25.30000000000009 -0.003534441288139202
25.40000000000009 -0.003532892723678302
25.50000000000009 -0.003531355126038324
25.60000000000009 -0.003529827957739069
25.7000000000001 -0.003528310688245213
25.8000000000001 -0.003526802793920356
25.9000000000001 -0.003525303757978636
26.0000000000001 -0.003523813070384599
26.1000000000001 -0.003522330227676365
26.2000000000001 -0.00352085473270769
26.3000000000001 -0.003519386094315495
26.40000000000011 -0.003517923826920627
26.50000000000011 -0.003516467450066303
26.60000000000011 -0.003515016487892332
26.70000000000011 -0.003513570468536926
26.80000000000011 -0.003512128923450438
26.90000000000011 -0.003510691386598023
27.00000000000011 -0.00350925739351823
27.10000000000012 -0.003507826480192518
27.20000000000012 -0.003506398181663766
27.30000000000012 -0.003504972030319018
27.40000000000012 -0.003503547553719209
27.50000000000012 -0.003502124271813637
27.60000000000012 -0.003500701693312113
27.70000000000012 -0.003499279310896833
27.80000000000013 -0.003497856594825062
27.90000000000013 -0.003496432984287899
28.00000000000013 -0.00349500787562591
28.10000000000013 -0.003493580606129617
28.20000000000013 -0.003492150431637109
28.30000000000013 -0.003490716495449402
28.40000000000013 -0.003489277785213697
28.50000000000014 -0.003487833073460673
28.60000000000014 -0.003486380836747919
28.70000000000014 -0.003484919148712066
28.80000000000014 -0.003483445545726337
28.90000000000014 -0.003481956874249577
29.00000000000014 -0.003480449153203953
29.10000000000014 -0.003478917531906818
29.20000000000014 -0.003477356498395882
29.30000000000015 -0.003475760571581343
29.40000000000015 -0.003474125703896255
29.50000000000015 -0.003472451356978463
29.60000000000015 -0.003470742574811369
29.70000000000015 -0.0034690106776126
29.80000000000015 -0.003467271341365988
29.90000000000015 -0.003465540391505022
30.00000000000016 -0.003463829485972407
30.10000000000016 -0.003462143968894211
30.20000000000016 -0.003460483411422619
30.30000000000016 -0.00345884367948314
30.40000000000016 -0.003457219095397947
30.50000000000016 -0.003455603934254053
30.60000000000016 -0.003453993175179984
30.70000000000017 -0.003452382732138186
30.80000000000017 -0.003450769411424628
30.90000000000017 -0.003449150763968303
31.00000000000017 -0.003447524920937834
31.10000000000017 -0.00344589044949239
31.20000000000017 -0.003444246238695188
31.30000000000017 -0.00344259141408622
31.40000000000018 -0.003440925275666976
31.50000000000018 -0.003439247253691178
31.60000000000018 -0.003437556877496079
31.70000000000018 -0.003435853753693046
31.80000000000018 -0.003434137551008161
31.90000000000018 -0.003432407989829982
32.00000000000018 -0.003430664835089329
32.10000000000019 -0.00342890789150349
32.20000000000019 -0.003427137000503851
32.30000000000019 -0.003425352038366426
32.40000000000019 -0.003423552915203617
32.50000000000019 -0.003421739574572162
32.60000000000019 -0.00341991199351935
32.70000000000019 -0.003418070182936367
32.8000000000002 -0.003416214188120316
32.9000000000002 -0.003414344089469331
33.0000000000002 -0.003412460003251572
33.1000000000002 -0.00341056208240029
33.2000000000002 -0.003408650517295417
33.3000000000002 -0.003406725536498189
33.4000000000002 -0.003404787407409808
33.50000000000021 -0.003402836436828436
33.60000000000021 -0.003400872971381764
33.70000000000021 -0.003398897397814595
33.80000000000021 -0.003396910143112971
33.90000000000021 -0.003394911674448467
34.00000000000021 -0.003392902498928165
34.10000000000021 -0.003390883163137866
34.20000000000022 -0.003388854252468394
34.30000000000022 -0.003386816390216852
34.40000000000022 -0.003384770236457418
34.50000000000022 -0.003382716486678587
34.60000000000022 -0.003380655870186494
34.70000000000022 -0.003378589148276815
34.80000000000022 -0.003376517112180435
34.90000000000023 -0.00337444058079093
35.00000000000023 -0.003372360398184874
35.10000000000023 -0.003370277430948558
35.20000000000023 -0.003368192565327523
35.30000000000023 -0.00336610670421757
35.40000000000023 -0.003364020764018506
35.50000000000023 -0.00336193567137354
35.60000000000024 -0.003359852359819324
35.70000000000024 -0.003357771766372841
35.80000000000024 -0.003355694828082471
35.90000000000024 -0.003353622478571287
36.00000000000024 -0.003351555644600911
36.10000000000024 -0.003349495242683999
36.20000000000024 -0.003347442175772963
36.30000000000025 -0.003345397330051461
36.40000000000025 -0.003343361571853635
36.50000000000025 -0.003341335744734498
36.60000000000025 -0.003339320666712466
36.70000000000025 -0.003337317127702838
36.80000000000025 -0.003335325887158389
36.90000000000025 -0.003333347671930464
37.00000000000026 -0.003331383174361172
37.10000000000026 -0.003329433050614503
37.20000000000026 -0.003327497919251299
37.30000000000026 -0.003325578360050221
37.40000000000026 -0.003323674913074223
37.50000000000026 -0.003321788077979543
37.60000000000026 -0.003319918313561687
37.70000000000027 -0.003318066037530915
37.80000000000027 -0.003316231626507563
37.90000000000027 -0.003314415416226177
38.00000000000027 -0.003312617701935463
38.10000000000027 -0.00331083873898042
38.20000000000027 -0.003309078743551746
38.30000000000027 -0.003307337893587072
38.40000000000028 -0.00330561632980819
38.50000000000028 -0.003303914156878117
38.60000000000028 -0.003302231444662124
38.70000000000028 -0.003300568229576781
38.80000000000028 -0.003298924516011764
38.90000000000028 -0.00329730027780953
39.00000000000028 -0.00329569545978873
39.10000000000029 -0.003294109979297984
39.20000000000029 -0.00329254372778755
39.30000000000029 -0.003290996572387303
39.40000000000029 -0.003289468357480441
39.50000000000029 -0.003287958906263292
39.60000000000029 -0.00328646802228264
39.70000000000029 -0.003284995490942925
39.8000000000003 -0.003283541080976676
39.9000000000003 -0.003282104545872408
40.0000000000003 -0.003280685625255237
40.1000000000003 -0.003279284046216133
40.2000000000003 -0.003277899524586722
40.3000000000003 -0.003276531766157043
40.4000000000003 -0.003275180467834652
40.50000000000031 -0.003273845318743757
40.60000000000031 -0.003272526001263901
40.70000000000031 -0.003271222192008006
40.80000000000031 -0.003269933562740155
40.90000000000031 -0.003268659781233891
41.00000000000031 -0.00326740051207196
41.10000000000031 -0.003266155417388985
41.20000000000032 -0.003264924157558566
41.30000000000032 -0.003263706391826624
41.40000000000032 -0.003262501778892952
41.50000000000032 -0.003261309977442946
41.60000000000032 -0.003260130646631768
41.70000000000032 -0.003258963446523092
41.80000000000032 -0.003257808038484721
41.90000000000033 -0.003256664085543262
42.00000000000033 -0.003255531252700215
42.10000000000033 -0.003254409207211667
42.20000000000033 -0.003253297618833706
42.30000000000033 -0.003252196160035862
42.40000000000033 -0.003251104506184539
42.50000000000033 -0.003250022335698499
42.60000000000034 -0.003248949330178347
42.70000000000034 -0.003247885174511928
42.80000000000034 -0.003246829556957372
42.90000000000034 -0.0032457821692055
43.00000000000034 -0.003244742706423315
43.10000000000034 -0.003243710867279954
43.20000000000034 -0.00324268635395675
43.30000000000035 -0.003241668872142618
43.40000000000035 -0.003240658131016182
43.50000000000035 -0.003239653843215785
43.60000000000035 -0.003238655724798584
43.70000000000035 -0.003237663495189761
43.80000000000035 -0.00323667687712288
43.90000000000035 -0.003235695596572298
44.00000000000036 -0.003234719382678553
44.10000000000036 -0.00323374796766748
44.20000000000036 -0.003232781086763911
44.30000000000036 -0.003231818478100506
44.40000000000036 -0.003230859882622636
44.50000000000036 -0.003229905043989619
44.60000000000036 -0.003228953708473189
44.70000000000037 -0.00322800562485353
44.80000000000037 -0.003227060544313497
44.90000000000037 -0.003226118220331419
45.00000000000037 -0.003225178408573063
45.10000000000037 -0.003224240866783051
45.20000000000037 -0.003223305354676173
45.30000000000037 -0.003222371633829102
45.40000000000038 -0.003221439467572637
45.50000000000038 -0.003220508620885089
45.60000000000038 -0.003219578860286948
45.70000000000038 -0.003218649953737321
45.80000000000038 -0.003217721670532248
45.90000000000038 -0.003216793781205464
46.00000000000038 -0.003215866057431731
46.10000000000039 -0.003214938271933037
46.20000000000039 -0.003214010198388107
46.30000000000039 -0.003213081611345379
46.40000000000039 -0.003212152286139781
46.50000000000039 -0.003211221998813676
46.60000000000039 -0.003210290526042229
46.70000000000039 -0.0032093576450635
46.8000000000004 -0.00320842313361369
46.9000000000004 -0.003207486769867735
47.0000000000004 -0.003206548332385763
47.1000000000004 -0.003205607600065697
47.2000000000004 -0.0032046643521024
47.3000000000004 -0.003203718367953832
47.4000000000004 -0.0032027694273146
47.50000000000041 -0.00320181731009739
47.60000000000041 -0.003200861796422779
47.70000000000041 -0.003199902666617894
47.80000000000041 -0.003198939701224535
47.90000000000041 -0.003197972681017234
48.00000000000041 -0.003197001387031922
48.10000000000041 -0.00319602560060582
48.20000000000041 -0.003195045103429173
48.30000000000042 -0.003194059677609511
48.40000000000042 -0.003193069105749183
48.50000000000042 -0.003192073171036871
48.60000000000042 -0.003191071657353772
48.70000000000042 -0.003190064349395332
48.80000000000042 -0.003189051032809168
48.90000000000042 -0.003188031494350132
49.00000000000043 -0.003187005522053143
49.10000000000043 -0.003185972905424741
49.20000000000043 -0.003184933435654101
49.30000000000043 -0.003183886905844331
49.40000000000043 -0.003182833111264941
49.50000000000043 -0.003181771849626246
49.60000000000043 -0.003180702921376585
49.70000000000044 -0.003179626130023108
49.80000000000044 -0.003178541282476927
49.90000000000044 -0.003177448189423127
50.00000000000044 -0.003176346665716186
