0 -0.004431885750815338
0.1 -0.004439895341805754
0.2 -0.004421972141533803
0.3 -0.004426935151670089
0.4 -0.004437265954011368
0.5 -0.004466080504506312
0.6 -0.004567301172138894
0.7 -0.004290901466242588
0.7999999999999999 -0.004293060367283784
0.8999999999999999 -0.004293244489292006
0.9999999999999999 -0.004293407792145397
1.1 -0.00429356824250384
1.2 -0.004293719691127151
1.3 -0.004293860264795718
1.4 -0.004293993029610908
1.5 -0.004294124372273477
1.6 -0.004294262784160624
1.7 -0.004294416874566049
1.8 -0.004294592022802104
1.900000000000001 -0.004294786342941787
2 -0.004294989830922521
2.100000000000001 -0.004295189848883905
2.200000000000001 -0.004295378422827084
2.300000000000001 -0.004295555577183026
2.400000000000001 -0.004295728396540129
2.500000000000001 -0.004295907964082649
2.600000000000001 -0.004296106303889682
2.700000000000001 -0.004296332676822337
2.800000000000001 -0.004296588118685549
2.900000000000001 -0.004296861749653227
3.000000000000001 -0.00429713596991807
3.100000000000001 -0.004297399056902262
3.200000000000002 -0.004297652341830592
3.300000000000002 -0.004297908425081524
3.400000000000002 -0.004298187094895932
3.500000000000002 -0.004298510434223416
3.600000000000002 -0.004298895723437699
3.700000000000002 -0.00429936071905407
3.800000000000002 -0.004299997259261331
3.900000000000002 -0.004301412848487144
4.000000000000002 -0.00430154821335975
4.100000000000001 -0.004306739768540294
4.200000000000001 -0.004272794793135393
4.300000000000001 -0.004273212905987202
4.4 -0.004273690948785761
4.5 -0.004274236381895705
4.6 -0.004274834311891193
4.699999999999999 -0.004275459715999583
4.799999999999999 -0.004276100567669307
4.899999999999999 -0.004276771476519752
4.999999999999998 -0.004277511944713415
5.099999999999998 -0.004278375664502562
5.199999999999998 -0.00427941128269519
5.299999999999997 -0.00428063970967784
5.399999999999997 -0.004282056349947315
5.499999999999996 -0.004283678994888951
5.599999999999996 -0.004285614722098225
5.699999999999996 -0.004288119755171399
5.799999999999995 -0.004291671732430704
5.899999999999995 -0.004297140855487746
5.999999999999995 -0.004306599343983334
6.099999999999994 -0.004328195833390901
6.199999999999994 -0.004410552048721077
6.299999999999994 -0.004398160248213149
6.399999999999993 -0.00560185347450082
6.499999999999993 0.03452474352226206
6.599999999999993 0.03452470846184217
6.699999999999992 0.03452470694474032
6.799999999999992 0.03452470652821952
6.899999999999991 0.03452470614139289
6.999999999999991 0.03452470566439454
7.099999999999991 0.03452470512043769
7.19999999999999 0.03452470458906721
7.29999999999999 0.03452470414118165
7.39999999999999 0.03452470380136458
7.499999999999989 0.03452470355719033
7.599999999999989 0.03452470338353531
7.699999999999989 0.03452470325729829
7.799999999999988 0.03452470316140763
7.899999999999988 0.03452470308408682
7.999999999999988 0.03452470301712546
8.099999999999987 0.03452470295424429
8.199999999999987 0.03452470288964339
8.299999999999986 0.03452470281650939
8.399999999999986 0.03452470272513716
8.499999999999986 0.03452470260040619
8.599999999999985 0.03452470241905642
8.699999999999985 0.03452470214985617
8.799999999999985 0.03452470176504391
8.899999999999984 0.03452470126914467
8.999999999999984 0.03452470072138677
9.099999999999984 0.0345247002092277
9.199999999999983 0.03452469979282725
9.299999999999983 0.03452469948384007
9.399999999999983 0.03452469926382681
9.499999999999982 0.03452469910723627
9.599999999999982 0.03452469899250026
9.699999999999982 0.0345246989041554
9.799999999999981 0.03452469883159708
9.899999999999981 0.03452469876730278
9.99999999999998 0.03452469870526014
10.09999999999998 0.03452469863948732
10.19999999999998 0.03452469856241781
10.29999999999998 0.03452469846284133
10.39999999999998 0.0345246983232184
10.49999999999998 0.03452469811735519
10.59999999999998 0.03452469781304521
10.69999999999998 0.03452469738915581
10.79999999999998 0.03452469686693208
10.89999999999998 0.03452469632010972
10.99999999999998 0.03452469583297164
11.09999999999998 0.03452469545028161
11.19999999999998 0.03452469517141497
11.29999999999998 0.03452469497369642
11.39999999999998 0.03452469483212212
11.49999999999998 0.0345246947269874
11.59999999999997 0.034524694644491
11.69999999999997 0.03452469457514479
11.79999999999997 0.03452469451199897
11.89999999999997 0.03452469444909455
11.99999999999997 0.03452469437997391
12.09999999999997 0.03452469429595181
12.19999999999997 0.03452469418387792
12.29999999999997 0.03452469402335367
12.39999999999997 0.03452469378530695
12.49999999999997 0.03452469343862086
12.59999999999997 0.03452469297367808
12.69999999999997 0.03452469243163532
12.79999999999997 0.03452469189644249
12.89999999999997 0.03452469144221319
12.99999999999997 0.03452469109624008
13.09999999999997 0.03452469084743751
13.19999999999997 0.03452469067085776
13.29999999999997 0.03452469054299638
13.39999999999997 0.03452469044628977
13.49999999999997 0.03452469036859646
13.59999999999997 0.03452469030143598
13.69999999999997 0.03452469023828748
13.79999999999997 0.03452469017309212
13.89999999999997 0.03452469009871452
13.99999999999997 0.03452469000501626
14.09999999999997 0.03452468987629066
14.19999999999997 0.03452468968855448
14.29999999999997 0.03452468941018248
14.39999999999996 0.03452468901464772
14.49999999999996 0.0345246885096319
14.59999999999996 0.03452468795701675
14.69999999999996 0.03452468744392571
14.79999999999996 0.03452468702825258
14.89999999999996 0.03452468671991321
14.99999999999996 0.03452468649990223
15.09999999999996 0.0345246863427037
15.19999999999996 0.03452468622689395
15.29999999999996 0.03452468613709745
15.39999999999996 0.03452468606272265
15.49999999999996 0.03452468599615836
15.59999999999996 0.03452468593115741
15.69999999999996 0.03452468586134731
15.79999999999996 0.03452468577856032
15.89999999999996 0.03452468567064286
15.99999999999996 0.03452468551870293
16.09999999999996 0.0345246852951541
16.19999999999996 0.0345246849679125
16.29999999999996 0.03452468452009147
16.39999999999996 0.03452468398089574
16.49999999999996 0.03452468342916087
16.59999999999997 0.03452468294647093
16.69999999999997 0.03452468257095882
16.79999999999997 0.0345246822975243
16.89999999999997 0.03452468210226913
16.99999999999997 0.03452468196056487
17.09999999999997 0.03452468185339235
17.19999999999997 0.03452468176746847
17.29999999999998 0.03452468169356984
17.39999999999998 0.03452468162476718
17.49999999999998 0.03452468155487277
17.59999999999998 0.03452468147690005
17.69999999999998 0.03452468138119305
17.79999999999998 0.03452468125295372
17.89999999999998 0.03452468106953077
17.99999999999999 0.03452468080020291
18.09999999999999 0.03452468041615695
18.19999999999999 0.03452467991756051
18.29999999999999 0.03452467935823341
18.39999999999999 0.0345246788252548
18.49999999999999 0.03452467838407834
18.59999999999999 0.03452467805183482
18.7 0.0345246778125894
18.8 0.03452467764090868
18.9 0.03452467751429847
19 0.03452467741626294
19.1 0.03452467733540041
19.2 0.034524677263596
19.3 0.03452467719433232
19.40000000000001 0.03452467712115508
19.50000000000001 0.03452467703600319
19.60000000000001 0.03452467692705664
19.70000000000001 0.03452467677600967
19.80000000000001 0.03452467655592598
19.90000000000001 0.03452467623455199
20.00000000000001 0.03452467579239566
20.10000000000002 0.03452467525374587
20.20000000000002 0.03452467469430008
20.30000000000002 0.03452467419777379
20.40000000000002 0.03452467380739369
20.50000000000002 0.03452467352161193
20.60000000000002 0.03452467331748692
20.70000000000002 0.03452467316994711
20.80000000000003 0.03452467305917936
20.90000000000003 0.03452467297122787
21.00000000000003 0.03452467289643152
21.10000000000003 0.03452467282757505
21.20000000000003 0.0345246727582672
21.30000000000003 0.03452467268139942
21.40000000000003 0.03452467258728502
21.50000000000004 0.03452467246119051
21.60000000000004 0.03452467228059002
21.70000000000004 0.03452467201473895
21.80000000000004 0.03452467163407923
21.90000000000004 0.03452467113684723
22.00000000000004 0.03452467057494431
22.10000000000004 0.03452467003583956
22.20000000000005 0.03452466958751645
22.30000000000005 0.03452466924940451
22.40000000000005 0.03452466900632929
22.50000000000005 0.0345246688325658
22.60000000000005 0.03452466870513148
22.70000000000005 0.0345246686071197
22.80000000000005 0.03452466852680799
22.90000000000006 0.03452466845583054
23.00000000000006 0.03452466838744989
23.10000000000006 0.03452466831500892
23.20000000000006 0.03452466823028649
23.30000000000006 0.03452466812130402
23.40000000000006 0.03452466796953976
23.50000000000006 0.03452466774785513
23.60000000000007 0.03452466742399885
23.70000000000007 0.03452466697883325
23.80000000000007 0.03452466643716245
23.90000000000007 0.0345246658749729
24.00000000000007 0.03452466537604852
24.10000000000007 0.03452466498369074
24.20000000000007 0.03452466469641863
24.30000000000008 0.03452466449125865
24.40000000000008 0.03452466434303346
24.50000000000008 0.03452466423181419
24.60000000000008 0.03452466414351069
24.70000000000008 0.03452466406828188
24.80000000000008 0.03452466399872645
24.90000000000008 0.03452466392826116
25.00000000000009 0.03452466384951339
25.10000000000009 0.03452466375237315
25.20000000000009 0.03452466362142545
25.30000000000009 0.03452466343331631
25.40000000000009 0.03452466315699709
25.50000000000009 0.03452466276424376
25.60000000000009 0.03452466225694585
25.7000000000001 0.03452466169077041
25.8000000000001 0.03452466115327341
25.9000000000001 0.03452466070925637
26.0000000000001 0.0345246603752222
26.1000000000001 0.03452466013486113
26.2000000000001 0.03452465996247333
26.3000000000001 0.03452465983542165
26.40000000000011 0.03452465973708465
26.50000000000011 0.03452465965588034
26.60000000000011 0.03452465958345027
26.70000000000011 0.03452465951294756
26.80000000000011 0.03452465943744097
26.90000000000011 0.03452465934814201
27.00000000000011 0.03452465923212981
27.10000000000012 0.03452465906959898
27.20000000000012 0.03452465883216556
27.30000000000012 0.03452465848776032
27.40000000000012 0.03452465802126232
27.50000000000012 0.03452465746537513
27.60000000000012 0.03452465690109912
27.70000000000012 0.03452465640909745
27.80000000000013 0.03452465602604644
27.90000000000013 0.03452465574617795
28.00000000000013 0.03452465554536395
28.10000000000013 0.03452465539880632
28.20000000000013 0.03452465528726381
28.30000000000013 0.03452465519717572
28.40000000000013 0.03452465511898341
28.50000000000014 0.03452465504532985
28.60000000000014 0.03452465496942812
28.70000000000014 0.03452465488338774
28.80000000000014 0.03452465477615874
28.90000000000014 0.03452465463090536
29.00000000000014 0.0345246544225341
29.10000000000014 0.03452465411906275
29.20000000000014 0.03452465369534137
29.30000000000015 0.03452465316250683
29.40000000000015 0.03452465258574572
29.50000000000015 0.03452465205273107
29.60000000000015 0.03452465162020858
29.70000000000015 0.03452465129722397
29.80000000000015 0.03452465106423113
29.90000000000015 0.03452465089527404
30.00000000000016 0.03452465076855014
30.10000000000016 0.0345246506683175
30.20000000000016 0.03452465058358795
30.30000000000016 0.03452465050626814
30.40000000000016 0.03452465042944801
30.50000000000016 0.03452465034575683
30.60000000000016 0.0345246502454651
30.70000000000017 0.03452465011404404
30.80000000000017 0.03452464992943408
30.90000000000017 0.03452464966133471
31.00000000000017 0.03452464927943285
31.10000000000017 0.03452464877832416
31.20000000000017 0.0345246482047298
31.30000000000017 0.03452464764488595
31.40000000000018 0.03452464717128845
31.50000000000018 0.03452464680896238
31.60000000000018 0.03452464654561779
31.70000000000018 0.03452464635580982
31.80000000000018 0.03452464621574828
31.90000000000018 0.03452464610758562
32.00000000000018 0.03452464601876304
32.10000000000019 0.0345246459402285
32.20000000000019 0.03452464586470443
32.30000000000019 0.03452464578504694
32.40000000000019 0.03452464569245058
32.50000000000019 0.03452464557418466
32.60000000000019 0.03452464541083552
32.70000000000019 0.0345246451744137
32.8000000000002 0.03452464483252157
32.9000000000002 0.03452464436762483
33.0000000000002 0.03452464380773332
33.1000000000002 0.03452464323122041
33.2000000000002 0.0345246427217263
33.3000000000002 0.03452464232111541
33.4000000000002 0.03452464202680292
33.50000000000021 0.03452464181531911
33.60000000000021 0.03452464166127563
33.70000000000021 0.03452464154458356
33.80000000000021 0.03452464145095049
33.90000000000021 0.03452464137025751
34.00000000000021 0.03452464129475405
34.10000000000021 0.03452464121739063
34.20000000000022 0.03452464113003985
34.30000000000022 0.03452464102137363
34.40000000000022 0.03452464087423732
34.50000000000022 0.03452464066321334
34.60000000000022 0.0345246403560768
34.70000000000022 0.03452463992761947
34.80000000000022 0.03452463938912412
34.90000000000023 0.03452463880616891
35.00000000000023 0.03452463826720269
35.10000000000023 0.03452463782972912
35.20000000000023 0.03452463750305677
35.30000000000023 0.03452463726765955
35.40000000000023 0.03452463709743797
35.50000000000023 0.03452463697031057
35.60000000000024 0.03452463687022474
35.70000000000024 0.03452463678590025
35.80000000000024 0.03452463670896352
35.90000000000024 0.03452463663219506
36.00000000000024 0.03452463654780327
36.10000000000024 0.03452463644543322
36.20000000000024 0.03452463630973238
36.30000000000025 0.03452463611771203
36.40000000000025 0.0345246358384293
36.50000000000025 0.03452463544249703
36.60000000000025 0.03452463492824236
36.70000000000025 0.03452463434709297
36.80000000000025 0.03452463378662305
36.90000000000025 0.03452463331661995
37.00000000000026 0.03452463295879736
37.10000000000026 0.03452463269917395
37.20000000000026 0.0345246325119879
37.30000000000026 0.03452463237359341
37.40000000000026 0.03452463226627442
37.50000000000026 0.0345246321775393
37.60000000000026 0.03452463209830166
37.70000000000027 0.03452463202107754
37.80000000000027 0.03452463193827626
37.90000000000027 0.03452463184030843
38.00000000000027 0.03452463171320889
38.10000000000027 0.03452463153586575
38.20000000000027 0.03452463127866433
38.30000000000027 0.03452463090992561
38.40000000000028 0.03452463041854464
38.50000000000028 0.03452462984285616
38.60000000000028 0.03452462926627804
38.70000000000028 0.03452462876753785
38.80000000000028 0.03452462838014454
38.90000000000028 0.03452462809647146
39.00000000000028 0.0345246278918349
39.10000000000029 0.03452462774138337
39.20000000000029 0.034524627625858
39.30000000000029 0.03452462753157418
39.40000000000029 0.03452462744870836
39.50000000000029 0.03452462736945448
39.60000000000029 0.03452462728629677
39.70000000000029 0.03452462719016912
39.8000000000003 0.03452462706817794
39.9000000000003 0.03452462690085991
40.0000000000003 0.03452462666029028
40.1000000000003 0.03452462631402743
40.2000000000003 0.03452462584365039
40.3000000000003 0.03452462527499811
40.4000000000003 0.03452462468501648
40.50000000000031 0.03452462415904659
40.60000000000031 0.0345246237419704
40.70000000000031 0.03452462343310236
40.80000000000031 0.03452462320941449
40.90000000000031 0.03452462304514176
41.00000000000031 0.03452462291958736
41.10000000000031 0.03452462281789925
41.20000000000032 0.03452462272950706
41.30000000000032 0.03452462264624068
41.40000000000032 0.03452462256056861
41.50000000000032 0.03452462246378568
41.60000000000032 0.03452462234382527
41.70000000000032 0.03452462218256997
41.80000000000032 0.03452462195360497
41.90000000000033 0.03452462162453457
42.00000000000033 0.0345246211723635
42.10000000000033 0.03452462061320542
42.20000000000033 0.03452462001652201
42.30000000000033 0.03452461947012214
42.40000000000033 0.03452461902804831
42.50000000000033 0.03452461869692781
42.60000000000034 0.03452461845640961
42.70000000000034 0.03452461828048577
42.80000000000034 0.03452461814723419
42.90000000000034 0.03452461804065172
43.00000000000034 0.03452461794938548
43.10000000000034 0.03452461786483799
43.20000000000034 0.03452461777935842
43.30000000000035 0.03452461768443187
43.40000000000035 0.03452461756854645
43.50000000000035 0.03452461741454544
43.60000000000035 0.03452461719714816
43.70000000000035 0.03452461688411871
43.80000000000035 0.03452461644919526
43.90000000000035 0.03452461590077446
44.00000000000036 0.03452461530156669
44.10000000000036 0.03452461474076642
44.20000000000036 0.03452461427995585
44.30000000000036 0.0345246139321856
44.40000000000036 0.03452461367943389
44.50000000000036 0.03452461349541762
44.60000000000036 0.03452461335721292
44.70000000000037 0.03452461324788976
44.80000000000037 0.03452461315547822
44.90000000000037 0.03452461307103262
45.00000000000037 0.03452461298676035
45.10000000000037 0.03452461289424431
45.20000000000037 0.03452461278237884
45.30000000000037 0.03452461263477348
45.40000000000038 0.0345246124271387
45.50000000000038 0.03452461212762929
45.60000000000038 0.03452461170775294
45.70000000000038 0.03452461116964886
45.80000000000038 0.0345246105695855
45.90000000000038 0.03452460999689366
46.00000000000038 0.03452460951940894
46.10000000000039 0.03452460915616992
46.20000000000039 0.03452460889167162
46.30000000000039 0.03452460869963377
46.40000000000039 0.03452460855628632
46.50000000000039 0.03452460844383835
46.60000000000039 0.03452460834964777
46.70000000000039 0.03452460826433763
46.8000000000004 0.03452460817992149
46.9000000000004 0.03452460808803152
47.0000000000004 0.03452460797789639
47.1000000000004 0.03452460783372289
47.2000000000004 0.03452460763200132
47.3000000000004 0.03452460734139335
47.4000000000004 0.03452460693224742
47.50000000000041 0.03452460640242075
47.60000000000041 0.03452460580282641
47.70000000000041 0.03452460522171633
47.80000000000041 0.03452460473109132
47.90000000000041 0.03452460435485931
48.00000000000041 0.03452460407996813
48.10000000000041 0.03452460388045749
48.20000000000041 0.03452460373199103
48.30000000000042 0.03452460361609264
48.40000000000042 0.03452460351958261
48.50000000000042 0.03452460343274391
48.60000000000042 0.03452460334743784
48.70000000000042 0.03452460325527457
48.80000000000042 0.03452460314555166
48.90000000000042 0.03452460300267404
49.00000000000043 0.034524602803499
49.10000000000043 0.03452460251709812
49.20000000000043 0.03452460211335222
49.30000000000043 0.03452460158767923
49.40000000000043 0.03452460098761376
49.50000000000043 0.03452460040038872
49.60000000000043 0.03452459990038716
49.70000000000044 0.03452459951466491
49.80000000000044 0.03452459923190555
49.90000000000044 0.03452459902646701
50.00000000000044 0.0345245988736833
