0 -0.004431885750815338
0.1 -0.004214071777678135
0.2 -0.004116715358101749
0.3 -0.004083297144024922
0.4 -0.004063986280493236
0.5 -0.00404713321502764
0.6 -0.00403047029017297
0.7 -0.004013609681063145
0.7999999999999999 -0.003996532087150635
0.8999999999999999 -0.003979274373010318
0.9999999999999999 -0.003961871154806908
1.1 -0.003944347803200437
1.2 -0.003926722446564302
1.3 -0.003909008591041898
1.4 -0.003891217044354409
1.5 -0.003873357180914943
1.6 -0.003855437754753858
1.7 -0.003837467424321309
1.8 -0.003819455096122028
1.900000000000001 -0.003801410150821956
2 -0.003783342583689452
2.100000000000001 -0.003765263075118784
2.200000000000001 -0.00374718301146934
2.300000000000001 -0.00372911448107387
2.400000000000001 -0.003711070256099903
2.500000000000001 -0.00369306375652844
2.600000000000001 -0.003675108993024536
2.700000000000001 -0.003657220490912359
2.800000000000001 -0.003639413199397818
2.900000000000001 -0.00362170238958729
3.000000000000001 -0.003604103544023443
3.100000000000001 -0.003586632240051613
3.200000000000002 -0.003569304029220252
3.300000000000002 -0.003552134314916325
3.400000000000002 -0.003535138230440215
3.500000000000002 -0.003518330519690281
3.600000000000002 -0.003501725422543968
3.700000000000002 -0.003485336566883973
3.800000000000002 -0.003469176869031275
3.900000000000002 -0.003453258444114895
4.000000000000002 -0.003437592527640874
4.100000000000001 -0.003422189409229914
4.200000000000001 -0.003407058379185167
4.300000000000001 -0.003392207688238973
4.4 -0.00337764452052404
4.5 -0.003363374979525063
4.6 -0.003349404086507353
4.699999999999999 -0.003335735790687948
4.799999999999999 -0.003322372990225171
4.899999999999999 -0.003309317562951373
4.999999999999998 -0.003296570405665498
5.099999999999998 -0.003284131480734637
5.199999999999998 -0.003271999868725194
5.299999999999997 -0.003260173825791273
5.399999999999997 -0.003248650844585245
5.499999999999996 -0.003237427717519273
5.599999999999996 -0.003226500601290345
5.699999999999996 -0.003215865081680921
5.799999999999995 -0.003205516237756645
5.899999999999995 -0.003195448704698334
5.999999999999995 -0.003185656734622524
6.099999999999994 -0.003176134254860258
6.199999999999994 -0.003166874923273829
6.299999999999994 -0.003157872180294277
6.399999999999993 -0.003149119297456595
6.499999999999993 -0.003140609422294324
6.599999999999993 -0.003132335619530271
6.699999999999992 -0.003124290908564431
6.799999999999992 -0.003116468297315138
6.899999999999991 -0.003108860812513783
6.999999999999991 -0.003101461526589618
7.099999999999991 -0.003094263581308337
7.19999999999999 -0.003087260208348299
7.29999999999999 -0.003080444747011962
7.39999999999999 -0.003073810659277798
7.499999999999989 -0.003067351542401511
7.599999999999989 -0.003061061139274416
7.699999999999989 -0.003054933346743049
7.799999999999988 -0.003048962222087564
7.899999999999988 -0.003043141987848099
7.999999999999988 -0.00303746703517848
8.099999999999987 -0.00303193192589581
8.199999999999987 -0.00302653139338328
8.299999999999986 -0.003021260342491595
8.399999999999986 -0.003016113848573038
8.499999999999986 -0.003011087155770556
8.599999999999985 -0.003006175674673102
8.699999999999985 -0.003001374979437756
8.799999999999985 -0.0029966808044692
8.899999999999984 -0.002992089040737249
8.999999999999984 -0.002987595731804463
9.099999999999984 -0.002983197069627654
9.199999999999983 -0.002978889390189246
9.299999999999983 -0.002974669169007791
9.399999999999983 -0.002970533016570166
9.499999999999982 -0.002966477673722995
9.599999999999982 -0.0029625000070546
9.699999999999982 -0.002958597004295088
9.799999999999981 -0.002954765769757488
9.899999999999981 -0.002951003519839251
9.99999999999998 -0.002947307578600138
10.09999999999998 -0.002943675373429758
10.19999999999998 -0.002940104430815095
10.29999999999998 -0.002936592372216669
10.39999999999998 -0.002933136910059368
10.49999999999998 -0.002929735843842872
10.59999999999998 -0.002926387056374799
10.69999999999998 -0.002923088510128494
10.79999999999998 -0.002919838243726341
10.89999999999998 -0.002916634368548586
10.99999999999998 -0.002913475065466792
11.09999999999998 -0.002910358581700481
11.19999999999998 -0.002907283227795031
11.29999999999998 -0.002904247374718235
11.39999999999998 -0.002901249451072838
11.49999999999998 -0.002898287940422057
11.59999999999997 -0.002895361378724534
11.69999999999997 -0.002892468351875644
11.79999999999997 -0.002889607493351252
11.89999999999997 -0.002886777481950572
11.99999999999997 -0.002883977039634236
12.09999999999997 -0.002881204929454173
12.19999999999997 -0.002878459953571361
12.29999999999997 -0.002875740951358047
12.39999999999997 -0.002873046797580817
12.49999999999997 -0.002870376400661004
12.59999999999997 -0.002867728701009052
12.69999999999997 -0.00286510266942956
12.79999999999997 -0.002862497305593703
12.89999999999997 -0.002859911636575972
12.99999999999997 -0.002857344715452248
13.09999999999997 -0.0028547956199562
13.19999999999997 -0.002852263451191339
13.29999999999997 -0.002849747332395917
13.39999999999997 -0.002847246407758257
13.49999999999997 -0.002844759841279834
13.59999999999997 -0.00284228681568398
13.69999999999997 -0.002839826531367798
13.79999999999997 -0.002837378205395178
13.89999999999997 -0.002834941070528915
13.99999999999997 -0.002832514374299996
14.09999999999997 -0.002830097378112106
14.19999999999997 -0.002827689356379726
14.29999999999997 -0.002825289595698134
14.39999999999996 -0.002822897394043724
14.49999999999996 -0.002820512060003206
14.59999999999996 -0.002818132912030305
14.69999999999996 -0.002815759277728664
14.79999999999996 -0.0028133904931597
14.89999999999996 -0.002811025902174393
14.99999999999996 -0.002808664855767872
15.09999999999996 -0.002806306711455852
15.19999999999996 -0.002803950832672096
15.29999999999996 -0.002801596588186035
15.39999999999996 -0.002799243351539902
15.49999999999996 -0.002796890500504643
15.59999999999996 -0.002794537416554111
15.69999999999996 -0.002792183484357069
15.79999999999996 -0.002789828091286543
15.89999999999996 -0.00278747062694625
15.99999999999996 -0.002785110482713825
16.09999999999996 -0.002782747051300739
16.19999999999996 -0.002780379726328772
16.29999999999996 -0.002778007901923129
16.39999999999996 -0.002775630972322223
16.49999999999996 -0.002773248331504375
16.59999999999997 -0.002770859372831729
16.69999999999997 -0.002768463488711673
16.79999999999997 -0.002766060070276397
16.89999999999997 -0.002763648507081009
16.99999999999997 -0.00276122818682106
17.09999999999997 -0.002758798495070148
17.19999999999997 -0.002756358815038574
17.29999999999998 -0.002753908527354122
17.39999999999998 -0.002751447009865979
17.49999999999998 -0.002748973637473272
17.59999999999998 -0.002746487781979385
17.69999999999998 -0.002743988811973813
17.79999999999998 -0.002741476092743105
17.89999999999998 -0.00273894898621264
17.99999999999999 -0.00273640685092138
18.09999999999999 -0.002733849042031471
18.19999999999999 -0.002731274911375089
18.29999999999999 -0.002728683807540803
18.39999999999999 -0.002726075076001986
18.49999999999999 -0.002723448059290037
18.59999999999999 -0.002720802097215015
18.7 -0.002718136527136861
18.8 -0.002715450684290046
18.9 -0.002712743902165006
19 -0.002710015512949504
19.1 -0.002707264848033456
19.2 -0.002704491238580549
19.3 -0.002701694016170297
19.40000000000001 -0.002698872513513994
19.50000000000001 -0.002696026065248231
19.60000000000001 -0.002693154008809445
19.70000000000001 -0.002690255685392989
19.80000000000001 -0.002687330441000206
19.90000000000001 -0.002684377627576504
20.00000000000001 -0.002681396604243625
20.10000000000002 -0.002678386738628724
20.20000000000002 -0.002675347408292573
20.30000000000002 -0.002672278002258826
20.40000000000002 -0.002669177922645607
20.50000000000002 -0.002666046586400083
20.60000000000002 -0.002662883427135893
20.70000000000002 -0.002659687897072192
20.80000000000003 -0.00265645946907203
20.90000000000003 -0.002653197638776482
21.00000000000003 -0.002649901926828969
21.10000000000003 -0.00264657188118276
21.20000000000003 -0.00264320707948189
21.30000000000003 -0.002639807131503173
21.40000000000003 -0.002636371681643776
21.50000000000004 -0.002632900411434542
21.60000000000004 -0.002629393042054727
21.70000000000004 -0.002625849336817992
21.80000000000004 -0.002622269103592313
21.90000000000004 -0.002618652197108269
22.00000000000004 -0.002614998521100073
22.10000000000004 -0.002611308030211903
22.20000000000005 -0.002607580731588815
22.30000000000005 -0.002603816686057133
22.40000000000005 -0.002600016008785542
22.50000000000005 -0.002596178869307805
22.60000000000005 -0.00259230549078851
22.70000000000005 -0.002588396148433803
22.80000000000005 -0.00258445116700995
22.90000000000006 -0.002580470917562162
23.00000000000006 -0.002576455813668706
23.10000000000006 -0.002572406307978405
23.20000000000006 -0.00256832289042523
23.30000000000006 -0.002564206090428716
23.40000000000006 -0.002560056486512835
23.50000000000006 -0.002555874727831027
23.60000000000007 -0.002551661572413764
23.70000000000007 -0.002547417945431916
23.80000000000007 -0.002543145016026289
23.90000000000007 -0.002538844282577854
24.00000000000007 -0.002534517645240398
24.10000000000007 -0.002530167436338133
24.20000000000007 -0.00252579638163966
24.30000000000008 -0.002521407483677182
24.40000000000008 -0.00251700384772571
24.50000000000008 -0.002512588496640283
24.60000000000008 -0.002508164226230936
24.70000000000008 -0.002503733534369973
24.80000000000008 -0.002499298626619472
24.90000000000008 -0.002494861476399672
25.00000000000009 -0.002490423908548483
25.10000000000009 -0.002485987679991418
25.20000000000009 -0.002481554542448254
25.30000000000009 -0.002477126282670718
25.40000000000009 -0.002472704742422699
25.50000000000009 -0.002468291823230421
25.60000000000009 -0.002463889481164173
25.7000000000001 -0.002459499715940389
25.8000000000001 -0.002455124557367089
25.9000000000001 -0.002450766051043763
26.0000000000001 -0.002446426244407434
26.1000000000001 -0.002442107173676878
26.2000000000001 -0.002437810851922833
26.3000000000001 -0.002433539258313106
26.40000000000011 -0.002429294328494009
26.50000000000011 -0.002425077946033724
26.60000000000011 -0.002420891934845945
26.70000000000011 -0.00241673805251689
26.80000000000011 -0.00241261798446946
26.90000000000011 -0.002408533338908803
27.00000000000011 -0.002404485642502703
27.10000000000012 -0.002400476336757973
27.20000000000012 -0.002396506775058488
27.30000000000012 -0.002392578220334335
27.40000000000012 -0.002388691843332614
27.50000000000012 -0.002384848721461654
27.60000000000012 -0.002381049838179424
27.70000000000012 -0.002377296082896814
27.80000000000013 -0.002373588251364649
27.90000000000013 -0.002369927046513065
28.00000000000013 -0.002366313079709872
28.10000000000013 -0.002362746872404227
28.20000000000013 -0.002359228858120992
28.30000000000013 -0.002355759384770763
28.40000000000013 -0.002352338717240433
28.50000000000014 -0.002348967040229476
28.60000000000014 -0.002345644461297459
28.70000000000014 -0.002342371014089204
28.80000000000014 -0.002339146661705154
28.90000000000014 -0.002335971300185595
29.00000000000014 -0.002332844762079169
29.10000000000014 -0.002329766820067563
29.20000000000014 -0.002326737190620246
29.30000000000015 -0.002323755537654914
29.40000000000015 -0.002320821476181512
29.50000000000015 -0.002317934575909389
29.60000000000015 -0.002315094364799607
29.70000000000015 -0.002312300332546095
29.80000000000015 -0.002309551933971506
29.90000000000015 -0.002306848592325488
30.00000000000016 -0.002304189702475058
30.10000000000016 -0.002301574633978245
30.20000000000016 -0.002299002734034238
30.30000000000016 -0.002296473330304403
30.40000000000016 -0.002293985733600266
30.50000000000016 -0.00229153924043575
30.60000000000016 -0.002289133135442168
30.70000000000017 -0.00228676669364567
30.80000000000017 -0.0022844391826075
30.90000000000017 -0.002282149864428764
31.00000000000017 -0.002279897997621627
31.10000000000017 -0.002277682838849955
31.20000000000017 -0.00227550364454268
31.30000000000017 -0.002273359672383701
31.40000000000018 -0.00227125018268265
31.50000000000018 -0.002269174439630866
31.60000000000018 -0.002267131712447493
31.70000000000018 -0.00226512127642046
31.80000000000018 -0.002263142413847499
31.90000000000018 -0.002261194414882168
32.00000000000018 -0.002259276578290016
32.10000000000019 -0.002257388212120022
32.20000000000019 -0.002255528634296228
32.30000000000019 -0.002253697173134511
32.40000000000019 -0.002251893167789418
32.50000000000019 -0.00225011596863554
32.60000000000019 -0.002248364937588218
32.70000000000019 -0.002246639448367742
32.8000000000002 -0.002244938886711354
32.9000000000002 -0.002243262650537088
33.0000000000002 -0.002241610150063213
33.1000000000002 -0.002239980807887074
33.2000000000002 -0.002238374059026616
33.3000000000002 -0.002236789350928061
33.4000000000002 -0.002235226143442687
33.50000000000021 -0.002233683908775752
33.60000000000021 -0.002232162131410169
33.70000000000021 -0.00223066030800761
33.80000000000021 -0.002229177947289381
33.90000000000021 -0.002227714569899309
34.00000000000021 -0.002226269708250701
34.10000000000021 -0.002224842906359364
34.20000000000022 -0.0022234337196644
34.30000000000022 -0.002222041714838434
34.40000000000022 -0.002220666469588894
34.50000000000022 -0.002219307572451578
34.60000000000022 -0.002217964622577939
34.70000000000022 -0.002216637229517186
34.80000000000022 -0.002215325012994279
34.90000000000023 -0.002214027602684822
35.00000000000023 -0.002212744637987732
35.10000000000023 -0.002211475767796465
35.20000000000023 -0.002210220650269592
35.30000000000023 -0.00220897895260125
35.40000000000023 -0.002207750350792271
35.50000000000023 -0.002206534529422223
35.60000000000024 -0.00220533118142317
35.70000000000024 -0.002204140007855235
35.80000000000024 -0.0022029607176846
35.90000000000024 -0.002201793027564094
36.00000000000024 -0.002200636661616755
36.10000000000024 -0.002199491351222544
36.20000000000024 -0.002198356834808439
36.30000000000025 -0.002197232857642113
36.40000000000025 -0.002196119171629341
36.50000000000025 -0.002195015535115189
36.60000000000025 -0.002193921712689185
36.70000000000025 -0.002192837474994516
36.80000000000025 -0.002191762598541268
36.90000000000025 -0.002190696865523799
37.00000000000026 -0.002189640063642274
37.10000000000026 -0.002188591985928305
37.20000000000026 -0.002187552430574835
37.30000000000026 -0.002186521200770059
37.40000000000026 -0.002185498104535538
37.50000000000026 -0.00218448295456842
37.60000000000026 -0.00218347556808763
37.70000000000027 -0.002182475766684164
37.80000000000027 -0.002181483376175256
37.90000000000027 -0.002180498226462523
38.00000000000027 -0.00217952015139386
38.10000000000027 -0.002178548988629216
38.20000000000027 -0.002177584579509967
38.30000000000027 -0.002176626768931988
38.40000000000028 -0.002175675405222274
38.50000000000028 -0.002174730340019033
38.60000000000028 -0.002173791428155204
38.70000000000028 -0.002172858527545274
38.80000000000028 -0.002171931499075404
38.90000000000028 -0.002171010206496645
39.00000000000028 -0.002170094516321339
39.10000000000029 -0.002169184297722445
39.20000000000029 -0.002168279422435851
39.30000000000029 -0.00216737976466552
39.40000000000029 -0.002166485200991442
39.50000000000029 -0.002165595610280195
39.60000000000029 -0.002164710873598217
39.70000000000029 -0.002163830874127582
39.8000000000003 -0.002162955497084207
39.9000000000003 -0.002162084629638512
40.0000000000003 -0.002161218160838326
40.1000000000003 -0.00216035598153408
40.2000000000003 -0.002159497984306126
40.3000000000003 -0.002158644063394219
40.4000000000003 -0.002157794114628927
40.50000000000031 -0.002156948035365111
40.60000000000031 -0.002156105724417187
40.70000000000031 -0.002155267081996279
40.80000000000031 -0.002154432009649136
40.90000000000031 -0.00215360041019869
41.00000000000031 -0.002152772187686287
41.10000000000031 -0.002151947247315486
41.20000000000032 -0.002151125495397384
41.30000000000032 -0.002150306839297315
41.40000000000032 -0.00214949118738308
41.50000000000032 -0.002148678448974393
41.60000000000032 -0.002147868534293673
41.70000000000032 -0.002147061354418073
41.80000000000032 -0.002146256821232661
41.90000000000033 -0.002145454847384742
42.00000000000033 -0.002144655346239265
42.10000000000033 -0.002143858231835247
42.20000000000033 -0.00214306341884321
42.30000000000033 -0.002142270822523499
42.40000000000033 -0.002141480358685554
42.50000000000033 -0.002140691943648011
42.60000000000034 -0.002139905494199548
42.70000000000034 -0.0021391209275606
42.80000000000034 -0.002138338161345706
42.90000000000034 -0.0021375571135266
43.00000000000034 -0.002136777702395877
43.10000000000034 -0.002135999846531357
43.20000000000034 -0.002135223464760929
43.30000000000035 -0.002134448476127984
43.40000000000035 -0.002133674799857348
43.50000000000035 -0.00213290235532163
43.60000000000035 -0.002132131062008067
43.70000000000035 -0.002131360839485742
43.80000000000035 -0.002130591607373169
43.90000000000035 -0.002129823285306243
44.00000000000036 -0.002129055792906485
44.10000000000036 -0.002128289049749576
44.20000000000036 -0.002127522975334185
44.30000000000036 -0.002126757489050983
44.40000000000036 -0.002125992510151904
44.50000000000036 -0.002125227957719626
44.60000000000036 -0.002124463750637123
44.70000000000037 -0.00212369980755748
44.80000000000037 -0.002122936046873772
44.90000000000037 -0.002122172386689055
45.00000000000037 -0.002121408744786473
45.10000000000037 -0.002120645038599415
45.20000000000037 -0.002119881185181762
45.30000000000037 -0.002119117101178159
45.40000000000038 -0.002118352702794336
45.50000000000038 -0.002117587905767413
45.60000000000038 -0.002116822625336273
45.70000000000038 -0.002116056776211879
45.80000000000038 -0.002115290272547625
45.90000000000038 -0.00211452302790964
46.00000000000038 -0.00211375495524709
46.10000000000039 -0.002112985966862425
46.20000000000039 -0.002112215974381599
46.30000000000039 -0.002111444888724322
46.40000000000039 -0.002110672620074139
46.50000000000039 -0.0021098990778486
46.60000000000039 -0.002109124170669329
46.70000000000039 -0.002108347806332057
46.8000000000004 -0.00210756989177668
46.9000000000004 -0.002106790333057222
47.0000000000004 -0.002106009035311856
47.1000000000004 -0.002105225902732869
47.2000000000004 -0.00210444083853667
47.3000000000004 -0.002103653744933808
47.4000000000004 -0.002102864523099026
47.50000000000041 -0.002102073073141426
47.60000000000041 -0.002101279294074636
47.70000000000041 -0.002100483083787184
47.80000000000041 -0.002099684339012925
47.90000000000041 -0.002098882955301674
48.00000000000041 -0.002098078826990105
48.10000000000041 -0.002097271847172772
48.20000000000041 -0.002096461907673523
48.30000000000042 -0.002095648899017206
48.40000000000042 -0.002094832710401765
48.50000000000042 -0.002094013229670765
48.60000000000042 -0.002093190343286457
48.70000000000042 -0.002092363936303357
48.80000000000042 -0.002091533892342484
48.90000000000042 -0.002090700093566318
49.00000000000043 -0.002089862420654538
49.10000000000043 -0.002089020752780619
49.20000000000043 -0.002088174967589446
49.30000000000043 -0.00208732494117594
49.40000000000043 -0.002086470548064906
49.50000000000043 -0.002085611661192146
49.60000000000043 -0.002084748151886997
49.70000000000044 -0.002083879889856368
49.80000000000044 -0.00208300674317052
49.90000000000044 -0.00208212857825058
50.00000000000044 -0.002081245259858086
