0 -0.004431885750815338
0.1 -0.004377782155929681
0.2 -0.004020169535065924
0.3 -0.003996341738659153
0.4 -0.003984004986880909
0.5 -0.003976425148303142
0.6 -0.003970607462536749
0.7 -0.003965476218085584
0.7999999999999999 -0.003960619528431332
0.8999999999999999 -0.003955872749790966
0.9999999999999999 -0.003951166334515791
1.1 -0.003946468487693601
1.2 -0.003941763137263552
1.3 -0.003937041163909008
1.4 -0.003932296758277166
1.5 -0.003927525842711901
1.6 -0.003922725356894921
1.7 -0.003917892917336283
1.8 -0.003913026644287183
1.900000000000001 -0.003908125066980125
2 -0.003903187067814048
2.100000000000001 -0.003898211847507542
2.200000000000001 -0.003893198902578523
2.300000000000001 -0.003888148010645767
2.400000000000001 -0.003883059220937763
2.500000000000001 -0.00387793284830627
2.600000000000001 -0.003872769469523113
2.700000000000001 -0.003867569920920602
2.800000000000001 -0.003862335296622694
2.900000000000001 -0.003857066946748017
3.000000000000001 -0.003851766475071517
3.100000000000001 -0.003846435735718616
3.200000000000002 -0.003841076828541061
3.300000000000002 -0.003835692092891702
3.400000000000002 -0.003830284099579393
3.500000000000002 -0.003824855640848946
3.600000000000002 -0.00381940971829407
3.700000000000002 -0.003813949528674921
3.800000000000002 -0.003808478447675945
3.900000000000002 -0.00380300001170228
4.000000000000002 -0.0037975178978742
4.100000000000001 -0.003792035902435553
4.200000000000001 -0.003786557917840731
4.300000000000001 -0.003781087908822232
4.4 -0.003775629887761766
4.5 -0.003770187889688728
4.6 -0.003764765947206181
4.699999999999999 -0.003759368065594762
4.799999999999999 -0.003753998198273005
4.899999999999999 -0.003748660222705333
4.999999999999998 -0.0037433579167638
5.099999999999998 -0.003738094935486144
5.199999999999998 -0.003732874788153425
5.299999999999997 -0.003727700815648972
5.399999999999997 -0.003722576168153623
5.499999999999996 -0.003717503783350383
5.599999999999996 -0.003712486365403676
5.699999999999996 -0.003707526364973541
5.799999999999995 -0.003702625960355575
5.899999999999995 -0.003697787039440539
5.999999999999995 -0.003693011181508841
6.099999999999994 -0.0036882996368346
6.199999999999994 -0.003683653300512213
6.299999999999994 -0.003679072674491396
6.399999999999993 -0.003674557807820738
6.499999999999993 -0.003670108198208482
6.599999999999993 -0.003665722625653811
6.699999999999992 -0.003661398866282129
6.799999999999992 -0.003657133192867272
6.899999999999991 -0.003652919493025546
6.999999999999991 -0.003648747707165406
7.099999999999991 -0.00364460110499385
7.19999999999999 -0.003640451816502088
7.29999999999999 -0.003636254703598376
7.39999999999999 -0.003631943350311013
7.499999999999989 -0.003627442405282869
7.599999999999989 -0.003622721098841378
7.699999999999989 -0.003617876599606647
7.799999999999988 -0.003613133287388697
7.899999999999988 -0.003608691866091438
7.999999999999988 -0.003604607414916739
8.099999999999987 -0.00360082369121901
8.199999999999987 -0.003597258000419282
8.299999999999986 -0.003593844570425245
8.399999999999986 -0.00359054072539738
8.499999999999986 -0.00358732074170236
8.599999999999985 -0.003584169257267657
8.699999999999985 -0.003581076830405627
8.799999999999985 -0.003578037339434983
8.899999999999984 -0.003575046533464707
8.999999999999984 -0.003572101234050534
9.099999999999984 -0.003569198892787198
9.199999999999983 -0.00356633734264782
9.299999999999983 -0.003563514655720967
9.399999999999983 -0.003560729060266636
9.499999999999982 -0.003557978891432998
9.599999999999982 -0.003555262561424001
9.699999999999982 -0.003552578541103693
9.799999999999981 -0.003549925348432801
9.899999999999981 -0.003547301541043173
9.99999999999998 -0.003544705711346795
10.09999999999998 -0.003542136483209692
10.19999999999998 -0.003539592509596845
10.29999999999998 -0.003537072470819604
10.39999999999998 -0.003534575073155146
10.49999999999998 -0.003532099047692703
10.59999999999998 -0.003529643149314463
10.69999999999998 -0.003527206155752236
10.79999999999998 -0.003524786866681164
10.89999999999998 -0.003522384102822982
10.99999999999998 -0.003519996705035326
11.09999999999998 -0.00351762353336012
11.19999999999998 -0.003515263465990139
11.29999999999998 -0.003512915398082894
11.39999999999998 -0.00351057824030523
11.49999999999998 -0.00350825091687393
11.59999999999997 -0.003505932362512522
11.69999999999997 -0.003503621517384412
11.79999999999997 -0.003501317317923775
11.89999999999997 -0.003499018678985449
11.99999999999997 -0.003496724457662945
12.09999999999997 -0.003494433378828101
12.19999999999997 -0.003492143887163878
12.29999999999997 -0.003489853897592971
12.39999999999997 -0.003487560596811802
12.49999999999997 -0.003485261140110728
12.59999999999997 -0.003482955444982234
12.69999999999997 -0.003480648076444037
12.79999999999997 -0.003478343527609167
12.89999999999997 -0.003476041643078786
12.99999999999997 -0.003473739551533419
13.09999999999997 -0.003471434449366805
13.19999999999997 -0.003469124319617207
13.29999999999997 -0.003466807727589761
13.39999999999997 -0.003464483555009086
13.49999999999997 -0.003462150841464773
13.59999999999997 -0.003459808705378294
13.69999999999997 -0.003457456306520246
13.79999999999997 -0.003455092828344408
13.89999999999997 -0.003452717469671942
13.99999999999997 -0.003450329440912877
14.09999999999997 -0.003447927962614189
14.19999999999997 -0.003445512265297943
14.29999999999997 -0.003443081590083828
14.39999999999996 -0.003440635189835018
14.49999999999996 -0.003438172330681554
14.59999999999996 -0.003435692293833049
14.69999999999996 -0.003433194377622601
14.79999999999996 -0.003430677899742462
14.89999999999996 -0.003428142199643467
14.99999999999996 -0.003425586641078779
15.09999999999996 -0.00342301061477842
15.19999999999996 -0.003420413541244982
15.29999999999996 -0.003417794873663832
15.39999999999996 -0.003415154100921759
15.49999999999996 -0.003412490750728277
15.59999999999996 -0.003409804392832438
15.69999999999996 -0.003407094642326174
15.79999999999996 -0.003404361163022398
15.89999999999996 -0.003401603670892985
15.99999999999996 -0.003398821937548389
16.09999999999996 -0.003396015793736715
16.19999999999996 -0.003393185132836339
16.29999999999996 -0.003390329914312488
16.39999999999996 -0.003387450167104316
16.49999999999996 -0.003384545992905438
16.59999999999997 -0.003381617569298153
16.69999999999997 -0.003378665152698333
16.79999999999997 -0.003375689081066141
16.89999999999997 -0.003372689776336235
16.99999999999997 -0.003369667746520379
17.09999999999997 -0.003366623587435674
17.19999999999997 -0.003363557984012835
17.29999999999998 -0.00336047171114103
17.39999999999998 -0.003357365634008816
17.49999999999998 -0.003354240707904262
17.59999999999998 -0.003351097977441463
17.69999999999998 -0.003347938575184669
17.79999999999998 -0.003344763719645016
17.89999999999998 -0.00334157471262833
17.99999999999999 -0.003338372935915313
18.09999999999999 -0.003335159847258797
18.19999999999999 -0.003331936975687023
18.29999999999999 -0.003328705916108825
18.39999999999999 -0.003325468323227407
18.49999999999999 -0.003322225904785245
18.59999999999999 -0.003318980414182689
18.7 -0.003315733642537057
18.8 -0.003312487410272426
18.9 -0.003309243558351431
19 -0.003306003939274194
19.1 -0.003302770407974142
19.2 -0.003299544812736835
19.3 -0.003296328986255959
19.40000000000001 -0.003293124736925382
19.50000000000001 -0.003289933840449478
19.60000000000001 -0.0032867580318398
19.70000000000001 -0.003283598997854913
19.80000000000001 -0.003280458369932537
19.90000000000001 -0.003277337717657895
20.00000000000001 -0.003274238542808322
20.10000000000002 -0.003271162274009603
20.20000000000002 -0.00326811026203474
20.30000000000002 -0.003265083775769125
20.40000000000002 -0.003262083998858339
20.50000000000002 -0.003259112027045996
20.60000000000002 -0.003256168866199854
20.70000000000002 -0.003253255431015158
20.80000000000003 -0.003250372544375199
20.90000000000003 -0.003247520937341615
21.00000000000003 -0.003244701249739396
21.10000000000003 -0.003241914031296309
21.20000000000003 -0.00323915974329163
21.30000000000003 -0.00323643876066598
21.40000000000003 -0.003233751374541683
21.50000000000004 -0.003231097795102279
21.60000000000004 -0.00322847815477948
21.70000000000004 -0.003225892511696941
21.80000000000004 -0.003223340853321429
21.90000000000004 -0.003220823100274349
22.00000000000004 -0.003218339110259233
22.10000000000004 -0.003215888682063671
22.20000000000005 -0.003213471559597574
22.30000000000005 -0.003211087435933055
22.40000000000005 -0.003208735957314865
22.50000000000005 -0.003206416727113416
22.60000000000005 -0.003204129309696297
22.70000000000005 -0.003201873234196921
22.80000000000005 -0.003199647998162075
22.90000000000006 -0.003197453071062936
23.00000000000006 -0.0031952878976562
23.10000000000006 -0.003193151901184478
23.20000000000006 -0.003191044486406725
23.30000000000006 -0.003188965042451315
23.40000000000006 -0.003186912945485882
23.50000000000006 -0.003184887561199543
23.60000000000007 -0.003182888247094741
23.70000000000007 -0.003180914354587349
23.80000000000007 -0.003178965230915749
23.90000000000007 -0.003177040220861203
24.00000000000007 -0.00317513866828422
24.10000000000007 -0.003173259917483547
24.20000000000007 -0.00317140331438687
24.30000000000008 -0.003169568207584209
24.40000000000008 -0.00316775394921684
24.50000000000008 -0.003165959895735912
24.60000000000008 -0.003164185408545862
24.70000000000008 -0.003162429854547683
24.80000000000008 -0.00316069260659685
24.90000000000008 -0.003158973043889465
25.00000000000009 -0.003157270552288783
25.10000000000009 -0.003155584524602122
25.20000000000009 -0.003153914360816383
25.30000000000009 -0.003152259468298088
25.40000000000009 -0.003150619261962108
25.50000000000009 -0.003148993164411507
25.60000000000009 -0.003147380606049903
25.7000000000001 -0.003145781025166468
25.8000000000001 -0.003144193867993707
25.9000000000001 -0.00314261858873747
26.0000000000001 -0.00314105464957914
26.1000000000001 -0.003139501520649882
26.2000000000001 -0.003137958679977404
26.3000000000001 -0.003136425613406165
26.40000000000011 -0.003134901814492224
26.50000000000011 -0.003133386784374555
26.60000000000011 -0.003131880031625013
26.70000000000011 -0.003130381072079566
26.80000000000011 -0.003128889428653821
26.90000000000011 -0.003127404631146489
27.00000000000011 -0.003125926216034948
27.10000000000012 -0.003124453726268486
27.20000000000012 -0.003122986711066113
27.30000000000012 -0.003121524725729192
27.40000000000012 -0.003120067331483897
27.50000000000012 -0.003118614095377332
27.60000000000012 -0.003117164590266999
27.70000000000012 -0.003115718394970928
27.80000000000013 -0.00311427509469455
27.90000000000013 -0.003112834281928465
28.00000000000013 -0.003111395558094807
28.10000000000013 -0.003109958536067131
28.20000000000013 -0.003108522841823087
28.30000000000013 -0.003107088102002392
28.40000000000013 -0.003105653847967456
28.50000000000014 -0.003104219128505673
28.60000000000014 -0.003102782435613156
28.70000000000014 -0.003101344738342817
28.80000000000014 -0.003099907516336582
28.90000000000014 -0.003098469502839125
29.00000000000014 -0.003097029608970163
29.10000000000014 -0.003095587317346648
29.20000000000014 -0.003094142261228275
29.30000000000015 -0.003092694088984264
29.40000000000015 -0.003091242442178791
29.50000000000015 -0.003089786955624893
29.60000000000015 -0.003088327259818881
29.70000000000015 -0.003086862982730277
29.80000000000015 -0.003085393750837216
29.90000000000015 -0.003083919189641665
30.00000000000016 -0.003082438923841193
30.10000000000016 -0.003080952577248932
30.20000000000016 -0.003079459772490237
30.30000000000016 -0.003077960130456087
30.40000000000016 -0.003076453269448688
30.50000000000016 -0.003074938803904075
30.60000000000016 -0.003073416342508066
30.70000000000017 -0.003071885485423073
30.80000000000017 -0.003070345820193004
30.90000000000017 -0.003068796915660703
31.00000000000017 -0.00306723831286571
31.10000000000017 -0.003065669511305472
31.20000000000017 -0.003064089948003067
31.30000000000017 -0.003062498965301805
31.40000000000018 -0.003060895760834405
31.50000000000018 -0.003059279309118183
31.60000000000018 -0.003057648237869796
31.70000000000018 -0.003056000632409523
31.80000000000018 -0.003054333727913012
31.90000000000018 -0.003052643434171138
32.00000000000018 -0.003050923633532653
32.10000000000019 -0.003049165240773559
32.20000000000019 -0.003047355217406248
32.30000000000019 -0.003045476282994497
32.40000000000019 -0.003043509088379704
32.50000000000019 -0.003041439426925152
32.60000000000019 -0.003039270937451335
32.70000000000019 -0.003037035870377939
32.8000000000002 -0.003034789759826036
32.9000000000002 -0.003032587190852773
33.0000000000002 -0.003030458334133871
33.1000000000002 -0.003028404908012039
33.2000000000002 -0.003026411528208532
33.3000000000002 -0.003024458352051758
33.4000000000002 -0.003022528062809295
33.50000000000021 -0.003020607858891587
33.60000000000021 -0.003018689048874743
33.70000000000021 -0.003016765998776809
33.80000000000021 -0.003014835155997828
33.90000000000021 -0.00301289432979384
34.00000000000021 -0.003010942208888783
34.10000000000021 -0.003008978051952558
34.20000000000022 -0.003007001492768143
34.30000000000022 -0.003005012418305356
34.40000000000022 -0.003003010892281608
34.50000000000022 -0.003000997106926047
34.60000000000022 -0.002998971352236953
34.70000000000022 -0.002996933996126403
34.80000000000022 -0.002994885471368591
34.90000000000023 -0.002992826266811144
35.00000000000023 -0.002990756921255174
35.10000000000023 -0.002988678018994073
35.20000000000023 -0.002986590186364783
35.30000000000023 -0.002984494088894389
35.40000000000023 -0.002982390428770944
35.50000000000023 -0.002980279942461808
35.60000000000024 -0.002978163398364831
35.70000000000024 -0.002976041594418956
35.80000000000024 -0.002973915355629094
35.90000000000024 -0.002971785531479736
36.00000000000024 -0.002969652993225496
36.10000000000024 -0.002967518631057132
36.20000000000024 -0.002965383351148921
36.30000000000025 -0.002963248072598948
36.40000000000025 -0.002961113724278192
36.50000000000025 -0.002958981241607567
36.60000000000025 -0.002956851563284503
36.70000000000025 -0.002954725627982415
36.80000000000025 -0.002952604371047518
36.90000000000025 -0.002950488721218115
37.00000000000026 -0.002948379597391436
37.10000000000026 -0.002946277905462731
37.20000000000026 -0.002944184535260302
37.30000000000026 -0.002942100357599002
37.40000000000026 -0.002940026221472779
37.50000000000026 -0.002937962951405118
37.60000000000026 -0.002935911344973825
37.70000000000027 -0.002933872170524345
37.80000000000027 -0.002931846165083403
37.90000000000027 -0.002929834032482233
38.00000000000027 -0.002927836441696462
38.10000000000027 -0.002925854025407113
38.20000000000027 -0.002923887378785186
38.30000000000027 -0.00292193705850016
38.40000000000028 -0.002920003581950647
38.50000000000028 -0.002918087426713788
38.60000000000028 -0.002916189030208194
38.70000000000028 -0.002914308789563725
38.80000000000028 -0.002912447061689936
38.90000000000028 -0.00291060416353394
39.00000000000028 -0.002908780372516957
39.10000000000029 -0.002906975927138187
39.20000000000029 -0.002905191027733495
39.30000000000029 -0.002903425837375826
39.40000000000029 -0.002901680482903648
39.50000000000029 -0.002899955056063186
39.60000000000029 -0.002898249614750276
39.70000000000029 -0.002896564184337141
39.8000000000003 -0.002894898759069923
39.9000000000003 -0.002893253303522741
40.0000000000003 -0.002891627754094709
40.1000000000003 -0.002890022020536739
40.2000000000003 -0.002888435987495896
40.3000000000003 -0.002886869516065686
40.4000000000003 -0.002885322445331649
40.50000000000031 -0.002883794593902693
40.60000000000031 -0.002882285761419457
40.70000000000031 -0.002880795730032118
40.80000000000031 -0.002879324265841001
40.90000000000031 -0.002877871120294353
41.00000000000031 -0.002876436031538587
41.10000000000031 -0.002875018725717193
41.20000000000032 -0.002873618918215232
41.30000000000032 -0.002872236314847224
41.40000000000032 -0.002870870612986933
41.50000000000032 -0.002869521502637871
41.60000000000032 -0.002868188667444471
41.70000000000032 -0.002866871785643621
41.80000000000032 -0.002865570530957409
41.90000000000033 -0.002864284573427718
42.00000000000033 -0.002863013580193944
42.10000000000033 -0.00286175721621529
42.20000000000033 -0.002860515144939172
42.30000000000033 -0.002859287028917666
42.40000000000033 -0.00285807253037395
42.50000000000033 -0.002856871311720619
42.60000000000034 -0.002855683036032292
42.70000000000034 -0.002854507367474298
42.80000000000034 -0.002853343971690034
42.90000000000034 -0.00285219251614887
43.00000000000034 -0.002851052670456897
43.10000000000034 -0.002849924106632685
43.20000000000034 -0.00284880649935015
43.30000000000035 -0.002847699526150493
43.40000000000035 -0.002846602867625348
43.50000000000035 -0.002845516207572949
43.60000000000035 -0.002844439233129219
43.70000000000035 -0.002843371634875603
43.80000000000035 -0.002842313106925252
43.90000000000035 -0.002841263346989298
44.00000000000036 -0.00284022205642464
44.10000000000036 -0.002839188940264872
44.20000000000036 -0.002838163707235556
44.30000000000036 -0.002837146069755278
44.40000000000036 -0.002836135743923685
44.50000000000036 -0.002835132449497665
44.60000000000036 -0.002834135909856715
44.70000000000037 -0.002833145851958583
44.80000000000037 -0.002832162006286126
44.90000000000037 -0.00283118410678619
45.00000000000037 -0.002830211890801461
45.10000000000037 -0.002829245098995969
45.20000000000037 -0.002828283475275002
45.30000000000037 -0.002827326766700037
45.40000000000038 -0.002826374723399459
45.50000000000038 -0.002825427098475402
45.60000000000038 -0.00282448364790745
45.70000000000038 -0.002823544130453584
45.80000000000038 -0.002822608307548822
45.90000000000038 -0.002821675943202079
46.00000000000038 -0.002820746803891461
46.10000000000039 -0.002819820658458522
46.20000000000039 -0.002818897278001727
46.30000000000039 -0.002817976435769482
46.40000000000039 -0.002817057907052985
46.50000000000039 -0.002816141469079196
46.60000000000039 -0.002815226900904257
46.70000000000039 -0.00281431398330745
46.8000000000004 -0.002813402498686141
46.9000000000004 -0.002812492230951774
47.0000000000004 -0.002811582965427218
47.1000000000004 -0.002810674488745701
47.2000000000004 -0.00280976658875149
47.3000000000004 -0.002808859054402618
47.4000000000004 -0.002807951675675763
47.50000000000041 -0.002807044243473617
47.60000000000041 -0.002806136549534826
47.70000000000041 -0.002805228386346885
47.80000000000041 -0.002804319547062055
47.90000000000041 -0.002803409825416616
48.00000000000041 -0.002802499015653686
48.10000000000041 -0.002801586912449847
48.20000000000041 -0.002800673310845797
48.30000000000042 -0.00279975800618133
48.40000000000042 -0.002798840794034954
48.50000000000042 -0.002797921470168302
48.60000000000042 -0.002796999830475825
48.70000000000042 -0.002796075670939941
48.80000000000042 -0.002795148787592014
48.90000000000042 -0.00279421897647958
49.00000000000043 -0.002793286033640126
49.10000000000043 -0.002792349755081828
49.20000000000043 -0.002791409936771667
49.30000000000043 -0.002790466374631403
49.40000000000043 -0.002789518864541786
49.50000000000043 -0.002788567202355524
49.60000000000043 -0.002787611183919547
49.70000000000044 -0.002786650605107046
49.80000000000044 -0.002785685261859789
49.90000000000044 -0.002784714950241405
50.00000000000044 -0.002783739466502084
