0 -0.004431885750815338
0.1 -0.004431351236527149
0.2 -0.004429985909148577
0.3 -0.004429550897582919
0.4 -0.004430107750996073
0.5 -0.004430568525321896
0.6 -0.004430750876732949
0.7 -0.004431079336950128
0.7999999999999999 -0.00443109189642578
0.8999999999999999 -0.004430604012867763
0.9999999999999999 -0.004429787731943082
1.1 -0.004429811247804867
1.2 -0.004430760418107619
1.3 -0.004431584938124309
1.4 -0.004431082864381818
1.5 -0.004430271558216091
1.6 -0.004430145513059975
1.7 -0.004430217437774032
1.8 -0.004429964774957059
1.900000000000001 -0.004430502764073029
2 -0.004431635346057613
2.100000000000001 -0.004431776976994931
2.200000000000001 -0.004430490182413272
2.300000000000001 -0.004429719064888539
2.400000000000001 -0.004429888977943165
2.500000000000001 -0.004430467860446834
2.600000000000001 -0.004430711012092766
2.700000000000001 -0.004431127995595279
2.800000000000001 -0.004431168639803268
2.900000000000001 -0.004430886590462532
3.000000000000001 -0.004430125144365779
3.100000000000001 -0.004429798375438007
3.200000000000002 -0.004430322495199955
3.300000000000002 -0.004431392288674186
3.400000000000002 -0.004431468629891712
3.500000000000002 -0.004430609872893932
3.600000000000002 -0.004430077445007881
3.700000000000002 -0.004430243770760404
3.800000000000002 -0.004430081324010402
3.900000000000002 -0.004430201944661858
4.000000000000002 -0.004431133203730842
4.100000000000001 -0.004431941459713123
4.200000000000001 -0.004431053174211016
4.300000000000001 -0.004429863156121718
4.4 -0.004429625059619408
4.5 -0.004430265047747512
4.6 -0.004430629776384959
4.699999999999999 -0.004430892131909258
4.799999999999999 -0.004431095586970329
4.899999999999999 -0.004431046563547073
4.999999999999998 -0.004430426086314753
5.099999999999998 -0.004429711347350289
5.199999999999998 -0.004429897324212466
5.299999999999997 -0.00443100406508989
5.399999999999997 -0.004431582582614024
5.499999999999996 -0.004430838063423418
5.599999999999996 -0.004430088739394551
5.699999999999996 -0.004430177693538499
5.799999999999995 -0.004430154302915828
5.899999999999995 -0.00442993616856923
5.999999999999995 -0.004430651490003268
6.099999999999994 -0.004431813794011944
6.199999999999994 -0.00443153018372247
6.299999999999994 -0.004430139062623213
6.399999999999993 -0.004429588470203369
6.499999999999993 -0.004430028192590491
6.599999999999993 -0.00443052973939304
6.699999999999992 -0.004430711730280764
6.799999999999992 -0.004431124580571962
6.899999999999991 -0.004431164376245057
6.999999999999991 -0.004430736770958243
7.099999999999991 -0.004429901709928023
7.19999999999999 -0.004429800919180331
7.29999999999999 -0.004430592644700583
7.39999999999999 -0.004431520019564067
7.499999999999989 -0.004431241913413092
7.599999999999989 -0.004430423782914219
7.699999999999989 -0.004430140504563684
7.799999999999988 -0.004430244263797796
7.899999999999988 -0.004430006469903201
7.999999999999988 -0.004430401898497088
8.099999999999987 -0.004431472087944327
8.199999999999987 -0.004431879884825919
8.299999999999986 -0.004430713612201083
8.399999999999986 -0.004429789072625742
8.499999999999986 -0.004429794967509007
8.599999999999985 -0.004430400822264534
8.699999999999985 -0.004430681871321906
8.799999999999985 -0.004431073437485212
8.899999999999984 -0.004431176141290176
8.999999999999984 -0.004430980394906248
9.099999999999984 -0.004430249016662809
9.199999999999983 -0.004429758136304521
9.299999999999983 -0.004430132158902189
9.399999999999983 -0.004431241489121249
9.499999999999982 -0.004431524427568815
9.599999999999982 -0.004430695671536056
9.699999999999982 -0.0044300613576143
9.799999999999981 -0.004430228246907674
9.899999999999981 -0.004430103805894752
9.99999999999998 -0.004430067744279357
10.09999999999998 -0.004430920152745078
10.19999999999998 -0.004431924418156035
10.29999999999998 -0.004431238845008783
10.39999999999998 -0.004429924456035107
10.49999999999998 -0.004429563742198446
10.59999999999998 -0.004430167280872635
10.69999999999998 -0.004430572222143228
10.79999999999998 -0.004430783823224531
10.89999999999998 -0.004431098635972896
10.99999999999998 -0.004431112355712226
11.09999999999998 -0.00443054420764113
11.19999999999998 -0.00442972998391239
11.29999999999998 -0.004429804261599297
11.39999999999998 -0.004430825168911704
11.49999999999998 -0.004431555429377769
11.59999999999997 -0.004430968265256748
11.69999999999997 -0.004430195908809377
11.79999999999997 -0.004430172762987327
11.89999999999997 -0.004430195323285552
11.99999999999997 -0.004429930636299652
12.09999999999997 -0.00443054310989779
12.19999999999997 -0.004431716528610102
12.29999999999997 -0.004431693673255671
12.39999999999997 -0.004430338189875261
12.49999999999997 -0.004429660863452076
12.59999999999997 -0.004429949981848579
12.69999999999997 -0.00443048463680035
12.79999999999997 -0.004430688373463136
12.89999999999997 -0.004431146127424652
12.99999999999997 -0.004431215299324457
13.09999999999997 -0.004430854952562716
13.19999999999997 -0.004430029605115508
13.29999999999997 -0.004429788716055046
13.39999999999997 -0.004430412719327184
13.49999999999997 -0.00443142023946492
13.59999999999997 -0.004431372726135617
13.69999999999997 -0.004430559857900812
13.79999999999997 -0.00443012913130065
13.89999999999997 -0.004430262154966156
13.99999999999997 -0.004430054599556348
14.09999999999997 -0.004430290041861525
14.19999999999997 -0.004431279908351003
14.29999999999997 -0.004431941851124659
14.39999999999996 -0.004430926934216987
14.49999999999996 -0.004429841511454999
14.59999999999996 -0.004429695796588813
14.69999999999996 -0.004430319340317223
14.79999999999996 -0.004430635573870868
14.89999999999996 -0.004430970410514427
14.99999999999996 -0.004431160971543993
15.09999999999996 -0.004431057749983044
15.19999999999996 -0.004430361733615894
15.29999999999996 -0.004429714137872964
15.39999999999996 -0.004429958565186062
15.49999999999996 -0.004431072919289249
15.59999999999996 -0.004431541499853107
15.69999999999996 -0.004430782687263937
15.79999999999996 -0.00443008381810036
15.89999999999996 -0.004430219307245334
15.99999999999996 -0.004430138993268467
16.09999999999996 -0.00442997303731678
16.19999999999996 -0.00443073885674596
16.29999999999996 -0.0044318702379214
16.39999999999996 -0.004431419512007308
16.49999999999996 -0.004430032191927735
16.59999999999997 -0.004429556353343803
16.69999999999997 -0.004430079371730979
16.79999999999997 -0.004430527473689978
16.89999999999997 -0.004430707301289701
16.99999999999997 -0.004431117970983179
17.09999999999997 -0.004431178538745415
17.19999999999997 -0.004430672229393981
17.29999999999998 -0.004429805818388414
17.39999999999998 -0.004429769045251955
17.49999999999998 -0.004430663166676843
17.59999999999998 -0.004431515102039531
17.69999999999998 -0.004431125533311557
17.79999999999998 -0.004430348273099402
17.89999999999998 -0.004430183544027358
17.99999999999999 -0.004430243198382624
18.09999999999999 -0.004429970126657135
18.19999999999999 -0.00443045820407133
18.29999999999999 -0.004431587522712304
18.39999999999999 -0.004431826347355542
18.49999999999999 -0.004430559531297274
18.59999999999999 -0.004429740468760638
18.7 -0.004429864381240085
18.8 -0.004430428909650974
18.9 -0.004430665088450831
19 -0.004431121247907088
19.1 -0.00443123642146618
19.2 -0.004430959743020668
19.3 -0.00443016126014526
19.40000000000001 -0.004429767058706137
19.50000000000001 -0.004430232031126805
19.60000000000001 -0.004431298921973401
19.70000000000001 -0.004431466147206846
19.80000000000001 -0.004430671747926909
19.90000000000001 -0.00443011811326263
20.00000000000001 -0.004430268980168311
20.10000000000002 -0.004430094548327807
20.20000000000002 -0.004430162812028199
20.30000000000002 -0.004431065022996214
20.40000000000002 -0.00443194983499135
20.50000000000002 -0.004431117091487725
20.60000000000002 -0.00442988455730863
20.70000000000002 -0.004429605337228824
20.80000000000003 -0.004430224707192565
20.90000000000003 -0.004430577282511913
21.00000000000003 -0.004430843878500857
21.10000000000003 -0.004431136052809465
21.20000000000003 -0.004431119801803581
21.30000000000003 -0.004430472954990902
21.40000000000003 -0.004429698370324427
21.50000000000004 -0.004429831256293199
21.60000000000004 -0.004430905045101274
21.70000000000004 -0.004431535433918088
21.80000000000004 -0.004430887683955516
21.90000000000004 -0.004430151577539981
22.00000000000004 -0.004430210050974647
22.10000000000004 -0.004430177414813055
22.20000000000005 -0.004429925031986907
22.30000000000005 -0.004430597226721506
22.40000000000005 -0.004431783581683769
22.50000000000005 -0.004431588101767392
22.60000000000005 -0.004430189588239291
22.70000000000005 -0.004429595681402276
22.80000000000005 -0.004429994699265581
22.90000000000006 -0.004430484113350284
23.00000000000006 -0.004430663358818797
23.10000000000006 -0.004431141759027609
23.20000000000006 -0.004431238117815987
23.30000000000006 -0.004430802273352353
23.40000000000006 -0.00442992684970606
23.50000000000006 -0.004429767298673863
23.60000000000007 -0.004430503438040996
23.70000000000007 -0.004431447406414642
23.80000000000007 -0.004431274320583922
23.90000000000007 -0.004430499758922678
24.00000000000007 -0.004430180754834311
24.10000000000007 -0.004430273068851091
24.20000000000007 -0.004430019881009752
24.30000000000008 -0.004430361065298386
24.40000000000008 -0.004431411146377226
24.50000000000008 -0.004431908578304003
24.60000000000008 -0.004430775168940451
24.70000000000008 -0.004429801242765613
24.80000000000008 -0.004429762596376026
24.90000000000008 -0.004430357962473059
25.00000000000009 -0.004430633193470835
25.10000000000009 -0.004431045801087899
25.20000000000009 -0.004431228016495144
25.30000000000009 -0.004431051976447217
25.40000000000009 -0.004430290626741507
25.50000000000009 -0.004429734388280556
25.60000000000009 -0.004430054913858584
25.7000000000001 -0.004431155170094947
25.8000000000001 -0.004431512639031086
25.9000000000001 -0.004430754036539091
26.0000000000001 -0.004430108900293479
26.1000000000001 -0.004430257720350319
26.2000000000001 -0.004430123568123845
26.3000000000001 -0.004430037323392376
26.40000000000011 -0.004430852319381051
26.50000000000011 -0.00443191059138342
26.60000000000011 -0.004431293312788491
26.70000000000011 -0.004429947312336572
26.80000000000011 -0.004429548716373063
26.90000000000011 -0.004430129323466289
27.00000000000011 -0.004430529113070176
27.10000000000012 -0.004430739439033746
27.20000000000012 -0.004431131999454022
27.30000000000012 -0.004431186612240352
27.40000000000012 -0.004430603666275548
27.50000000000012 -0.004429739854767891
27.60000000000012 -0.00442976395582644
27.70000000000012 -0.00443074456227048
27.80000000000013 -0.004431511503351229
27.90000000000013 -0.00443101871927594
28.00000000000013 -0.004430268187138135
28.10000000000013 -0.004430209910684756
28.20000000000013 -0.004430225303366227
28.30000000000013 -0.004429935581096128
28.40000000000013 -0.004430499229777409
28.50000000000014 -0.004431669785679555
28.60000000000014 -0.004431734031649519
28.70000000000014 -0.004430390740985618
28.80000000000014 -0.004429671985136004
28.90000000000014 -0.004429919908948504
29.00000000000014 -0.004430449773926562
29.10000000000014 -0.004430653513653258
29.20000000000014 -0.004431153083878696
29.30000000000015 -0.004431280788824081
29.40000000000015 -0.004430925913830795
29.50000000000015 -0.004430069292570432
29.60000000000015 -0.004429767396641297
29.70000000000015 -0.004430335646573964
29.80000000000015 -0.004431352320031215
29.90000000000015 -0.004431395053202569
30.00000000000016 -0.00443062680986986
30.10000000000016 -0.004430164078040017
30.20000000000016 -0.004430287012573289
30.30000000000016 -0.004430068125748167
30.40000000000016 -0.004430246284700182
30.50000000000016 -0.004431205552784614
30.60000000000016 -0.004431947283085459
30.70000000000017 -0.004430980815322092
30.80000000000017 -0.004429850114602869
30.90000000000017 -0.004429665208370128
31.00000000000017 -0.004430282755497251
31.10000000000017 -0.004430598199382534
31.20000000000017 -0.004430937541879544
31.30000000000017 -0.00443120181681939
31.40000000000018 -0.004431126456764137
31.50000000000018 -0.004430408923606996
31.60000000000018 -0.004429699489036643
31.70000000000018 -0.004429894760696627
31.80000000000018 -0.004430992298095071
31.90000000000018 -0.004431519239544933
32.00000000000018 -0.004430828800086085
32.10000000000019 -0.004430126612483674
32.20000000000019 -0.004430237890239538
32.30000000000019 -0.004430153829057363
32.40000000000019 -0.004429947387710618
32.50000000000019 -0.004430675099477972
32.60000000000019 -0.004431837632340552
32.70000000000019 -0.004431465590788183
32.8000000000002 -0.004430063763470909
32.9000000000002 -0.004429553371263399
33.0000000000002 -0.00443004813178302
33.1000000000002 -0.00443049917043813
33.2000000000002 -0.004430679515598618
33.3000000000002 -0.00443114791777498
33.4000000000002 -0.004431244188475464
33.50000000000021 -0.004430732985992689
33.60000000000021 -0.004429829536292892
33.70000000000021 -0.004429741945023484
33.80000000000021 -0.004430587696496558
33.90000000000021 -0.00443146676922876
34.00000000000021 -0.00443116448701184
34.10000000000021 -0.004430408736607339
34.20000000000022 -0.004430203510122888
34.30000000000022 -0.00443026087958931
34.40000000000022 -0.00442997704288185
34.50000000000022 -0.00443041539651799
34.60000000000022 -0.004431525860269652
34.70000000000022 -0.00443185198034636
34.80000000000022 -0.004430617086607746
34.90000000000023 -0.004429754958887694
35.00000000000023 -0.004429835503842344
35.10000000000023 -0.004430401279881869
35.20000000000023 -0.004430641006620531
35.30000000000023 -0.004431113251229997
35.40000000000023 -0.004431281784784896
35.50000000000023 -0.004431023345353168
35.60000000000024 -0.004430203929490568
35.70000000000024 -0.004429745869662142
35.80000000000024 -0.004430156309213623
35.90000000000024 -0.004431225522395039
36.00000000000024 -0.004431464333272444
36.10000000000024 -0.004430711688112462
36.20000000000024 -0.004430135848590104
36.30000000000025 -0.004430281643931519
36.40000000000025 -0.004430106689787917
36.50000000000025 -0.004430122712490259
36.60000000000025 -0.004430991606251002
36.70000000000025 -0.004431939836098505
36.80000000000025 -0.004431169614411449
36.90000000000025 -0.004429899427225479
37.00000000000026 -0.004429584437898097
37.10000000000026 -0.004430194606898427
37.20000000000026 -0.004430552066637707
37.30000000000026 -0.004430812308094513
37.40000000000026 -0.004431165793091053
37.50000000000026 -0.0044311799473317
37.60000000000026 -0.004430523445031621
37.70000000000027 -0.004429695044068553
37.80000000000027 -0.004429780601736871
37.90000000000027 -0.00443082574348156
38.00000000000027 -0.00443150220183667
38.10000000000027 -0.004430924375965394
38.20000000000027 -0.004430195740203638
38.30000000000027 -0.004430226549415616
38.40000000000028 -0.004430200177180443
38.50000000000028 -0.004429924315622297
38.60000000000028 -0.004430557639504979
38.70000000000028 -0.004431748898667323
38.80000000000028 -0.004431633322518642
38.90000000000028 -0.004430239944711274
39.00000000000028 -0.004429611325206004
39.10000000000029 -0.004429974249437761
39.20000000000029 -0.004430469506298361
39.30000000000029 -0.004430651997038697
39.40000000000029 -0.004431164013957308
39.50000000000029 -0.004431290920874069
39.60000000000029 -0.004430859614801057
39.70000000000029 -0.004429959081789063
39.8000000000003 -0.004429745338824153
39.9000000000003 -0.004430428715335961
40.0000000000003 -0.004431392706920333
40.1000000000003 -0.004431300502126743
40.2000000000003 -0.004430551375837605
40.3000000000003 -0.004430198026007005
40.4000000000003 -0.004430295528754974
40.50000000000031 -0.004430042623398613
40.60000000000031 -0.004430331709701989
40.70000000000031 -0.004431351082451427
40.80000000000031 -0.004431924977209266
40.90000000000031 -0.004430835027603623
41.00000000000031 -0.004429817014613294
41.10000000000031 -0.004429737687838501
41.20000000000032 -0.004430337303889453
41.30000000000032 -0.00443061828486704
41.40000000000032 -0.004431025305754871
41.50000000000032 -0.00443125286671451
41.60000000000032 -0.004431100640239005
41.70000000000032 -0.004430325336403433
41.80000000000032 -0.004429707121719272
41.90000000000033 -0.004429980517934999
42.00000000000033 -0.004431079768613766
42.10000000000033 -0.004431500032109389
42.20000000000033 -0.004430787944631507
42.30000000000033 -0.00443013268876761
42.40000000000033 -0.004430273033510392
42.50000000000033 -0.004430143864686749
42.60000000000034 -0.004430011509732949
42.70000000000034 -0.004430790851537227
42.80000000000034 -0.004431890341302721
42.90000000000034 -0.004431345616472676
43.00000000000034 -0.004429974988859036
43.10000000000034 -0.004429542551281585
43.20000000000034 -0.004430103333929007
43.30000000000035 -0.004430509868431547
43.40000000000035 -0.004430710758082046
43.50000000000035 -0.004431149989950357
43.60000000000035 -0.004431230167994437
43.70000000000035 -0.004430646531193794
43.80000000000035 -0.004429744699843099
43.90000000000035 -0.004429726385858273
44.00000000000036 -0.004430670944433234
44.10000000000036 -0.004431477322879972
44.20000000000036 -0.004431060124291502
44.30000000000036 -0.004430322931083648
44.40000000000036 -0.004430228751787699
44.50000000000036 -0.004430250325712297
44.60000000000036 -0.004429949196831903
44.70000000000037 -0.004430470103807984
44.80000000000037 -0.00443162751425599
44.90000000000037 -0.004431771985138969
45.00000000000037 -0.004430449755470579
45.10000000000037 -0.004429690284669314
45.20000000000037 -0.004429893296488231
45.30000000000037 -0.004430427583984417
45.40000000000038 -0.004430636499876916
45.50000000000038 -0.004431150364604376
45.60000000000038 -0.004431308874580842
45.70000000000038 -0.0044309685651716
45.80000000000038 -0.004430099134109722
45.90000000000038 -0.004429743894821746
46.00000000000038 -0.004430263448040674
46.10000000000039 -0.004431295643608695
46.20000000000039 -0.004431410114199202
46.30000000000039 -0.004430668266435605
46.40000000000039 -0.004430177613511781
46.50000000000039 -0.004430305480725231
46.60000000000039 -0.004430090744544458
46.70000000000039 -0.004430214964310648
46.8000000000004 -0.004431138411405639
46.9000000000004 -0.004431944644742091
47.0000000000004 -0.004431032371595455
47.1000000000004 -0.004429859157030467
47.2000000000004 -0.004429635092201625
47.3000000000004 -0.004430250438193546
47.4000000000004 -0.004430570843731869
47.50000000000041 -0.004430895242334103
47.60000000000041 -0.004431207111094526
47.70000000000041 -0.004431164055279884
47.80000000000041 -0.004430444406990893
47.90000000000041 -0.004429683283252205
48.00000000000041 -0.004429838061007725
48.10000000000041 -0.004430922364426531
48.20000000000041 -0.004431499009544355
48.30000000000042 -0.004430860897165338
48.40000000000042 -0.004430160775811068
48.50000000000042 -0.004430255633382822
48.60000000000042 -0.004430181280086476
48.70000000000042 -0.004429941059431524
48.80000000000042 -0.004430629201906285
48.90000000000042 -0.004431804756473348
49.00000000000043 -0.00443150856832926
49.10000000000043 -0.004430099455420667
49.20000000000043 -0.004429554698615022
49.30000000000043 -0.004430018101771425
49.40000000000043 -0.004430477592595813
49.50000000000043 -0.004430656117176618
49.60000000000043 -0.004431161846621808
49.70000000000044 -0.004431286603277546
49.80000000000044 -0.004430783443823257
49.90000000000044 -0.004429856442359311
50.00000000000044 -0.004429724214106858
