0 -0.004431885750815338
0.1 -0.004416775814070283
0.2 -0.00440717957077245
0.3 -0.004401802521942397
0.4 -0.004397959729817587
0.5 -0.004394360342511607
0.6 -0.004389759864345204
0.7 -0.004379936359140801
0.7999999999999999 -0.004372231320892831
0.8999999999999999 -0.004342867354232686
0.9999999999999999 -0.004381792845329685
1.1 -0.004406043349737344
1.2 -0.004411626753186945
1.3 -0.004406593780837616
1.4 -0.00440021448048523
1.5 -0.004388861687463655
1.6 -0.004392391781575936
1.7 -0.004382971971006668
1.8 -0.004365010203150744
1.900000000000001 -0.004355171642760659
2 -0.004400577916634948
2.100000000000001 -0.004383982355204594
2.200000000000001 -0.004372738306550881
2.300000000000001 -0.004374065105348464
2.400000000000001 -0.004390383886134035
2.500000000000001 -0.004391786903888818
2.600000000000001 -0.004387841154240904
2.700000000000001 -0.00438375223654618
2.800000000000001 -0.004379092609161343
2.900000000000001 -0.004371131297559889
3.000000000000001 -0.004349193928985885
3.100000000000001 -0.00433581519389252
3.200000000000002 -0.00438261135391725
3.300000000000002 -0.004361313139591993
3.400000000000002 -0.004350236253238106
3.500000000000002 -0.004346029290846843
3.600000000000002 -0.004361959879075787
3.700000000000002 -0.004369570297447347
3.800000000000002 -0.004367539561527499
3.900000000000002 -0.004364856978316486
4.000000000000002 -0.004362493277416397
4.100000000000001 -0.004358535850068988
4.200000000000001 -0.004325058602837282
4.300000000000001 -0.004313714751607846
4.4 -0.004310853143359666
4.5 -0.004307590547787779
4.6 -0.004302597044251484
4.699999999999999 -0.00429791349216698
4.799999999999999 -0.004308927074218364
4.899999999999999 -0.004323289300908624
4.999999999999998 -0.004323404585413991
5.099999999999998 -0.004321052837261022
5.199999999999998 -0.004319266961432404
5.299999999999997 -0.004318005931360671
5.399999999999997 -0.004316962597546117
5.499999999999996 -0.004315862850582608
5.599999999999996 -0.004314412802802075
5.699999999999996 -0.004312174450921546
5.799999999999995 -0.004308471189913491
5.899999999999995 -0.004303355426840415
5.999999999999995 -0.004306855702452029
6.099999999999994 -0.004325127985025421
6.199999999999994 -0.004328352544833263
6.299999999999994 -0.004325452833821182
6.399999999999993 -0.004321929383509442
6.499999999999993 -0.004316789461057607
6.599999999999993 -0.004303233466039813
6.699999999999992 -0.004233755159980131
6.799999999999992 -0.004333250926930783
6.899999999999991 -0.004306980792342363
6.999999999999991 -0.004297898350501649
7.099999999999991 -0.004290598732842118
7.19999999999999 -0.004287286385468109
7.29999999999999 -0.004303414448160989
7.39999999999999 -0.004312120657633297
7.499999999999989 -0.004310448953209388
7.599999999999989 -0.004308037431497063
7.699999999999989 -0.004306352827140466
7.799999999999988 -0.00430522998471604
7.899999999999988 -0.004304324850537741
7.999999999999988 -0.004303194294702425
8.099999999999987 -0.004301410424483374
8.199999999999987 -0.004298585575163168
8.299999999999986 -0.004293866485012753
8.399999999999986 -0.00428870526521422
8.499999999999986 -0.004298578712718167
8.599999999999985 -0.004313317345862443
8.699999999999985 -0.004313447822575552
8.799999999999985 -0.00431078622734127
8.899999999999984 -0.004308626440126157
8.999999999999984 -0.004306963212975598
9.099999999999984 -0.0043054861950603
9.199999999999983 -0.004303906447819247
9.299999999999983 -0.004301936097321358
9.399999999999983 -0.004299274583052197
9.499999999999982 -0.004294956913859632
9.599999999999982 -0.004288762626049517
9.699999999999982 -0.004290723385329256
9.799999999999981 -0.004308774025645547
9.899999999999981 -0.004312532227436828
9.99999999999998 -0.004310103442746709
10.09999999999998 -0.00430767605692491
10.19999999999998 -0.004305720412180802
10.29999999999998 -0.004303997162306394
10.39999999999998 -0.004302257970033594
10.49999999999998 -0.004300279711606634
10.59999999999998 -0.004297854077112471
10.69999999999998 -0.004294041432081004
10.79999999999998 -0.004288046557363808
10.89999999999998 -0.004284580547585827
10.99999999999998 -0.004300017857700289
11.09999999999998 -0.004309067022227081
11.19999999999998 -0.004307089635965908
11.29999999999998 -0.004304119694547809
11.39999999999998 -0.004301753757697836
11.49999999999998 -0.004299790730688977
11.59999999999997 -0.004297933171507405
11.69999999999997 -0.004295988366502707
11.79999999999997 -0.004293834303292773
11.89999999999997 -0.00429064815891402
11.99999999999997 -0.00428556823934088
12.09999999999997 -0.004279989344163918
12.19999999999997 -0.004288693078586964
12.29999999999997 -0.004303607939997945
12.39999999999997 -0.004303605989794087
12.49999999999997 -0.004300522060282995
12.59999999999997 -0.00429793341638266
12.69999999999997 -0.004295872311808368
12.79999999999997 -0.004294035033020137
12.89999999999997 -0.004292235161102663
12.99999999999997 -0.004290298070993394
13.09999999999997 -0.004287394930081707
13.19999999999997 -0.004282785386850459
13.29999999999997 -0.004276395815442978
13.39999999999997 -0.00427742845430162
13.49999999999997 -0.00429526059240205
13.59999999999997 -0.004299157894585909
13.69999999999997 -0.004296347126513854
13.79999999999997 -0.004293597208978967
13.89999999999997 -0.004291551536807364
13.99999999999997 -0.004289985478690245
14.09999999999997 -0.004288664774430233
14.19999999999997 -0.004287220402270629
14.29999999999997 -0.004284863536459713
14.39999999999996 -0.004281064392176267
14.49999999999996 -0.00427522259630441
14.59999999999996 -0.004271501521537964
14.69999999999996 -0.004286491073048361
14.79999999999996 -0.004296415183006911
14.89999999999996 -0.004294806097844813
14.99999999999996 -0.004292055948738053
15.09999999999996 -0.004289928449011526
15.19999999999996 -0.00428825809808206
15.29999999999996 -0.004286902005332916
15.39999999999996 -0.004285554845601165
15.49999999999996 -0.004283570781534789
15.59999999999996 -0.004280511592046874
15.69999999999996 -0.004275609856010889
15.79999999999996 -0.004270062182773105
15.89999999999996 -0.004278246567697263
15.99999999999996 -0.004294317628317721
16.09999999999996 -0.00429544665102347
16.19999999999996 -0.004293207905577413
16.29999999999996 -0.004291333355878654
16.39999999999996 -0.004289928478082997
16.49999999999996 -0.004288926507401303
16.59999999999997 -0.004287964628786199
16.69999999999997 -0.004286520398819615
16.79999999999997 -0.00428426471822767
16.89999999999997 -0.004280465074044273
16.99999999999997 -0.004274853895252632
17.09999999999997 -0.004275953473858117
17.19999999999997 -0.004294564057162985
17.29999999999998 -0.004299860446465572
17.39999999999998 -0.004297928296023676
17.49999999999998 -0.004295919913182019
17.59999999999998 -0.004294551000376638
17.69999999999998 -0.004293740813926348
17.79999999999998 -0.004293000638793163
17.89999999999998 -0.004291914930126306
17.99999999999999 -0.004290278319545094
18.09999999999999 -0.00428751486363509
18.19999999999999 -0.004282823969835707
18.29999999999999 -0.004279757577252248
18.39999999999999 -0.004294922764275952
18.49999999999999 -0.004306254414777509
18.59999999999999 -0.004305463307907778
18.7 -0.00430328914339938
18.8 -0.004301748262853703
18.9 -0.004300875114363637
19 -0.004300090422516835
19.1 -0.004299036237230773
19.2 -0.004297487814860387
19.3 -0.004294911157672281
19.40000000000001 -0.004290476209130731
19.50000000000001 -0.004285129814136208
19.60000000000001 -0.004292640416571517
19.70000000000001 -0.004309208422033817
19.80000000000001 -0.004310471511965349
19.90000000000001 -0.004307968799769064
20.00000000000001 -0.004305975650284599
20.10000000000002 -0.004304849024493703
20.20000000000002 -0.004303982833720449
20.30000000000002 -0.004302987692289168
20.40000000000002 -0.004301529415162408
20.50000000000002 -0.00429915377531002
20.60000000000002 -0.004295150203750097
20.70000000000002 -0.004289200129412588
20.80000000000003 -0.004289212094065518
20.90000000000003 -0.004307259166396503
21.00000000000003 -0.00431264016346697
21.10000000000003 -0.004310231084111785
21.20000000000003 -0.004307726058091239
21.30000000000003 -0.004306027934911557
21.40000000000003 -0.004304519860803678
21.50000000000004 -0.00430297747628082
21.60000000000004 -0.004301197994323921
21.70000000000004 -0.004298800261898446
21.80000000000004 -0.004295132070173315
21.90000000000004 -0.004289430668755666
22.00000000000004 -0.004285027375144382
22.10000000000004 -0.004298640814088625
22.20000000000005 -0.004310009035886691
22.30000000000005 -0.004308899339020079
22.40000000000005 -0.00430631825302696
22.50000000000005 -0.004304365351231745
22.60000000000005 -0.004302606959273888
22.70000000000005 -0.004300908610326121
22.80000000000005 -0.004299088274449146
22.90000000000006 -0.004296825730077072
23.00000000000006 -0.004293579730121274
23.10000000000006 -0.004288523926084389
23.20000000000006 -0.004282399989925919
23.30000000000006 -0.00428837790011066
23.40000000000006 -0.004304762136486875
23.50000000000006 -0.004305789844242011
23.60000000000007 -0.004302888057983635
23.70000000000007 -0.004300473668837566
23.80000000000007 -0.004298440369501737
23.90000000000007 -0.00429662324572126
24.00000000000007 -0.004294802918674121
24.10000000000007 -0.004292715263999724
24.20000000000007 -0.004289973167399657
24.30000000000008 -0.004285862730531969
24.40000000000008 -0.004279854602995076
24.50000000000008 -0.004279073590684054
24.60000000000008 -0.004296646589952817
24.70000000000008 -0.004302348950255473
24.80000000000008 -0.004299935173720021
24.90000000000008 -0.004297288528319587
25.00000000000009 -0.004295115011760862
25.10000000000009 -0.004293297142007275
25.20000000000009 -0.004291581132513566
25.30000000000009 -0.004289682133275197
25.40000000000009 -0.00428721314777575
25.50000000000009 -0.004283532247785951
25.60000000000009 -0.004277850367171008
25.7000000000001 -0.004273103174513243
25.8000000000001 -0.004285849663318864
25.9000000000001 -0.00429765743875374
26.0000000000001 -0.004296657409485737
26.1000000000001 -0.004293904607566362
26.2000000000001 -0.004291674852185822
26.3000000000001 -0.004290051939968347
26.40000000000011 -0.004288756371370279
26.50000000000011 -0.004287372903894024
26.60000000000011 -0.004285461846986703
26.70000000000011 -0.004282508022315843
26.80000000000011 -0.004277741829428181
26.90000000000011 -0.004271748434393557
27.00000000000011 -0.004277087727389946
27.10000000000012 -0.004294186908466786
27.20000000000012 -0.004296187338362854
27.30000000000012 -0.004293676434041704
27.40000000000012 -0.004291421997005558
27.50000000000012 -0.004289759366520913
27.60000000000012 -0.004288409100221786
27.70000000000012 -0.004287086399942684
27.80000000000013 -0.004285486019104275
27.90000000000013 -0.004283160147629317
28.00000000000013 -0.004279364979486067
28.10000000000013 -0.004273599080810431
28.20000000000013 -0.004272577417231646
28.30000000000013 -0.004290555239161202
28.40000000000013 -0.004298006071056076
28.50000000000014 -0.004296600843289572
28.60000000000014 -0.004294658127888686
28.70000000000014 -0.004293246074280648
28.80000000000014 -0.00429217650724362
28.90000000000014 -0.004291202129661987
29.00000000000014 -0.004290059350973278
29.10000000000014 -0.00428837510844424
29.20000000000014 -0.004285518941426514
29.30000000000015 -0.004280682825958749
29.40000000000015 -0.004276461741145151
29.50000000000015 -0.004289341518487961
29.60000000000015 -0.004302899227037746
29.70000000000015 -0.004302829913751758
29.80000000000015 -0.004300700842657547
29.90000000000015 -0.004299148366900639
30.00000000000016 -0.004298086603245863
30.10000000000016 -0.004297212587449364
30.20000000000016 -0.004296258946045898
30.30000000000016 -0.004294935245570733
30.40000000000016 -0.004292781969841845
30.50000000000016 -0.004288985094378999
30.60000000000016 -0.004283812484083392
30.70000000000017 -0.004289194554171101
30.80000000000017 -0.004307482331765831
30.90000000000017 -0.004310245644364151
31.00000000000017 -0.004308059322411353
31.10000000000017 -0.004306162407641708
31.20000000000017 -0.004304842351341237
31.30000000000017 -0.004303799886155654
31.40000000000018 -0.004302747087931447
31.50000000000018 -0.004301379998380112
31.60000000000018 -0.004299255420760004
31.70000000000018 -0.004295634905987156
31.80000000000018 -0.004289975680195366
31.90000000000018 -0.004288571519493595
32.00000000000018 -0.004306198974185016
32.10000000000019 -0.004313714170171519
32.20000000000019 -0.004311786919918517
32.30000000000019 -0.004309342545581222
32.40000000000019 -0.004307591952852002
32.50000000000019 -0.004306357649433811
32.60000000000019 -0.004305297801794097
32.70000000000019 -0.004303977503320353
32.8000000000002 -0.004301950727632614
32.9000000000002 -0.004298634814000086
33.0000000000002 -0.00429330747830648
33.1000000000002 -0.004288469453458815
33.2000000000002 -0.004300048171643429
33.3000000000002 -0.004313348536647815
33.4000000000002 -0.004312739124865521
33.50000000000021 -0.004309898657247725
33.60000000000021 -0.004307613639619947
33.70000000000021 -0.004305816860762915
33.80000000000021 -0.004304202682617465
33.90000000000021 -0.004302487081564438
34.00000000000021 -0.004300336219852795
34.10000000000021 -0.004297231345757835
34.20000000000022 -0.004292414856079905
34.30000000000022 -0.004286321480741532
34.40000000000022 -0.004289978061892437
34.50000000000022 -0.004307600143777368
34.60000000000022 -0.004310226808911083
34.70000000000022 -0.004307609306137852
34.80000000000022 -0.004305140441985066
34.90000000000023 -0.004303147395302087
35.00000000000023 -0.004301387718898917
35.10000000000023 -0.004299615430476291
35.20000000000023 -0.004297546942453933
35.30000000000023 -0.004294757374734399
35.40000000000023 -0.004290604731278852
35.50000000000023 -0.004284651133702328
35.60000000000024 -0.004282161472677482
35.70000000000024 -0.004298636525325643
35.80000000000024 -0.0043062691563546
35.90000000000024 -0.004303984287662653
36.00000000000024 -0.004301039048188842
36.10000000000024 -0.004298716900410358
36.20000000000024 -0.004296791474630466
36.30000000000025 -0.00429496923279922
36.40000000000025 -0.004292983410417669
36.50000000000025 -0.004290522132469472
36.60000000000025 -0.004287150813011356
36.70000000000025 -0.004282156216354847
36.80000000000025 -0.004277025815537016
36.90000000000025 -0.004287495165064294
37.00000000000026 -0.004301212982829634
37.10000000000026 -0.004300657268318608
37.20000000000026 -0.004297622542650771
37.30000000000026 -0.004295145783065593
37.40000000000026 -0.004293193219009578
37.50000000000026 -0.00429145806086365
37.60000000000026 -0.004289652763219172
37.70000000000027 -0.004287461009228357
37.80000000000027 -0.004284513730389206
37.90000000000027 -0.004280053280620803
38.00000000000027 -0.004273832382092874
38.10000000000027 -0.004276532922762806
38.20000000000027 -0.00429427048412336
38.30000000000027 -0.004297183280815174
38.40000000000028 -0.004294391461596648
38.50000000000028 -0.004291840257759516
38.60000000000028 -0.004290008289842738
38.70000000000028 -0.004288644627120218
38.80000000000028 -0.004287372032199688
38.90000000000028 -0.00428576745592487
39.00000000000028 -0.004283541647342977
39.10000000000029 -0.004279995550926259
39.20000000000029 -0.004274243218531755
39.30000000000029 -0.00427152633738947
39.40000000000029 -0.004287890661795214
39.50000000000029 -0.004296611954280318
39.60000000000029 -0.004294914383367224
39.70000000000029 -0.004292439967174298
39.8000000000003 -0.004290618701631688
39.9000000000003 -0.004289233174746989
40.0000000000003 -0.004287977201613261
40.1000000000003 -0.004286594032872452
40.2000000000003 -0.004284906490786845
40.3000000000003 -0.004282178253144235
40.4000000000003 -0.004277385328931064
40.50000000000031 -0.004272382055842652
40.60000000000031 -0.004282616430909602
40.70000000000031 -0.004297785325110231
40.80000000000031 -0.00429853656092516
40.90000000000031 -0.004296549995137593
41.00000000000031 -0.004294988102992453
41.10000000000031 -0.004293853945810882
41.20000000000032 -0.004292890795109769
41.30000000000032 -0.004291895333864164
41.40000000000032 -0.004290757428383169
41.50000000000032 -0.004288756219771451
41.60000000000032 -0.004284969374471778
41.70000000000032 -0.004279477842121982
41.80000000000032 -0.004282213581127469
41.90000000000033 -0.004300916614626695
42.00000000000033 -0.004305147694431674
42.10000000000033 -0.004303174850222568
42.20000000000033 -0.004301298933300937
42.30000000000033 -0.004300001727852207
42.40000000000033 -0.004298990088950605
42.50000000000033 -0.004298046031653115
42.60000000000034 -0.004297089769867858
42.70000000000034 -0.004295467484066565
42.80000000000034 -0.004292500278950078
42.90000000000034 -0.004287550894419407
43.00000000000034 -0.00428508446975716
43.10000000000034 -0.004301382685904034
43.20000000000034 -0.004311165193133749
43.30000000000035 -0.004309885277929771
43.40000000000035 -0.004307591161682801
43.50000000000035 -0.004305882350743332
43.60000000000035 -0.004304564069740321
43.70000000000035 -0.004303427540521041
43.80000000000035 -0.004302337823327664
43.90000000000035 -0.004300594787152989
44.00000000000036 -0.004297654330545005
44.10000000000036 -0.004292785204239357
44.20000000000036 -0.00428742924803268
44.30000000000036 -0.004296465457438742
44.40000000000036 -0.004311712372625905
44.50000000000036 -0.004312059836753882
44.60000000000036 -0.004309324223345287
44.70000000000037 -0.00430709752816425
44.80000000000037 -0.004305486979944551
44.90000000000037 -0.00430433043785617
45.00000000000037 -0.004303306192396096
45.10000000000037 -0.004301632559849648
45.20000000000037 -0.0042989232921628
45.30000000000037 -0.004294523701933466
45.40000000000038 -0.004288316638365583
45.50000000000038 -0.00428951903855779
45.60000000000038 -0.004307511938995276
45.70000000000038 -0.004311539987425656
45.80000000000038 -0.004308836456113938
45.90000000000038 -0.004306131368666436
46.00000000000038 -0.004304020935499752
46.10000000000039 -0.00430237948852852
46.20000000000039 -0.004300898632011846
46.30000000000039 -0.004298989424388658
46.40000000000039 -0.004296372932257597
46.50000000000039 -0.004292429555548414
46.60000000000039 -0.004286450983745329
46.70000000000039 -0.00428259728887702
46.8000000000004 -0.004297484990444124
46.9000000000004 -0.004307407929252371
47.0000000000004 -0.004305871989900028
47.1000000000004 -0.004303106864564687
47.2000000000004 -0.004300834224054979
47.3000000000004 -0.00429909485971846
47.4000000000004 -0.0042975232256076
47.50000000000041 -0.004295641809499818
47.60000000000041 -0.004293249917860984
47.70000000000041 -0.004289826993840945
47.80000000000041 -0.004284548360112024
47.90000000000041 -0.004278590651409786
48.00000000000041 -0.004286298222896688
48.10000000000041 -0.004301706273979851
48.20000000000041 -0.004302003753877952
48.30000000000042 -0.004298894061185043
48.40000000000042 -0.004296264652737408
48.50000000000042 -0.004294382263619884
48.60000000000042 -0.004292737067899933
48.70000000000042 -0.004290915345908469
48.80000000000042 -0.004288779261964861
48.90000000000042 -0.004285958469534733
49.00000000000043 -0.004281711910491162
49.10000000000043 -0.004275665004196909
49.20000000000043 -0.004276200457131411
49.30000000000043 -0.004294135345669476
49.40000000000043 -0.004298669890403319
49.50000000000043 -0.004295934836552389
49.60000000000043 -0.00429317937108875
49.70000000000044 -0.004291283996275422
49.80000000000044 -0.004289692693161596
49.90000000000044 -0.004288051718094848
50.00000000000044 -0.00428619226457898
