0 -0.004431885750815338
0.1 -0.004321983676367438
0.2 -0.004273939323372616
0.3 -0.004253049451297904
0.4 -0.00424045284127491
0.5 -0.004230376941285332
0.6 -0.00422109298806805
0.7 -0.004212054723997152
0.7999999999999999 -0.004203079705033956
0.8999999999999999 -0.00419410199173744
0.9999999999999999 -0.004185095247497548
1.1 -0.004176047638209216
1.2 -0.004166953138488454
1.3 -0.004157808329388306
1.4 -0.004148611146049584
1.5 -0.004139360360203647
1.6 -0.004130055356560968
1.7 -0.004120696033779019
1.8 -0.004111282761193345
1.900000000000001 -0.004101816361659388
2 -0.004092298106861859
2.100000000000001 -0.004082729718284997
2.200000000000001 -0.004073113370128452
2.300000000000001 -0.004063451691973621
2.400000000000001 -0.004053747769816669
2.500000000000001 -0.004044005144541236
2.600000000000001 -0.004034227807172869
2.700000000000001 -0.004024420190429493
2.800000000000001 -0.004014587156209719
2.900000000000001 -0.004004733978767792
3.000000000000001 -0.003994866323426056
3.100000000000001 -0.00398499022077562
3.200000000000002 -0.003975112036417543
3.300000000000002 -0.003965238436399212
3.400000000000002 -0.003955376348602997
3.500000000000002 -0.003945532920445136
3.600000000000002 -0.003935715473340061
3.700000000000002 -0.003925931454474809
3.800000000000002 -0.003916188386517342
3.900000000000002 -0.0039064938159462
4.000000000000002 -0.00389685526073279
4.100000000000001 -0.003887280158130926
4.200000000000001 -0.003877775813329551
4.300000000000001 -0.003868349349705353
4.4 -0.003859007661375164
4.5 -0.003849757368695135
4.6 -0.003840604777286768
4.699999999999999 -0.0038315558410912
4.799999999999999 -0.003822616129864978
4.899999999999999 -0.003813790801435786
4.999999999999998 -0.003805084578939677
5.099999999999998 -0.003796501733165432
5.199999999999998 -0.003788046070042719
5.299999999999997 -0.003779720923230208
5.399999999999997 -0.003771529151694065
5.499999999999996 -0.003763473142115776
5.599999999999996 -0.003755554815933433
5.699999999999996 -0.003747775640798891
5.799999999999995 -0.003740136646220363
5.899999999999995 -0.003732638443143583
5.999999999999995 -0.00372528124718969
6.099999999999994 -0.003718064905192894
6.199999999999994 -0.003710988924542858
6.299999999999994 -0.003704052504619706
6.399999999999993 -0.003697254569318229
6.499999999999993 -0.003690593799330422
6.599999999999993 -0.003684068662579738
6.699999999999992 -0.003677677441104296
6.799999999999992 -0.003671418252903803
6.899999999999991 -0.003665289067877889
6.999999999999991 -0.003659287717942388
7.099999999999991 -0.003653411902510233
7.19999999999999 -0.003647659191442456
7.29999999999999 -0.003642027028001267
7.39999999999999 -0.003636512734113899
7.499999999999989 -0.003631113519465251
7.599999999999989 -0.003625826494859041
7.699999999999989 -0.003620648689269338
7.799999999999988 -0.003615577069312689
7.899999999999988 -0.003610608559608153
7.999999999999988 -0.003605740062604639
8.099999999999987 -0.003600968476799857
8.199999999999987 -0.003596290712698831
8.299999999999986 -0.003591703706247927
8.399999999999986 -0.003587204429772656
8.499999999999986 -0.003582789900630886
8.599999999999985 -0.003578457187883117
8.699999999999985 -0.003574203417304107
8.799999999999985 -0.003570025775041318
8.899999999999984 -0.003565921510186943
8.999999999999984 -0.003561887936484803
9.099999999999984 -0.003557922433349759
9.199999999999983 -0.003554022446339479
9.299999999999983 -0.003550185487187253
9.399999999999983 -0.003546409133480481
9.499999999999982 -0.003542691028050601
9.599999999999982 -0.00353902887812671
9.699999999999982 -0.00353542045429434
9.799999999999981 -0.003531863589293648
9.899999999999981 -0.003528356176685109
9.99999999999998 -0.003524896169406647
10.09999999999998 -0.003521481578242734
10.19999999999998 -0.003518110470223013
10.29999999999998 -0.003514780966966205
10.39999999999998 -0.003511491242982723
10.49999999999998 -0.00350823952394811
10.59999999999998 -0.00350502408495784
10.69999999999998 -0.003501843248772931
10.79999999999998 -0.00349869538406438
10.89999999999998 -0.003495578903663839
10.99999999999998 -0.003492492262826623
11.09999999999998 -0.003489433957512586
11.19999999999998 -0.003486402522689534
11.29999999999998 -0.003483396530663287
11.39999999999998 -0.003480414589437627
11.49999999999998 -0.003477455341107282
11.59999999999997 -0.003474517460286206
11.69999999999997 -0.003471599652573212
11.79999999999997 -0.003468700653056684
11.89999999999997 -0.00346581922485958
11.99999999999997 -0.003462954157726053
12.09999999999997 -0.003460104266650263
12.19999999999997 -0.003457268390548344
12.29999999999997 -0.003454445390973907
12.39999999999997 -0.003451634150877596
12.49999999999997 -0.003448833573411015
12.59999999999997 -0.003446042580775418
12.69999999999997 -0.003443260113115276
12.79999999999997 -0.003440485127457292
12.89999999999997 -0.003437716596694838
12.99999999999997 -0.003434953508618451
13.09999999999997 -0.003432194864992606
13.19999999999997 -0.003429439680679407
13.29999999999997 -0.003426686982809656
13.39999999999997 -0.003423935810002055
13.49999999999997 -0.003421185211631417
13.59999999999997 -0.003418434247146702
13.69999999999997 -0.003415681985440121
13.79999999999997 -0.003412927504268493
13.89999999999997 -0.003410169889728304
13.99999999999997 -0.003407408235786072
14.09999999999997 -0.00340464164386582
14.19999999999997 -0.003401869222495588
14.29999999999997 -0.003399090087015212
14.39999999999996 -0.003396303359347701
14.49999999999996 -0.003393508167836762
14.59999999999996 -0.003390703647153214
14.69999999999996 -0.003387888938273329
14.79999999999996 -0.003385063188532078
14.89999999999996 -0.003382225551754701
14.99999999999996 -0.003379375188470008
15.09999999999996 -0.003376511266209118
15.19999999999996 -0.003373632959893192
15.29999999999996 -0.003370739452314197
15.39999999999996 -0.00336782993471254
15.49999999999996 -0.003364903607455493
15.59999999999996 -0.003361959680820407
15.69999999999996 -0.003358997375886646
15.79999999999996 -0.003356015925539967
15.89999999999996 -0.003353014575593058
15.99999999999996 -0.003349992586025637
16.09999999999996 -0.003346949232347159
16.19999999999996 -0.003343883807084926
16.29999999999996 -0.003340795621399782
16.39999999999996 -0.003337684006831071
16.49999999999996 -0.003334548317171772
16.59999999999997 -0.003331387930474077
16.69999999999997 -0.003328202251184515
16.79999999999997 -0.003324990712406889
16.89999999999997 -0.003321752778290035
16.99999999999997 -0.003318487946536024
17.09999999999997 -0.00331519575102309
17.19999999999997 -0.003311875764535909
17.29999999999998 -0.003308527601594211
17.39999999999998 -0.003305150921368745
17.49999999999998 -0.003301745430671883
17.59999999999998 -0.003298310887007872
17.69999999999998 -0.003294847101665893
17.79999999999998 -0.003291353942836822
17.89999999999998 -0.003287831338732284
17.99999999999999 -0.003284279280682968
18.09999999999999 -0.003280697826190498
18.19999999999999 -0.003277087101905747
18.29999999999999 -0.003273447306504615
18.39999999999999 -0.003269778713430753
18.49999999999999 -0.003266081673473742
18.59999999999999 -0.003262356617150539
18.7 -0.003258604056857667
18.8 -0.003254824588762159
18.9 -0.003251018894400152
19 -0.003247187741953682
19.1 -0.00324333198717862
19.2 -0.003239452573959791
19.3 -0.003235550534472587
19.40000000000001 -0.0032316269889346
19.50000000000001 -0.00322768314493469
19.60000000000001 -0.003223720296330426
19.70000000000001 -0.003219739821707757
19.80000000000001 -0.003215743182398005
19.90000000000001 -0.00321173192004644
20.00000000000001 -0.003207707653723096
20.10000000000002 -0.003203672076560505
20.20000000000002 -0.003199626951894057
20.30000000000002 -0.003195574108870422
20.40000000000002 -0.003191515437480343
20.50000000000002 -0.003187452882965728
20.60000000000002 -0.00318338843955218
20.70000000000002 -0.003179324143469722
20.80000000000003 -0.00317526206524858
20.90000000000003 -0.003171204301314537
21.00000000000003 -0.003167152964955939
21.10000000000003 -0.003163110176787119
21.20000000000003 -0.003159078054881806
21.30000000000003 -0.003155058704787113
21.40000000000003 -0.003151054209646022
21.50000000000004 -0.003147066620650919
21.60000000000004 -0.0031430979480229
21.70000000000004 -0.003139150152667068
21.80000000000004 -0.003135225138600938
21.90000000000004 -0.003131324746200039
22.00000000000004 -0.003127450746259725
22.10000000000004 -0.003123604834839571
22.20000000000005 -0.003119788628838178
22.30000000000005 -0.003116003662240299
22.40000000000005 -0.003112251382981792
22.50000000000005 -0.003108533150387055
22.60000000000005 -0.003104850233144919
22.70000000000005 -0.003101203807798508
22.80000000000005 -0.003097594957731948
22.90000000000006 -0.00309402467263908
23.00000000000006 -0.003090493848457707
23.10000000000006 -0.003087003287746971
23.20000000000006 -0.003083553700476105
23.30000000000006 -0.003080145705182182
23.40000000000006 -0.003076779830445976
23.50000000000006 -0.003073456516636965
23.60000000000007 -0.003070176117907251
23.70000000000007 -0.003066938904496942
23.80000000000007 -0.003063745065574314
23.90000000000007 -0.003060594713034143
24.00000000000007 -0.003057487886684265
24.10000000000007 -0.003054424560598707
24.20000000000007 -0.003051404648927926
24.30000000000008 -0.003048428008365827
24.40000000000008 -0.003045494435988443
24.50000000000008 -0.003042603664739843
24.60000000000008 -0.003039755359869439
24.70000000000008 -0.003036949116186828
24.80000000000008 -0.003034184452969399
24.90000000000008 -0.003031460807399145
25.00000000000009 -0.00302877754298106
25.10000000000009 -0.003026134009000597
25.20000000000009 -0.003023529659549012
25.30000000000009 -0.003020964118364907
25.40000000000009 -0.003018437047545081
25.50000000000009 -0.003015947945084694
25.60000000000009 -0.003013496110781119
25.7000000000001 -0.003011080750124406
25.8000000000001 -0.003008701061623027
25.9000000000001 -0.003006356263252194
26.0000000000001 -0.003004045586272888
26.1000000000001 -0.003001768260876037
26.2000000000001 -0.002999523501030072
26.3000000000001 -0.002997310487144967
26.40000000000011 -0.002995128341723204
26.50000000000011 -0.002992976090436317
26.60000000000011 -0.002990852596322704
26.70000000000011 -0.002988756445557811
26.80000000000011 -0.002986685745381425
26.90000000000011 -0.00298463776028431
27.00000000000011 -0.002982608245964565
27.10000000000012 -0.002980590213458701
27.20000000000012 -0.002978571623975371
27.30000000000012 -0.002976531145006169
27.40000000000012 -0.002974430742325025
27.50000000000012 -0.002972204581221059
27.60000000000012 -0.002969749253260436
27.70000000000012 -0.002966938013169398
27.80000000000013 -0.002963703445358065
27.90000000000013 -0.00296018016240971
28.00000000000013 -0.002956720804955168
28.10000000000013 -0.002953651900260854
28.20000000000013 -0.002951061232076286
28.30000000000013 -0.002948853350041141
28.40000000000013 -0.002946894612870284
28.50000000000014 -0.002945083976924974
28.60000000000014 -0.002943359890472508
28.70000000000014 -0.002941688118761184
28.80000000000014 -0.002940050252212599
28.90000000000014 -0.002938436435196545
29.00000000000014 -0.002936841324659034
29.10000000000014 -0.002935261948454001
29.20000000000014 -0.002933696585606101
29.30000000000015 -0.002932144179816238
29.40000000000015 -0.002930604029764908
29.50000000000015 -0.002929075623999796
29.60000000000015 -0.002927558552188517
29.70000000000015 -0.002926052457205756
29.80000000000015 -0.002924557009305965
29.90000000000015 -0.002923071892348748
30.00000000000016 -0.002921596796635245
30.10000000000016 -0.002920131415369203
30.20000000000016 -0.002918675443088477
30.30000000000016 -0.002917228575145145
30.40000000000016 -0.002915790507719965
30.50000000000016 -0.002914360938085437
30.60000000000016 -0.002912939564961128
30.70000000000017 -0.002911526088877999
30.80000000000017 -0.002910120212509991
30.90000000000017 -0.002908721640954039
31.00000000000017 -0.002907330081952909
31.10000000000017 -0.002905945246061511
31.20000000000017 -0.002904566846761001
31.30000000000017 -0.002903194600526392
31.40000000000018 -0.002901828226853571
31.50000000000018 -0.002900467448251631
31.60000000000018 -0.002899111990205856
31.70000000000018 -0.002897761581116121
31.80000000000018 -0.002896415952214872
31.90000000000018 -0.002895074837468458
32.00000000000018 -0.002893737973464714
32.10000000000019 -0.002892405099289656
32.20000000000019 -0.002891075956395398
32.30000000000019 -0.002889750288461334
32.40000000000019 -0.002888427841250129
32.50000000000019 -0.002887108362459938
32.60000000000019 -0.002885791601574027
32.70000000000019 -0.002884477309708801
32.8000000000002 -0.002883165239461046
32.9000000000002 -0.002881855144755177
33.0000000000002 -0.002880546780691048
33.1000000000002 -0.002879239903392914
33.2000000000002 -0.002877934269859993
33.3000000000002 -0.00287662963781899
33.4000000000002 -0.002875325765579032
33.50000000000021 -0.002874022411889235
33.60000000000021 -0.002872719335799274
33.70000000000021 -0.002871416296523182
33.80000000000021 -0.002870113053306607
33.90000000000021 -0.002868809365297797
34.00000000000021 -0.002867504991422541
34.10000000000021 -0.002866199690263237
34.20000000000022 -0.002864893219942381
34.30000000000022 -0.002863585338010634
34.40000000000022 -0.002862275801339728
34.50000000000022 -0.002860964366020471
34.60000000000022 -0.002859650787266034
34.70000000000022 -0.002858334819320866
34.80000000000022 -0.002857016215375439
34.90000000000023 -0.002855694727487168
35.00000000000023 -0.002854370106507774
35.10000000000023 -0.002853042102017511
35.20000000000023 -0.002851710462266437
35.30000000000023 -0.002850374934123385
35.40000000000023 -0.002849035263032743
35.50000000000023 -0.002847691192979689
35.60000000000024 -0.002846342466464253
35.70000000000024 -0.002844988824484713
35.80000000000024 -0.002843630006530863
35.90000000000024 -0.002842265750587623
36.00000000000024 -0.002840895793149753
36.10000000000024 -0.00283951986924808
36.20000000000024 -0.002838137712488038
36.30000000000025 -0.002836749055101118
36.40000000000025 -0.002835353628010009
36.50000000000025 -0.0028339511609081
36.60000000000025 -0.002832541382354234
36.70000000000025 -0.00283112401988335
36.80000000000025 -0.002829698800134075
36.90000000000025 -0.00282826544899394
37.00000000000026 -0.00282682369176319
37.10000000000026 -0.002825373253338113
37.20000000000026 -0.002823913858414811
37.30000000000026 -0.002822445231714288
37.40000000000026 -0.002820967098229933
37.50000000000026 -0.002819479183498224
37.60000000000026 -0.002817981213893755
37.70000000000027 -0.002816472916949338
37.80000000000027 -0.002814954021702312
37.90000000000027 -0.002813424259067782
38.00000000000027 -0.0028118833622398
38.10000000000027 -0.002810331067121164
38.20000000000027 -0.002808767112782748
38.30000000000027 -0.002807191241952835
38.40000000000028 -0.002805603201537275
38.50000000000028 -0.002804002743170817
38.60000000000028 -0.002802389623799996
38.70000000000028 -0.002800763606297907
38.80000000000028 -0.002799124460110844
38.90000000000028 -0.00279747196193677
39.00000000000028 -0.002795805896435381
39.10000000000029 -0.002794126056969149
39.20000000000029 -0.002792432246374776
39.30000000000029 -0.002790724277763967
39.40000000000029 -0.002789001975352342
39.50000000000029 -0.002787265175314911
39.60000000000029 -0.002785513726666283
39.70000000000029 -0.002783747492163406
39.8000000000003 -0.002781966349228373
39.9000000000003 -0.002780170190888334
40.0000000000003 -0.002778358926729312
40.1000000000003 -0.002776532483860301
40.2000000000003 -0.002774690807883614
40.3000000000003 -0.002772833863867177
40.4000000000003 -0.00277096163731391
40.50000000000031 -0.002769074135123206
40.60000000000031 -0.002767171386539056
40.70000000000031 -0.002765253444079057
40.80000000000031 -0.002763320384438386
40.90000000000031 -0.002761372309362463
41.00000000000031 -0.002759409346482034
41.10000000000031 -0.002757431650104193
41.20000000000032 -0.002755439401952816
41.30000000000032 -0.002753432811852116
41.40000000000032 -0.002751412118346984
41.50000000000032 -0.002749377589254011
41.60000000000032 -0.002747329522137586
41.70000000000032 -0.002745268244705551
41.80000000000032 -0.00274319411511936
41.90000000000033 -0.002741107522214378
42.00000000000033 -0.002739008885625701
42.10000000000033 -0.002736898655815866
42.20000000000033 -0.002734777314000421
42.30000000000033 -0.002732645371967462
42.40000000000033 -0.0027305033717869
42.50000000000033 -0.002728351885404524
42.60000000000034 -0.002726191514114912
42.70000000000034 -0.002724022887906099
42.80000000000034 -0.002721846664667404
42.90000000000034 -0.002719663529250439
43.00000000000034 -0.002717474192372196
43.10000000000034 -0.002715279389348514
43.20000000000034 -0.002713079878646799
43.30000000000035 -0.002710876440248543
43.40000000000035 -0.002708669873815491
43.50000000000035 -0.002706460996658691
43.60000000000035 -0.002704250641515754
43.70000000000035 -0.002702039654150027
43.80000000000035 -0.002699828890793238
43.90000000000035 -0.002697619215461282
44.00000000000036 -0.002695411497179511
44.10000000000036 -0.002693206607158331
44.20000000000036 -0.002691005415962039
44.30000000000036 -0.002688808790712383
44.40000000000036 -0.002686617592365062
44.50000000000036 -0.002684432673090956
44.60000000000036 -0.002682254873786989
44.70000000000037 -0.002680085021733197
44.80000000000037 -0.002677923928405648
44.90000000000037 -0.002675772387448236
45.00000000000037 -0.002673631172801554
45.10000000000037 -0.002671501036984027
45.20000000000037 -0.002669382709518688
45.30000000000037 -0.002667276895498939
45.40000000000038 -0.002665184274286898
45.50000000000038 -0.002663105498339603
45.60000000000038 -0.002661041192159369
45.70000000000038 -0.002658991951366258
45.80000000000038 -0.002656958341891529
45.90000000000038 -0.002654940899291871
46.00000000000038 -0.002652940128184558
46.10000000000039 -0.002650956501803613
46.20000000000039 -0.002648990461676823
46.30000000000039 -0.002647042417422917
46.40000000000039 -0.002645112746667443
46.50000000000039 -0.002643201795074941
46.60000000000039 -0.002641309876494412
46.70000000000039 -0.002639437273213816
46.8000000000004 -0.002637584236318855
46.9000000000004 -0.002635750986150444
47.0000000000004 -0.002633937712854489
47.1000000000004 -0.002632144577017363
47.2000000000004 -0.002630371710379806
47.3000000000004 -0.002628619216621783
47.4000000000004 -0.002626887172210723
47.50000000000041 -0.002625175627305355
47.60000000000041 -0.002623484606707499
47.70000000000041 -0.002621814110854156
47.80000000000041 -0.00262016411684259
47.90000000000041 -0.002618534579481157
48.00000000000041 -0.002616925432359065
48.10000000000041 -0.002615336588928567
48.20000000000041 -0.002613767943593443
48.30000000000042 -0.002612219372798054
48.40000000000042 -0.002610690736111659
48.50000000000042 -0.002609181877303165
48.60000000000042 -0.002607692625401948
48.70000000000042 -0.002606222795740567
48.80000000000042 -0.002604772190976132
48.90000000000042 -0.002603340602086938
49.00000000000043 -0.002601927809341862
49.10000000000043 -0.00260053358324008
49.20000000000043 -0.002599157685419239
49.30000000000043 -0.002597799869530535
49.40000000000043 -0.002596459882079336
49.50000000000043 -0.002595137463230569
49.60000000000043 -0.00259383234757809
49.70000000000044 -0.002592544264877734
49.80000000000044 -0.00259127294074388
49.90000000000044 -0.002590018097309535
50.00000000000044 -0.002588779453850323
