0 -0.004431885750815338
0.1 -0.004431468535709278
0.2 -0.004429183468690534
0.3 -0.004428675873106509
0.4 -0.004429980104099868
0.5 -0.004428574186156479
0.6 -0.004429325151063756
0.7 -0.004430702472512022
0.7999999999999999 -0.004427900343231459
0.8999999999999999 -0.00442228330274032
0.9999999999999999 -0.004421843786660341
1.1 -0.004421992119872659
1.2 -0.004422590480296936
1.3 -0.004423245114825699
1.4 -0.004423151493850022
1.5 -0.004422303984212631
1.6 -0.00442156005325666
1.7 -0.004421405809759087
1.8 -0.004421873406478958
1.900000000000001 -0.004422845227619185
2 -0.004423656558837046
2.100000000000001 -0.004423480441425625
2.200000000000001 -0.004422536442753855
2.300000000000001 -0.00442174287263347
2.400000000000001 -0.004421497645519469
2.500000000000001 -0.004421864315603131
2.600000000000001 -0.004422710981663043
2.700000000000001 -0.004423291415124326
2.800000000000001 -0.004423002040048642
2.900000000000001 -0.00442229302845404
3.000000000000001 -0.004421919166537021
3.100000000000001 -0.004422019473237105
3.200000000000002 -0.004422558909635846
3.300000000000002 -0.0044233032445015
3.400000000000002 -0.004423465808040372
3.500000000000002 -0.00442274040004616
3.600000000000002 -0.004421844137300623
3.700000000000002 -0.004421470117810833
3.800000000000002 -0.004421729161106007
3.900000000000002 -0.004422574726801166
4.000000000000002 -0.004423560110206671
4.100000000000001 -0.004423748459453329
4.200000000000001 -0.004422989201326093
4.300000000000001 -0.004422111065447565
4.4 -0.004421691495587221
4.5 -0.004421851469778196
4.6 -0.004422565035894542
4.699999999999999 -0.004423284455419485
4.799999999999999 -0.00442321131815038
4.899999999999999 -0.004422500464684234
4.999999999999998 -0.004421991850265734
5.099999999999998 -0.004421989008517877
5.199999999999998 -0.004422451956589866
5.299999999999997 -0.004423230827224438
5.399999999999997 -0.004423646761902852
5.499999999999996 -0.004423124244177036
5.599999999999996 -0.004422136440723612
5.699999999999996 -0.00442153864056672
5.799999999999995 -0.004421568874621226
5.899999999999995 -0.004422221714068184
5.999999999999995 -0.004423243321050277
6.099999999999994 -0.004423753315043914
6.199999999999994 -0.00442326394861522
6.299999999999994 -0.004422374784443474
6.399999999999993 -0.004421819099874318
6.499999999999993 -0.004421789157756567
6.599999999999993 -0.004422324975269592
6.699999999999992 -0.004423098020272157
6.799999999999992 -0.004423248546589554
6.899999999999991 -0.004422606186764723
6.999999999999991 -0.00442195048709954
7.099999999999991 -0.004421804556220787
7.19999999999999 -0.004422172272873323
7.29999999999999 -0.004422944471271281
7.39999999999999 -0.004423594810452198
7.499999999999989 -0.004423346701015975
7.599999999999989 -0.00442236475879079
7.699999999999989 -0.004421563118876049
7.799999999999988 -0.004421364837460503
7.899999999999988 -0.004421802290956992
7.999999999999988 -0.004422754171589771
8.099999999999987 -0.004423513522513742
8.199999999999987 -0.004423335747717714
8.299999999999986 -0.004422513906552471
8.399999999999986 -0.00442186962081386
8.499999999999986 -0.004421693382305802
8.599999999999985 -0.004422053859374408
8.699999999999985 -0.004422806575225494
8.799999999999985 -0.004423174069377974
8.899999999999984 -0.004422679884731817
8.999999999999984 -0.004421906653709882
9.099999999999984 -0.004421586545262687
9.199999999999983 -0.00442182891605711
9.299999999999983 -0.004422553574276869
9.399999999999983 -0.004423389410646505
9.499999999999982 -0.004423474566781366
9.599999999999982 -0.004422626710273396
9.699999999999982 -0.00442167197960321
9.799999999999981 -0.004421255980856206
9.899999999999981 -0.004421475064803579
9.99999999999998 -0.004422284707104971
10.09999999999998 -0.004423194071381196
10.19999999999998 -0.004423323941063704
10.29999999999998 -0.004422643335208019
10.39999999999998 -0.00442195186043357
10.49999999999998 -0.004421676325250215
10.59999999999998 -0.004421891980161487
10.69999999999998 -0.004422569742305225
10.79999999999998 -0.004423118975140802
10.89999999999998 -0.004422829828302137
10.99999999999998 -0.004422000862906832
11.09999999999998 -0.004421490475195347
11.19999999999998 -0.004421571090328789
11.29999999999998 -0.004422202467866953
11.39999999999998 -0.004423144631381056
11.49999999999998 -0.004423580030134462
11.59999999999997 -0.004422985115348877
11.69999999999997 -0.004421955734847813
11.79999999999997 -0.00442133675843339
11.89999999999997 -0.004421339739597243
11.99999999999997 -0.004421965477043701
12.09999999999997 -0.004422919217393503
12.19999999999997 -0.004423321471970196
12.29999999999997 -0.004422832825531454
12.39999999999997 -0.0044221189312114
12.49999999999997 -0.004421771531276974
12.59999999999997 -0.004421881346008493
12.69999999999997 -0.004422458522331337
12.79999999999997 -0.004423126753815159
12.89999999999997 -0.004423069306339666
12.99999999999997 -0.004422269935173215
13.09999999999997 -0.004421577583498566
13.19999999999997 -0.004421466251231908
13.29999999999997 -0.004421953168110943
13.39999999999997 -0.004422902254103037
13.49999999999997 -0.004423646072706393
13.59999999999997 -0.00442339090647026
13.69999999999997 -0.004422399811609571
13.79999999999997 -0.004421608657958518
13.89999999999997 -0.004421401310513749
13.99999999999997 -0.004421820811918446
14.09999999999997 -0.00442272026799138
14.19999999999997 -0.004423341941906418
14.29999999999997 -0.004423075526943708
14.39999999999996 -0.004422359574869248
14.49999999999996 -0.00442193828203583
14.59999999999996 -0.004421967614840512
14.69999999999996 -0.004422448788752996
14.79999999999996 -0.004423173288037396
14.89999999999996 -0.004423352464950256
14.99999999999996 -0.004422666947732532
15.09999999999996 -0.004421821984758124
15.19999999999996 -0.004421498933164248
15.29999999999996 -0.004421798260347806
15.39999999999996 -0.004422657310578732
15.49999999999996 -0.004423609832838758
15.59999999999996 -0.004423726250835781
15.69999999999996 -0.004422896379278684
15.79999999999996 -0.004421986113600924
15.89999999999996 -0.004421580752569657
15.99999999999996 -0.004421784847131234
16.09999999999996 -0.004422551847530911
16.19999999999996 -0.004423318148087692
16.29999999999996 -0.004423280788601417
16.39999999999996 -0.004422590097412414
16.49999999999996 -0.004422069938169016
16.59999999999997 -0.004422015582571938
16.69999999999997 -0.004422411586598026
16.79999999999997 -0.00442314213085662
16.89999999999997 -0.004423544339773424
16.99999999999997 -0.004423042000000664
17.09999999999997 -0.004422098658924119
17.19999999999997 -0.004421555100179681
17.29999999999998 -0.004421637452603058
17.39999999999998 -0.004422330358712664
17.49999999999998 -0.004423358878165951
17.59999999999998 -0.004423823073849723
17.69999999999998 -0.004423256123597316
17.79999999999998 -0.004422304190443715
17.89999999999998 -0.004421728506392639
17.99999999999999 -0.004421722763888197
18.09999999999999 -0.004422307869224247
18.19999999999999 -0.004423129797093779
18.29999999999999 -0.004423316833771761
18.39999999999999 -0.004422703439840136
18.49999999999999 -0.004422064960947602
18.59999999999999 -0.004421901337390821
18.7 -0.004422214947806528
18.8 -0.004422923279091258
18.9 -0.004423525758899118
19 -0.004423265437706789
19.1 -0.004422310681552384
19.2 -0.004421560427962989
19.3 -0.00442141780850806
19.40000000000001 -0.004421906759134142
19.50000000000001 -0.004422891818464531
19.60000000000001 -0.0044236372401782
19.70000000000001 -0.004423397794908058
19.80000000000001 -0.004422503081538518
19.90000000000001 -0.004421808882528302
20.00000000000001 -0.004421624684707434
20.10000000000002 -0.004422016798082248
20.20000000000002 -0.00442281365801793
20.30000000000002 -0.004423212747725822
20.40000000000002 -0.00442274593289056
20.50000000000002 -0.004422005433467382
20.60000000000002 -0.004421701647584124
20.70000000000002 -0.004421921672601573
20.80000000000003 -0.004422590107362029
20.90000000000003 -0.004423356830276562
21.00000000000003 -0.004423390568625857
21.10000000000003 -0.004422538944661473
21.20000000000003 -0.00442162446721789
21.30000000000003 -0.004421262864554152
21.40000000000003 -0.004421537015701861
21.50000000000004 -0.004422393870718037
21.60000000000004 -0.004423318210349716
21.70000000000004 -0.004423417992599384
21.80000000000004 -0.004422677496565308
21.90000000000004 -0.004421923483381721
22.00000000000004 -0.00442160698798364
22.10000000000004 -0.004421822271819367
22.20000000000005 -0.004422527779155282
22.30000000000005 -0.004423103167576327
22.40000000000005 -0.004422840750332739
22.50000000000005 -0.004422052130345668
22.60000000000005 -0.004421581506278858
22.70000000000005 -0.004421674153708631
22.80000000000005 -0.004422274767378799
22.90000000000006 -0.004423148871328077
23.00000000000006 -0.004423506515420395
23.10000000000006 -0.004422871822479996
23.20000000000006 -0.004421859779529098
23.30000000000006 -0.004421287509028113
23.40000000000006 -0.004421343831907011
23.50000000000006 -0.004422021060178817
23.60000000000007 -0.004423008998579123
23.70000000000007 -0.00442341435580558
23.80000000000007 -0.004422896495109675
23.90000000000007 -0.004422128380824568
24.00000000000007 -0.004421719185278825
24.10000000000007 -0.004421791161328173
24.20000000000007 -0.004422369142244696
24.30000000000008 -0.004423057291170186
24.40000000000008 -0.004423026843657842
24.50000000000008 -0.004422267760878297
24.60000000000008 -0.004421624554189287
24.70000000000008 -0.004421549653183162
24.80000000000008 -0.004422039106708153
24.90000000000008 -0.004422943153813849
25.00000000000009 -0.00442360699814873
25.10000000000009 -0.004423283805536802
25.20000000000009 -0.00442227524365526
25.30000000000009 -0.004421511247190522
25.40000000000009 -0.004421350067334903
25.50000000000009 -0.004421820422281011
25.60000000000009 -0.004422764676490945
25.7000000000001 -0.004423413327168839
25.8000000000001 -0.004423151158986417
25.9000000000001 -0.00442240793989041
26.0000000000001 -0.004421927593330417
26.1000000000001 -0.004421893710585282
26.2000000000001 -0.004422341478520505
26.3000000000001 -0.004423069337147596
26.40000000000011 -0.004423272112270117
26.50000000000011 -0.004422623508830922
26.60000000000011 -0.004421827519276528
26.70000000000011 -0.004421553168754861
26.80000000000011 -0.004421884353172286
26.90000000000011 -0.004422737278527647
27.00000000000011 -0.004423635020406769
27.10000000000012 -0.004423674110399432
27.20000000000012 -0.004422789092428333
27.30000000000012 -0.004421872217038449
27.40000000000012 -0.004421496563277328
27.50000000000012 -0.004421747328573299
27.60000000000012 -0.004422565196109003
27.70000000000012 -0.004423374318455872
27.80000000000013 -0.004423365124689735
27.90000000000013 -0.004422678874883081
28.00000000000013 -0.004422124582128677
28.10000000000013 -0.004422006240779007
28.20000000000013 -0.004422342672267207
28.30000000000013 -0.004423046042072984
28.40000000000013 -0.004423453782763603
28.50000000000014 -0.004422980447378605
28.60000000000014 -0.004422084066204876
28.70000000000014 -0.004421594929356867
28.80000000000014 -0.004421726918691149
28.90000000000014 -0.004422447638866602
29.00000000000014 -0.004423458384106262
29.10000000000014 -0.004423856670779797
29.20000000000014 -0.004423213875064414
29.30000000000015 -0.004422219380003083
29.40000000000015 -0.004421646632188631
29.50000000000015 -0.004421675886865663
29.60000000000015 -0.004422310159493216
29.70000000000015 -0.004423179761100769
29.80000000000015 -0.004423404373345246
29.90000000000015 -0.004422816626039714
30.00000000000016 -0.004422177349516701
30.10000000000016 -0.004421971350415834
30.20000000000016 -0.004422218963290462
30.30000000000016 -0.004422871856431431
30.40000000000016 -0.004423449793317469
30.50000000000016 -0.004423198591111564
30.60000000000016 -0.004422280003918003
30.70000000000017 -0.004421582307087513
30.80000000000017 -0.004421495147041134
30.90000000000017 -0.004422031315575108
31.00000000000017 -0.004423034114789792
31.10000000000017 -0.004423743031089609
31.20000000000017 -0.00442342789535454
31.30000000000017 -0.004422463209093546
31.40000000000018 -0.00442173609980238
31.50000000000018 -0.004421561903538792
31.60000000000018 -0.004421992607949249
31.70000000000018 -0.004422835263138955
31.80000000000018 -0.004423272610137463
31.90000000000018 -0.004422838963053967
32.00000000000018 -0.004422123560602656
32.10000000000019 -0.004421812030432661
32.20000000000019 -0.004421983001724932
32.30000000000019 -0.004422585454288006
32.40000000000019 -0.004423297532525793
32.50000000000019 -0.004423306404826673
32.60000000000019 -0.004422467791553772
32.70000000000019 -0.004421597327455317
32.8000000000002 -0.004421291867896983
32.9000000000002 -0.004421623238724541
33.0000000000002 -0.004422524797510667
33.1000000000002 -0.004423450886047437
33.2000000000002 -0.004423496018359195
33.3000000000002 -0.004422675409109897
33.4000000000002 -0.004421857801161727
33.50000000000021 -0.004421517062592835
33.60000000000021 -0.004421750820736117
33.70000000000021 -0.004422497838039311
33.80000000000021 -0.00442311022806695
33.90000000000021 -0.004422879935713366
34.00000000000021 -0.00442212779894632
34.10000000000021 -0.004421682369745349
34.20000000000022 -0.004421760896428106
34.30000000000022 -0.004422308549123119
34.40000000000022 -0.004423113130819111
34.50000000000022 -0.004423408873273965
34.60000000000022 -0.004422752859607354
34.70000000000022 -0.004421769204026206
34.80000000000022 -0.004421251284877296
34.90000000000023 -0.004421369524244756
35.00000000000023 -0.004422106155528627
35.10000000000023 -0.004423125751937815
35.20000000000023 -0.00442350720515559
35.30000000000023 -0.004422921661082379
35.40000000000023 -0.004422080783796844
35.50000000000023 -0.004421618910000594
35.60000000000024 -0.004421680435094348
35.70000000000024 -0.00442228706794812
35.80000000000024 -0.004423009133031558
35.90000000000024 -0.004423004818672806
36.00000000000024 -0.004422281376505854
36.10000000000024 -0.004421683691880025
36.20000000000024 -0.00442163194134043
36.30000000000025 -0.004422101895391078
36.40000000000025 -0.004422946403042474
36.50000000000025 -0.004423526136006156
36.60000000000025 -0.00442314043118996
36.70000000000025 -0.004422130793264265
36.80000000000025 -0.004421413253253762
36.90000000000025 -0.00442131461170062
37.00000000000026 -0.004421850843691333
37.10000000000026 -0.004422845666612119
37.20000000000026 -0.004423498983956251
37.30000000000026 -0.004423196688838093
37.40000000000026 -0.004422392927180952
37.50000000000026 -0.004421848871787541
37.60000000000026 -0.004421774168365699
37.70000000000027 -0.004422223859403511
37.80000000000027 -0.004422974083281344
37.90000000000027 -0.00442319548772518
38.00000000000027 -0.004422579715968438
38.10000000000027 -0.004421840988517686
38.20000000000027 -0.004421618005844216
38.30000000000027 -0.004421967210223988
38.40000000000028 -0.004422788695407324
38.50000000000028 -0.004423603670099223
38.60000000000028 -0.00442354965378682
38.70000000000028 -0.004422625036223177
38.80000000000028 -0.004421736103528257
38.90000000000028 -0.004421418732505548
39.00000000000028 -0.004421736684200314
39.10000000000029 -0.004422615199339872
39.20000000000029 -0.004423450672134095
39.30000000000029 -0.004423432972297956
39.40000000000029 -0.004422714260819822
39.50000000000029 -0.004422105657817324
39.60000000000029 -0.004421927050049104
39.70000000000029 -0.004422231966937146
39.8000000000003 -0.004422939663660073
39.9000000000003 -0.00442336186935192
40.0000000000003 -0.004422917680516144
40.1000000000003 -0.004422077976415359
40.2000000000003 -0.004421653146725977
40.3000000000003 -0.004421830796974129
40.4000000000003 -0.004422556552679112
40.50000000000031 -0.004423511870050027
40.60000000000031 -0.004423812149780759
40.70000000000031 -0.004423094034941281
40.80000000000031 -0.004422092066741514
40.90000000000031 -0.004421559762580223
41.00000000000031 -0.004421650130355291
41.10000000000031 -0.004422348083786337
41.20000000000032 -0.004423259519168946
41.30000000000032 -0.00442349790507263
41.40000000000032 -0.004422906168165145
41.50000000000032 -0.004422238423536848
41.60000000000032 -0.004421973702801871
41.70000000000032 -0.004422163456415936
41.80000000000032 -0.004422790325860793
41.90000000000033 -0.004423369295875315
42.00000000000033 -0.004423138890100791
42.10000000000033 -0.00442226691564199
42.20000000000033 -0.004421632316815658
42.30000000000033 -0.004421602310487419
42.40000000000033 -0.004422172468408808
42.50000000000033 -0.004423160947230451
42.60000000000034 -0.004423793968035663
42.70000000000034 -0.004423386116194285
42.80000000000034 -0.004422370030942384
42.90000000000034 -0.004421647730331908
43.00000000000034 -0.004421515473636708
43.10000000000034 -0.004422003702833557
43.20000000000034 -0.004422896762665243
43.30000000000035 -0.004423362492080397
43.40000000000035 -0.004422944257833128
43.50000000000035 -0.004422229049446976
43.60000000000035 -0.004421879945551606
43.70000000000035 -0.004421987059626437
43.80000000000035 -0.004422534290588963
43.90000000000035 -0.004423217910275979
44.00000000000036 -0.004423226814349518
44.10000000000036 -0.004422420587414472
44.20000000000036 -0.00442160908710785
44.30000000000036 -0.004421365342310223
44.40000000000036 -0.004421747464517907
44.50000000000036 -0.004422669152320423
44.60000000000036 -0.00442355458529146
44.70000000000037 -0.004423512059674341
44.80000000000037 -0.00442261141341124
44.90000000000037 -0.004421760246968288
45.00000000000037 -0.004421433650346768
45.10000000000037 -0.004421713137427874
45.20000000000037 -0.00442251291659261
45.30000000000037 -0.004423160712073874
45.40000000000038 -0.00442295350895995
45.50000000000038 -0.004422222040454262
45.60000000000038 -0.004421772211533071
45.70000000000038 -0.00442180553115988
45.80000000000038 -0.004422289383596015
45.90000000000038 -0.004423039535060569
46.00000000000038 -0.004423306203814007
46.10000000000039 -0.004422660685689143
46.20000000000039 -0.004421725318532126
46.30000000000039 -0.004421268806187859
46.40000000000039 -0.004421445167986496
46.50000000000039 -0.004422224617260874
46.60000000000039 -0.004423243266233405
46.70000000000039 -0.004423564142483929
46.8000000000004 -0.004422893981441807
46.9000000000004 -0.004421990833433159
47.0000000000004 -0.004421508075535586
47.1000000000004 -0.004421592733622617
47.2000000000004 -0.004422246921312802
47.3000000000004 -0.004423008427638131
47.4000000000004 -0.004423029774943492
47.50000000000041 -0.004422334868895306
47.60000000000041 -0.004421761609181432
47.70000000000041 -0.004421699452214175
47.80000000000041 -0.004422121404408039
47.90000000000041 -0.004422902902616371
48.00000000000041 -0.004423423910708096
48.10000000000041 -0.004423014861793844
48.20000000000041 -0.004422031863872124
48.30000000000042 -0.004421370794284235
48.40000000000042 -0.004421332915503806
48.50000000000042 -0.00442192466183999
48.60000000000042 -0.004422950572439549
48.70000000000042 -0.004423579827752402
48.80000000000042 -0.004423208620541096
48.90000000000042 -0.004422332704791315
49.00000000000043 -0.004421739474977053
49.10000000000043 -0.004421657239500095
49.20000000000043 -0.004422140050136472
49.30000000000043 -0.004422931391111223
49.40000000000043 -0.004423178151442509
49.50000000000043 -0.004422588583556194
49.60000000000043 -0.004421888873248874
49.70000000000044 -0.004421689302841554
49.80000000000044 -0.004422024180232257
49.90000000000044 -0.004422796286695833
50.00000000000044 -0.004423539038753501
