0 -0.004431885750815338
0.1 -0.004430738646715461
0.2 -0.004430693566474192
0.3 -0.004431047376494399
0.4 -0.004403161374062338
0.5 -0.004403136797538581
0.6 -0.004403153772184472
0.7 -0.004403144553545646
0.7999999999999999 -0.004403122802482605
0.8999999999999999 -0.004403111903158301
0.9999999999999999 -0.004403118328706266
1.1 -0.00440313879147532
1.2 -0.004403155507755152
1.3 -0.00440314524679996
1.4 -0.004403120138535113
1.5 -0.004403105811955171
1.6 -0.004403111105746175
1.7 -0.004403133717952738
1.8 -0.004403156282029797
1.900000000000001 -0.004403152310013924
2 -0.004403128715372148
2.100000000000001 -0.004403111638680793
2.200000000000001 -0.004403112176870384
2.300000000000001 -0.00440312997772377
2.400000000000001 -0.004403150369239489
2.500000000000001 -0.004403147222408281
2.600000000000001 -0.004403124753995598
2.700000000000001 -0.00440310956217718
2.800000000000001 -0.004403112891025928
2.900000000000001 -0.004403133240674907
3.000000000000001 -0.004403156073129591
3.100000000000001 -0.004403154538651675
3.200000000000002 -0.004403129705323203
3.300000000000002 -0.004403109287728544
3.400000000000002 -0.004403107211845434
3.500000000000002 -0.004403124195986209
3.600000000000002 -0.004403148367317978
3.700000000000002 -0.004403152866461298
3.800000000000002 -0.004403133447557487
3.900000000000002 -0.004403115561637349
4.000000000000002 -0.004403113269745878
4.100000000000001 -0.004403127678350109
4.200000000000001 -0.004403149165360742
4.300000000000001 -0.004403152440306584
4.4 -0.004403130699421966
4.5 -0.004403109795907774
4.6 -0.004403106483957728
4.699999999999999 -0.004403122762815327
4.799999999999999 -0.004403149157708889
4.899999999999999 -0.004403159031981612
4.999999999999998 -0.004403140264531089
5.099999999999998 -0.004403117075435992
5.199999999999998 -0.004403108741425648
5.299999999999997 -0.004403119435807348
5.399999999999997 -0.004403142187133298
5.499999999999996 -0.004403152534197534
5.599999999999996 -0.004403136038285568
5.699999999999996 -0.004403115386626918
5.799999999999995 -0.004403110113378433
5.899999999999995 -0.004403123198866664
5.999999999999995 -0.004403147163461144
6.099999999999994 -0.004403158505177548
6.199999999999994 -0.004403140633510213
6.299999999999994 -0.004403115305468304
6.399999999999993 -0.004403104800523556
6.499999999999993 -0.004403114363805657
6.599999999999993 -0.004403138734172953
6.699999999999992 -0.004403155800721993
6.799999999999992 -0.004403144963361409
6.899999999999991 -0.0044031231095146
6.999999999999991 -0.004403112287784204
7.099999999999991 -0.004403118628168935
7.19999999999999 -0.004403138880922973
7.29999999999999 -0.004403153771829846
7.39999999999999 -0.004403141614389871
7.499999999999989 -0.004403117590624272
7.599999999999989 -0.004403106097092566
7.699999999999989 -0.004403114383855192
7.799999999999988 -0.004403138626202649
7.899999999999988 -0.00440315905422576
7.999999999999988 -0.004403150619794255
8.099999999999987 -0.004403125016135065
8.199999999999987 -0.004403108591314363
8.299999999999986 -0.004403111155217858
8.399999999999986 -0.004403130963112582
8.499999999999986 -0.004403151270486882
8.599999999999985 -0.00440314663897971
8.699999999999985 -0.004403124881683032
8.799999999999985 -0.004403111592685495
8.899999999999984 -0.004403115994636984
8.999999999999984 -0.004403135814175515
9.099999999999984 -0.004403155722370701
9.199999999999983 -0.004403150325167565
9.299999999999983 -0.004403124952191613
9.399999999999983 -0.004403106866562144
9.499999999999982 -0.004403107914471263
9.599999999999982 -0.004403127545947256
9.699999999999982 -0.004403151934956596
9.799999999999981 -0.004403153849173821
9.899999999999981 -0.004403132761045785
9.99999999999998 -0.004403114464473397
10.09999999999998 -0.00440311223051269
10.19999999999998 -0.004403127297302949
10.29999999999998 -0.004403148729423741
10.39999999999998 -0.004403150263998579
10.49999999999998 -0.004403128467776077
10.59999999999998 -0.004403109843716139
10.69999999999998 -0.004403109235165314
10.79999999999998 -0.004403127367433691
10.89999999999998 -0.004403152803803588
10.99999999999998 -0.004403158160333212
11.09999999999998 -0.004403135985741251
11.19999999999998 -0.004403112968587457
11.29999999999998 -0.004403106835708726
11.39999999999998 -0.004403120205099469
11.49999999999998 -0.004403144122605458
11.59999999999997 -0.004403152934595414
11.69999999999997 -0.004403135555607633
11.79999999999997 -0.004403116095526642
11.89999999999997 -0.004403111915135135
11.99999999999997 -0.004403125022329473
12.09999999999997 -0.004403147589843233
12.19999999999997 -0.004403155805462888
12.29999999999997 -0.00440313642038467
12.39999999999997 -0.004403112790019016
12.49999999999997 -0.004403105092272384
12.59999999999997 -0.004403117381324315
12.69999999999997 -0.0044031430513148
12.79999999999997 -0.004403158088650683
12.89999999999997 -0.004403144190154825
12.99999999999997 -0.004403121117793253
13.09999999999997 -0.004403110370232484
13.19999999999997 -0.004403117849453003
13.29999999999997 -0.004403139199808098
13.39999999999997 -0.004403152930681648
13.49999999999997 -0.004403139354015753
13.59999999999997 -0.004403116662264527
13.69999999999997 -0.00440310768544661
13.79999999999997 -0.00440311803801028
13.89999999999997 -0.004403142484627027
13.99999999999997 -0.004403159654269486
14.09999999999997 -0.004403147173576377
14.19999999999997 -0.004403121030313476
14.29999999999997 -0.004403106550316352
14.39999999999996 -0.004403111720578745
14.49999999999996 -0.004403133505175561
14.59999999999996 -0.004403153166580059
14.69999999999996 -0.004403146500438737
14.79999999999996 -0.004403124796109024
14.89999999999996 -0.004403112517130231
14.99999999999996 -0.004403117283384427
15.09999999999996 -0.004403136679008972
15.19999999999996 -0.00440315458272759
15.29999999999996 -0.004403146663035617
15.39999999999996 -0.004403121620808186
15.49999999999996 -0.004403105921747741
15.59999999999996 -0.004403109762983417
15.69999999999996 -0.004403131571566543
15.79999999999996 -0.004403155498437096
15.89999999999996 -0.004403154221575203
15.99999999999996 -0.004403131029340033
16.09999999999996 -0.00440311246173468
16.19999999999996 -0.00440311120665738
16.29999999999996 -0.004403127832841343
16.39999999999996 -0.004403149228659724
16.49999999999996 -0.004403148781947652
16.59999999999997 -0.004403127025074128
16.69999999999997 -0.004403110629573424
16.79999999999997 -0.004403112343396118
16.89999999999997 -0.004403131457059307
16.99999999999997 -0.004403154839662853
17.09999999999997 -0.004403155563423213
17.19999999999997 -0.004403131275589939
17.29999999999998 -0.004403109648425178
17.39999999999998 -0.0044031061281168
17.49999999999998 -0.004403122083794884
17.59999999999998 -0.004403147007720976
17.69999999999998 -0.004403154205522781
17.79999999999998 -0.004403135879758972
17.89999999999998 -0.004403116849874886
17.99999999999999 -0.004403112775983095
18.09999999999999 -0.004403125686194075
18.19999999999999 -0.004403147434179285
18.29999999999999 -0.004403153236214594
18.39999999999999 -0.004403132850957903
18.49999999999999 -0.004403111145480949
18.59999999999999 -0.004403106412992442
18.7 -0.004403121370034338
18.8 -0.00440314761198266
18.9 -0.004403159467276309
19 -0.004403141883562246
19.1 -0.004403117754140064
19.2 -0.004403107945184771
19.3 -0.004403117416164283
19.40000000000001 -0.004403140174307677
19.50000000000001 -0.004403152902862192
19.60000000000001 -0.004403138367072176
19.70000000000001 -0.004403117109192152
19.80000000000001 -0.004403110146732753
19.90000000000001 -0.004403121557450007
20.00000000000001 -0.004403144973073335
20.10000000000002 -0.004403158324172614
20.20000000000002 -0.004403142662018738
20.30000000000002 -0.004403117109437431
20.40000000000002 -0.004403105194320481
20.50000000000002 -0.004403113216982692
20.60000000000002 -0.004403136861278962
20.70000000000002 -0.004403155540059651
20.80000000000003 -0.004403146639376391
20.90000000000003 -0.0044031243830054
21.00000000000003 -0.004403113145375587
21.10000000000003 -0.004403117669592816
21.20000000000003 -0.00440313731096882
21.30000000000003 -0.004403154026109634
21.40000000000003 -0.004403144348180714
21.50000000000004 -0.004403120361029828
21.60000000000004 -0.004403107398857689
21.70000000000004 -0.004403113975978217
21.80000000000004 -0.004403137251423036
21.90000000000004 -0.004403159178855372
22.00000000000004 -0.004403153329386289
22.10000000000004 -0.004403127895473698
22.20000000000005 -0.004403110073746564
22.30000000000005 -0.004403110974263923
22.40000000000005 -0.004403129742163351
22.50000000000005 -0.004403151205362359
22.60000000000005 -0.00440314904107978
22.70000000000005 -0.004403127500626988
22.80000000000005 -0.004403112786002959
22.90000000000006 -0.004403115525013421
23.00000000000006 -0.004403134218877239
23.10000000000006 -0.004403155140764159
23.20000000000006 -0.004403152444882411
23.30000000000006 -0.004403127701095831
23.40000000000006 -0.004403108367429816
23.50000000000006 -0.004403107850051697
23.60000000000007 -0.004403126419894597
23.70000000000007 -0.004403151702829814
23.80000000000007 -0.004403156256380996
23.90000000000007 -0.004403135911341813
24.00000000000007 -0.004403116326222128
24.10000000000007 -0.004403112376988445
24.20000000000007 -0.004403126159011991
24.30000000000008 -0.004403148022608512
24.40000000000008 -0.00440315196505879
24.50000000000008 -0.004403131198506475
24.60000000000008 -0.004403111608922716
24.70000000000008 -0.004403109495964543
24.80000000000008 -0.004403126322162459
24.90000000000008 -0.004403151902750728
25.00000000000009 -0.004403159454045195
25.10000000000009 -0.004403138524434897
25.20000000000009 -0.004403114722587232
25.30000000000009 -0.004403107142458079
25.40000000000009 -0.004403119212301049
25.50000000000009 -0.004403143291799153
25.60000000000009 -0.004403154597825284
25.7000000000001 -0.004403138955341219
25.8000000000001 -0.004403118785859084
25.9000000000001 -0.004403112881096368
26.0000000000001 -0.00440312420523417
26.1000000000001 -0.004403146288045214
26.2000000000001 -0.004403156584999741
26.3000000000001 -0.004403138970278293
26.40000000000011 -0.004403114836353333
26.50000000000011 -0.004403105790935948
26.60000000000011 -0.004403116708042688
26.70000000000011 -0.00440314197047597
26.80000000000011 -0.004403159024385555
26.90000000000011 -0.004403147033743979
27.00000000000011 -0.004403123296094887
27.10000000000012 -0.004403110851557538
27.20000000000012 -0.004403116759740138
27.30000000000012 -0.00440313763977746
27.40000000000012 -0.004403153533480199
27.50000000000012 -0.00440314254238959
27.60000000000012 -0.004403119851068672
27.70000000000012 -0.00440310945588636
27.80000000000013 -0.004403118072637793
27.90000000000013 -0.004403141402572233
28.00000000000013 -0.004403159743540539
28.10000000000013 -0.004403149337660284
28.20000000000013 -0.004403123120097397
28.30000000000013 -0.004403107293626407
28.40000000000013 -0.004403111042049869
28.50000000000014 -0.004403132191005936
28.60000000000014 -0.004403153558946687
28.70000000000014 -0.00440314947586973
28.80000000000014 -0.004403127808054511
28.90000000000014 -0.004403113738489394
29.00000000000014 -0.004403116477073409
29.10000000000014 -0.004403134735258091
29.20000000000014 -0.004403154053477128
29.30000000000015 -0.004403148970052915
29.40000000000015 -0.004403124634064687
29.50000000000015 -0.004403107925447078
29.60000000000015 -0.004403110335655328
29.70000000000015 -0.004403131043069435
29.80000000000015 -0.004403155679817114
29.90000000000015 -0.004403156439822956
30.00000000000016 -0.004403133246586609
30.10000000000016 -0.004403113269802685
30.20000000000016 -0.004403110577641391
30.30000000000016 -0.004403126299443137
30.40000000000016 -0.004403148651923413
30.50000000000016 -0.004403150937836401
30.60000000000016 -0.004403130140143234
30.70000000000017 -0.004403112670095648
30.80000000000017 -0.004403112672353087
30.90000000000017 -0.004403130183544604
31.00000000000017 -0.004403153663374102
31.10000000000017 -0.004403156790154088
31.20000000000017 -0.00440313379755743
31.30000000000017 -0.004403111479650662
31.40000000000018 -0.004403106727577872
31.50000000000018 -0.004403121602582293
31.60000000000018 -0.004403146757531531
31.70000000000018 -0.004403156199465918
31.80000000000018 -0.004403138982098371
31.90000000000018 -0.004403118735734955
32.00000000000018 -0.004403112715670239
32.10000000000019 -0.004403124026564961
32.20000000000019 -0.004403145760865307
32.30000000000019 -0.004403154026826681
32.40000000000019 -0.004403135498298146
32.50000000000019 -0.004403113356761327
32.60000000000019 -0.004403107266358382
32.70000000000019 -0.004403120836201877
32.8000000000002 -0.004403146815595656
32.9000000000002 -0.004403160585316831
33.0000000000002 -0.00440314443704544
33.1000000000002 -0.004403119594201705
33.2000000000002 -0.004403108389539711
33.3000000000002 -0.004403116521728401
33.4000000000002 -0.004403139055626401
33.50000000000021 -0.004403154037878516
33.60000000000021 -0.004403141680174846
33.70000000000021 -0.004403120073849976
33.80000000000021 -0.004403111476322395
33.90000000000021 -0.004403120874145717
34.00000000000021 -0.004403143153844984
34.10000000000021 -0.004403158085806198
34.20000000000022 -0.004403144619493778
34.30000000000022 -0.004403118995773786
34.40000000000022 -0.004403105873455256
34.50000000000022 -0.004403112645940913
34.60000000000022 -0.004403135905555048
34.70000000000022 -0.004403156530070761
34.80000000000022 -0.004403149967491587
34.90000000000023 -0.004403127226454047
35.00000000000023 -0.004403112897653242
35.10000000000023 -0.004403115887906415
35.20000000000023 -0.004403134796125828
35.30000000000023 -0.004403153216377624
35.40000000000023 -0.004403146214746715
35.50000000000023 -0.004403122531721081
35.60000000000024 -0.004403108367207928
35.70000000000024 -0.004403113465221807
35.80000000000024 -0.004403135658103903
35.90000000000024 -0.004403158301145072
36.00000000000024 -0.004403154323980149
36.10000000000024 -0.004403128910850973
36.20000000000024 -0.004403109819856107
36.30000000000025 -0.004403109425492214
36.40000000000025 -0.004403127526959647
36.50000000000025 -0.004403150334493835
36.60000000000025 -0.004403150901421827
36.70000000000025 -0.004403130125439218
36.80000000000025 -0.004403114194468189
36.90000000000025 -0.004403115049645258
37.00000000000026 -0.00440313214439693
37.10000000000026 -0.004403153483012044
37.20000000000026 -0.004403153196409163
37.30000000000026 -0.004403129415447484
37.40000000000026 -0.004403109241688591
37.50000000000026 -0.004403107424391109
37.60000000000026 -0.004403124945755133
37.70000000000027 -0.004403150769453038
37.80000000000027 -0.004403157665516078
37.90000000000027 -0.004403137922286816
38.00000000000027 -0.004403116829553844
38.10000000000027 -0.004403111060174633
38.20000000000027 -0.004403123544804507
38.30000000000027 -0.004403145791151554
38.40000000000028 -0.004403152489029504
38.50000000000028 -0.004403133480595935
38.60000000000028 -0.004403113403145797
38.70000000000028 -0.004403110001804694
38.80000000000028 -0.004403125375313881
38.90000000000028 -0.004403150488385769
39.00000000000028 -0.004403159845283039
39.10000000000029 -0.004403140168361494
39.20000000000029 -0.004403115539993864
39.30000000000029 -0.00440310654174838
39.40000000000029 -0.004403117398266909
39.50000000000029 -0.004403141518406128
39.60000000000029 -0.004403155237109155
39.70000000000029 -0.004403141515720035
39.8000000000003 -0.004403120620128512
39.9000000000003 -0.004403112713400199
40.0000000000003 -0.004403122018562536
40.1000000000003 -0.004403143487746951
40.2000000000003 -0.004403155966255017
40.3000000000003 -0.004403140630305528
40.4000000000003 -0.004403116359441691
40.50000000000031 -0.004403106089547752
40.60000000000031 -0.004403115776674272
40.70000000000031 -0.004403140778275317
40.80000000000031 -0.00440315971463085
40.90000000000031 -0.004403149435660149
41.00000000000031 -0.004403124824334259
41.10000000000031 -0.004403110519498966
41.20000000000032 -0.004403114780596577
41.30000000000032 -0.004403135122603297
41.40000000000032 -0.004403152972140032
41.50000000000032 -0.004403144474863894
41.60000000000032 -0.004403121799069152
41.70000000000032 -0.004403110085016606
41.80000000000032 -0.004403117100176218
41.90000000000033 -0.004403139307607811
42.00000000000033 -0.004403158746334682
42.10000000000033 -0.004403150459061028
42.20000000000033 -0.004403124278407464
42.30000000000033 -0.004403107299487763
42.40000000000033 -0.00440310983531474
42.50000000000033 -0.004403130409646486
42.60000000000034 -0.004403153308143128
42.70000000000034 -0.004403151912606285
42.80000000000034 -0.004403130459643902
42.90000000000034 -0.004403114635436274
43.00000000000034 -0.004403115268706319
43.10000000000034 -0.004403132142171099
43.20000000000034 -0.004403152306599365
43.30000000000035 -0.004403149772033667
43.40000000000035 -0.00440312620766661
43.50000000000035 -0.004403108582452735
43.60000000000035 -0.004403098132260992
43.70000000000035 -0.004403117791419941
43.80000000000035 -0.004403143182742673
43.90000000000035 -0.004403146354726212
44.00000000000036 -0.004403123818493486
44.10000000000036 -0.00440310247967811
44.20000000000036 -0.004403098034079167
44.30000000000036 -0.004403112471842158
44.40000000000036 -0.004403135419646419
44.50000000000036 -0.004403140392663626
44.60000000000036 -0.004403120917529636
44.70000000000037 -0.004403102701533317
44.80000000000037 -0.004403101275243718
44.90000000000037 -0.004403117436982793
45.00000000000037 -0.004403140912900195
45.10000000000037 -0.004403145979481682
45.20000000000037 -0.004403123951347493
45.30000000000037 -0.004403100627601306
45.40000000000038 -0.004403094294693998
45.50000000000038 -0.004403107831104081
45.60000000000038 -0.00440313322126163
45.70000000000038 -0.004403145397368247
45.80000000000038 -0.004403129979376898
45.90000000000038 -0.004403108899760077
46.00000000000038 -0.004403101027186888
46.10000000000039 -0.004403110569717534
46.20000000000039 -0.004403132012124659
46.30000000000039 -0.004403142760119289
46.40000000000039 -0.004403126409816179
46.50000000000039 -0.004403103662272562
46.60000000000039 -0.004403096015683837
46.70000000000039 -0.004403108202187067
46.8000000000004 -0.004403133858689482
46.9000000000004 -0.004403149560385661
47.0000000000004 -0.004403135012109908
47.1000000000004 -0.004403109222031986
47.2000000000004 -0.004403096184274846
47.3000000000004 -0.004403102776322288
47.4000000000004 -0.004403124943347666
47.50000000000041 -0.004403142081498394
47.60000000000041 -0.004403132244243137
47.70000000000041 -0.004403110830326659
47.80000000000041 -0.004403101089228843
47.90000000000041 -0.004403108641899408
48.00000000000041 -0.004403129707148183
48.10000000000041 -0.004403145940376551
48.20000000000041 -0.004403134604220788
48.30000000000042 -0.004403108917632934
48.40000000000042 -0.004403094543039568
48.50000000000042 -0.004403099993059341
48.60000000000042 -0.004403122760573416
48.70000000000042 -0.004403145110444772
48.80000000000042 -0.004403140873884321
48.90000000000042 -0.004403117854761641
49.00000000000043 -0.004403101647856444
49.10000000000043 -0.004403102747353309
49.20000000000043 -0.004403120737922823
49.30000000000043 -0.004403140371439411
49.40000000000043 -0.00440313591793138
49.50000000000043 -0.004403112840117552
49.60000000000043 -0.004403097750699443
49.70000000000044 -0.004403101597810028
49.80000000000044 -0.004403122772824417
49.90000000000044 -0.004403146088120165
50.00000000000044 -0.004403144128061457
