0 -0.004431885750815338
0.1 -0.004368961472358608
0.2 -0.004344547317427306
0.3 -0.004332524249642008
0.4 -0.004324638847208198
0.5 -0.004318379935104353
0.6 -0.004312835158262221
0.7 -0.004307632366292754
0.7999999999999999 -0.004302604740680293
0.8999999999999999 -0.004297669956667767
0.9999999999999999 -0.004292783430221006
1.1 -0.004287918863224304
1.2 -0.004283059514659683
1.3 -0.004278193992035336
1.4 -0.004273314082721622
1.5 -0.004268413565670243
1.6 -0.004263487521017883
1.7 -0.004258531903478178
1.8 -0.004253543258599501
1.900000000000001 -0.004248518514875903
2 -0.004243454810528772
2.100000000000001 -0.004238349325119783
2.200000000000001 -0.004233199088928754
2.300000000000001 -0.004228000739360319
2.400000000000001 -0.00422275018367551
2.500000000000001 -0.00421744211050885
2.600000000000001 -0.004212069270030056
2.700000000000001 -0.004206621423912776
2.800000000000001 -0.004201083889849327
2.900000000000001 -0.004195435788001323
3.000000000000001 -0.004189648722978383
3.100000000000001 -0.004183688176753096
3.200000000000002 -0.004177522345408751
3.300000000000002 -0.004171143431949593
3.400000000000002 -0.004164595834604998
3.500000000000002 -0.004157982958750498
3.600000000000002 -0.004151424461704718
3.700000000000002 -0.004144987034700099
3.800000000000002 -0.004138640036384725
3.900000000000002 -0.004132230879876736
4.000000000000002 -0.004125422772474765
4.100000000000001 -0.004117658049949906
4.200000000000001 -0.004108759345638914
4.300000000000001 -0.004100021195073658
4.4 -0.004092658503708805
4.5 -0.004086401797706364
4.6 -0.00408067732545757
4.699999999999999 -0.004075183036609804
4.799999999999999 -0.004069800482709145
4.899999999999999 -0.004064486373507566
4.999999999999998 -0.004059225467069917
5.099999999999998 -0.004054013162915491
5.199999999999998 -0.00404884906421572
5.299999999999997 -0.004043734477505515
5.399999999999997 -0.004038671379080957
5.499999999999996 -0.004033661959144832
5.599999999999996 -0.004028708407691605
5.699999999999996 -0.004023812807918304
5.799999999999995 -0.004018977080563662
5.899999999999995 -0.004014202954043216
5.999999999999995 -0.004009491948649366
6.099999999999994 -0.004004845369058153
6.199999999999994 -0.004000264302155919
6.299999999999994 -0.003995749618535172
6.399999999999993 -0.00399130197667445
6.499999999999993 -0.003986921829161156
6.599999999999993 -0.003982609430500932
6.699999999999992 -0.003978364846161105
6.799999999999992 -0.003974187962558954
6.899999999999991 -0.003970078497747396
6.999999999999991 -0.003966036012581649
7.099999999999991 -0.003962059922175415
7.19999999999999 -0.003958149507477955
7.29999999999999 -0.00395430392682354
7.39999999999999 -0.003950522227324416
7.499999999999989 -0.003946803355996624
7.599999999999989 -0.003943146170525659
7.699999999999989 -0.003939549449594804
7.799999999999988 -0.003936011902713925
7.899999999999988 -0.003932532179499961
7.999999999999988 -0.003929108878372152
8.099999999999987 -0.003925740554635817
8.199999999999987 -0.003922425727936756
8.299999999999986 -0.003919162889075754
8.399999999999986 -0.003915950506176733
8.499999999999986 -0.003912787030205443
8.599999999999985 -0.00390967089983568
8.699999999999985 -0.003906600545658603
8.799999999999985 -0.003903574393725813
8.899999999999984 -0.003900590868408398
8.999999999999984 -0.003897648394541745
9.099999999999984 -0.003894745398806302
9.199999999999983 -0.003891880310268326
9.299999999999983 -0.003889051559966128
9.399999999999983 -0.003886257579374036
9.499999999999982 -0.003883496797500534
9.599999999999982 -0.003880767636269315
9.699999999999982 -0.00387806850367834
9.799999999999981 -0.00387539778401091
9.899999999999981 -0.003872753824054621
9.99999999999998 -0.003870134913824587
10.09999999999998 -0.003867539259628174
10.19999999999998 -0.003864964946371285
10.29999999999998 -0.003862409884708165
10.39999999999998 -0.003859871736920716
10.49999999999998 -0.003857347813361322
10.59999999999998 -0.003854834929396027
10.69999999999998 -0.003852329212565317
10.79999999999998 -0.003849825854992997
10.89999999999998 -0.003847318825422801
10.99999999999998 -0.003844800604791571
11.09999999999998 -0.003842262112704134
11.19999999999998 -0.003839693164679786
11.29999999999998 -0.003837083987731209
11.39999999999998 -0.003834428283005829
11.49999999999998 -0.003831727585697788
11.59999999999997 -0.003828995001343394
11.69999999999997 -0.003826254962911894
11.79999999999997 -0.003823537048174383
11.89999999999997 -0.003820866515349093
11.99999999999997 -0.003818257378661469
12.09999999999997 -0.003815711480052691
12.19999999999997 -0.003813222149432192
12.29999999999997 -0.003810778951664831
12.39999999999997 -0.00380837118286721
12.49999999999997 -0.003805989598198131
12.59999999999997 -0.003803626822925254
12.69999999999997 -0.003801277102037642
12.79999999999997 -0.003798935892904056
12.89999999999997 -0.003796599540517228
12.99999999999997 -0.003794265064769424
13.09999999999997 -0.003791930013490825
13.19999999999997 -0.00378959234600826
13.29999999999997 -0.003787250336107363
13.39999999999997 -0.003784902493425469
13.49999999999997 -0.00378254750272881
13.59999999999997 -0.003780184178822103
13.69999999999997 -0.003777811433947114
13.79999999999997 -0.003775428254595421
13.89999999999997 -0.00377303368518714
13.99999999999997 -0.003770626816680077
14.09999999999997 -0.003768206778706584
14.19999999999997 -0.003765772734246174
14.29999999999997 -0.003763323876140124
14.39999999999996 -0.003760859424964665
14.49999999999996 -0.003758378627925083
14.59999999999996 -0.00375588075853365
14.69999999999996 -0.003753365116903876
14.79999999999996 -0.003750831030541137
14.89999999999996 -0.003748277855542936
14.99999999999996 -0.003745704978144549
15.09999999999996 -0.00374311181656172
15.19999999999996 -0.00374049782309225
15.29999999999996 -0.003737862486445502
15.39999999999996 -0.003735205334273155
15.49999999999996 -0.003732525935876862
15.59999999999996 -0.003729823905069547
15.69999999999996 -0.003727098903167058
15.79999999999996 -0.003724350642085853
15.89999999999996 -0.003721578887521006
15.99999999999996 -0.003718783462176863
16.09999999999996 -0.003715964249020384
16.19999999999996 -0.003713121194524579
16.29999999999996 -0.003710254311867182
16.39999999999996 -0.003707363684046761
16.49999999999996 -0.003704449466876364
16.59999999999997 -0.0037015118918125
16.69999999999997 -0.003698551268575401
16.79999999999997 -0.003695567987515478
16.89999999999997 -0.003692562521679935
16.99999999999997 -0.003689535428533836
17.09999999999997 -0.003686487351290393
17.19999999999997 -0.003683419019806877
17.29999999999998 -0.003680331251004616
17.39999999999998 -0.003677224948773293
17.49999999999998 -0.003674101103321651
17.59999999999998 -0.00367096078993675
17.69999999999998 -0.003667805167111422
17.79999999999998 -0.003664635473993524
17.89999999999998 -0.003661453027101972
17.99999999999999 -0.003658259216249805
18.09999999999999 -0.003655055499635442
18.19999999999999 -0.003651843398160902
18.29999999999999 -0.003648624489298598
18.39999999999999 -0.003645400401320218
18.49999999999999 -0.003642172809201105
18.59999999999999 -0.003638943433073474
18.7 -0.003635714037386103
18.8 -0.003632486425031992
18.9 -0.003629262421519213
19 -0.003626043852921121
19.1 -0.003622832528073663
19.2 -0.003619630230471458
19.3 -0.003616438716126901
19.40000000000001 -0.00361325971143805
19.50000000000001 -0.003610094908546442
19.60000000000001 -0.003606945958695522
19.70000000000001 -0.003603814464874302
19.80000000000001 -0.003600701974654608
19.90000000000001 -0.003597609973641305
20.00000000000001 -0.003594539879666912
20.10000000000002 -0.003591493037743939
20.20000000000002 -0.003588470715754901
20.30000000000002 -0.003585474100857439
20.40000000000002 -0.003582504296585745
20.50000000000002 -0.003579562320631462
20.60000000000002 -0.003576649103286202
20.70000000000002 -0.003573765486524228
20.80000000000003 -0.003570912223699035
20.90000000000003 -0.003568089979822231
21.00000000000003 -0.003565299332388186
21.10000000000003 -0.003562540772703446
21.20000000000003 -0.003559814707676567
21.30000000000003 -0.003557121462021377
21.40000000000003 -0.003554461280825239
21.50000000000004 -0.003551834332433249
21.60000000000004 -0.003549240711599562
21.70000000000004 -0.003546680442858182
21.80000000000004 -0.003544153484067029
21.90000000000004 -0.003541659730081617
22.00000000000004 -0.003539199016517391
22.10000000000004 -0.003536771123562481
22.20000000000005 -0.003534375779805999
22.30000000000005 -0.003532012666049538
22.40000000000005 -0.00352968141907204
22.50000000000005 -0.003527381635320802
22.60000000000005 -0.003525112874504612
22.70000000000005 -0.003522874663069775
22.80000000000005 -0.003520666497545113
22.90000000000006 -0.003518487847746281
23.00000000000006 -0.003516338159832024
23.10000000000006 -0.003514216859204702
23.20000000000006 -0.003512123353248166
23.30000000000006 -0.003510057033896653
23.40000000000006 -0.003508017280030733
23.50000000000006 -0.003506003459698601
23.60000000000007 -0.003504014932162515
23.70000000000007 -0.003502051049771312
23.80000000000007 -0.003500111159660384
23.90000000000007 -0.003498194605280436
24.00000000000007 -0.003496300727755997
24.10000000000007 -0.00349442886707373
24.20000000000007 -0.003492578363099594
24.30000000000008 -0.003490748556421721
24.40000000000008 -0.003488938789013809
24.50000000000008 -0.003487148404709945
24.60000000000008 -0.003485376749477596
24.70000000000008 -0.003483623171469077
24.80000000000008 -0.003481887020823852
24.90000000000008 -0.003480167649183111
25.00000000000009 -0.003478464408863537
25.10000000000009 -0.003476776651618011
25.20000000000009 -0.003475103726884901
25.30000000000009 -0.003473444979393081
25.40000000000009 -0.003471799745943376
25.50000000000009 -0.003470167351124904
25.60000000000009 -0.003468547101643307
25.7000000000001 -0.003466938278829847
25.8000000000001 -0.00346534012876366
25.9000000000001 -0.003463751849269942
26.0000000000001 -0.003462172572862069
26.1000000000001 -0.003460601344499908
26.2000000000001 -0.003459037092904707
26.3000000000001 -0.003457478594244219
26.40000000000011 -0.003455924427563655
26.50000000000011 -0.003454372922906485
26.60000000000011 -0.003452822106512449
26.70000000000011 -0.003451269654066953
26.80000000000011 -0.003449712874125915
26.90000000000011 -0.003448148760060853
27.00000000000011 -0.003446574167076884
27.10000000000012 -0.003444986179742906
27.20000000000012 -0.003443382711414515
27.30000000000012 -0.003441763289621614
27.40000000000012 -0.003440129823690467
27.50000000000012 -0.003438486989848773
27.60000000000012 -0.003436841861481484
27.70000000000012 -0.003435202689971234
27.80000000000013 -0.003433577207608445
27.90000000000013 -0.003431971130799369
28.00000000000013 -0.003430387415029489
28.10000000000013 -0.003428826366918797
28.20000000000013 -0.003427286322141273
28.30000000000013 -0.003425764483633209
28.40000000000013 -0.003424257632151516
28.50000000000014 -0.003422762599414048
28.60000000000014 -0.003421276518326481
28.70000000000014 -0.003419796914521949
28.80000000000014 -0.003418321704930213
28.90000000000014 -0.003416849151930483
29.00000000000014 -0.003415377803118271
29.10000000000014 -0.003413906433180364
29.20000000000014 -0.003412433996369361
29.30000000000015 -0.003410959593872411
29.40000000000015 -0.003409482457418514
29.50000000000015 -0.00340800194608285
29.60000000000015 -0.003406517546422239
29.70000000000015 -0.003405028860585669
29.80000000000015 -0.003403535571062124
29.90000000000015 -0.003402037387130395
30.00000000000016 -0.003400533994498627
30.10000000000016 -0.003399025029011611
30.20000000000016 -0.003397510078475793
30.30000000000016 -0.003395988701154881
30.40000000000016 -0.003394460446684476
30.50000000000016 -0.003392924871258334
30.60000000000016 -0.00339138154558676
30.70000000000017 -0.003389830057478202
30.80000000000017 -0.003388270011450856
30.90000000000017 -0.00338670102715171
31.00000000000017 -0.003385122737587697
31.10000000000017 -0.003383534787622807
31.20000000000017 -0.003381936832886007
31.30000000000017 -0.003380328539090245
31.40000000000018 -0.003378709581709332
31.50000000000018 -0.00337707964594804
31.60000000000018 -0.003375438426947459
31.70000000000018 -0.003373785630178436
31.80000000000018 -0.003372120971986882
31.90000000000018 -0.003370444180263804
32.00000000000018 -0.003368754995219769
32.10000000000019 -0.003367053170248338
32.20000000000019 -0.003365338472866704
32.30000000000019 -0.003363610685723855
32.40000000000019 -0.003361869607668137
32.50000000000019 -0.003360115054867077
32.60000000000019 -0.003358346861972539
32.70000000000019 -0.003356564883324467
32.8000000000002 -0.00335476899418635
32.9000000000002 -0.003352959092005223
33.0000000000002 -0.003351135097688357
33.1000000000002 -0.003349296956888593
33.2000000000002 -0.003347444641289306
33.3000000000002 -0.003345578149879624
33.4000000000002 -0.003343697510209673
33.50000000000021 -0.003341802779615123
33.60000000000021 -0.003339894046399566
33.70000000000021 -0.003337971430962714
33.80000000000021 -0.003336035086862061
33.90000000000021 -0.003334085201794932
34.00000000000021 -0.003332121998487839
34.10000000000021 -0.00333014573547977
34.20000000000022 -0.003328156707785898
34.30000000000022 -0.003326155247428632
34.40000000000022 -0.003324141723822963
34.50000000000022 -0.003322116544003806
34.60000000000022 -0.003320080152683654
34.70000000000022 -0.003318033032129905
34.80000000000022 -0.003315975701852365
34.90000000000023 -0.003313908718092804
35.00000000000023 -0.003311832673110152
35.10000000000023 -0.003309748194256401
35.20000000000023 -0.003307655942840635
35.30000000000023 -0.003305556612780169
35.40000000000023 -0.00330345092904048
35.50000000000023 -0.003301339645867245
35.60000000000024 -0.003299223544816785
35.70000000000024 -0.003297103432592976
35.80000000000024 -0.00329498013870142
35.90000000000024 -0.003292854512933746
36.00000000000024 -0.003290727422697295
36.10000000000024 -0.003288599750207331
36.20000000000024 -0.003286472389561002
36.30000000000025 -0.003284346243713879
36.40000000000025 -0.00328222222138133
36.50000000000025 -0.003280101233888036
36.60000000000025 -0.003277984191990032
36.70000000000025 -0.003275872002693694
36.80000000000025 -0.003273765566096702
36.90000000000025 -0.003271665772275322
37.00000000000026 -0.003269573498242165
37.10000000000026 -0.003267489604997336
37.20000000000026 -0.003265414934694912
37.30000000000026 -0.003263350307944938
37.40000000000026 -0.003261296521269487
37.50000000000026 -0.003259254344729282
37.60000000000026 -0.003257224519735151
37.70000000000027 -0.003255207757056369
37.80000000000027 -0.003253204735035493
37.90000000000027 -0.003251216098016893
38.00000000000027 -0.003249242454993886
38.10000000000027 -0.003247284378476898
38.20000000000027 -0.003245342403582968
38.30000000000027 -0.003243417027344611
38.40000000000028 -0.003241508708234126
38.50000000000028 -0.003239617865897463
38.60000000000028 -0.003237744881090094
38.70000000000028 -0.00323589009580569
38.80000000000028 -0.003234053813587154
38.90000000000028 -0.003232236300008432
39.00000000000028 -0.003230437783314526
39.10000000000029 -0.003228658455206714
39.20000000000029 -0.003226898471759351
39.30000000000029 -0.003225157954454553
39.40000000000029 -0.003223436991321059
39.50000000000029 -0.00322173563816388
39.60000000000029 -0.003220053919871462
39.70000000000029 -0.003218391831787951
39.8000000000003 -0.003216749341138578
39.9000000000003 -0.003215126388497087
40.0000000000003 -0.003213522889284942
40.1000000000003 -0.003211938735292998
40.2000000000003 -0.003210373796217291
40.3000000000003 -0.003208827921201712
40.4000000000003 -0.003207300940380859
40.50000000000031 -0.003205792666417366
40.60000000000031 -0.003204302896028112
40.70000000000031 -0.003202831411492951
40.80000000000031 -0.003201377982137928
40.90000000000031 -0.003199942365779934
41.00000000000031 -0.003198524310110714
41.10000000000031 -0.003197123553980237
41.20000000000032 -0.003195739828506645
41.30000000000032 -0.003194372857879018
41.40000000000032 -0.003193022359606509
41.50000000000032 -0.003191688043756243
41.60000000000032 -0.0031903696103225
41.70000000000032 -0.003189066743096786
41.80000000000032 -0.00318777909688474
41.90000000000033 -0.003186506271838384
42.00000000000033 -0.003185247762288464
42.10000000000033 -0.003184002853839212
42.20000000000033 -0.003182770412559749
42.30000000000033 -0.003181548442524151
42.40000000000033 -0.003180333132161295
42.50000000000033 -0.003179116749860629
42.60000000000034 -0.003177882953953555
42.70000000000034 -0.00317659663260442
42.80000000000034 -0.003175184682138578
42.90000000000034 -0.003173515231082906
43.00000000000034 -0.003171438177204515
43.10000000000034 -0.003168998779445329
43.20000000000034 -0.003166596735021397
43.30000000000035 -0.00316460655965816
43.40000000000035 -0.003163042032641984
43.50000000000035 -0.003161744020911546
43.60000000000035 -0.003160581897314465
43.70000000000035 -0.003159485461520139
43.80000000000035 -0.003158421996915469
43.90000000000035 -0.003157376848828984
44.00000000000036 -0.00315634343713376
44.10000000000036 -0.003155318743280802
44.20000000000036 -0.003154301331117611
44.30000000000036 -0.003153290474305575
44.40000000000036 -0.003152285765261441
44.50000000000036 -0.003151286937000575
44.60000000000036 -0.003150293781168005
44.70000000000037 -0.003149306110430205
44.80000000000037 -0.003148323741650126
44.90000000000037 -0.003147346488875056
45.00000000000037 -0.003146374160938818
45.10000000000037 -0.003145406561186155
45.20000000000037 -0.003144443488122359
45.30000000000037 -0.003143484736417866
45.40000000000038 -0.003142530097988062
45.50000000000038 -0.003141579362941075
45.60000000000038 -0.003140632319967224
45.70000000000038 -0.003139688754782357
45.80000000000038 -0.003138748442344969
45.90000000000038 -0.00313781112375809
46.00000000000038 -0.003136876475240166
46.10000000000039 -0.003135944192577172
46.20000000000039 -0.003135014244657932
46.30000000000039 -0.003134086669508151
46.40000000000039 -0.003133161223963495
46.50000000000039 -0.003132237576663885
46.60000000000039 -0.003131315455872309
46.70000000000039 -0.003130394634187085
46.8000000000004 -0.003129474900226593
46.9000000000004 -0.003128556046898749
47.0000000000004 -0.003127637867984746
47.1000000000004 -0.003126720157406954
47.2000000000004 -0.003125802709202213
47.3000000000004 -0.003124885317625446
47.4000000000004 -0.00312396777723942
47.50000000000041 -0.003123049882966164
47.60000000000041 -0.003122131430104952
47.70000000000041 -0.003121212214326165
47.80000000000041 -0.003120292031649038
47.90000000000041 -0.003119370678409286
48.00000000000041 -0.003118447951220628
48.10000000000041 -0.003117523646933329
48.20000000000041 -0.003116597562591549
48.30000000000042 -0.003115669495391316
48.40000000000042 -0.00311473924263995
48.50000000000042 -0.00311380660171812
48.60000000000042 -0.003112871370044994
48.70000000000042 -0.003111933345047249
48.80000000000042 -0.003110992324132325
48.90000000000042 -0.003110048104666449
49.00000000000043 -0.003109100483957739
49.10000000000043 -0.003108149259244764
49.20000000000043 -0.003107194227690778
49.30000000000043 -0.003106235186383921
49.40000000000043 -0.00310527193234346
49.50000000000043 -0.003104304262532189
49.60000000000043 -0.003103331973874974
49.70000000000044 -0.003102354863283241
49.80000000000044 -0.003101372727685165
49.90000000000044 -0.003100385364061001
50.00000000000044 -0.003099392569482914
