0 -0.004431885750815338
0.1 -0.004410118970910573
0.2 -0.004408593688107714
0.3 -0.004408140320156188
0.4 -0.004407943408470944
0.5 -0.004407888728587619
0.6 -0.00440827419760686
0.7 -0.004412540825126824
0.7999999999999999 -0.004414072462800724
0.8999999999999999 -0.004409691981965675
0.9999999999999999 -0.004409870394040843
1.1 -0.004409893235488493
1.2 -0.004409252855120348
1.3 -0.004408759911002594
1.4 -0.004409878501293822
1.5 -0.004416731561753442
1.6 -0.004410112883834571
1.7 -0.004408151011528735
1.8 -0.004408218238239651
1.900000000000001 -0.004408617264659434
2 -0.004409286749722803
2.100000000000001 -0.004410072819598138
2.200000000000001 -0.004413283459286597
2.300000000000001 -0.004415606113790346
2.400000000000001 -0.004409503318129357
2.500000000000001 -0.004408598730917508
2.600000000000001 -0.004408480536677861
2.700000000000001 -0.004408488420263436
2.800000000000001 -0.004408689528043555
2.900000000000001 -0.004410198545754728
3.000000000000001 -0.004417494901846101
3.100000000000001 -0.004412225944496444
3.200000000000002 -0.004410140202989262
3.300000000000002 -0.004409452693488853
3.400000000000002 -0.004408810818175153
3.500000000000002 -0.004408431387830798
3.600000000000002 -0.004408495328062969
3.700000000000002 -0.004411564394179041
3.800000000000002 -0.004415662607531838
3.900000000000002 -0.004409812798740134
4.000000000000002 -0.004409344716122722
4.100000000000001 -0.004409927032292129
4.200000000000001 -0.004410536184944505
4.300000000000001 -0.004410491305232169
4.4 -0.004410904940804995
4.5 -0.004416885593260218
4.6 -0.004411211623774572
4.699999999999999 -0.004408524147762613
4.799999999999999 -0.00440834497004315
4.899999999999999 -0.004408434194377939
4.999999999999998 -0.004408655488157283
5.099999999999998 -0.004409324165532568
5.199999999999998 -0.004412875473016882
5.299999999999997 -0.0044179781260001
5.399999999999997 -0.004411278094528888
5.499999999999996 -0.004409636279344101
5.599999999999996 -0.0044091259174144
5.699999999999996 -0.004408906499703104
5.799999999999995 -0.004408885713956307
5.899999999999995 -0.004409870247774777
5.999999999999995 -0.004416298280805845
6.099999999999994 -0.004411728811750709
6.199999999999994 -0.004409491255726278
6.299999999999994 -0.004409954091269501
6.399999999999993 -0.004410012240653482
6.499999999999993 -0.004409366923954569
6.599999999999993 -0.004408930227953202
6.699999999999992 -0.004411226749795792
6.799999999999992 -0.004416329798710463
6.899999999999991 -0.004409823317857962
6.999999999999991 -0.004408816798865716
7.099999999999991 -0.00440892120205575
7.19999999999999 -0.004409312823691102
7.29999999999999 -0.004410013632843385
7.39999999999999 -0.004411375393083565
7.499999999999989 -0.004417142206907981
7.599999999999989 -0.004412203413190538
7.699999999999989 -0.004408639904614902
7.799999999999988 -0.004408152890237501
7.899999999999988 -0.004408049280671713
7.999999999999988 -0.004408039432121954
8.099999999999987 -0.004408282053047211
8.199999999999987 -0.004410916506411182
8.299999999999986 -0.00441725104197504
8.399999999999986 -0.004411246727617006
8.499999999999986 -0.00441028609668774
8.599999999999985 -0.004409652426612638
8.699999999999985 -0.004409002264350541
8.799999999999985 -0.004408656602874711
8.899999999999984 -0.004409190849793536
8.999999999999984 -0.004414843258347533
9.099999999999984 -0.004411618021631984
9.199999999999983 -0.004408348320587611
9.299999999999983 -0.004408417377260905
9.399999999999983 -0.004409028434031377
9.499999999999982 -0.004409644635865411
9.599999999999982 -0.004409656900113535
9.699999999999982 -0.004411054765843411
9.799999999999981 -0.004416953185518708
9.899999999999981 -0.004409727158859401
9.99999999999998 -0.004408212128620482
10.09999999999998 -0.004408098935349837
10.19999999999998 -0.0044081866109395
10.29999999999998 -0.004408438503405953
10.39999999999998 -0.004409427592007766
10.49999999999998 -0.004415221620731614
10.59999999999998 -0.004414030479510289
10.69999999999998 -0.00440961520265941
10.79999999999998 -0.00440859533443791
10.89999999999998 -0.00440815191589291
10.99999999999998 -0.004407961931555956
11.09999999999998 -0.004407998645740621
11.19999999999998 -0.004409767539302916
11.29999999999998 -0.004416810731454804
11.39999999999998 -0.004410098586204523
11.49999999999998 -0.00440900481662005
11.59999999999997 -0.004409569257895967
11.69999999999997 -0.004409653644073734
11.79999999999997 -0.004409056013385429
11.89999999999997 -0.004408820146753325
11.99999999999997 -0.004412748563956204
12.09999999999997 -0.004413381663369821
12.19999999999997 -0.004408532209240894
12.29999999999997 -0.004408113082399961
12.39999999999997 -0.004408283993152682
12.49999999999997 -0.004408716134001029
12.59999999999997 -0.004409505508526099
12.69999999999997 -0.0044115080515072
12.79999999999997 -0.00441821887216451
12.89999999999997 -0.004410855357653851
12.99999999999997 -0.004408372527902658
13.09999999999997 -0.004407994872267609
13.19999999999997 -0.004407909299124626
13.29999999999997 -0.004407944333843226
13.39999999999997 -0.004408335007106961
13.49999999999997 -0.00441215887005018
13.59999999999997 -0.004415450620211456
13.69999999999997 -0.004410610402610028
13.79999999999997 -0.004410196020869864
13.89999999999997 -0.004409618609001902
13.99999999999997 -0.00440899380190285
14.09999999999997 -0.004408733150039663
14.19999999999997 -0.00440982136569569
14.29999999999997 -0.004416544368762723
14.39999999999996 -0.004410550489243979
14.49999999999996 -0.004408410505887201
14.59999999999996 -0.004408614148528728
14.69999999999996 -0.004409253230038129
14.79999999999996 -0.004409909098847437
14.89999999999996 -0.00441006226403277
14.99999999999996 -0.00441253712306566
15.09999999999996 -0.004415910980235301
15.19999999999996 -0.004409649629356561
15.29999999999996 -0.004408717446629702
15.39999999999996 -0.004408649995226106
15.49999999999996 -0.004408750402936572
15.59999999999996 -0.004409084761458976
15.69999999999996 -0.004410665665671115
15.79999999999996 -0.004417911655223684
15.89999999999996 -0.004412820025269853
15.99999999999996 -0.004409854118403516
16.09999999999996 -0.004408994233624913
16.19999999999996 -0.004408562432194667
16.29999999999996 -0.004408390035018661
16.39999999999996 -0.004408567585983618
16.49999999999996 -0.00441149448495456
16.59999999999997 -0.004416220733698875
16.69999999999997 -0.004410288339620506
16.79999999999997 -0.004409912125949433
16.89999999999997 -0.004410504574838665
16.99999999999997 -0.004410581826220107
17.09999999999997 -0.00441004638038335
17.19999999999997 -0.004410447859123335
17.29999999999998 -0.0044164508197143
17.39999999999998 -0.004411311944406283
17.49999999999998 -0.004408504600115617
17.59999999999998 -0.004408345211331732
17.69999999999998 -0.004408513029223205
17.79999999999998 -0.004408919878745852
17.89999999999998 -0.004409793512200944
17.99999999999999 -0.004413018059028963
18.09999999999999 -0.004417862125444643
18.19999999999999 -0.004410727925679109
18.29999999999999 -0.004409176797198351
18.39999999999999 -0.004408837950103722
18.49999999999999 -0.004408737034671619
18.59999999999999 -0.004408809893611064
18.7 -0.004409809751332656
18.8 -0.004416181266793987
18.9 -0.004412249703701508
19 -0.004409934100640998
19.1 -0.004409937718784024
19.2 -0.004409373529539339
19.3 -0.004408713242646664
19.40000000000001 -0.004408502507085647
19.50000000000001 -0.004410795309280702
19.60000000000001 -0.004416396781372567
19.70000000000001 -0.004409772730658241
19.80000000000001 -0.004408741251500229
19.90000000000001 -0.004408979915368933
20.00000000000001 -0.004409589596715356
20.10000000000002 -0.004410274139696635
20.20000000000002 -0.004410964079115343
20.30000000000002 -0.004416129824487755
20.40000000000002 -0.004411967378246192
20.50000000000002 -0.004408356521806545
20.60000000000002 -0.004407957080663156
20.70000000000002 -0.004407911061851168
20.80000000000003 -0.004407979088083697
20.90000000000003 -0.004408341753843919
21.00000000000003 -0.004410987968351533
21.10000000000003 -0.00441796431081922
21.20000000000003 -0.004411475222265341
21.30000000000003 -0.004409710296214179
21.40000000000003 -0.004408909399137788
21.50000000000004 -0.004408452814884678
21.60000000000004 -0.00440828452092653
21.70000000000004 -0.004408825789833152
21.80000000000004 -0.004414184175732567
21.90000000000004 -0.004412120697178158
22.00000000000004 -0.00440860623704343
22.10000000000004 -0.004408849085100881
22.20000000000005 -0.004409511983872696
22.30000000000005 -0.004409606605172122
22.40000000000005 -0.00440911511408008
22.50000000000005 -0.004410386776011828
22.60000000000005 -0.004416883745544991
22.70000000000005 -0.004409687386399415
22.80000000000005 -0.004408064876487893
22.90000000000006 -0.004407997670543928
23.00000000000006 -0.004408167695674129
23.10000000000006 -0.004408587239320932
23.20000000000006 -0.004409690892350424
23.30000000000006 -0.004414813029947193
23.40000000000006 -0.004414507372171485
23.50000000000006 -0.004409267914446453
23.60000000000007 -0.004408326487520166
23.70000000000007 -0.004408052868690798
23.80000000000007 -0.004407968519658085
23.90000000000007 -0.004408094418625419
24.00000000000007 -0.004409791255269874
24.10000000000007 -0.004417097336128502
24.20000000000007 -0.004410755028367608
24.30000000000008 -0.004409574469087049
24.40000000000008 -0.004409702298104428
24.50000000000008 -0.004409161728615256
24.60000000000008 -0.004408517382326714
24.70000000000008 -0.004408447799011173
24.80000000000008 -0.004412096845629166
24.90000000000008 -0.004414191981418718
25.00000000000009 -0.00440891439304232
25.10000000000009 -0.004408453125494713
25.20000000000009 -0.004408751693630048
25.30000000000009 -0.00440937757756985
25.40000000000009 -0.004410121067122116
25.50000000000009 -0.004411401040963273
25.60000000000009 -0.004417635481117636
25.7000000000001 -0.00441077283868665
25.8000000000001 -0.004408304320697356
25.9000000000001 -0.004408038554851131
26.0000000000001 -0.004408028480982387
26.1000000000001 -0.004408129152028185
26.2000000000001 -0.00440861297321666
26.3000000000001 -0.004412362188702908
26.40000000000011 -0.004416666217628632
26.50000000000011 -0.00441123966588086
26.60000000000011 -0.004410055578278009
26.70000000000011 -0.004409307842720831
26.80000000000011 -0.004408867860407594
26.90000000000011 -0.004408758861388753
27.00000000000011 -0.004409862644471256
27.10000000000012 -0.004416536457056257
27.20000000000012 -0.004410995415042954
27.30000000000012 -0.004408841062107078
27.40000000000012 -0.004409230680152947
27.50000000000012 -0.00440990463439393
27.60000000000012 -0.004410013998546547
27.70000000000012 -0.004409638347693494
27.80000000000013 -0.004412039747019829
27.90000000000013 -0.004416087362385667
28.00000000000013 -0.004409832674184844
28.10000000000013 -0.004408911716944263
28.20000000000013 -0.004408887721428247
28.30000000000013 -0.004409057187407467
28.40000000000013 -0.004409529674720481
28.50000000000014 -0.004411237399728494
28.60000000000014 -0.004418202780869987
28.70000000000014 -0.004412777547356868
28.80000000000014 -0.004409415390356033
28.90000000000014 -0.00440871283421637
29.00000000000014 -0.00440844421632078
29.10000000000014 -0.004408345793442088
29.20000000000014 -0.004408551403435992
29.30000000000015 -0.004411435657899785
29.40000000000015 -0.00441657879480827
29.50000000000015 -0.004410766980242968
29.60000000000015 -0.004410476948081636
29.70000000000015 -0.004410653764232204
29.80000000000015 -0.004410105948238603
29.90000000000015 -0.004409511043117998
30.00000000000016 -0.004410063173290832
30.10000000000016 -0.004416122116168174
30.20000000000016 -0.004411347679290244
30.30000000000016 -0.004408510802480952
30.40000000000016 -0.004408433742970172
30.50000000000016 -0.00440875299614391
30.60000000000016 -0.004409353437165747
30.70000000000017 -0.00441014235053041
30.80000000000017 -0.004412629750331211
30.90000000000017 -0.004417290403269158
31.00000000000017 -0.00441021812834029
31.10000000000017 -0.004408831480214961
31.20000000000017 -0.004408621842526977
31.30000000000017 -0.004408596508556924
31.40000000000018 -0.004408724093605152
31.50000000000018 -0.004409776482332052
31.60000000000018 -0.004416252993408921
31.70000000000018 -0.004412819267484174
31.80000000000018 -0.004410125063513566
31.90000000000018 -0.004409460958678124
32.00000000000018 -0.004408756282046259
32.10000000000019 -0.004408301100102525
32.20000000000019 -0.004408233974111133
32.30000000000019 -0.004410510658197122
32.40000000000019 -0.004416406332050153
32.50000000000019 -0.004409797821783429
32.60000000000019 -0.004408868660904361
32.70000000000019 -0.004409335415183624
32.8000000000002 -0.004410006518103352
32.9000000000002 -0.004410133047717076
33.0000000000002 -0.004410208640624967
33.1000000000002 -0.004415278082112155
33.2000000000002 -0.004411747435934222
33.3000000000002 -0.004408161377481203
33.4000000000002 -0.004407857496121733
33.50000000000021 -0.004407910828180706
33.60000000000021 -0.00440810756860515
33.70000000000021 -0.004408647996201245
33.80000000000021 -0.004411384374488824
33.90000000000021 -0.004418395342734199
34.00000000000021 -0.004411157604605576
34.10000000000021 -0.004409051920304482
34.20000000000022 -0.004408441964042732
34.30000000000022 -0.004408191407078675
34.40000000000022 -0.004408138144675144
34.50000000000022 -0.004408686756663152
34.60000000000022 -0.004413893041876446
34.70000000000022 -0.004412535609303437
34.80000000000022 -0.004409044711514289
34.90000000000023 -0.004409400446861749
35.00000000000023 -0.004409638000044068
35.10000000000023 -0.00440911358036992
35.20000000000023 -0.004408595721886499
35.30000000000023 -0.004409996012358869
35.40000000000023 -0.004416772384913086
35.50000000000023 -0.00440968691044918
35.60000000000024 -0.004408076073884197
35.70000000000024 -0.004408113826082788
35.80000000000024 -0.004408455754717407
35.90000000000024 -0.004409099679610892
36.00000000000024 -0.004410114887734485
36.10000000000024 -0.004414342233882608
36.20000000000024 -0.00441429779360584
36.30000000000025 -0.004408957089242269
36.40000000000025 -0.00440819363342125
36.50000000000025 -0.004408050644869399
36.60000000000025 -0.004408048818407339
36.70000000000025 -0.004408249491726027
36.80000000000025 -0.004409986960601819
36.90000000000025 -0.004417473921851543
37.00000000000026 -0.004411422106877772
37.10000000000026 -0.004409876460269413
37.20000000000026 -0.004409334860018261
37.30000000000026 -0.004408661878556399
37.40000000000026 -0.004408249706640116
37.50000000000026 -0.004408360514153672
37.60000000000026 -0.004411976349459416
37.70000000000027 -0.004414536681260526
37.80000000000027 -0.004409198290136013
37.90000000000027 -0.004408851285126531
38.00000000000027 -0.004409375612233089
38.10000000000027 -0.004410061783574745
38.20000000000027 -0.004410249138339133
38.30000000000027 -0.004410932977434466
38.40000000000028 -0.004417175709136184
38.50000000000028 -0.004410669421845302
38.60000000000028 -0.004408279253116647
38.70000000000028 -0.004408093148442436
38.80000000000028 -0.004408156561245834
38.90000000000028 -0.004408366600659025
39.00000000000028 -0.004409039226432544
39.10000000000029 -0.004412963593026451
39.20000000000029 -0.004417262160466082
39.30000000000029 -0.004411105351000362
39.40000000000029 -0.004409617701522942
39.50000000000029 -0.004409055165207618
39.60000000000029 -0.004408811461857617
39.70000000000029 -0.004408811763805297
39.8000000000003 -0.004409965597814348
39.9000000000003 -0.004416677724271224
40.0000000000003 -0.004411344672795635
40.1000000000003 -0.004409360486872488
40.2000000000003 -0.004409868199994377
40.3000000000003 -0.004410101320691601
40.4000000000003 -0.004409566186146768
40.50000000000031 -0.004409142011395134
40.60000000000031 -0.004411726933987151
40.70000000000031 -0.004416007475088315
40.80000000000031 -0.004409811705500489
40.90000000000031 -0.0044089437113618
41.00000000000031 -0.004409015637420054
41.10000000000031 -0.004409358496599159
41.20000000000032 -0.00441006287438737
41.30000000000032 -0.004411717434475742
41.40000000000032 -0.004418015563067359
41.50000000000032 -0.004412217257133219
41.60000000000032 -0.004408955208344978
41.70000000000032 -0.004408447376285925
41.80000000000032 -0.004408294793650311
41.90000000000033 -0.004408265568003199
42.00000000000033 -0.004408535843035872
42.10000000000033 -0.00441151271401294
42.20000000000033 -0.004416887490865726
42.30000000000033 -0.004411234669826689
42.40000000000033 -0.004410629620596742
42.50000000000033 -0.004410110645964563
42.60000000000034 -0.004409402812843769
42.70000000000034 -0.004409020209748355
42.80000000000034 -0.004409750254070127
42.90000000000034 -0.004415908400496972
43.00000000000034 -0.004411264296530825
43.10000000000034 -0.004408509111657628
43.20000000000034 -0.00440858587817619
43.30000000000035 -0.004409128792795523
43.40000000000035 -0.004409780710717358
43.50000000000035 -0.004410015824398679
43.60000000000035 -0.004411955467478915
43.70000000000035 -0.004416705120435234
43.80000000000035 -0.004409843079194095
43.90000000000035 -0.004408596600224166
44.00000000000036 -0.004408470315044259
44.10000000000036 -0.004408512898153616
44.20000000000036 -0.004408741552471646
44.30000000000036 -0.004409972576519544
44.40000000000036 -0.004416659016684938
44.50000000000036 -0.004413072101414727
44.60000000000036 -0.00440969814228495
44.70000000000037 -0.004408766480630754
44.80000000000037 -0.004408264043151864
44.90000000000037 -0.004408022278940421
45.00000000000037 -0.004408085592523914
45.10000000000037 -0.004410453445078301
45.20000000000037 -0.004416441232181391
45.30000000000037 -0.00440995724493512
45.40000000000038 -0.004409245028362065
45.50000000000038 -0.004409841474608796
45.60000000000038 -0.004410085543048878
45.70000000000038 -0.004409588553778016
45.80000000000038 -0.004409638725329864
45.90000000000038 -0.004414965892579947
46.00000000000038 -0.004411518111120095
46.10000000000039 -0.004408048233570593
46.20000000000039 -0.00440781986855087
46.30000000000039 -0.004407967450304117
46.40000000000039 -0.004408328235735272
46.50000000000039 -0.004409094523255682
46.60000000000039 -0.004411817902864287
46.70000000000039 -0.004418196216610099
46.8000000000004 -0.004410570868521678
46.9000000000004 -0.004408634825564699
47.0000000000004 -0.004408248469120177
47.1000000000004 -0.004408132392078494
47.2000000000004 -0.004408159069323598
47.3000000000004 -0.004408789853940695
47.4000000000004 -0.004414166830913945
47.50000000000041 -0.004412855801348863
47.60000000000041 -0.004409594856634503
47.70000000000041 -0.004409669729918872
47.80000000000041 -0.00440924161298
47.90000000000041 -0.004408570754447933
48.00000000000041 -0.00440826182894235
48.10000000000041 -0.004409855285616254
48.20000000000041 -0.004416731298918214
48.30000000000042 -0.004409696798498473
48.40000000000042 -0.00440819877239307
48.50000000000042 -0.004408395668999645
48.60000000000042 -0.004408975289047975
48.70000000000042 -0.004409695886486426
48.80000000000042 -0.004410200762681037
48.90000000000042 -0.004413967639290245
49.00000000000043 -0.004413842582420043
49.10000000000043 -0.004408772070967732
49.20000000000043 -0.004408163555000769
49.30000000000043 -0.004408105193000653
49.40000000000043 -0.004408174512364933
49.50000000000043 -0.004408477883515299
49.60000000000043 -0.004410408615168248
49.70000000000044 -0.004418125029422181
49.80000000000044 -0.004411864088705805
49.90000000000044 -0.004409676701188576
50.00000000000044 -0.004408861643762677
