0 -9.688276749999999e-05
0.1 -9.688276743264301e-05
0.2 -9.688276739610849e-05
0.3 -9.688276738703037e-05
0.4 -9.688276740458534e-05
0.5 -9.688276745037026e-05
0.6 -9.688276752864085e-05
0.7 -9.688276764696501e-05
0.7999999999999999 -9.688276781744238e-05
0.8999999999999999 -9.68827680587869e-05
0.9999999999999999 -9.688276839982306e-05
1.1 -9.688276888540439e-05
1.2 -9.688276958664839e-05
1.3 -9.688277061915292e-05
1.4 -9.688277217656073e-05
1.5 -9.688277459495411e-05
1.6 -9.688277848231424e-05
1.7 -9.688278499335562e-05
1.8 -9.688279645159624e-05
1.900000000000001 -9.688281786931384e-05
2 -9.688286102342445e-05
2.100000000000001 -9.688295672692967e-05
2.200000000000001 -9.68831976930439e-05
2.300000000000001 -9.688392116970508e-05
2.400000000000001 -9.688674074618536e-05
2.500000000000001 -9.690360536735552e-05
2.600000000000001 -9.713851794846849e-05
2.700000000000001 -0.0001497258232557505
2.800000000000001 0.01482001359566938
2.900000000000001 0.01482138043084658
3.000000000000001 0.01482141418661028
3.100000000000001 0.01482141778192
3.200000000000002 0.01482141849350055
3.300000000000002 0.01482141869299435
3.400000000000002 0.01482141876297168
3.500000000000002 0.01482141879167905
3.600000000000002 0.01482141880490048
3.700000000000002 0.01482141881155668
3.800000000000002 0.01482141881515295
3.900000000000002 0.01482141881721081
4.000000000000002 0.01482141881844578
4.100000000000001 0.01482141881921726
4.200000000000001 0.01482141881971598
4.300000000000001 0.01482141882004808
4.4 0.01482141882027501
4.5 0.01482141882043364
4.6 0.0148214188205468
4.699999999999999 0.01482141882062898
4.799999999999999 0.01482141882068963
4.899999999999999 0.01482141882073506
4.999999999999998 0.01482141882076955
5.099999999999998 0.01482141882079604
5.199999999999998 0.01482141882081662
5.299999999999997 0.01482141882083278
5.399999999999997 0.01482141882084558
5.499999999999996 0.01482141882085581
5.599999999999996 0.01482141882086404
5.699999999999996 0.01482141882087073
5.799999999999995 0.0148214188208762
5.899999999999995 0.0148214188208807
5.999999999999995 0.01482141882088442
6.099999999999994 0.01482141882088752
6.199999999999994 0.01482141882089012
6.299999999999994 0.01482141882089231
6.399999999999993 0.01482141882089416
6.499999999999993 0.01482141882089573
6.599999999999993 0.01482141882089707
6.699999999999992 0.01482141882089821
6.799999999999992 0.01482141882089919
6.899999999999991 0.01482141882090005
6.999999999999991 0.01482141882090079
7.099999999999991 0.01482141882090143
7.19999999999999 0.01482141882090199
7.29999999999999 0.01482141882090248
7.39999999999999 0.01482141882090291
7.499999999999989 0.01482141882090328
7.599999999999989 0.01482141882090361
7.699999999999989 0.01482141882090391
7.799999999999988 0.01482141882090417
7.899999999999988 0.0148214188209044
7.999999999999988 0.01482141882090461
8.099999999999987 0.01482141882090479
8.199999999999987 0.01482141882090495
8.299999999999986 0.0148214188209051
8.399999999999986 0.01482141882090524
8.499999999999986 0.01482141882090536
8.599999999999985 0.01482141882090546
8.699999999999985 0.01482141882090556
8.799999999999985 0.01482141882090565
8.899999999999984 0.01482141882090573
8.999999999999984 0.0148214188209058
9.099999999999984 0.01482141882090586
9.199999999999983 0.01482141882090592
9.299999999999983 0.01482141882090598
9.399999999999983 0.01482141882090603
9.499999999999982 0.01482141882090607
9.599999999999982 0.01482141882090612
9.699999999999982 0.01482141882090616
9.799999999999981 0.0148214188209062
9.899999999999981 0.01482141882090623
9.99999999999998 0.01482141882090626
10.09999999999998 0.01482141882090628
10.19999999999998 0.01482141882090631
10.29999999999998 0.01482141882090633
10.39999999999998 0.01482141882090635
10.49999999999998 0.01482141882090637
10.59999999999998 0.01482141882090639
10.69999999999998 0.0148214188209064
10.79999999999998 0.01482141882090642
10.89999999999998 0.01482141882090644
10.99999999999998 0.01482141882090645
11.09999999999998 0.01482141882090646
11.19999999999998 0.01482141882090648
11.29999999999998 0.01482141882090649
11.39999999999998 0.01482141882090649
11.49999999999998 0.01482141882090651
11.59999999999997 0.01482141882090652
11.69999999999997 0.01482141882090652
11.79999999999997 0.01482141882090653
11.89999999999997 0.01482141882090654
11.99999999999997 0.01482141882090654
12.09999999999997 0.01482141882090655
12.19999999999997 0.01482141882090655
12.29999999999997 0.01482141882090655
12.39999999999997 0.01482141882090656
12.49999999999997 0.01482141882090656
12.59999999999997 0.01482141882090656
12.69999999999997 0.01482141882090657
12.79999999999997 0.01482141882090657
12.89999999999997 0.01482141882090658
12.99999999999997 0.01482141882090659
13.09999999999997 0.01482141882090659
13.19999999999997 0.01482141882090659
13.29999999999997 0.0148214188209066
13.39999999999997 0.01482141882090659
13.49999999999997 0.01482141882090659
13.59999999999997 0.0148214188209066
13.69999999999997 0.01482141882090659
13.79999999999997 0.0148214188209066
13.89999999999997 0.0148214188209066
13.99999999999997 0.0148214188209066
14.09999999999997 0.0148214188209066
14.19999999999997 0.0148214188209066
14.29999999999997 0.0148214188209066
14.39999999999996 0.0148214188209066
14.49999999999996 0.0148214188209066
14.59999999999996 0.0148214188209066
14.69999999999996 0.0148214188209066
14.79999999999996 0.0148214188209066
14.89999999999996 0.01482141882090661
14.99999999999996 0.01482141882090661
15.09999999999996 0.01482141882090661
15.19999999999996 0.01482141882090661
15.29999999999996 0.01482141882090661
15.39999999999996 0.01482141882090661
15.49999999999996 0.01482141882090661
15.59999999999996 0.01482141882090661
15.69999999999996 0.01482141882090661
15.79999999999996 0.01482141882090661
15.89999999999996 0.01482141882090661
15.99999999999996 0.01482141882090661
16.09999999999996 0.01482141882090661
16.19999999999996 0.01482141882090661
16.29999999999996 0.01482141882090662
16.39999999999996 0.01482141882090662
16.49999999999996 0.01482141882090662
16.59999999999997 0.01482141882090663
16.69999999999997 0.01482141882090663
16.79999999999997 0.01482141882090663
16.89999999999997 0.01482141882090663
16.99999999999997 0.01482141882090663
17.09999999999997 0.01482141882090663
17.19999999999997 0.01482141882090663
17.29999999999998 0.01482141882090663
17.39999999999998 0.01482141882090663
17.49999999999998 0.01482141882090663
17.59999999999998 0.01482141882090663
17.69999999999998 0.01482141882090663
17.79999999999998 0.01482141882090663
17.89999999999998 0.01482141882090663
17.99999999999999 0.01482141882090664
18.09999999999999 0.01482141882090663
18.19999999999999 0.01482141882090663
18.29999999999999 0.01482141882090664
18.39999999999999 0.01482141882090664
18.49999999999999 0.01482141882090664
18.59999999999999 0.01482141882090664
18.7 0.01482141882090664
18.8 0.01482141882090664
18.9 0.01482141882090664
19 0.01482141882090664
19.1 0.01482141882090664
19.2 0.01482141882090663
19.3 0.01482141882090663
19.40000000000001 0.01482141882090663
19.50000000000001 0.01482141882090663
19.60000000000001 0.01482141882090663
19.70000000000001 0.01482141882090663
19.80000000000001 0.01482141882090663
19.90000000000001 0.01482141882090663
20.00000000000001 0.01482141882090663
20.10000000000002 0.01482141882090663
20.20000000000002 0.01482141882090663
20.30000000000002 0.01482141882090663
20.40000000000002 0.01482141882090663
20.50000000000002 0.01482141882090664
20.60000000000002 0.01482141882090664
20.70000000000002 0.01482141882090664
20.80000000000003 0.01482141882090664
20.90000000000003 0.01482141882090664
21.00000000000003 0.01482141882090664
21.10000000000003 0.01482141882090664
21.20000000000003 0.01482141882090664
21.30000000000003 0.01482141882090665
21.40000000000003 0.01482141882090664
21.50000000000004 0.01482141882090665
21.60000000000004 0.01482141882090665
21.70000000000004 0.01482141882090664
21.80000000000004 0.01482141882090665
21.90000000000004 0.01482141882090665
22.00000000000004 0.01482141882090665
22.10000000000004 0.01482141882090664
22.20000000000005 0.01482141882090665
22.30000000000005 0.01482141882090665
22.40000000000005 0.01482141882090665
22.50000000000005 0.01482141882090664
22.60000000000005 0.01482141882090664
22.70000000000005 0.01482141882090664
22.80000000000005 0.01482141882090664
22.90000000000006 0.01482141882090664
23.00000000000006 0.01482141882090664
23.10000000000006 0.01482141882090664
23.20000000000006 0.01482141882090664
23.30000000000006 0.01482141882090664
23.40000000000006 0.01482141882090664
23.50000000000006 0.01482141882090664
23.60000000000007 0.01482141882090664
23.70000000000007 0.01482141882090664
23.80000000000007 0.01482141882090664
23.90000000000007 0.01482141882090664
24.00000000000007 0.01482141882090664
24.10000000000007 0.01482141882090664
24.20000000000007 0.01482141882090664
24.30000000000008 0.01482141882090664
24.40000000000008 0.01482141882090664
24.50000000000008 0.01482141882090665
24.60000000000008 0.01482141882090664
24.70000000000008 0.01482141882090664
24.80000000000008 0.01482141882090664
24.90000000000008 0.01482141882090664
25.00000000000009 0.01482141882090664
25.10000000000009 0.01482141882090664
25.20000000000009 0.01482141882090664
25.30000000000009 0.01482141882090664
25.40000000000009 0.01482141882090664
25.50000000000009 0.01482141882090664
25.60000000000009 0.01482141882090664
25.7000000000001 0.01482141882090664
25.8000000000001 0.01482141882090665
25.9000000000001 0.01482141882090665
26.0000000000001 0.01482141882090664
26.1000000000001 0.01482141882090664
26.2000000000001 0.01482141882090665
26.3000000000001 0.01482141882090665
26.40000000000011 0.01482141882090665
26.50000000000011 0.01482141882090665
26.60000000000011 0.01482141882090665
26.70000000000011 0.01482141882090665
26.80000000000011 0.01482141882090665
26.90000000000011 0.01482141882090665
27.00000000000011 0.01482141882090665
27.10000000000012 0.01482141882090665
27.20000000000012 0.01482141882090665
27.30000000000012 0.01482141882090664
27.40000000000012 0.01482141882090665
27.50000000000012 0.01482141882090664
27.60000000000012 0.01482141882090664
27.70000000000012 0.01482141882090664
27.80000000000013 0.01482141882090664
27.90000000000013 0.01482141882090664
28.00000000000013 0.01482141882090664
28.10000000000013 0.01482141882090665
28.20000000000013 0.01482141882090665
28.30000000000013 0.01482141882090664
28.40000000000013 0.01482141882090664
28.50000000000014 0.01482141882090664
28.60000000000014 0.01482141882090664
28.70000000000014 0.01482141882090665
28.80000000000014 0.01482141882090665
28.90000000000014 0.01482141882090664
29.00000000000014 0.01482141882090665
29.10000000000014 0.01482141882090664
29.20000000000014 0.01482141882090664
29.30000000000015 0.01482141882090664
29.40000000000015 0.01482141882090664
29.50000000000015 0.01482141882090664
29.60000000000015 0.01482141882090664
29.70000000000015 0.01482141882090664
29.80000000000015 0.01482141882090664
29.90000000000015 0.01482141882090664
30.00000000000016 0.01482141882090664
30.10000000000016 0.01482141882090664
30.20000000000016 0.01482141882090664
30.30000000000016 0.01482141882090664
30.40000000000016 0.01482141882090664
30.50000000000016 0.01482141882090664
30.60000000000016 0.01482141882090664
30.70000000000017 0.01482141882090664
30.80000000000017 0.01482141882090664
30.90000000000017 0.01482141882090664
31.00000000000017 0.01482141882090664
31.10000000000017 0.01482141882090664
31.20000000000017 0.01482141882090664
31.30000000000017 0.01482141882090664
31.40000000000018 0.01482141882090664
31.50000000000018 0.01482141882090664
31.60000000000018 0.01482141882090664
31.70000000000018 0.01482141882090664
31.80000000000018 0.01482141882090664
31.90000000000018 0.01482141882090664
32.00000000000018 0.01482141882090664
32.10000000000019 0.01482141882090664
32.20000000000019 0.01482141882090664
32.30000000000019 0.01482141882090664
32.40000000000019 0.01482141882090664
32.50000000000019 0.01482141882090664
32.60000000000019 0.01482141882090664
32.70000000000019 0.01482141882090664
32.8000000000002 0.01482141882090664
32.9000000000002 0.01482141882090663
33.0000000000002 0.01482141882090663
33.1000000000002 0.01482141882090663
33.2000000000002 0.01482141882090663
33.3000000000002 0.01482141882090663
33.4000000000002 0.01482141882090663
33.50000000000021 0.01482141882090663
33.60000000000021 0.01482141882090663
33.70000000000021 0.01482141882090663
33.80000000000021 0.01482141882090663
33.90000000000021 0.01482141882090663
34.00000000000021 0.01482141882090663
34.10000000000021 0.01482141882090663
34.20000000000022 0.01482141882090662
34.30000000000022 0.01482141882090662
34.40000000000022 0.01482141882090662
34.50000000000022 0.01482141882090662
34.60000000000022 0.01482141882090662
34.70000000000022 0.01482141882090662
34.80000000000022 0.01482141882090662
34.90000000000023 0.01482141882090662
35.00000000000023 0.01482141882090662
35.10000000000023 0.01482141882090662
35.20000000000023 0.01482141882090662
35.30000000000023 0.01482141882090662
35.40000000000023 0.01482141882090662
35.50000000000023 0.01482141882090662
35.60000000000024 0.01482141882090663
35.70000000000024 0.01482141882090663
35.80000000000024 0.01482141882090663
35.90000000000024 0.01482141882090663
36.00000000000024 0.01482141882090663
36.10000000000024 0.01482141882090663
36.20000000000024 0.01482141882090663
36.30000000000025 0.01482141882090662
36.40000000000025 0.01482141882090662
36.50000000000025 0.01482141882090663
36.60000000000025 0.01482141882090663
36.70000000000025 0.01482141882090663
36.80000000000025 0.01482141882090663
36.90000000000025 0.01482141882090662
37.00000000000026 0.01482141882090662
37.10000000000026 0.01482141882090662
37.20000000000026 0.01482141882090662
37.30000000000026 0.01482141882090662
37.40000000000026 0.01482141882090662
37.50000000000026 0.01482141882090662
37.60000000000026 0.01482141882090662
37.70000000000027 0.01482141882090662
37.80000000000027 0.01482141882090661
37.90000000000027 0.01482141882090661
38.00000000000027 0.01482141882090661
38.10000000000027 0.01482141882090661
38.20000000000027 0.01482141882090661
38.30000000000027 0.01482141882090661
38.40000000000028 0.01482141882090661
38.50000000000028 0.01482141882090661
38.60000000000028 0.01482141882090662
38.70000000000028 0.01482141882090662
38.80000000000028 0.01482141882090662
38.90000000000028 0.01482141882090662
39.00000000000028 0.01482141882090662
39.10000000000029 0.01482141882090661
39.20000000000029 0.01482141882090661
39.30000000000029 0.01482141882090662
39.40000000000029 0.01482141882090662
39.50000000000029 0.01482141882090662
39.60000000000029 0.01482141882090661
39.70000000000029 0.01482141882090661
39.8000000000003 0.01482141882090662
39.9000000000003 0.01482141882090662
40.0000000000003 0.01482141882090662
40.1000000000003 0.01482141882090662
40.2000000000003 0.01482141882090662
40.3000000000003 0.01482141882090662
40.4000000000003 0.01482141882090661
40.50000000000031 0.01482141882090661
40.60000000000031 0.01482141882090661
40.70000000000031 0.01482141882090661
40.80000000000031 0.01482141882090661
40.90000000000031 0.01482141882090661
41.00000000000031 0.01482141882090661
41.10000000000031 0.01482141882090661
41.20000000000032 0.01482141882090661
41.30000000000032 0.01482141882090661
41.40000000000032 0.01482141882090661
41.50000000000032 0.01482141882090661
41.60000000000032 0.01482141882090661
41.70000000000032 0.01482141882090661
41.80000000000032 0.01482141882090661
41.90000000000033 0.01482141882090661
42.00000000000033 0.01482141882090661
42.10000000000033 0.01482141882090661
42.20000000000033 0.01482141882090661
42.30000000000033 0.01482141882090661
42.40000000000033 0.01482141882090661
42.50000000000033 0.01482141882090661
42.60000000000034 0.01482141882090661
42.70000000000034 0.01482141882090661
42.80000000000034 0.01482141882090661
42.90000000000034 0.01482141882090661
43.00000000000034 0.01482141882090661
43.10000000000034 0.0148214188209066
43.20000000000034 0.01482141882090661
43.30000000000035 0.0148214188209066
43.40000000000035 0.0148214188209066
43.50000000000035 0.0148214188209066
43.60000000000035 0.0148214188209066
43.70000000000035 0.0148214188209066
43.80000000000035 0.01482141882090661
43.90000000000035 0.0148214188209066
44.00000000000036 0.0148214188209066
44.10000000000036 0.0148214188209066
44.20000000000036 0.0148214188209066
44.30000000000036 0.0148214188209066
44.40000000000036 0.0148214188209066
44.50000000000036 0.0148214188209066
44.60000000000036 0.0148214188209066
44.70000000000037 0.0148214188209066
44.80000000000037 0.0148214188209066
44.90000000000037 0.0148214188209066
45.00000000000037 0.01482141882090661
45.10000000000037 0.01482141882090661
45.20000000000037 0.0148214188209066
45.30000000000037 0.01482141882090661
45.40000000000038 0.0148214188209066
45.50000000000038 0.0148214188209066
45.60000000000038 0.01482141882090661
45.70000000000038 0.01482141882090661
45.80000000000038 0.0148214188209066
45.90000000000038 0.01482141882090661
46.00000000000038 0.01482141882090661
46.10000000000039 0.01482141882090661
46.20000000000039 0.01482141882090661
46.30000000000039 0.01482141882090661
46.40000000000039 0.01482141882090661
46.50000000000039 0.01482141882090661
46.60000000000039 0.01482141882090661
46.70000000000039 0.01482141882090661
46.8000000000004 0.0148214188209066
46.9000000000004 0.0148214188209066
47.0000000000004 0.0148214188209066
47.1000000000004 0.0148214188209066
47.2000000000004 0.0148214188209066
47.3000000000004 0.0148214188209066
47.4000000000004 0.0148214188209066
47.50000000000041 0.0148214188209066
47.60000000000041 0.0148214188209066
47.70000000000041 0.0148214188209066
47.80000000000041 0.0148214188209066
47.90000000000041 0.01482141882090661
48.00000000000041 0.0148214188209066
48.10000000000041 0.0148214188209066
48.20000000000041 0.01482141882090661
48.30000000000042 0.01482141882090661
48.40000000000042 0.01482141882090661
48.50000000000042 0.01482141882090661
48.60000000000042 0.01482141882090661
48.70000000000042 0.01482141882090661
48.80000000000042 0.01482141882090661
48.90000000000042 0.0148214188209066
49.00000000000043 0.0148214188209066
49.10000000000043 0.0148214188209066
49.20000000000043 0.0148214188209066
49.30000000000043 0.0148214188209066
49.40000000000043 0.0148214188209066
49.50000000000043 0.0148214188209066
49.60000000000043 0.0148214188209066
49.70000000000044 0.0148214188209066
49.80000000000044 0.0148214188209066
49.90000000000044 0.01482141882090659
50.00000000000044 0.0148214188209066
50.10000000000044 0.0148214188209066
50.20000000000044 0.01482141882090659
50.30000000000044 0.01482141882090659
50.40000000000045 0.0148214188209066
50.50000000000045 0.0148214188209066
50.60000000000045 0.0148214188209066
50.70000000000045 0.0148214188209066
50.80000000000045 0.0148214188209066
50.90000000000045 0.0148214188209066
51.00000000000045 0.01482141882090659
51.10000000000046 0.01482141882090659
51.20000000000046 0.01482141882090659
51.30000000000046 0.01482141882090659
51.40000000000046 0.01482141882090659
51.50000000000046 0.01482141882090659
51.60000000000046 0.01482141882090659
51.70000000000046 0.01482141882090659
51.80000000000047 0.01482141882090659
51.90000000000047 0.01482141882090659
52.00000000000047 0.01482141882090659
52.10000000000047 0.01482141882090659
52.20000000000047 0.01482141882090658
52.30000000000047 0.01482141882090658
52.40000000000047 0.01482141882090658
52.50000000000048 0.01482141882090658
52.60000000000048 0.01482141882090658
52.70000000000048 0.01482141882090657
52.80000000000048 0.01482141882090658
52.90000000000048 0.01482141882090658
53.00000000000048 0.01482141882090658
53.10000000000048 0.01482141882090657
53.20000000000049 0.01482141882090657
53.30000000000049 0.01482141882090657
53.40000000000049 0.01482141882090657
53.50000000000049 0.01482141882090657
53.60000000000049 0.01482141882090657
53.70000000000049 0.01482141882090657
53.80000000000049 0.01482141882090657
53.9000000000005 0.01482141882090657
54.0000000000005 0.01482141882090657
54.1000000000005 0.01482141882090657
54.2000000000005 0.01482141882090657
54.3000000000005 0.01482141882090657
54.4000000000005 0.01482141882090658
54.5000000000005 0.01482141882090657
54.60000000000051 0.01482141882090657
54.70000000000051 0.01482141882090657
54.80000000000051 0.01482141882090657
54.90000000000051 0.01482141882090657
55.00000000000051 0.01482141882090657
55.10000000000051 0.01482141882090657
55.20000000000051 0.01482141882090657
55.30000000000052 0.01482141882090657
55.40000000000052 0.01482141882090657
55.50000000000052 0.01482141882090657
55.60000000000052 0.01482141882090657
55.70000000000052 0.01482141882090657
55.80000000000052 0.01482141882090657
55.90000000000052 0.01482141882090657
56.00000000000053 0.01482141882090657
56.10000000000053 0.01482141882090657
56.20000000000053 0.01482141882090657
56.30000000000053 0.01482141882090657
56.40000000000053 0.01482141882090657
56.50000000000053 0.01482141882090657
56.60000000000053 0.01482141882090657
56.70000000000054 0.01482141882090657
56.80000000000054 0.01482141882090657
56.90000000000054 0.01482141882090657
57.00000000000054 0.01482141882090656
57.10000000000054 0.01482141882090657
57.20000000000054 0.01482141882090657
57.30000000000054 0.01482141882090657
57.40000000000055 0.01482141882090657
57.50000000000055 0.01482141882090657
57.60000000000055 0.01482141882090657
57.70000000000055 0.01482141882090656
57.80000000000055 0.01482141882090657
57.90000000000055 0.01482141882090657
58.00000000000055 0.01482141882090657
58.10000000000056 0.01482141882090658
58.20000000000056 0.01482141882090658
58.30000000000056 0.01482141882090658
58.40000000000056 0.01482141882090658
58.50000000000056 0.01482141882090658
58.60000000000056 0.01482141882090657
58.70000000000056 0.01482141882090657
58.80000000000057 0.01482141882090657
58.90000000000057 0.01482141882090657
59.00000000000057 0.01482141882090656
59.10000000000057 0.01482141882090656
59.20000000000057 0.01482141882090656
59.30000000000057 0.01482141882090656
59.40000000000057 0.01482141882090656
59.50000000000058 0.01482141882090656
59.60000000000058 0.01482141882090656
59.70000000000058 0.01482141882090656
59.80000000000058 0.01482141882090656
59.90000000000058 0.01482141882090656
60.00000000000058 0.01482141882090656
60.10000000000058 0.01482141882090656
60.20000000000059 0.01482141882090656
60.30000000000059 0.01482141882090656
60.40000000000059 0.01482141882090656
60.50000000000059 0.01482141882090656
60.60000000000059 0.01482141882090656
60.70000000000059 0.01482141882090656
60.80000000000059 0.01482141882090656
60.9000000000006 0.01482141882090656
61.0000000000006 0.01482141882090656
61.1000000000006 0.01482141882090656
61.2000000000006 0.01482141882090656
61.3000000000006 0.01482141882090656
61.4000000000006 0.01482141882090656
61.5000000000006 0.01482141882090656
61.60000000000061 0.01482141882090656
61.70000000000061 0.01482141882090656
61.80000000000061 0.01482141882090656
61.90000000000061 0.01482141882090656
62.00000000000061 0.01482141882090656
62.10000000000061 0.01482141882090655
62.20000000000061 0.01482141882090655
62.30000000000062 0.01482141882090655
62.40000000000062 0.01482141882090656
62.50000000000062 0.01482141882090656
62.60000000000062 0.01482141882090656
62.70000000000062 0.01482141882090656
62.80000000000062 0.01482141882090655
62.90000000000062 0.01482141882090655
63.00000000000063 0.01482141882090655
63.10000000000063 0.01482141882090655
63.20000000000063 0.01482141882090656
63.30000000000063 0.01482141882090656
63.40000000000063 0.01482141882090656
63.50000000000063 0.01482141882090656
63.60000000000063 0.01482141882090656
63.70000000000064 0.01482141882090656
63.80000000000064 0.01482141882090656
63.90000000000064 0.01482141882090657
64.00000000000064 0.01482141882090656
64.10000000000063 0.01482141882090656
64.20000000000063 0.01482141882090656
64.30000000000062 0.01482141882090656
64.40000000000062 0.01482141882090656
64.50000000000061 0.01482141882090656
64.60000000000061 0.01482141882090656
64.7000000000006 0.01482141882090656
64.80000000000059 0.01482141882090656
64.90000000000059 0.01482141882090656
65.00000000000058 0.01482141882090656
65.10000000000058 0.01482141882090657
65.20000000000057 0.01482141882090656
65.30000000000057 0.01482141882090656
65.40000000000056 0.01482141882090656
65.50000000000055 0.01482141882090656
65.60000000000055 0.01482141882090656
65.70000000000054 0.01482141882090656
65.80000000000054 0.01482141882090655
65.90000000000053 0.01482141882090655
66.00000000000053 0.01482141882090656
66.10000000000052 0.01482141882090655
66.20000000000051 0.01482141882090655
66.30000000000051 0.01482141882090655
66.4000000000005 0.01482141882090655
66.5000000000005 0.01482141882090655
66.60000000000049 0.01482141882090655
66.70000000000049 0.01482141882090655
66.80000000000048 0.01482141882090656
66.90000000000047 0.01482141882090655
67.00000000000047 0.01482141882090655
67.10000000000046 0.01482141882090655
67.20000000000046 0.01482141882090655
67.30000000000045 0.01482141882090655
67.40000000000045 0.01482141882090655
67.50000000000044 0.01482141882090655
67.60000000000043 0.01482141882090655
67.70000000000043 0.01482141882090655
67.80000000000042 0.01482141882090655
67.90000000000042 0.01482141882090655
68.00000000000041 0.01482141882090655
68.10000000000041 0.01482141882090655
68.2000000000004 0.01482141882090655
68.3000000000004 0.01482141882090655
68.40000000000039 0.01482141882090655
68.50000000000038 0.01482141882090655
68.60000000000038 0.01482141882090656
68.70000000000037 0.01482141882090656
68.80000000000037 0.01482141882090655
68.90000000000036 0.01482141882090655
69.00000000000036 0.01482141882090655
69.10000000000035 0.01482141882090655
69.20000000000034 0.01482141882090655
69.30000000000034 0.01482141882090655
69.40000000000033 0.01482141882090656
69.50000000000033 0.01482141882090656
69.60000000000032 0.01482141882090656
69.70000000000032 0.01482141882090656
69.80000000000031 0.01482141882090656
69.9000000000003 0.01482141882090656
70.0000000000003 0.01482141882090656
70.10000000000029 0.01482141882090656
70.20000000000029 0.01482141882090656
70.30000000000028 0.01482141882090656
70.40000000000028 0.01482141882090656
70.50000000000027 0.01482141882090656
70.60000000000026 0.01482141882090655
70.70000000000026 0.01482141882090655
70.80000000000025 0.01482141882090655
70.90000000000025 0.01482141882090656
71.00000000000024 0.01482141882090656
71.10000000000024 0.01482141882090656
71.20000000000023 0.01482141882090656
71.30000000000022 0.01482141882090656
71.40000000000022 0.01482141882090656
71.50000000000021 0.01482141882090656
71.60000000000021 0.01482141882090656
71.7000000000002 0.01482141882090657
71.8000000000002 0.01482141882090657
71.90000000000019 0.01482141882090657
72.00000000000018 0.01482141882090657
72.10000000000018 0.01482141882090657
72.20000000000017 0.01482141882090657
72.30000000000017 0.01482141882090657
72.40000000000016 0.01482141882090656
72.50000000000016 0.01482141882090656
72.60000000000015 0.01482141882090656
72.70000000000014 0.01482141882090656
72.80000000000014 0.01482141882090656
72.90000000000013 0.01482141882090656
73.00000000000013 0.01482141882090656
73.10000000000012 0.01482141882090656
73.20000000000012 0.01482141882090656
73.30000000000011 0.01482141882090656
73.40000000000011 0.01482141882090656
73.5000000000001 0.01482141882090656
73.60000000000009 0.01482141882090656
73.70000000000009 0.01482141882090655
73.80000000000008 0.01482141882090656
73.90000000000008 0.01482141882090656
74.00000000000007 0.01482141882090656
74.10000000000007 0.01482141882090655
74.20000000000006 0.01482141882090655
74.30000000000005 0.01482141882090655
74.40000000000005 0.01482141882090655
74.50000000000004 0.01482141882090655
74.60000000000004 0.01482141882090655
74.70000000000003 0.01482141882090655
74.80000000000003 0.01482141882090655
74.90000000000002 0.01482141882090655
75.00000000000001 0.01482141882090655
75.10000000000001 0.01482141882090655
75.2 0.01482141882090655
75.3 0.01482141882090655
75.39999999999999 0.01482141882090656
75.49999999999999 0.01482141882090655
75.59999999999998 0.01482141882090655
75.69999999999997 0.01482141882090655
75.79999999999997 0.01482141882090656
75.89999999999996 0.01482141882090656
75.99999999999996 0.01482141882090656
76.09999999999995 0.01482141882090656
76.19999999999995 0.01482141882090656
76.29999999999994 0.01482141882090656
76.39999999999993 0.01482141882090656
76.49999999999993 0.01482141882090656
76.59999999999992 0.01482141882090656
76.69999999999992 0.01482141882090656
76.79999999999991 0.01482141882090656
76.89999999999991 0.01482141882090657
76.9999999999999 0.01482141882090656
77.09999999999989 0.01482141882090656
77.19999999999989 0.01482141882090656
77.29999999999988 0.01482141882090656
77.39999999999988 0.01482141882090656
77.49999999999987 0.01482141882090656
77.59999999999987 0.01482141882090656
77.69999999999986 0.01482141882090656
77.79999999999986 0.01482141882090656
77.89999999999985 0.01482141882090656
77.99999999999984 0.01482141882090656
78.09999999999984 0.01482141882090656
78.19999999999983 0.01482141882090656
78.29999999999983 0.01482141882090656
78.39999999999982 0.01482141882090656
78.49999999999982 0.01482141882090656
78.59999999999981 0.01482141882090657
78.6999999999998 0.01482141882090656
78.7999999999998 0.01482141882090656
78.89999999999979 0.01482141882090656
78.99999999999979 0.01482141882090656
79.09999999999978 0.01482141882090656
79.19999999999978 0.01482141882090656
79.29999999999977 0.01482141882090656
79.39999999999976 0.01482141882090656
79.49999999999976 0.01482141882090656
79.59999999999975 0.01482141882090656
79.69999999999975 0.01482141882090656
79.79999999999974 0.01482141882090656
79.89999999999974 0.01482141882090655
79.99999999999973 0.01482141882090656
80.09999999999972 0.01482141882090656
80.19999999999972 0.01482141882090655
80.29999999999971 0.01482141882090656
80.39999999999971 0.01482141882090656
80.4999999999997 0.01482141882090655
80.5999999999997 0.01482141882090655
80.69999999999969 0.01482141882090655
80.79999999999968 0.01482141882090655
80.89999999999968 0.01482141882090655
80.99999999999967 0.01482141882090655
81.09999999999967 0.01482141882090654
81.19999999999966 0.01482141882090654
81.29999999999966 0.01482141882090655
81.39999999999965 0.01482141882090654
81.49999999999964 0.01482141882090655
81.59999999999964 0.01482141882090655
81.69999999999963 0.01482141882090655
81.79999999999963 0.01482141882090655
81.89999999999962 0.01482141882090655
81.99999999999962 0.01482141882090655
82.09999999999961 0.01482141882090655
82.1999999999996 0.01482141882090655
82.2999999999996 0.01482141882090655
82.39999999999959 0.01482141882090655
82.49999999999959 0.01482141882090655
82.59999999999958 0.01482141882090656
82.69999999999958 0.01482141882090656
82.79999999999957 0.01482141882090655
82.89999999999957 0.01482141882090655
82.99999999999956 0.01482141882090655
83.09999999999955 0.01482141882090655
83.19999999999955 0.01482141882090655
83.29999999999954 0.01482141882090655
83.39999999999954 0.01482141882090655
83.49999999999953 0.01482141882090655
83.59999999999953 0.01482141882090655
83.69999999999952 0.01482141882090655
83.79999999999951 0.01482141882090655
83.89999999999951 0.01482141882090655
83.9999999999995 0.01482141882090655
84.0999999999995 0.01482141882090655
84.19999999999949 0.01482141882090656
84.29999999999949 0.01482141882090656
84.39999999999948 0.01482141882090656
84.49999999999947 0.01482141882090656
84.59999999999947 0.01482141882090657
84.69999999999946 0.01482141882090656
84.79999999999946 0.01482141882090656
84.89999999999945 0.01482141882090656
84.99999999999945 0.01482141882090656
85.09999999999944 0.01482141882090656
85.19999999999943 0.01482141882090656
85.29999999999943 0.01482141882090656
85.39999999999942 0.01482141882090656
85.49999999999942 0.01482141882090656
85.59999999999941 0.01482141882090656
85.69999999999941 0.01482141882090656
85.7999999999994 0.01482141882090656
85.89999999999939 0.01482141882090656
85.99999999999939 0.01482141882090655
86.09999999999938 0.01482141882090655
86.19999999999938 0.01482141882090655
86.29999999999937 0.01482141882090655
86.39999999999937 0.01482141882090656
86.49999999999936 0.01482141882090656
86.59999999999935 0.01482141882090656
86.69999999999935 0.01482141882090656
86.79999999999934 0.01482141882090656
86.89999999999934 0.01482141882090656
86.99999999999933 0.01482141882090656
87.09999999999933 0.01482141882090656
87.19999999999932 0.01482141882090656
87.29999999999932 0.01482141882090656
87.39999999999931 0.01482141882090656
87.4999999999993 0.01482141882090656
87.5999999999993 0.01482141882090656
87.69999999999929 0.01482141882090656
87.79999999999929 0.01482141882090655
87.89999999999928 0.01482141882090655
87.99999999999928 0.01482141882090655
88.09999999999927 0.01482141882090655
88.19999999999926 0.01482141882090655
88.29999999999926 0.01482141882090655
88.39999999999925 0.01482141882090655
88.49999999999925 0.01482141882090655
88.59999999999924 0.01482141882090655
88.69999999999924 0.01482141882090655
88.79999999999923 0.01482141882090655
88.89999999999922 0.01482141882090654
88.99999999999922 0.01482141882090654
89.09999999999921 0.01482141882090654
89.19999999999921 0.01482141882090654
89.2999999999992 0.01482141882090654
89.3999999999992 0.01482141882090654
89.49999999999919 0.01482141882090654
89.59999999999918 0.01482141882090655
89.69999999999918 0.01482141882090655
89.79999999999917 0.01482141882090655
89.89999999999917 0.01482141882090655
89.99999999999916 0.01482141882090655
90.09999999999916 0.01482141882090655
90.19999999999915 0.01482141882090655
90.29999999999914 0.01482141882090655
90.39999999999914 0.01482141882090655
90.49999999999913 0.01482141882090655
90.59999999999913 0.01482141882090655
90.69999999999912 0.01482141882090655
90.79999999999912 0.01482141882090655
90.89999999999911 0.01482141882090655
90.9999999999991 0.01482141882090655
91.0999999999991 0.01482141882090655
91.19999999999909 0.01482141882090655
91.29999999999909 0.01482141882090655
91.39999999999908 0.01482141882090655
91.49999999999908 0.01482141882090655
91.59999999999907 0.01482141882090655
91.69999999999906 0.01482141882090655
91.79999999999906 0.01482141882090655
91.89999999999905 0.01482141882090655
91.99999999999905 0.01482141882090655
92.09999999999904 0.01482141882090655
92.19999999999904 0.01482141882090655
92.29999999999903 0.01482141882090655
92.39999999999903 0.01482141882090656
92.49999999999902 0.01482141882090656
92.59999999999901 0.01482141882090655
92.69999999999901 0.01482141882090656
92.799999999999 0.01482141882090655
92.899999999999 0.01482141882090655
92.99999999999899 0.01482141882090655
93.09999999999899 0.01482141882090656
93.19999999999898 0.01482141882090656
93.29999999999897 0.01482141882090656
93.39999999999897 0.01482141882090656
93.49999999999896 0.01482141882090656
93.59999999999896 0.01482141882090656
93.69999999999895 0.01482141882090656
93.79999999999895 0.01482141882090656
93.89999999999894 0.01482141882090656
93.99999999999893 0.01482141882090656
94.09999999999893 0.01482141882090656
94.19999999999892 0.01482141882090656
94.29999999999892 0.01482141882090656
94.39999999999891 0.01482141882090656
94.49999999999891 0.01482141882090656
94.5999999999989 0.01482141882090656
94.69999999999889 0.01482141882090657
94.79999999999889 0.01482141882090656
94.89999999999888 0.01482141882090656
94.99999999999888 0.01482141882090656
95.09999999999887 0.01482141882090656
95.19999999999887 0.01482141882090657
95.29999999999886 0.01482141882090657
95.39999999999885 0.01482141882090657
95.49999999999885 0.01482141882090657
95.59999999999884 0.01482141882090657
95.69999999999884 0.01482141882090657
95.79999999999883 0.01482141882090657
95.89999999999883 0.01482141882090657
95.99999999999882 0.01482141882090657
96.09999999999881 0.01482141882090657
96.19999999999881 0.01482141882090657
96.2999999999988 0.01482141882090657
96.3999999999988 0.01482141882090657
96.49999999999879 0.01482141882090657
96.59999999999879 0.01482141882090657
96.69999999999878 0.01482141882090657
96.79999999999878 0.01482141882090658
96.89999999999877 0.01482141882090658
96.99999999999876 0.01482141882090658
97.09999999999876 0.01482141882090657
97.19999999999875 0.01482141882090657
97.29999999999875 0.01482141882090657
97.39999999999874 0.01482141882090657
97.49999999999874 0.01482141882090657
97.59999999999873 0.01482141882090657
97.69999999999872 0.01482141882090657
97.79999999999872 0.01482141882090657
97.89999999999871 0.01482141882090657
97.99999999999871 0.01482141882090657
98.0999999999987 0.01482141882090657
98.1999999999987 0.01482141882090657
98.29999999999869 0.01482141882090657
98.39999999999868 0.01482141882090657
98.49999999999868 0.01482141882090657
98.59999999999867 0.01482141882090657
98.69999999999867 0.01482141882090657
98.79999999999866 0.01482141882090657
98.89999999999866 0.01482141882090658
98.99999999999865 0.01482141882090657
99.09999999999864 0.01482141882090657
99.19999999999864 0.01482141882090657
99.29999999999863 0.01482141882090657
99.39999999999863 0.01482141882090657
99.49999999999862 0.01482141882090657
99.59999999999862 0.01482141882090657
99.69999999999861 0.01482141882090657
99.7999999999986 0.01482141882090658
99.8999999999986 0.01482141882090658
99.99999999999859 0.01482141882090657
100.0999999999986 0.01482141882090658
