0 -9.688276749999999e-05
0.1 -9.688276694457301e-05
0.2 -9.688276663934418e-05
0.3 -9.688276658050425e-05
0.4 -9.688276676758547e-05
0.5 -9.688276720359607e-05
0.6 -9.688276789494259e-05
0.7 -9.688276885108013e-05
0.7999999999999999 -9.688277008369597e-05
0.8999999999999999 -9.688277160502041e-05
0.9999999999999999 -9.688277342447167e-05
1.1 -9.688277554209579e-05
1.2 -9.688277793576932e-05
1.3 -9.688278053603599e-05
1.4 -9.688278317578758e-05
1.5 -9.688278548704386e-05
1.6 -9.688278668181882e-05
1.7 -9.688278506595181e-05
1.8 -9.688277689914571e-05
1.900000000000001 -9.688275353087363e-05
2 -9.688269355297285e-05
2.100000000000001 -9.688253878971053e-05
2.200000000000001 -9.688210946273412e-05
2.300000000000001 -9.688073994015202e-05
2.400000000000001 -9.687521071585919e-05
2.500000000000001 -9.684151491625088e-05
2.600000000000001 -9.636503293499474e-05
2.700000000000001 1.948089567545015e-05
2.800000000000001 0.001306151380130637
2.900000000000001 0.001253890550464834
3.000000000000001 0.00125356317537373
3.100000000000001 0.00125353893682406
3.200000000000002 0.001253534889819163
3.300000000000002 0.001253533862239733
3.400000000000002 0.001253533524796606
3.500000000000002 0.001253533392906808
3.600000000000002 0.001253533334453788
3.700000000000002 0.001253533305968631
3.800000000000002 0.001253533291019737
3.900000000000002 0.001253533282694913
4.000000000000002 0.001253533277828516
4.100000000000001 0.001253533274866849
4.200000000000001 0.001253533273002255
4.300000000000001 0.001253533271794045
4.4 0.001253533270991591
4.5 0.001253533270447166
4.6 0.001253533270070935
4.699999999999999 0.001253533269806753
4.799999999999999 0.001253533269618663
4.899999999999999 0.001253533269483135
4.999999999999998 0.001253533269384473
5.099999999999998 0.001253533269312021
5.199999999999998 0.001253533269258429
5.299999999999997 0.001253533269218559
5.399999999999997 0.001253533269188766
5.499999999999996 0.001253533269166441
5.599999999999996 0.00125353326914969
5.699999999999996 0.001253533269137129
5.799999999999995 0.001253533269127736
5.899999999999995 0.00125353326912075
5.999999999999995 0.001253533269115599
6.099999999999994 0.001253533269111854
6.199999999999994 0.001253533269109187
6.299999999999994 0.001253533269107348
6.399999999999993 0.001253533269106146
6.499999999999993 0.001253533269105432
6.599999999999993 0.001253533269105093
6.699999999999992 0.001253533269105038
6.799999999999992 0.001253533269105201
6.899999999999991 0.001253533269105526
6.999999999999991 0.001253533269105972
7.099999999999991 0.001253533269106505
7.19999999999999 0.001253533269107099
7.29999999999999 0.001253533269107736
7.39999999999999 0.001253533269108399
7.499999999999989 0.001253533269109076
7.599999999999989 0.001253533269109758
7.699999999999989 0.001253533269110437
7.799999999999988 0.001253533269111108
7.899999999999988 0.001253533269111767
7.999999999999988 0.001253533269112411
8.099999999999987 0.001253533269113037
8.199999999999987 0.001253533269113644
8.299999999999986 0.001253533269114231
8.399999999999986 0.001253533269114798
8.499999999999986 0.001253533269115344
8.599999999999985 0.001253533269115869
8.699999999999985 0.001253533269116373
8.799999999999985 0.001253533269116858
8.899999999999984 0.001253533269117322
8.999999999999984 0.001253533269117768
9.099999999999984 0.001253533269118195
9.199999999999983 0.001253533269118603
9.299999999999983 0.001253533269118994
9.399999999999983 0.001253533269119369
9.499999999999982 0.001253533269119728
9.599999999999982 0.001253533269120071
9.699999999999982 0.0012535332691204
9.799999999999981 0.001253533269120714
9.899999999999981 0.001253533269121016
9.99999999999998 0.001253533269121304
10.09999999999998 0.00125353326912158
10.19999999999998 0.001253533269121844
10.29999999999998 0.001253533269122097
10.39999999999998 0.00125353326912234
10.49999999999998 0.001253533269122573
10.59999999999998 0.001253533269122796
10.69999999999998 0.001253533269123009
10.79999999999998 0.001253533269123215
10.89999999999998 0.001253533269123411
10.99999999999998 0.001253533269123599
11.09999999999998 0.00125353326912378
11.19999999999998 0.001253533269123954
11.29999999999998 0.001253533269124121
11.39999999999998 0.001253533269124281
11.49999999999998 0.001253533269124435
11.59999999999997 0.001253533269124584
11.69999999999997 0.001253533269124726
11.79999999999997 0.001253533269124862
11.89999999999997 0.001253533269124994
11.99999999999997 0.00125353326912512
12.09999999999997 0.001253533269125242
12.19999999999997 0.00125353326912536
12.29999999999997 0.001253533269125472
12.39999999999997 0.001253533269125581
12.49999999999997 0.001253533269125686
12.59999999999997 0.001253533269125787
12.69999999999997 0.001253533269125884
12.79999999999997 0.001253533269125978
12.89999999999997 0.001253533269126069
12.99999999999997 0.001253533269126156
13.09999999999997 0.00125353326912624
13.19999999999997 0.001253533269126322
13.29999999999997 0.001253533269126401
13.39999999999997 0.001253533269126477
13.49999999999997 0.00125353326912655
13.59999999999997 0.001253533269126621
13.69999999999997 0.00125353326912669
13.79999999999997 0.001253533269126756
13.89999999999997 0.00125353326912682
13.99999999999997 0.001253533269126882
14.09999999999997 0.001253533269126942
14.19999999999997 0.001253533269127
14.29999999999997 0.001253533269127056
14.39999999999996 0.001253533269127111
14.49999999999996 0.001253533269127164
14.59999999999996 0.001253533269127215
14.69999999999996 0.001253533269127265
14.79999999999996 0.001253533269127313
14.89999999999996 0.00125353326912736
14.99999999999996 0.001253533269127405
15.09999999999996 0.001253533269127449
15.19999999999996 0.001253533269127491
15.29999999999996 0.001253533269127532
15.39999999999996 0.001253533269127572
15.49999999999996 0.001253533269127611
15.59999999999996 0.001253533269127649
15.69999999999996 0.001253533269127685
15.79999999999996 0.001253533269127721
15.89999999999996 0.001253533269127755
15.99999999999996 0.001253533269127788
16.09999999999996 0.001253533269127821
16.19999999999996 0.001253533269127853
16.29999999999996 0.001253533269127883
16.39999999999996 0.001253533269127913
16.49999999999996 0.001253533269127942
16.59999999999997 0.001253533269127971
16.69999999999997 0.001253533269127998
16.79999999999997 0.001253533269128025
16.89999999999997 0.001253533269128051
16.99999999999997 0.001253533269128076
17.09999999999997 0.001253533269128101
17.19999999999997 0.001253533269128125
17.29999999999998 0.001253533269128149
17.39999999999998 0.001253533269128171
17.49999999999998 0.001253533269128194
17.59999999999998 0.001253533269128215
17.69999999999998 0.001253533269128237
17.79999999999998 0.001253533269128257
17.89999999999998 0.001253533269128277
17.99999999999999 0.001253533269128296
18.09999999999999 0.001253533269128316
18.19999999999999 0.001253533269128334
18.29999999999999 0.001253533269128352
18.39999999999999 0.00125353326912837
18.49999999999999 0.001253533269128387
18.59999999999999 0.001253533269128404
18.7 0.00125353326912842
18.8 0.001253533269128436
18.9 0.001253533269128452
19 0.001253533269128467
19.1 0.001253533269128482
19.2 0.001253533269128497
19.3 0.001253533269128511
19.40000000000001 0.001253533269128525
19.50000000000001 0.001253533269128538
19.60000000000001 0.001253533269128552
19.70000000000001 0.001253533269128565
19.80000000000001 0.001253533269128577
19.90000000000001 0.00125353326912859
20.00000000000001 0.001253533269128602
20.10000000000002 0.001253533269128614
20.20000000000002 0.001253533269128625
20.30000000000002 0.001253533269128637
20.40000000000002 0.001253533269128648
20.50000000000002 0.001253533269128659
20.60000000000002 0.001253533269128669
20.70000000000002 0.00125353326912868
20.80000000000003 0.001253533269128691
20.90000000000003 0.0012535332691287
21.00000000000003 0.00125353326912871
21.10000000000003 0.001253533269128719
21.20000000000003 0.001253533269128728
21.30000000000003 0.001253533269128738
21.40000000000003 0.001253533269128747
21.50000000000004 0.001253533269128756
21.60000000000004 0.001253533269128764
21.70000000000004 0.001253533269128773
21.80000000000004 0.001253533269128781
21.90000000000004 0.001253533269128789
22.00000000000004 0.001253533269128797
22.10000000000004 0.001253533269128805
22.20000000000005 0.001253533269128812
22.30000000000005 0.00125353326912882
22.40000000000005 0.001253533269128827
22.50000000000005 0.001253533269128834
22.60000000000005 0.001253533269128841
22.70000000000005 0.001253533269128847
22.80000000000005 0.001253533269128854
22.90000000000006 0.001253533269128861
23.00000000000006 0.001253533269128867
23.10000000000006 0.001253533269128874
23.20000000000006 0.00125353326912888
23.30000000000006 0.001253533269128886
23.40000000000006 0.001253533269128892
23.50000000000006 0.001253533269128898
23.60000000000007 0.001253533269128904
23.70000000000007 0.00125353326912891
23.80000000000007 0.001253533269128915
23.90000000000007 0.001253533269128921
24.00000000000007 0.001253533269128926
24.10000000000007 0.001253533269128931
24.20000000000007 0.001253533269128937
24.30000000000008 0.001253533269128942
24.40000000000008 0.001253533269128947
24.50000000000008 0.001253533269128952
24.60000000000008 0.001253533269128957
24.70000000000008 0.001253533269128962
24.80000000000008 0.001253533269128967
24.90000000000008 0.001253533269128971
25.00000000000009 0.001253533269128976
25.10000000000009 0.00125353326912898
25.20000000000009 0.001253533269128985
25.30000000000009 0.001253533269128989
25.40000000000009 0.001253533269128993
25.50000000000009 0.001253533269128998
25.60000000000009 0.001253533269129001
25.7000000000001 0.001253533269129006
25.8000000000001 0.001253533269129009
25.9000000000001 0.001253533269129013
26.0000000000001 0.001253533269129018
26.1000000000001 0.001253533269129021
26.2000000000001 0.001253533269129025
26.3000000000001 0.001253533269129029
26.40000000000011 0.001253533269129032
26.50000000000011 0.001253533269129036
26.60000000000011 0.001253533269129039
26.70000000000011 0.001253533269129043
26.80000000000011 0.001253533269129046
26.90000000000011 0.001253533269129049
27.00000000000011 0.001253533269129052
27.10000000000012 0.001253533269129055
27.20000000000012 0.001253533269129058
27.30000000000012 0.001253533269129061
27.40000000000012 0.001253533269129063
27.50000000000012 0.001253533269129067
27.60000000000012 0.00125353326912907
27.70000000000012 0.001253533269129073
27.80000000000013 0.001253533269129075
27.90000000000013 0.001253533269129078
28.00000000000013 0.001253533269129081
28.10000000000013 0.001253533269129083
28.20000000000013 0.001253533269129086
28.30000000000013 0.001253533269129089
28.40000000000013 0.001253533269129092
28.50000000000014 0.001253533269129095
28.60000000000014 0.001253533269129097
28.70000000000014 0.001253533269129099
28.80000000000014 0.001253533269129102
28.90000000000014 0.001253533269129104
29.00000000000014 0.001253533269129107
29.10000000000014 0.001253533269129109
29.20000000000014 0.001253533269129111
29.30000000000015 0.001253533269129114
29.40000000000015 0.001253533269129116
29.50000000000015 0.001253533269129118
29.60000000000015 0.00125353326912912
29.70000000000015 0.001253533269129122
29.80000000000015 0.001253533269129124
29.90000000000015 0.001253533269129127
30.00000000000016 0.001253533269129129
30.10000000000016 0.001253533269129131
30.20000000000016 0.001253533269129133
30.30000000000016 0.001253533269129135
30.40000000000016 0.001253533269129137
30.50000000000016 0.001253533269129138
30.60000000000016 0.001253533269129141
30.70000000000017 0.001253533269129142
30.80000000000017 0.001253533269129144
30.90000000000017 0.001253533269129146
31.00000000000017 0.001253533269129148
31.10000000000017 0.00125353326912915
31.20000000000017 0.001253533269129151
31.30000000000017 0.001253533269129153
31.40000000000018 0.001253533269129155
31.50000000000018 0.001253533269129156
31.60000000000018 0.001253533269129158
31.70000000000018 0.001253533269129159
31.80000000000018 0.001253533269129161
31.90000000000018 0.001253533269129163
32.00000000000018 0.001253533269129165
32.10000000000019 0.001253533269129166
32.20000000000019 0.001253533269129167
32.30000000000019 0.001253533269129168
32.40000000000019 0.00125353326912917
32.50000000000019 0.001253533269129171
32.60000000000019 0.001253533269129173
32.70000000000019 0.001253533269129174
32.8000000000002 0.001253533269129175
32.9000000000002 0.001253533269129176
33.0000000000002 0.001253533269129178
33.1000000000002 0.001253533269129179
33.2000000000002 0.001253533269129181
33.3000000000002 0.001253533269129182
33.4000000000002 0.001253533269129183
33.50000000000021 0.001253533269129184
33.60000000000021 0.001253533269129186
33.70000000000021 0.001253533269129187
33.80000000000021 0.001253533269129188
33.90000000000021 0.001253533269129189
34.00000000000021 0.001253533269129191
34.10000000000021 0.001253533269129192
34.20000000000022 0.001253533269129193
34.30000000000022 0.001253533269129194
34.40000000000022 0.001253533269129195
34.50000000000022 0.001253533269129196
34.60000000000022 0.001253533269129197
34.70000000000022 0.001253533269129198
34.80000000000022 0.001253533269129199
34.90000000000023 0.0012535332691292
35.00000000000023 0.001253533269129201
35.10000000000023 0.001253533269129203
35.20000000000023 0.001253533269129204
35.30000000000023 0.001253533269129204
35.40000000000023 0.001253533269129206
35.50000000000023 0.001253533269129207
35.60000000000024 0.001253533269129208
35.70000000000024 0.001253533269129209
35.80000000000024 0.00125353326912921
35.90000000000024 0.00125353326912921
36.00000000000024 0.001253533269129211
36.10000000000024 0.001253533269129212
36.20000000000024 0.001253533269129213
36.30000000000025 0.001253533269129213
36.40000000000025 0.001253533269129214
36.50000000000025 0.001253533269129215
36.60000000000025 0.001253533269129216
36.70000000000025 0.001253533269129217
36.80000000000025 0.001253533269129218
36.90000000000025 0.001253533269129218
37.00000000000026 0.001253533269129219
37.10000000000026 0.00125353326912922
37.20000000000026 0.00125353326912922
37.30000000000026 0.001253533269129221
37.40000000000026 0.001253533269129222
37.50000000000026 0.001253533269129222
37.60000000000026 0.001253533269129223
37.70000000000027 0.001253533269129224
37.80000000000027 0.001253533269129225
37.90000000000027 0.001253533269129225
38.00000000000027 0.001253533269129226
38.10000000000027 0.001253533269129227
38.20000000000027 0.001253533269129227
38.30000000000027 0.001253533269129228
38.40000000000028 0.001253533269129228
38.50000000000028 0.001253533269129229
38.60000000000028 0.00125353326912923
38.70000000000028 0.00125353326912923
38.80000000000028 0.001253533269129231
38.90000000000028 0.001253533269129232
39.00000000000028 0.001253533269129232
39.10000000000029 0.001253533269129233
39.20000000000029 0.001253533269129233
39.30000000000029 0.001253533269129234
39.40000000000029 0.001253533269129235
39.50000000000029 0.001253533269129235
39.60000000000029 0.001253533269129236
39.70000000000029 0.001253533269129237
39.8000000000003 0.001253533269129237
39.9000000000003 0.001253533269129238
40.0000000000003 0.001253533269129238
40.1000000000003 0.001253533269129239
40.2000000000003 0.001253533269129239
40.3000000000003 0.00125353326912924
40.4000000000003 0.00125353326912924
40.50000000000031 0.001253533269129241
40.60000000000031 0.001253533269129241
40.70000000000031 0.001253533269129242
40.80000000000031 0.001253533269129242
40.90000000000031 0.001253533269129243
41.00000000000031 0.001253533269129244
41.10000000000031 0.001253533269129244
41.20000000000032 0.001253533269129245
41.30000000000032 0.001253533269129245
41.40000000000032 0.001253533269129245
41.50000000000032 0.001253533269129246
41.60000000000032 0.001253533269129246
41.70000000000032 0.001253533269129247
41.80000000000032 0.001253533269129247
41.90000000000033 0.001253533269129248
42.00000000000033 0.001253533269129249
42.10000000000033 0.001253533269129249
42.20000000000033 0.00125353326912925
42.30000000000033 0.00125353326912925
42.40000000000033 0.001253533269129251
42.50000000000033 0.001253533269129251
42.60000000000034 0.001253533269129251
42.70000000000034 0.001253533269129252
42.80000000000034 0.001253533269129253
42.90000000000034 0.001253533269129253
43.00000000000034 0.001253533269129254
43.10000000000034 0.001253533269129254
43.20000000000034 0.001253533269129254
43.30000000000035 0.001253533269129255
43.40000000000035 0.001253533269129255
43.50000000000035 0.001253533269129255
43.60000000000035 0.001253533269129256
43.70000000000035 0.001253533269129256
43.80000000000035 0.001253533269129256
43.90000000000035 0.001253533269129257
44.00000000000036 0.001253533269129258
44.10000000000036 0.001253533269129258
44.20000000000036 0.001253533269129258
44.30000000000036 0.001253533269129258
44.40000000000036 0.001253533269129259
44.50000000000036 0.00125353326912926
44.60000000000036 0.00125353326912926
44.70000000000037 0.00125353326912926
44.80000000000037 0.00125353326912926
44.90000000000037 0.001253533269129261
45.00000000000037 0.001253533269129261
45.10000000000037 0.001253533269129262
45.20000000000037 0.001253533269129262
45.30000000000037 0.001253533269129262
45.40000000000038 0.001253533269129263
45.50000000000038 0.001253533269129263
45.60000000000038 0.001253533269129263
45.70000000000038 0.001253533269129264
45.80000000000038 0.001253533269129264
45.90000000000038 0.001253533269129264
46.00000000000038 0.001253533269129264
46.10000000000039 0.001253533269129265
46.20000000000039 0.001253533269129265
46.30000000000039 0.001253533269129265
46.40000000000039 0.001253533269129266
46.50000000000039 0.001253533269129266
46.60000000000039 0.001253533269129266
46.70000000000039 0.001253533269129267
46.8000000000004 0.001253533269129267
46.9000000000004 0.001253533269129268
47.0000000000004 0.001253533269129268
47.1000000000004 0.001253533269129268
47.2000000000004 0.001253533269129269
47.3000000000004 0.001253533269129269
47.4000000000004 0.001253533269129269
47.50000000000041 0.001253533269129269
47.60000000000041 0.00125353326912927
47.70000000000041 0.001253533269129269
47.80000000000041 0.00125353326912927
47.90000000000041 0.00125353326912927
48.00000000000041 0.00125353326912927
48.10000000000041 0.001253533269129271
48.20000000000041 0.001253533269129271
48.30000000000042 0.001253533269129271
48.40000000000042 0.001253533269129271
48.50000000000042 0.001253533269129271
48.60000000000042 0.001253533269129271
48.70000000000042 0.001253533269129272
48.80000000000042 0.001253533269129272
48.90000000000042 0.001253533269129272
49.00000000000043 0.001253533269129273
49.10000000000043 0.001253533269129273
49.20000000000043 0.001253533269129273
49.30000000000043 0.001253533269129273
49.40000000000043 0.001253533269129273
49.50000000000043 0.001253533269129274
49.60000000000043 0.001253533269129274
49.70000000000044 0.001253533269129274
49.80000000000044 0.001253533269129274
49.90000000000044 0.001253533269129274
50.00000000000044 0.001253533269129275
50.10000000000044 0.001253533269129275
50.20000000000044 0.001253533269129275
50.30000000000044 0.001253533269129275
50.40000000000045 0.001253533269129276
50.50000000000045 0.001253533269129276
50.60000000000045 0.001253533269129276
50.70000000000045 0.001253533269129276
50.80000000000045 0.001253533269129277
50.90000000000045 0.001253533269129277
51.00000000000045 0.001253533269129277
51.10000000000046 0.001253533269129277
51.20000000000046 0.001253533269129277
51.30000000000046 0.001253533269129277
51.40000000000046 0.001253533269129277
51.50000000000046 0.001253533269129278
51.60000000000046 0.001253533269129278
51.70000000000046 0.001253533269129278
51.80000000000047 0.001253533269129278
51.90000000000047 0.001253533269129279
52.00000000000047 0.001253533269129279
52.10000000000047 0.001253533269129279
52.20000000000047 0.001253533269129279
52.30000000000047 0.001253533269129279
52.40000000000047 0.00125353326912928
52.50000000000048 0.00125353326912928
52.60000000000048 0.00125353326912928
52.70000000000048 0.001253533269129281
52.80000000000048 0.001253533269129281
52.90000000000048 0.001253533269129281
53.00000000000048 0.001253533269129281
53.10000000000048 0.001253533269129281
53.20000000000049 0.001253533269129282
53.30000000000049 0.001253533269129282
53.40000000000049 0.001253533269129282
53.50000000000049 0.001253533269129282
53.60000000000049 0.001253533269129282
53.70000000000049 0.001253533269129283
53.80000000000049 0.001253533269129283
53.9000000000005 0.001253533269129283
54.0000000000005 0.001253533269129283
54.1000000000005 0.001253533269129284
54.2000000000005 0.001253533269129284
54.3000000000005 0.001253533269129284
54.4000000000005 0.001253533269129285
54.5000000000005 0.001253533269129285
54.60000000000051 0.001253533269129285
54.70000000000051 0.001253533269129285
54.80000000000051 0.001253533269129285
54.90000000000051 0.001253533269129285
55.00000000000051 0.001253533269129285
55.10000000000051 0.001253533269129285
55.20000000000051 0.001253533269129286
55.30000000000052 0.001253533269129286
55.40000000000052 0.001253533269129286
55.50000000000052 0.001253533269129286
55.60000000000052 0.001253533269129286
55.70000000000052 0.001253533269129286
55.80000000000052 0.001253533269129286
55.90000000000052 0.001253533269129286
56.00000000000053 0.001253533269129286
56.10000000000053 0.001253533269129287
56.20000000000053 0.001253533269129287
56.30000000000053 0.001253533269129287
56.40000000000053 0.001253533269129287
56.50000000000053 0.001253533269129287
56.60000000000053 0.001253533269129287
56.70000000000054 0.001253533269129287
56.80000000000054 0.001253533269129288
56.90000000000054 0.001253533269129288
57.00000000000054 0.001253533269129288
57.10000000000054 0.001253533269129288
57.20000000000054 0.001253533269129288
57.30000000000054 0.001253533269129288
57.40000000000055 0.001253533269129288
57.50000000000055 0.001253533269129288
57.60000000000055 0.001253533269129288
57.70000000000055 0.001253533269129288
57.80000000000055 0.001253533269129288
57.90000000000055 0.001253533269129289
58.00000000000055 0.001253533269129289
58.10000000000056 0.001253533269129289
58.20000000000056 0.001253533269129289
58.30000000000056 0.001253533269129289
58.40000000000056 0.00125353326912929
58.50000000000056 0.00125353326912929
58.60000000000056 0.00125353326912929
58.70000000000056 0.00125353326912929
58.80000000000057 0.00125353326912929
58.90000000000057 0.00125353326912929
59.00000000000057 0.00125353326912929
59.10000000000057 0.00125353326912929
59.20000000000057 0.001253533269129291
59.30000000000057 0.001253533269129291
59.40000000000057 0.001253533269129291
59.50000000000058 0.001253533269129291
59.60000000000058 0.001253533269129291
59.70000000000058 0.001253533269129291
59.80000000000058 0.001253533269129291
59.90000000000058 0.001253533269129291
60.00000000000058 0.001253533269129292
60.10000000000058 0.001253533269129292
60.20000000000059 0.001253533269129292
60.30000000000059 0.001253533269129292
60.40000000000059 0.001253533269129292
60.50000000000059 0.001253533269129292
60.60000000000059 0.001253533269129292
60.70000000000059 0.001253533269129293
60.80000000000059 0.001253533269129292
60.9000000000006 0.001253533269129293
61.0000000000006 0.001253533269129293
61.1000000000006 0.001253533269129293
61.2000000000006 0.001253533269129293
61.3000000000006 0.001253533269129293
61.4000000000006 0.001253533269129293
61.5000000000006 0.001253533269129293
61.60000000000061 0.001253533269129293
61.70000000000061 0.001253533269129294
61.80000000000061 0.001253533269129294
61.90000000000061 0.001253533269129294
62.00000000000061 0.001253533269129294
62.10000000000061 0.001253533269129294
62.20000000000061 0.001253533269129294
62.30000000000062 0.001253533269129294
62.40000000000062 0.001253533269129294
62.50000000000062 0.001253533269129294
62.60000000000062 0.001253533269129294
62.70000000000062 0.001253533269129295
62.80000000000062 0.001253533269129295
62.90000000000062 0.001253533269129295
63.00000000000063 0.001253533269129295
63.10000000000063 0.001253533269129295
63.20000000000063 0.001253533269129295
63.30000000000063 0.001253533269129295
63.40000000000063 0.001253533269129295
63.50000000000063 0.001253533269129295
63.60000000000063 0.001253533269129295
63.70000000000064 0.001253533269129295
63.80000000000064 0.001253533269129295
63.90000000000064 0.001253533269129295
64.00000000000064 0.001253533269129295
64.10000000000063 0.001253533269129295
64.20000000000063 0.001253533269129295
64.30000000000062 0.001253533269129295
64.40000000000062 0.001253533269129295
64.50000000000061 0.001253533269129295
64.60000000000061 0.001253533269129296
64.7000000000006 0.001253533269129296
64.80000000000059 0.001253533269129296
64.90000000000059 0.001253533269129296
65.00000000000058 0.001253533269129296
65.10000000000058 0.001253533269129296
65.20000000000057 0.001253533269129296
65.30000000000057 0.001253533269129296
65.40000000000056 0.001253533269129296
65.50000000000055 0.001253533269129296
65.60000000000055 0.001253533269129296
65.70000000000054 0.001253533269129296
65.80000000000054 0.001253533269129297
65.90000000000053 0.001253533269129297
66.00000000000053 0.001253533269129297
66.10000000000052 0.001253533269129297
66.20000000000051 0.001253533269129297
66.30000000000051 0.001253533269129297
66.4000000000005 0.001253533269129297
66.5000000000005 0.001253533269129298
66.60000000000049 0.001253533269129298
66.70000000000049 0.001253533269129298
66.80000000000048 0.001253533269129298
66.90000000000047 0.001253533269129298
67.00000000000047 0.001253533269129298
67.10000000000046 0.001253533269129299
67.20000000000046 0.001253533269129298
67.30000000000045 0.001253533269129299
67.40000000000045 0.001253533269129299
67.50000000000044 0.001253533269129299
67.60000000000043 0.001253533269129299
67.70000000000043 0.001253533269129299
67.80000000000042 0.001253533269129299
67.90000000000042 0.001253533269129299
68.00000000000041 0.001253533269129299
68.10000000000041 0.001253533269129299
68.2000000000004 0.0012535332691293
68.3000000000004 0.0012535332691293
68.40000000000039 0.0012535332691293
68.50000000000038 0.0012535332691293
68.60000000000038 0.0012535332691293
68.70000000000037 0.0012535332691293
68.80000000000037 0.0012535332691293
68.90000000000036 0.001253533269129301
69.00000000000036 0.001253533269129301
69.10000000000035 0.0012535332691293
69.20000000000034 0.001253533269129301
69.30000000000034 0.001253533269129301
69.40000000000033 0.0012535332691293
69.50000000000033 0.0012535332691293
69.60000000000032 0.0012535332691293
69.70000000000032 0.001253533269129301
69.80000000000031 0.0012535332691293
69.9000000000003 0.0012535332691293
70.0000000000003 0.0012535332691293
70.10000000000029 0.001253533269129301
70.20000000000029 0.001253533269129301
70.30000000000028 0.001253533269129301
70.40000000000028 0.001253533269129301
70.50000000000027 0.0012535332691293
70.60000000000026 0.001253533269129301
70.70000000000026 0.0012535332691293
70.80000000000025 0.001253533269129301
70.90000000000025 0.0012535332691293
71.00000000000024 0.001253533269129301
71.10000000000024 0.001253533269129301
71.20000000000023 0.001253533269129301
71.30000000000022 0.001253533269129301
71.40000000000022 0.001253533269129301
71.50000000000021 0.001253533269129301
71.60000000000021 0.0012535332691293
71.7000000000002 0.001253533269129301
71.8000000000002 0.001253533269129301
71.90000000000019 0.001253533269129301
72.00000000000018 0.001253533269129301
72.10000000000018 0.001253533269129302
72.20000000000017 0.001253533269129302
72.30000000000017 0.001253533269129302
72.40000000000016 0.001253533269129302
72.50000000000016 0.001253533269129302
72.60000000000015 0.001253533269129302
72.70000000000014 0.001253533269129302
72.80000000000014 0.001253533269129302
72.90000000000013 0.001253533269129302
73.00000000000013 0.001253533269129302
73.10000000000012 0.001253533269129303
73.20000000000012 0.001253533269129303
73.30000000000011 0.001253533269129303
73.40000000000011 0.001253533269129302
73.5000000000001 0.001253533269129302
73.60000000000009 0.001253533269129302
73.70000000000009 0.001253533269129302
73.80000000000008 0.001253533269129302
73.90000000000008 0.001253533269129303
74.00000000000007 0.001253533269129303
74.10000000000007 0.001253533269129303
74.20000000000006 0.001253533269129303
74.30000000000005 0.001253533269129304
74.40000000000005 0.001253533269129304
74.50000000000004 0.001253533269129304
74.60000000000004 0.001253533269129303
74.70000000000003 0.001253533269129304
74.80000000000003 0.001253533269129304
74.90000000000002 0.001253533269129304
75.00000000000001 0.001253533269129304
75.10000000000001 0.001253533269129304
75.2 0.001253533269129304
75.3 0.001253533269129304
75.39999999999999 0.001253533269129304
75.49999999999999 0.001253533269129304
75.59999999999998 0.001253533269129304
75.69999999999997 0.001253533269129304
75.79999999999997 0.001253533269129304
75.89999999999996 0.001253533269129304
75.99999999999996 0.001253533269129304
76.09999999999995 0.001253533269129304
76.19999999999995 0.001253533269129304
76.29999999999994 0.001253533269129304
76.39999999999993 0.001253533269129304
76.49999999999993 0.001253533269129304
76.59999999999992 0.001253533269129305
76.69999999999992 0.001253533269129305
76.79999999999991 0.001253533269129305
76.89999999999991 0.001253533269129305
76.9999999999999 0.001253533269129305
77.09999999999989 0.001253533269129305
77.19999999999989 0.001253533269129305
77.29999999999988 0.001253533269129305
77.39999999999988 0.001253533269129305
77.49999999999987 0.001253533269129305
77.59999999999987 0.001253533269129305
77.69999999999986 0.001253533269129305
77.79999999999986 0.001253533269129305
77.89999999999985 0.001253533269129306
77.99999999999984 0.001253533269129306
78.09999999999984 0.001253533269129305
78.19999999999983 0.001253533269129305
78.29999999999983 0.001253533269129305
78.39999999999982 0.001253533269129305
78.49999999999982 0.001253533269129305
78.59999999999981 0.001253533269129305
78.6999999999998 0.001253533269129305
78.7999999999998 0.001253533269129305
78.89999999999979 0.001253533269129305
78.99999999999979 0.001253533269129305
79.09999999999978 0.001253533269129305
79.19999999999978 0.001253533269129305
79.29999999999977 0.001253533269129306
79.39999999999976 0.001253533269129306
79.49999999999976 0.001253533269129306
79.59999999999975 0.001253533269129306
79.69999999999975 0.001253533269129306
79.79999999999974 0.001253533269129307
79.89999999999974 0.001253533269129306
79.99999999999973 0.001253533269129307
80.09999999999972 0.001253533269129306
80.19999999999972 0.001253533269129307
80.29999999999971 0.001253533269129307
80.39999999999971 0.001253533269129307
80.4999999999997 0.001253533269129307
80.5999999999997 0.001253533269129307
80.69999999999969 0.001253533269129307
80.79999999999968 0.001253533269129307
80.89999999999968 0.001253533269129307
80.99999999999967 0.001253533269129307
81.09999999999967 0.001253533269129307
81.19999999999966 0.001253533269129307
81.29999999999966 0.001253533269129307
81.39999999999965 0.001253533269129307
81.49999999999964 0.001253533269129307
81.59999999999964 0.001253533269129307
81.69999999999963 0.001253533269129307
81.79999999999963 0.001253533269129307
81.89999999999962 0.001253533269129307
81.99999999999962 0.001253533269129307
82.09999999999961 0.001253533269129307
82.1999999999996 0.001253533269129307
82.2999999999996 0.001253533269129307
82.39999999999959 0.001253533269129307
82.49999999999959 0.001253533269129307
82.59999999999958 0.001253533269129307
82.69999999999958 0.001253533269129307
82.79999999999957 0.001253533269129308
82.89999999999957 0.001253533269129308
82.99999999999956 0.001253533269129308
83.09999999999955 0.001253533269129308
83.19999999999955 0.001253533269129308
83.29999999999954 0.001253533269129307
83.39999999999954 0.001253533269129307
83.49999999999953 0.001253533269129307
83.59999999999953 0.001253533269129307
83.69999999999952 0.001253533269129307
83.79999999999951 0.001253533269129307
83.89999999999951 0.001253533269129308
83.9999999999995 0.001253533269129308
84.0999999999995 0.001253533269129308
84.19999999999949 0.001253533269129308
84.29999999999949 0.001253533269129308
84.39999999999948 0.001253533269129308
84.49999999999947 0.001253533269129308
84.59999999999947 0.001253533269129309
84.69999999999946 0.001253533269129309
84.79999999999946 0.001253533269129309
84.89999999999945 0.001253533269129309
84.99999999999945 0.001253533269129309
85.09999999999944 0.00125353326912931
85.19999999999943 0.001253533269129309
85.29999999999943 0.00125353326912931
85.39999999999942 0.00125353326912931
85.49999999999942 0.00125353326912931
85.59999999999941 0.00125353326912931
85.69999999999941 0.00125353326912931
85.7999999999994 0.00125353326912931
85.89999999999939 0.001253533269129309
85.99999999999939 0.00125353326912931
86.09999999999938 0.00125353326912931
86.19999999999938 0.001253533269129309
86.29999999999937 0.001253533269129309
86.39999999999937 0.001253533269129309
86.49999999999936 0.001253533269129309
86.59999999999935 0.001253533269129309
86.69999999999935 0.001253533269129309
86.79999999999934 0.00125353326912931
86.89999999999934 0.001253533269129309
86.99999999999933 0.001253533269129309
87.09999999999933 0.001253533269129309
87.19999999999932 0.001253533269129309
87.29999999999932 0.001253533269129309
87.39999999999931 0.001253533269129309
87.4999999999993 0.001253533269129309
87.5999999999993 0.001253533269129309
87.69999999999929 0.001253533269129309
87.79999999999929 0.001253533269129309
87.89999999999928 0.001253533269129309
87.99999999999928 0.001253533269129309
88.09999999999927 0.001253533269129309
88.19999999999926 0.001253533269129309
88.29999999999926 0.001253533269129309
88.39999999999925 0.001253533269129309
88.49999999999925 0.001253533269129309
88.59999999999924 0.001253533269129308
88.69999999999924 0.001253533269129309
88.79999999999923 0.001253533269129309
88.89999999999922 0.001253533269129309
88.99999999999922 0.001253533269129309
89.09999999999921 0.001253533269129309
89.19999999999921 0.001253533269129309
89.2999999999992 0.001253533269129309
89.3999999999992 0.001253533269129309
89.49999999999919 0.001253533269129309
89.59999999999918 0.001253533269129309
89.69999999999918 0.001253533269129309
89.79999999999917 0.001253533269129309
89.89999999999917 0.001253533269129309
89.99999999999916 0.001253533269129309
90.09999999999916 0.001253533269129309
90.19999999999915 0.00125353326912931
90.29999999999914 0.00125353326912931
90.39999999999914 0.00125353326912931
90.49999999999913 0.00125353326912931
90.59999999999913 0.00125353326912931
90.69999999999912 0.00125353326912931
90.79999999999912 0.00125353326912931
90.89999999999911 0.00125353326912931
90.9999999999991 0.00125353326912931
91.0999999999991 0.00125353326912931
91.19999999999909 0.00125353326912931
91.29999999999909 0.00125353326912931
91.39999999999908 0.00125353326912931
91.49999999999908 0.00125353326912931
91.59999999999907 0.00125353326912931
91.69999999999906 0.00125353326912931
91.79999999999906 0.00125353326912931
91.89999999999905 0.00125353326912931
91.99999999999905 0.00125353326912931
92.09999999999904 0.00125353326912931
92.19999999999904 0.00125353326912931
92.29999999999903 0.00125353326912931
92.39999999999903 0.00125353326912931
92.49999999999902 0.00125353326912931
92.59999999999901 0.00125353326912931
92.69999999999901 0.00125353326912931
92.799999999999 0.00125353326912931
92.899999999999 0.00125353326912931
92.99999999999899 0.00125353326912931
93.09999999999899 0.00125353326912931
93.19999999999898 0.00125353326912931
93.29999999999897 0.00125353326912931
93.39999999999897 0.00125353326912931
93.49999999999896 0.00125353326912931
93.59999999999896 0.00125353326912931
93.69999999999895 0.001253533269129311
93.79999999999895 0.001253533269129311
93.89999999999894 0.001253533269129311
93.99999999999893 0.00125353326912931
94.09999999999893 0.001253533269129311
94.19999999999892 0.00125353326912931
94.29999999999892 0.00125353326912931
94.39999999999891 0.00125353326912931
94.49999999999891 0.00125353326912931
94.5999999999989 0.001253533269129311
94.69999999999889 0.00125353326912931
94.79999999999889 0.00125353326912931
94.89999999999888 0.001253533269129311
94.99999999999888 0.00125353326912931
95.09999999999887 0.00125353326912931
95.19999999999887 0.00125353326912931
95.29999999999886 0.00125353326912931
95.39999999999885 0.00125353326912931
95.49999999999885 0.00125353326912931
95.59999999999884 0.00125353326912931
95.69999999999884 0.00125353326912931
95.79999999999883 0.00125353326912931
95.89999999999883 0.00125353326912931
95.99999999999882 0.00125353326912931
96.09999999999881 0.001253533269129311
96.19999999999881 0.00125353326912931
96.2999999999988 0.001253533269129311
96.3999999999988 0.001253533269129311
96.49999999999879 0.001253533269129311
96.59999999999879 0.001253533269129311
96.69999999999878 0.00125353326912931
96.79999999999878 0.00125353326912931
96.89999999999877 0.001253533269129311
96.99999999999876 0.001253533269129311
97.09999999999876 0.001253533269129311
97.19999999999875 0.001253533269129311
97.29999999999875 0.001253533269129311
97.39999999999874 0.001253533269129311
97.49999999999874 0.001253533269129311
97.59999999999873 0.001253533269129311
97.69999999999872 0.001253533269129311
97.79999999999872 0.001253533269129312
97.89999999999871 0.001253533269129311
97.99999999999871 0.001253533269129312
98.0999999999987 0.001253533269129312
98.1999999999987 0.001253533269129312
98.29999999999869 0.001253533269129312
98.39999999999868 0.001253533269129312
98.49999999999868 0.001253533269129312
98.59999999999867 0.001253533269129312
98.69999999999867 0.001253533269129312
98.79999999999866 0.001253533269129312
98.89999999999866 0.001253533269129312
98.99999999999865 0.001253533269129312
99.09999999999864 0.001253533269129313
99.19999999999864 0.001253533269129312
99.29999999999863 0.001253533269129312
99.39999999999863 0.001253533269129312
99.49999999999862 0.001253533269129312
99.59999999999862 0.001253533269129312
99.69999999999861 0.001253533269129312
99.7999999999986 0.001253533269129312
99.8999999999986 0.001253533269129312
99.99999999999859 0.001253533269129312
100.0999999999986 0.001253533269129312
