0 -9.688276749999999e-05
0.1 -9.688276581182099e-05
0.2 -9.688276487744769e-05
0.3 -9.688276464309125e-05
0.4 -9.688276509546748e-05
0.5 -9.688276626029341e-05
0.6 -9.68827682052085e-05
0.7 -9.688277104766403e-05
0.7999999999999999 -9.688277496930041e-05
0.8999999999999999 -9.688278023974e-05
0.9999999999999999 -9.688278725503418e-05
1.1 -9.688279660006208e-05
1.2 -9.688280915167878e-05
1.3 -9.688282625386632e-05
1.4 -9.688285002522988e-05
1.5 -9.688288392051736e-05
1.6 -9.688293380416814e-05
1.7 -9.688301011575273e-05
1.8 -9.688313252229194e-05
1.900000000000001 -9.688334069514182e-05
2 -9.68837216651242e-05
2.100000000000001 -9.688448761511945e-05
2.200000000000001 -9.688623173202557e-05
2.300000000000001 -9.689094941912366e-05
2.400000000000001 -9.69073927944775e-05
2.500000000000001 -9.699380261556431e-05
2.600000000000001 -9.798668796936853e-05
2.700000000000001 -0.0002015315841821261
2.800000000000001 0.002500366438613471
2.900000000000001 0.002874709728426107
3.000000000000001 0.002875298915781121
3.100000000000001 0.002875332607709261
3.200000000000002 0.002875337608432432
3.300000000000002 0.002875338795610998
3.400000000000002 0.002875339169324924
3.500000000000002 0.002875339311422744
3.600000000000002 0.002875339373292192
3.700000000000002 0.002875339403123316
3.800000000000002 0.002875339418698828
3.900000000000002 0.002875339427367712
4.000000000000002 0.002875339432452209
4.100000000000001 0.002875339435567852
4.200000000000001 0.002875339437549244
4.300000000000001 0.002875339438850129
4.4 0.002875339439728195
4.5 0.002875339440335418
4.6 0.002875339440764436
4.699999999999999 0.002875339441073384
4.799999999999999 0.0028753394412997
4.899999999999999 0.002875339441468056
4.999999999999998 0.002875339441595052
5.099999999999998 0.002875339441692074
5.199999999999998 0.002875339441767059
5.299999999999997 0.002875339441825633
5.399999999999997 0.002875339441871837
5.499999999999996 0.002875339441908614
5.599999999999996 0.002875339441938133
5.699999999999996 0.002875339441962013
5.799999999999995 0.002875339441981471
5.899999999999995 0.002875339441997435
5.999999999999995 0.002875339442010613
6.099999999999994 0.002875339442021558
6.199999999999994 0.002875339442030698
6.299999999999994 0.002875339442038372
6.399999999999993 0.002875339442044848
6.499999999999993 0.002875339442050335
6.599999999999993 0.002875339442055009
6.699999999999992 0.002875339442059005
6.799999999999992 0.002875339442062435
6.899999999999991 0.002875339442065391
6.999999999999991 0.002875339442067948
7.099999999999991 0.002875339442070167
7.19999999999999 0.002875339442072098
7.29999999999999 0.002875339442073787
7.39999999999999 0.002875339442075264
7.499999999999989 0.002875339442076562
7.599999999999989 0.002875339442077706
7.699999999999989 0.002875339442078715
7.799999999999988 0.00287533944207961
7.899999999999988 0.002875339442080404
7.999999999999988 0.002875339442081111
8.099999999999987 0.002875339442081741
8.199999999999987 0.002875339442082303
8.299999999999986 0.002875339442082808
8.399999999999986 0.00287533944208326
8.499999999999986 0.002875339442083667
8.599999999999985 0.002875339442084033
8.699999999999985 0.002875339442084363
8.799999999999985 0.002875339442084662
8.899999999999984 0.002875339442084932
8.999999999999984 0.002875339442085177
9.099999999999984 0.002875339442085401
9.199999999999983 0.002875339442085602
9.299999999999983 0.002875339442085787
9.399999999999983 0.002875339442085955
9.499999999999982 0.002875339442086108
9.599999999999982 0.002875339442086248
9.699999999999982 0.002875339442086377
9.799999999999981 0.002875339442086495
9.899999999999981 0.002875339442086603
9.99999999999998 0.002875339442086703
10.09999999999998 0.002875339442086795
10.19999999999998 0.002875339442086879
10.29999999999998 0.002875339442086958
10.39999999999998 0.00287533944208703
10.49999999999998 0.002875339442087097
10.59999999999998 0.002875339442087159
10.69999999999998 0.002875339442087216
10.79999999999998 0.002875339442087269
10.89999999999998 0.002875339442087318
10.99999999999998 0.002875339442087364
11.09999999999998 0.002875339442087407
11.19999999999998 0.002875339442087446
11.29999999999998 0.002875339442087484
11.39999999999998 0.002875339442087518
11.49999999999998 0.00287533944208755
11.59999999999997 0.002875339442087579
11.69999999999997 0.002875339442087607
11.79999999999997 0.002875339442087633
11.89999999999997 0.002875339442087657
11.99999999999997 0.00287533944208768
12.09999999999997 0.002875339442087702
12.19999999999997 0.002875339442087723
12.29999999999997 0.00287533944208774
12.39999999999997 0.002875339442087759
12.49999999999997 0.002875339442087775
12.59999999999997 0.002875339442087792
12.69999999999997 0.002875339442087806
12.79999999999997 0.002875339442087821
12.89999999999997 0.002875339442087834
12.99999999999997 0.002875339442087845
13.09999999999997 0.002875339442087857
13.19999999999997 0.002875339442087868
13.29999999999997 0.002875339442087878
13.39999999999997 0.002875339442087887
13.49999999999997 0.002875339442087898
13.59999999999997 0.002875339442087906
13.69999999999997 0.002875339442087914
13.79999999999997 0.002875339442087922
13.89999999999997 0.002875339442087929
13.99999999999997 0.002875339442087936
14.09999999999997 0.002875339442087943
14.19999999999997 0.00287533944208795
14.29999999999997 0.002875339442087956
14.39999999999996 0.002875339442087962
14.49999999999996 0.002875339442087968
14.59999999999996 0.002875339442087973
14.69999999999996 0.002875339442087977
14.79999999999996 0.002875339442087982
14.89999999999996 0.002875339442087986
14.99999999999996 0.00287533944208799
15.09999999999996 0.002875339442087994
15.19999999999996 0.002875339442087998
15.29999999999996 0.002875339442088001
15.39999999999996 0.002875339442088005
15.49999999999996 0.002875339442088007
15.59999999999996 0.002875339442088011
15.69999999999996 0.002875339442088014
15.79999999999996 0.002875339442088017
15.89999999999996 0.002875339442088021
15.99999999999996 0.002875339442088023
16.09999999999996 0.002875339442088025
16.19999999999996 0.002875339442088028
16.29999999999996 0.002875339442088031
16.39999999999996 0.002875339442088032
16.49999999999996 0.002875339442088035
16.59999999999997 0.002875339442088036
16.69999999999997 0.002875339442088039
16.79999999999997 0.002875339442088041
16.89999999999997 0.002875339442088042
16.99999999999997 0.002875339442088043
17.09999999999997 0.002875339442088045
17.19999999999997 0.002875339442088047
17.29999999999998 0.002875339442088049
17.39999999999998 0.00287533944208805
17.49999999999998 0.002875339442088052
17.59999999999998 0.002875339442088053
17.69999999999998 0.002875339442088055
17.79999999999998 0.002875339442088056
17.89999999999998 0.002875339442088058
17.99999999999999 0.002875339442088059
18.09999999999999 0.00287533944208806
18.19999999999999 0.002875339442088061
18.29999999999999 0.002875339442088062
18.39999999999999 0.002875339442088064
18.49999999999999 0.002875339442088065
18.59999999999999 0.002875339442088066
18.7 0.002875339442088066
18.8 0.002875339442088068
18.9 0.002875339442088069
19 0.002875339442088069
19.1 0.00287533944208807
19.2 0.002875339442088072
19.3 0.002875339442088073
19.40000000000001 0.002875339442088074
19.50000000000001 0.002875339442088074
19.60000000000001 0.002875339442088075
19.70000000000001 0.002875339442088076
19.80000000000001 0.002875339442088076
19.90000000000001 0.002875339442088077
20.00000000000001 0.002875339442088078
20.10000000000002 0.002875339442088077
20.20000000000002 0.002875339442088078
20.30000000000002 0.002875339442088078
20.40000000000002 0.002875339442088078
20.50000000000002 0.002875339442088079
20.60000000000002 0.002875339442088079
20.70000000000002 0.002875339442088079
20.80000000000003 0.00287533944208808
20.90000000000003 0.002875339442088081
21.00000000000003 0.002875339442088082
21.10000000000003 0.002875339442088082
21.20000000000003 0.002875339442088082
21.30000000000003 0.002875339442088083
21.40000000000003 0.002875339442088083
21.50000000000004 0.002875339442088084
21.60000000000004 0.002875339442088085
21.70000000000004 0.002875339442088085
21.80000000000004 0.002875339442088086
21.90000000000004 0.002875339442088086
22.00000000000004 0.002875339442088086
22.10000000000004 0.002875339442088086
22.20000000000005 0.002875339442088086
22.30000000000005 0.002875339442088086
22.40000000000005 0.002875339442088087
22.50000000000005 0.002875339442088087
22.60000000000005 0.002875339442088087
22.70000000000005 0.002875339442088088
22.80000000000005 0.002875339442088087
22.90000000000006 0.002875339442088087
23.00000000000006 0.002875339442088087
23.10000000000006 0.002875339442088087
23.20000000000006 0.002875339442088088
23.30000000000006 0.002875339442088087
23.40000000000006 0.002875339442088088
23.50000000000006 0.002875339442088087
23.60000000000007 0.002875339442088088
23.70000000000007 0.002875339442088087
23.80000000000007 0.002875339442088086
23.90000000000007 0.002875339442088087
24.00000000000007 0.002875339442088087
24.10000000000007 0.002875339442088087
24.20000000000007 0.002875339442088088
24.30000000000008 0.002875339442088088
24.40000000000008 0.002875339442088087
24.50000000000008 0.002875339442088088
24.60000000000008 0.002875339442088088
24.70000000000008 0.002875339442088088
24.80000000000008 0.002875339442088087
24.90000000000008 0.002875339442088087
25.00000000000009 0.002875339442088088
25.10000000000009 0.002875339442088088
25.20000000000009 0.002875339442088088
25.30000000000009 0.002875339442088088
25.40000000000009 0.002875339442088087
25.50000000000009 0.002875339442088087
25.60000000000009 0.002875339442088087
25.7000000000001 0.002875339442088086
25.8000000000001 0.002875339442088087
25.9000000000001 0.002875339442088087
26.0000000000001 0.002875339442088087
26.1000000000001 0.002875339442088088
26.2000000000001 0.002875339442088087
26.3000000000001 0.002875339442088087
26.40000000000011 0.002875339442088088
26.50000000000011 0.002875339442088087
26.60000000000011 0.002875339442088087
26.70000000000011 0.002875339442088086
26.80000000000011 0.002875339442088087
26.90000000000011 0.002875339442088086
27.00000000000011 0.002875339442088087
27.10000000000012 0.002875339442088087
27.20000000000012 0.002875339442088088
27.30000000000012 0.002875339442088088
27.40000000000012 0.002875339442088087
27.50000000000012 0.002875339442088087
27.60000000000012 0.002875339442088088
27.70000000000012 0.002875339442088089
27.80000000000013 0.002875339442088088
27.90000000000013 0.002875339442088088
28.00000000000013 0.002875339442088088
28.10000000000013 0.002875339442088088
28.20000000000013 0.002875339442088089
28.30000000000013 0.002875339442088089
28.40000000000013 0.002875339442088089
28.50000000000014 0.002875339442088089
28.60000000000014 0.002875339442088088
28.70000000000014 0.002875339442088089
28.80000000000014 0.002875339442088089
28.90000000000014 0.002875339442088089
29.00000000000014 0.002875339442088089
29.10000000000014 0.002875339442088089
29.20000000000014 0.002875339442088089
29.30000000000015 0.002875339442088089
29.40000000000015 0.002875339442088089
29.50000000000015 0.002875339442088089
29.60000000000015 0.002875339442088088
29.70000000000015 0.002875339442088088
29.80000000000015 0.002875339442088088
29.90000000000015 0.002875339442088087
30.00000000000016 0.002875339442088088
30.10000000000016 0.002875339442088089
30.20000000000016 0.002875339442088089
30.30000000000016 0.002875339442088089
30.40000000000016 0.002875339442088089
30.50000000000016 0.002875339442088089
30.60000000000016 0.002875339442088089
30.70000000000017 0.00287533944208809
30.80000000000017 0.002875339442088089
30.90000000000017 0.002875339442088089
31.00000000000017 0.002875339442088089
31.10000000000017 0.002875339442088089
31.20000000000017 0.002875339442088089
31.30000000000017 0.00287533944208809
31.40000000000018 0.00287533944208809
31.50000000000018 0.00287533944208809
31.60000000000018 0.002875339442088091
31.70000000000018 0.002875339442088091
31.80000000000018 0.002875339442088091
31.90000000000018 0.002875339442088091
32.00000000000018 0.002875339442088091
32.10000000000019 0.002875339442088091
32.20000000000019 0.002875339442088091
32.30000000000019 0.002875339442088092
32.40000000000019 0.002875339442088092
32.50000000000019 0.002875339442088092
32.60000000000019 0.002875339442088091
32.70000000000019 0.002875339442088091
32.8000000000002 0.002875339442088092
32.9000000000002 0.002875339442088092
33.0000000000002 0.002875339442088092
33.1000000000002 0.002875339442088092
33.2000000000002 0.002875339442088093
33.3000000000002 0.002875339442088093
33.4000000000002 0.002875339442088094
33.50000000000021 0.002875339442088094
33.60000000000021 0.002875339442088094
33.70000000000021 0.002875339442088093
33.80000000000021 0.002875339442088093
33.90000000000021 0.002875339442088093
34.00000000000021 0.002875339442088092
34.10000000000021 0.002875339442088092
34.20000000000022 0.002875339442088092
34.30000000000022 0.002875339442088093
34.40000000000022 0.002875339442088093
34.50000000000022 0.002875339442088092
34.60000000000022 0.002875339442088093
34.70000000000022 0.002875339442088092
34.80000000000022 0.002875339442088093
34.90000000000023 0.002875339442088092
35.00000000000023 0.002875339442088091
35.10000000000023 0.002875339442088092
35.20000000000023 0.002875339442088092
35.30000000000023 0.002875339442088093
35.40000000000023 0.002875339442088093
35.50000000000023 0.002875339442088093
35.60000000000024 0.002875339442088093
35.70000000000024 0.002875339442088093
35.80000000000024 0.002875339442088093
35.90000000000024 0.002875339442088093
36.00000000000024 0.002875339442088093
36.10000000000024 0.002875339442088092
36.20000000000024 0.002875339442088093
36.30000000000025 0.002875339442088094
36.40000000000025 0.002875339442088093
36.50000000000025 0.002875339442088094
36.60000000000025 0.002875339442088093
36.70000000000025 0.002875339442088093
36.80000000000025 0.002875339442088093
36.90000000000025 0.002875339442088093
37.00000000000026 0.002875339442088093
37.10000000000026 0.002875339442088094
37.20000000000026 0.002875339442088094
37.30000000000026 0.002875339442088094
37.40000000000026 0.002875339442088094
37.50000000000026 0.002875339442088094
37.60000000000026 0.002875339442088095
37.70000000000027 0.002875339442088094
37.80000000000027 0.002875339442088095
37.90000000000027 0.002875339442088095
38.00000000000027 0.002875339442088093
38.10000000000027 0.002875339442088094
38.20000000000027 0.002875339442088094
38.30000000000027 0.002875339442088094
38.40000000000028 0.002875339442088094
38.50000000000028 0.002875339442088094
38.60000000000028 0.002875339442088095
38.70000000000028 0.002875339442088094
38.80000000000028 0.002875339442088094
38.90000000000028 0.002875339442088095
39.00000000000028 0.002875339442088094
39.10000000000029 0.002875339442088094
39.20000000000029 0.002875339442088095
39.30000000000029 0.002875339442088095
39.40000000000029 0.002875339442088095
39.50000000000029 0.002875339442088095
39.60000000000029 0.002875339442088095
39.70000000000029 0.002875339442088094
39.8000000000003 0.002875339442088095
39.9000000000003 0.002875339442088095
40.0000000000003 0.002875339442088095
40.1000000000003 0.002875339442088095
40.2000000000003 0.002875339442088095
40.3000000000003 0.002875339442088095
40.4000000000003 0.002875339442088095
40.50000000000031 0.002875339442088096
40.60000000000031 0.002875339442088096
40.70000000000031 0.002875339442088096
40.80000000000031 0.002875339442088095
40.90000000000031 0.002875339442088096
41.00000000000031 0.002875339442088095
41.10000000000031 0.002875339442088096
41.20000000000032 0.002875339442088096
41.30000000000032 0.002875339442088096
41.40000000000032 0.002875339442088095
41.50000000000032 0.002875339442088095
41.60000000000032 0.002875339442088096
41.70000000000032 0.002875339442088096
41.80000000000032 0.002875339442088096
41.90000000000033 0.002875339442088097
42.00000000000033 0.002875339442088097
42.10000000000033 0.002875339442088097
42.20000000000033 0.002875339442088096
42.30000000000033 0.002875339442088095
42.40000000000033 0.002875339442088096
42.50000000000033 0.002875339442088096
42.60000000000034 0.002875339442088097
42.70000000000034 0.002875339442088097
42.80000000000034 0.002875339442088096
42.90000000000034 0.002875339442088097
43.00000000000034 0.002875339442088096
43.10000000000034 0.002875339442088096
43.20000000000034 0.002875339442088097
43.30000000000035 0.002875339442088097
43.40000000000035 0.002875339442088098
43.50000000000035 0.002875339442088098
43.60000000000035 0.002875339442088098
43.70000000000035 0.002875339442088098
43.80000000000035 0.002875339442088098
43.90000000000035 0.002875339442088099
44.00000000000036 0.002875339442088098
44.10000000000036 0.002875339442088098
44.20000000000036 0.002875339442088098
44.30000000000036 0.002875339442088097
44.40000000000036 0.002875339442088098
44.50000000000036 0.002875339442088098
44.60000000000036 0.002875339442088098
44.70000000000037 0.002875339442088098
44.80000000000037 0.002875339442088098
44.90000000000037 0.002875339442088097
45.00000000000037 0.002875339442088097
45.10000000000037 0.002875339442088097
45.20000000000037 0.002875339442088097
45.30000000000037 0.002875339442088097
45.40000000000038 0.002875339442088097
45.50000000000038 0.002875339442088095
45.60000000000038 0.002875339442088096
45.70000000000038 0.002875339442088096
45.80000000000038 0.002875339442088097
45.90000000000038 0.002875339442088098
46.00000000000038 0.002875339442088098
46.10000000000039 0.002875339442088097
46.20000000000039 0.002875339442088097
46.30000000000039 0.002875339442088097
46.40000000000039 0.002875339442088098
46.50000000000039 0.002875339442088097
46.60000000000039 0.002875339442088097
46.70000000000039 0.002875339442088097
46.8000000000004 0.002875339442088097
46.9000000000004 0.002875339442088098
47.0000000000004 0.002875339442088097
47.1000000000004 0.002875339442088098
47.2000000000004 0.002875339442088098
47.3000000000004 0.002875339442088099
47.4000000000004 0.002875339442088099
47.50000000000041 0.002875339442088098
47.60000000000041 0.002875339442088098
47.70000000000041 0.002875339442088098
47.80000000000041 0.002875339442088097
47.90000000000041 0.002875339442088097
48.00000000000041 0.002875339442088097
48.10000000000041 0.002875339442088097
48.20000000000041 0.002875339442088097
48.30000000000042 0.002875339442088097
48.40000000000042 0.002875339442088097
48.50000000000042 0.002875339442088096
48.60000000000042 0.002875339442088096
48.70000000000042 0.002875339442088096
48.80000000000042 0.002875339442088096
48.90000000000042 0.002875339442088096
49.00000000000043 0.002875339442088096
49.10000000000043 0.002875339442088095
49.20000000000043 0.002875339442088096
49.30000000000043 0.002875339442088097
49.40000000000043 0.002875339442088096
49.50000000000043 0.002875339442088096
49.60000000000043 0.002875339442088097
49.70000000000044 0.002875339442088097
49.80000000000044 0.002875339442088097
49.90000000000044 0.002875339442088096
50.00000000000044 0.002875339442088097
50.10000000000044 0.002875339442088097
50.20000000000044 0.002875339442088097
50.30000000000044 0.002875339442088096
50.40000000000045 0.002875339442088096
50.50000000000045 0.002875339442088097
50.60000000000045 0.002875339442088096
50.70000000000045 0.002875339442088096
50.80000000000045 0.002875339442088096
50.90000000000045 0.002875339442088096
51.00000000000045 0.002875339442088096
51.10000000000046 0.002875339442088096
51.20000000000046 0.002875339442088097
51.30000000000046 0.002875339442088097
51.40000000000046 0.002875339442088097
51.50000000000046 0.002875339442088096
51.60000000000046 0.002875339442088096
51.70000000000046 0.002875339442088097
51.80000000000047 0.002875339442088096
51.90000000000047 0.002875339442088097
52.00000000000047 0.002875339442088097
52.10000000000047 0.002875339442088096
52.20000000000047 0.002875339442088095
52.30000000000047 0.002875339442088095
52.40000000000047 0.002875339442088096
52.50000000000048 0.002875339442088096
52.60000000000048 0.002875339442088095
52.70000000000048 0.002875339442088095
52.80000000000048 0.002875339442088095
52.90000000000048 0.002875339442088095
53.00000000000048 0.002875339442088094
53.10000000000048 0.002875339442088095
53.20000000000049 0.002875339442088095
53.30000000000049 0.002875339442088095
53.40000000000049 0.002875339442088095
53.50000000000049 0.002875339442088096
53.60000000000049 0.002875339442088097
53.70000000000049 0.002875339442088097
53.80000000000049 0.002875339442088096
53.9000000000005 0.002875339442088097
54.0000000000005 0.002875339442088098
54.1000000000005 0.002875339442088098
54.2000000000005 0.002875339442088098
54.3000000000005 0.002875339442088098
54.4000000000005 0.002875339442088099
54.5000000000005 0.002875339442088098
54.60000000000051 0.002875339442088098
54.70000000000051 0.002875339442088098
54.80000000000051 0.002875339442088098
54.90000000000051 0.002875339442088099
55.00000000000051 0.002875339442088099
55.10000000000051 0.002875339442088099
55.20000000000051 0.002875339442088099
55.30000000000052 0.002875339442088099
55.40000000000052 0.002875339442088099
55.50000000000052 0.002875339442088099
55.60000000000052 0.002875339442088098
55.70000000000052 0.002875339442088098
55.80000000000052 0.002875339442088098
55.90000000000052 0.002875339442088099
56.00000000000053 0.002875339442088099
56.10000000000053 0.002875339442088098
56.20000000000053 0.002875339442088097
56.30000000000053 0.002875339442088097
56.40000000000053 0.002875339442088097
56.50000000000053 0.002875339442088097
56.60000000000053 0.002875339442088097
56.70000000000054 0.002875339442088096
56.80000000000054 0.002875339442088097
56.90000000000054 0.002875339442088096
57.00000000000054 0.002875339442088096
57.10000000000054 0.002875339442088097
57.20000000000054 0.002875339442088097
57.30000000000054 0.002875339442088098
57.40000000000055 0.002875339442088098
57.50000000000055 0.002875339442088098
57.60000000000055 0.002875339442088098
57.70000000000055 0.002875339442088098
57.80000000000055 0.002875339442088098
57.90000000000055 0.002875339442088097
58.00000000000055 0.002875339442088097
58.10000000000056 0.002875339442088098
58.20000000000056 0.002875339442088097
58.30000000000056 0.002875339442088097
58.40000000000056 0.002875339442088097
58.50000000000056 0.002875339442088097
58.60000000000056 0.002875339442088097
58.70000000000056 0.002875339442088097
58.80000000000057 0.002875339442088097
58.90000000000057 0.002875339442088096
59.00000000000057 0.002875339442088097
59.10000000000057 0.002875339442088098
59.20000000000057 0.002875339442088098
59.30000000000057 0.002875339442088098
59.40000000000057 0.002875339442088097
59.50000000000058 0.002875339442088097
59.60000000000058 0.002875339442088098
59.70000000000058 0.002875339442088097
59.80000000000058 0.002875339442088098
59.90000000000058 0.002875339442088098
60.00000000000058 0.002875339442088097
60.10000000000058 0.002875339442088098
60.20000000000059 0.002875339442088098
60.30000000000059 0.002875339442088098
60.40000000000059 0.002875339442088099
60.50000000000059 0.002875339442088099
60.60000000000059 0.002875339442088099
60.70000000000059 0.002875339442088099
60.80000000000059 0.002875339442088099
60.9000000000006 0.002875339442088099
61.0000000000006 0.002875339442088099
61.1000000000006 0.002875339442088098
61.2000000000006 0.002875339442088099
61.3000000000006 0.002875339442088099
61.4000000000006 0.002875339442088099
61.5000000000006 0.002875339442088099
61.60000000000061 0.002875339442088099
61.70000000000061 0.002875339442088099
61.80000000000061 0.0028753394420881
61.90000000000061 0.002875339442088099
62.00000000000061 0.0028753394420881
62.10000000000061 0.0028753394420881
62.20000000000061 0.0028753394420881
62.30000000000062 0.0028753394420881
62.40000000000062 0.0028753394420881
62.50000000000062 0.002875339442088099
62.60000000000062 0.0028753394420881
62.70000000000062 0.0028753394420881
62.80000000000062 0.0028753394420881
62.90000000000062 0.002875339442088099
63.00000000000063 0.002875339442088099
63.10000000000063 0.002875339442088099
63.20000000000063 0.002875339442088099
63.30000000000063 0.002875339442088099
63.40000000000063 0.002875339442088099
63.50000000000063 0.002875339442088099
63.60000000000063 0.002875339442088099
63.70000000000064 0.002875339442088099
63.80000000000064 0.002875339442088099
63.90000000000064 0.002875339442088099
64.00000000000064 0.002875339442088098
64.10000000000063 0.002875339442088098
64.20000000000063 0.002875339442088098
64.30000000000062 0.002875339442088099
64.40000000000062 0.002875339442088099
64.50000000000061 0.002875339442088099
64.60000000000061 0.002875339442088099
64.7000000000006 0.0028753394420881
64.80000000000059 0.002875339442088099
64.90000000000059 0.002875339442088098
65.00000000000058 0.002875339442088097
65.10000000000058 0.002875339442088098
65.20000000000057 0.002875339442088098
65.30000000000057 0.002875339442088098
65.40000000000056 0.002875339442088097
65.50000000000055 0.002875339442088097
65.60000000000055 0.002875339442088097
65.70000000000054 0.002875339442088097
65.80000000000054 0.002875339442088098
65.90000000000053 0.002875339442088098
66.00000000000053 0.002875339442088097
66.10000000000052 0.002875339442088098
66.20000000000051 0.002875339442088097
66.30000000000051 0.002875339442088098
66.4000000000005 0.002875339442088098
66.5000000000005 0.002875339442088098
66.60000000000049 0.002875339442088098
66.70000000000049 0.002875339442088099
66.80000000000048 0.002875339442088098
66.90000000000047 0.002875339442088098
67.00000000000047 0.002875339442088098
67.10000000000046 0.002875339442088098
67.20000000000046 0.002875339442088098
67.30000000000045 0.002875339442088098
67.40000000000045 0.002875339442088098
67.50000000000044 0.002875339442088098
67.60000000000043 0.002875339442088099
67.70000000000043 0.002875339442088099
67.80000000000042 0.002875339442088098
67.90000000000042 0.002875339442088099
68.00000000000041 0.002875339442088099
68.10000000000041 0.002875339442088099
68.2000000000004 0.002875339442088099
68.3000000000004 0.002875339442088098
68.40000000000039 0.002875339442088099
68.50000000000038 0.002875339442088099
68.60000000000038 0.002875339442088098
68.70000000000037 0.002875339442088099
68.80000000000037 0.002875339442088099
68.90000000000036 0.002875339442088099
69.00000000000036 0.002875339442088099
69.10000000000035 0.002875339442088098
69.20000000000034 0.002875339442088098
69.30000000000034 0.002875339442088099
69.40000000000033 0.002875339442088099
69.50000000000033 0.002875339442088099
69.60000000000032 0.002875339442088099
69.70000000000032 0.002875339442088099
69.80000000000031 0.002875339442088099
69.9000000000003 0.002875339442088099
70.0000000000003 0.002875339442088099
70.10000000000029 0.0028753394420881
70.20000000000029 0.002875339442088099
70.30000000000028 0.002875339442088099
70.40000000000028 0.0028753394420881
70.50000000000027 0.002875339442088099
70.60000000000026 0.0028753394420881
70.70000000000026 0.002875339442088099
70.80000000000025 0.002875339442088099
70.90000000000025 0.002875339442088099
71.00000000000024 0.002875339442088099
71.10000000000024 0.002875339442088099
71.20000000000023 0.0028753394420881
71.30000000000022 0.0028753394420881
71.40000000000022 0.002875339442088099
71.50000000000021 0.002875339442088099
71.60000000000021 0.002875339442088099
71.7000000000002 0.002875339442088099
71.8000000000002 0.002875339442088099
71.90000000000019 0.002875339442088099
72.00000000000018 0.002875339442088099
72.10000000000018 0.002875339442088099
72.20000000000017 0.0028753394420881
72.30000000000017 0.0028753394420881
72.40000000000016 0.0028753394420881
72.50000000000016 0.002875339442088101
72.60000000000015 0.0028753394420881
72.70000000000014 0.002875339442088101
72.80000000000014 0.002875339442088101
72.90000000000013 0.002875339442088101
73.00000000000013 0.002875339442088101
73.10000000000012 0.002875339442088101
73.20000000000012 0.0028753394420881
73.30000000000011 0.0028753394420881
73.40000000000011 0.0028753394420881
73.5000000000001 0.0028753394420881
73.60000000000009 0.0028753394420881
73.70000000000009 0.0028753394420881
73.80000000000008 0.0028753394420881
73.90000000000008 0.002875339442088099
74.00000000000007 0.002875339442088099
74.10000000000007 0.0028753394420881
74.20000000000006 0.0028753394420881
74.30000000000005 0.002875339442088099
74.40000000000005 0.0028753394420881
74.50000000000004 0.002875339442088099
74.60000000000004 0.002875339442088099
74.70000000000003 0.002875339442088099
74.80000000000003 0.002875339442088099
74.90000000000002 0.0028753394420881
75.00000000000001 0.0028753394420881
75.10000000000001 0.0028753394420881
75.2 0.0028753394420881
75.3 0.0028753394420881
75.39999999999999 0.002875339442088099
75.49999999999999 0.0028753394420881
75.59999999999998 0.002875339442088101
75.69999999999997 0.0028753394420881
75.79999999999997 0.002875339442088101
75.89999999999996 0.0028753394420881
75.99999999999996 0.0028753394420881
76.09999999999995 0.0028753394420881
76.19999999999995 0.0028753394420881
76.29999999999994 0.0028753394420881
76.39999999999993 0.0028753394420881
76.49999999999993 0.0028753394420881
76.59999999999992 0.002875339442088101
76.69999999999992 0.002875339442088101
76.79999999999991 0.0028753394420881
76.89999999999991 0.002875339442088101
76.9999999999999 0.002875339442088101
77.09999999999989 0.002875339442088101
77.19999999999989 0.002875339442088101
77.29999999999988 0.002875339442088101
77.39999999999988 0.002875339442088102
77.49999999999987 0.002875339442088102
77.59999999999987 0.002875339442088101
77.69999999999986 0.002875339442088101
77.79999999999986 0.002875339442088101
77.89999999999985 0.002875339442088101
77.99999999999984 0.002875339442088101
78.09999999999984 0.002875339442088102
78.19999999999983 0.002875339442088101
78.29999999999983 0.002875339442088101
78.39999999999982 0.002875339442088101
78.49999999999982 0.002875339442088102
78.59999999999981 0.002875339442088102
78.6999999999998 0.002875339442088102
78.7999999999998 0.002875339442088101
78.89999999999979 0.002875339442088101
78.99999999999979 0.0028753394420881
79.09999999999978 0.002875339442088101
79.19999999999978 0.002875339442088101
79.29999999999977 0.002875339442088101
79.39999999999976 0.0028753394420881
79.49999999999976 0.0028753394420881
79.59999999999975 0.002875339442088101
79.69999999999975 0.002875339442088101
79.79999999999974 0.002875339442088101
79.89999999999974 0.002875339442088101
79.99999999999973 0.0028753394420881
80.09999999999972 0.0028753394420881
80.19999999999972 0.0028753394420881
80.29999999999971 0.002875339442088099
80.39999999999971 0.002875339442088099
80.4999999999997 0.0028753394420881
80.5999999999997 0.002875339442088099
80.69999999999969 0.0028753394420881
80.79999999999968 0.002875339442088099
80.89999999999968 0.002875339442088099
80.99999999999967 0.002875339442088099
81.09999999999967 0.002875339442088099
81.19999999999966 0.002875339442088099
81.29999999999966 0.002875339442088099
81.39999999999965 0.0028753394420881
81.49999999999964 0.0028753394420881
81.59999999999964 0.0028753394420881
81.69999999999963 0.0028753394420881
81.79999999999963 0.0028753394420881
81.89999999999962 0.002875339442088099
81.99999999999962 0.0028753394420881
82.09999999999961 0.002875339442088099
82.1999999999996 0.002875339442088099
82.2999999999996 0.002875339442088098
82.39999999999959 0.002875339442088098
82.49999999999959 0.002875339442088098
82.59999999999958 0.002875339442088098
82.69999999999958 0.002875339442088098
82.79999999999957 0.002875339442088098
82.89999999999957 0.002875339442088097
82.99999999999956 0.002875339442088098
83.09999999999955 0.002875339442088097
83.19999999999955 0.002875339442088097
83.29999999999954 0.002875339442088096
83.39999999999954 0.002875339442088097
83.49999999999953 0.002875339442088096
83.59999999999953 0.002875339442088096
83.69999999999952 0.002875339442088097
83.79999999999951 0.002875339442088097
83.89999999999951 0.002875339442088096
83.9999999999995 0.002875339442088096
84.0999999999995 0.002875339442088096
84.19999999999949 0.002875339442088095
84.29999999999949 0.002875339442088096
84.39999999999948 0.002875339442088095
84.49999999999947 0.002875339442088096
84.59999999999947 0.002875339442088096
84.69999999999946 0.002875339442088096
84.79999999999946 0.002875339442088096
84.89999999999945 0.002875339442088096
84.99999999999945 0.002875339442088096
85.09999999999944 0.002875339442088095
85.19999999999943 0.002875339442088095
85.29999999999943 0.002875339442088095
85.39999999999942 0.002875339442088095
85.49999999999942 0.002875339442088096
85.59999999999941 0.002875339442088097
85.69999999999941 0.002875339442088097
85.7999999999994 0.002875339442088096
85.89999999999939 0.002875339442088097
85.99999999999939 0.002875339442088096
86.09999999999938 0.002875339442088097
86.19999999999938 0.002875339442088097
86.29999999999937 0.002875339442088097
86.39999999999937 0.002875339442088097
86.49999999999936 0.002875339442088096
86.59999999999935 0.002875339442088097
86.69999999999935 0.002875339442088097
86.79999999999934 0.002875339442088096
86.89999999999934 0.002875339442088096
86.99999999999933 0.002875339442088096
87.09999999999933 0.002875339442088096
87.19999999999932 0.002875339442088097
87.29999999999932 0.002875339442088097
87.39999999999931 0.002875339442088097
87.4999999999993 0.002875339442088097
87.5999999999993 0.002875339442088097
87.69999999999929 0.002875339442088097
87.79999999999929 0.002875339442088098
87.89999999999928 0.002875339442088099
87.99999999999928 0.002875339442088099
88.09999999999927 0.002875339442088098
88.19999999999926 0.002875339442088097
88.29999999999926 0.002875339442088097
88.39999999999925 0.002875339442088098
88.49999999999925 0.002875339442088098
88.59999999999924 0.002875339442088098
88.69999999999924 0.002875339442088098
88.79999999999923 0.002875339442088098
88.89999999999922 0.002875339442088097
88.99999999999922 0.002875339442088098
89.09999999999921 0.002875339442088097
89.19999999999921 0.002875339442088098
89.2999999999992 0.002875339442088097
89.3999999999992 0.002875339442088098
89.49999999999919 0.002875339442088098
89.59999999999918 0.002875339442088099
89.69999999999918 0.002875339442088098
89.79999999999917 0.002875339442088099
89.89999999999917 0.002875339442088099
89.99999999999916 0.002875339442088098
90.09999999999916 0.002875339442088099
90.19999999999915 0.002875339442088099
90.29999999999914 0.002875339442088099
90.39999999999914 0.002875339442088099
90.49999999999913 0.002875339442088099
90.59999999999913 0.002875339442088099
90.69999999999912 0.002875339442088099
90.79999999999912 0.002875339442088099
90.89999999999911 0.002875339442088098
90.9999999999991 0.002875339442088099
91.0999999999991 0.002875339442088099
91.19999999999909 0.002875339442088098
91.29999999999909 0.002875339442088098
91.39999999999908 0.002875339442088099
91.49999999999908 0.002875339442088098
91.59999999999907 0.002875339442088098
91.69999999999906 0.002875339442088098
91.79999999999906 0.002875339442088098
91.89999999999905 0.002875339442088098
91.99999999999905 0.002875339442088098
92.09999999999904 0.002875339442088097
92.19999999999904 0.002875339442088098
92.29999999999903 0.002875339442088097
92.39999999999903 0.002875339442088099
92.49999999999902 0.002875339442088098
92.59999999999901 0.002875339442088099
92.69999999999901 0.002875339442088099
92.799999999999 0.002875339442088098
92.899999999999 0.002875339442088098
92.99999999999899 0.002875339442088098
93.09999999999899 0.002875339442088098
93.19999999999898 0.002875339442088099
93.29999999999897 0.002875339442088099
93.39999999999897 0.002875339442088099
93.49999999999896 0.002875339442088099
93.59999999999896 0.002875339442088099
93.69999999999895 0.002875339442088098
93.79999999999895 0.002875339442088098
93.89999999999894 0.002875339442088098
93.99999999999893 0.002875339442088098
94.09999999999893 0.002875339442088098
94.19999999999892 0.002875339442088098
94.29999999999892 0.002875339442088099
94.39999999999891 0.002875339442088098
94.49999999999891 0.002875339442088098
94.5999999999989 0.002875339442088099
94.69999999999889 0.002875339442088098
94.79999999999889 0.002875339442088098
94.89999999999888 0.002875339442088099
94.99999999999888 0.002875339442088099
95.09999999999887 0.002875339442088099
95.19999999999887 0.002875339442088099
95.29999999999886 0.002875339442088098
95.39999999999885 0.002875339442088099
95.49999999999885 0.002875339442088099
95.59999999999884 0.002875339442088099
95.69999999999884 0.002875339442088099
95.79999999999883 0.002875339442088099
95.89999999999883 0.002875339442088099
95.99999999999882 0.002875339442088099
96.09999999999881 0.0028753394420881
96.19999999999881 0.0028753394420881
96.2999999999988 0.0028753394420881
96.3999999999988 0.0028753394420881
96.49999999999879 0.0028753394420881
96.59999999999879 0.0028753394420881
96.69999999999878 0.0028753394420881
96.79999999999878 0.0028753394420881
96.89999999999877 0.0028753394420881
96.99999999999876 0.0028753394420881
97.09999999999876 0.002875339442088099
97.19999999999875 0.002875339442088099
97.29999999999875 0.002875339442088099
97.39999999999874 0.002875339442088099
97.49999999999874 0.002875339442088099
97.59999999999873 0.0028753394420881
97.69999999999872 0.002875339442088099
97.79999999999872 0.0028753394420881
97.89999999999871 0.0028753394420881
97.99999999999871 0.0028753394420881
98.0999999999987 0.0028753394420881
98.1999999999987 0.002875339442088101
98.29999999999869 0.002875339442088102
98.39999999999868 0.002875339442088102
98.49999999999868 0.002875339442088102
98.59999999999867 0.002875339442088102
98.69999999999867 0.002875339442088102
98.79999999999866 0.002875339442088102
98.89999999999866 0.002875339442088102
98.99999999999865 0.002875339442088102
99.09999999999864 0.002875339442088102
99.19999999999864 0.002875339442088102
99.29999999999863 0.002875339442088102
99.39999999999863 0.002875339442088102
99.49999999999862 0.002875339442088102
99.59999999999862 0.002875339442088102
99.69999999999861 0.002875339442088102
99.7999999999986 0.002875339442088101
99.8999999999986 0.002875339442088102
99.99999999999859 0.002875339442088102
100.0999999999986 0.002875339442088102
