0 -9.688276749999999e-05
0.1 -9.688328232627041e-05
0.2 -9.68835686675625e-05
0.3 -9.688364049179637e-05
0.4 -9.688350126239608e-05
0.5 -9.688314425090454e-05
0.6 -9.68825519278589e-05
0.7 -9.688169434151469e-05
0.7999999999999999 -9.688052623720689e-05
0.8999999999999999 -9.68789824563796e-05
0.9999999999999999 -9.687697082811751e-05
1.1 -9.687436123246239e-05
1.2 -9.687096859980592e-05
1.3 -9.6866525979127e-05
1.4 -9.686064078679754e-05
1.5 -9.68527215248603e-05
1.6 -9.684185052269661e-05
1.7 -9.682655337207005e-05
1.8 -9.680435975432285e-05
1.900000000000001 -9.677091540952615e-05
2 -9.671805139568071e-05
2.100000000000001 -9.662919091779573e-05
2.200000000000001 -9.646709103152269e-05
2.300000000000001 -9.613573114877733e-05
2.400000000000001 -9.533347993322268e-05
2.500000000000001 -9.276685472835592e-05
2.600000000000001 -7.850508781465923e-05
2.700000000000001 0.0003834127726838465
2.800000000000001 0.002219312514727872
2.900000000000001 0.002140073917562529
3.000000000000001 0.00213411927036684
3.100000000000001 0.002132797229848565
3.200000000000002 0.002132347211476621
3.300000000000002 0.002132153471526207
3.400000000000002 0.002132056597408233
3.500000000000002 0.002132002847033908
3.600000000000002 0.002131970648028427
3.700000000000002 0.002131950189734512
3.800000000000002 0.002131936570260993
3.900000000000002 0.002131927153231308
4.000000000000002 0.002131920434139158
4.100000000000001 0.002131915511475856
4.200000000000001 0.002131911822507072
4.300000000000001 0.002131909003534606
4.4 0.002131906812350903
4.5 0.002131905083394852
4.6 0.002131903700874656
4.699999999999999 0.002131902582146877
4.799999999999999 0.002131901667149766
4.899999999999999 0.002131900911518205
4.999999999999998 0.002131900281997526
5.099999999999998 0.002131899753327335
5.199999999999998 0.002131899306085707
5.299999999999997 0.002131898925173135
5.399999999999997 0.002131898598730305
5.499999999999996 0.002131898317354855
5.599999999999996 0.002131898073527292
5.699999999999996 0.00213189786118527
5.799999999999995 0.002131897675404434
5.899999999999995 0.002131897512156735
5.999999999999995 0.00213189736812569
6.099999999999994 0.002131897240563909
6.199999999999994 0.002131897127182316
6.299999999999994 0.002131897026063364
6.399999999999993 0.002131896935592523
6.499999999999993 0.002131896854403846
6.599999999999993 0.002131896781336429
6.699999999999992 0.002131896715399371
6.799999999999992 0.002131896655743423
6.899999999999991 0.002131896601637909
6.999999999999991 0.002131896552451845
7.099999999999991 0.002131896507638428
7.19999999999999 0.00213189646672221
7.29999999999999 0.002131896429288472
7.39999999999999 0.002131896394974353
7.499999999999989 0.002131896363461447
7.599999999999989 0.00213189633446957
7.699999999999989 0.002131896307751513
7.799999999999988 0.002131896283088602
7.899999999999988 0.002131896260286925
7.999999999999988 0.002131896239174122
8.099999999999987 0.002131896219596643
8.199999999999987 0.002131896201417393
8.299999999999986 0.002131896184513711
8.399999999999986 0.002131896168775628
8.499999999999986 0.002131896154104361
8.599999999999985 0.002131896140411005
8.699999999999985 0.002131896127615406
8.799999999999985 0.002131896115645161
8.899999999999984 0.002131896104434769
8.999999999999984 0.002131896093924869
9.099999999999984 0.002131896084061579
9.199999999999983 0.002131896074795917
9.299999999999983 0.002131896066083287
9.399999999999983 0.002131896057883029
9.499999999999982 0.002131896050158016
9.599999999999982 0.002131896042874307
9.699999999999982 0.002131896036000828
9.799999999999981 0.002131896029509095
9.899999999999981 0.002131896023372963
9.99999999999998 0.002131896017568409
10.09999999999998 0.002131896012073332
10.19999999999998 0.002131896006867374
10.29999999999998 0.002131896001931765
10.39999999999998 0.002131895997249177
10.49999999999998 0.0021318959928036
10.59999999999998 0.002131895988580223
10.69999999999998 0.002131895984565333
10.79999999999998 0.00213189598074622
10.89999999999998 0.002131895977111093
10.99999999999998 0.002131895973649003
11.09999999999998 0.002131895970349773
11.19999999999998 0.002131895967203937
11.29999999999998 0.002131895964202681
11.39999999999998 0.002131895961337793
11.49999999999998 0.002131895958601613
11.59999999999997 0.002131895955986992
11.69999999999997 0.002131895953487254
11.79999999999997 0.002131895951096155
11.89999999999997 0.002131895948807859
11.99999999999997 0.002131895946616896
12.09999999999997 0.002131895944518146
12.19999999999997 0.002131895942506807
12.29999999999997 0.002131895940578375
12.39999999999997 0.002131895938728622
12.49999999999997 0.002131895936953575
12.59999999999997 0.002131895935249499
12.69999999999997 0.002131895933612883
12.79999999999997 0.00213189593204042
12.89999999999997 0.002131895930528996
12.99999999999997 0.00213189592907568
13.09999999999997 0.002131895927677702
13.19999999999997 0.002131895926332456
13.29999999999997 0.002131895925037476
13.39999999999997 0.002131895923790439
13.49999999999997 0.002131895922589144
13.59999999999997 0.002131895921431513
13.69999999999997 0.002131895920315579
13.79999999999997 0.002131895919239482
13.89999999999997 0.00213189591820146
13.99999999999997 0.002131895917199843
14.09999999999997 0.00213189591623305
14.19999999999997 0.00213189591529958
14.29999999999997 0.002131895914398008
14.39999999999996 0.002131895913526984
14.49999999999996 0.002131895912685224
14.59999999999996 0.00213189591187151
14.69999999999996 0.002131895911084684
14.79999999999996 0.002131895910323644
14.89999999999996 0.002131895909587342
14.99999999999996 0.00213189590887478
15.09999999999996 0.00213189590818501
15.19999999999996 0.002131895907517127
15.29999999999996 0.00213189590687027
15.39999999999996 0.002131895906243618
15.49999999999996 0.002131895905636388
15.59999999999996 0.002131895905047834
15.69999999999996 0.002131895904477241
15.79999999999996 0.002131895903923931
15.89999999999996 0.002131895903387255
15.99999999999996 0.002131895902866592
16.09999999999996 0.002131895902361348
16.19999999999996 0.002131895901870958
16.29999999999996 0.002131895901394879
16.39999999999996 0.002131895900932594
16.49999999999996 0.002131895900483605
16.59999999999997 0.002131895900047438
16.69999999999997 0.002131895899623639
16.79999999999997 0.002131895899211772
16.89999999999997 0.002131895898811421
16.99999999999997 0.002131895898422185
17.09999999999997 0.002131895898043681
17.19999999999997 0.002131895897675544
17.29999999999998 0.002131895897317419
17.39999999999998 0.002131895896968968
17.49999999999998 0.002131895896629867
17.59999999999998 0.002131895896299805
17.69999999999998 0.002131895895978481
17.79999999999998 0.00213189589566561
17.89999999999998 0.002131895895360915
17.99999999999999 0.00213189589506413
18.09999999999999 0.002131895894775
18.19999999999999 0.002131895894493281
18.29999999999999 0.002131895894218736
18.39999999999999 0.002131895893951137
18.49999999999999 0.002131895893690268
18.59999999999999 0.002131895893435916
18.7 0.002131895893187883
18.8 0.00213189589294597
18.9 0.002131895892709992
19 0.002131895892479765
19.1 0.002131895892255119
19.2 0.002131895892035882
19.3 0.002131895891821895
19.40000000000001 0.002131895891612999
19.50000000000001 0.002131895891409046
19.60000000000001 0.002131895891209889
19.70000000000001 0.002131895891015389
19.80000000000001 0.00213189589082541
19.90000000000001 0.002131895890639821
20.00000000000001 0.002131895890458496
20.10000000000002 0.002131895890281314
20.20000000000002 0.002131895890108158
20.30000000000002 0.002131895889938913
20.40000000000002 0.002131895889773469
20.50000000000002 0.002131895889611721
20.60000000000002 0.002131895889453565
20.70000000000002 0.002131895889298904
20.80000000000003 0.002131895889147639
20.90000000000003 0.002131895888999679
21.00000000000003 0.002131895888854935
21.10000000000003 0.002131895888713319
21.20000000000003 0.002131895888574746
21.30000000000003 0.002131895888439136
21.40000000000003 0.00213189588830641
21.50000000000004 0.002131895888176493
21.60000000000004 0.002131895888049309
21.70000000000004 0.002131895887924787
21.80000000000004 0.002131895887802858
21.90000000000004 0.002131895887683455
22.00000000000004 0.002131895887566513
22.10000000000004 0.002131895887451969
22.20000000000005 0.002131895887339761
22.30000000000005 0.00213189588722983
22.40000000000005 0.002131895887122119
22.50000000000005 0.002131895887016573
22.60000000000005 0.002131895886913137
22.70000000000005 0.002131895886811757
22.80000000000005 0.002131895886712385
22.90000000000006 0.00213189588661497
23.00000000000006 0.002131895886519464
23.10000000000006 0.002131895886425821
23.20000000000006 0.002131895886333994
23.30000000000006 0.002131895886243943
23.40000000000006 0.002131895886155622
23.50000000000006 0.00213189588606899
23.60000000000007 0.002131895885984008
23.70000000000007 0.002131895885900636
23.80000000000007 0.002131895885818837
23.90000000000007 0.002131895885738573
24.00000000000007 0.002131895885659808
24.10000000000007 0.002131895885582509
24.20000000000007 0.00213189588550664
24.30000000000008 0.002131895885432168
24.40000000000008 0.002131895885359063
24.50000000000008 0.002131895885287293
24.60000000000008 0.002131895885216826
24.70000000000008 0.002131895885147635
24.80000000000008 0.002131895885079691
24.90000000000008 0.002131895885012964
25.00000000000009 0.002131895884947428
25.10000000000009 0.002131895884883056
25.20000000000009 0.002131895884819822
25.30000000000009 0.002131895884757704
25.40000000000009 0.002131895884696675
25.50000000000009 0.002131895884636712
25.60000000000009 0.002131895884577791
25.7000000000001 0.002131895884519889
25.8000000000001 0.002131895884462985
25.9000000000001 0.002131895884407058
26.0000000000001 0.002131895884352085
26.1000000000001 0.00213189588429805
26.2000000000001 0.002131895884244928
26.3000000000001 0.002131895884192703
26.40000000000011 0.002131895884141356
26.50000000000011 0.002131895884090867
26.60000000000011 0.00213189588404122
26.70000000000011 0.002131895883992396
26.80000000000011 0.002131895883944379
26.90000000000011 0.002131895883897152
27.00000000000011 0.0021318958838507
27.10000000000012 0.002131895883805005
27.20000000000012 0.002131895883760053
27.30000000000012 0.002131895883715827
27.40000000000012 0.002131895883672315
27.50000000000012 0.002131895883629502
27.60000000000012 0.002131895883587374
27.70000000000012 0.002131895883545917
27.80000000000013 0.002131895883505118
27.90000000000013 0.002131895883464964
28.00000000000013 0.002131895883425442
28.10000000000013 0.002131895883386539
28.20000000000013 0.002131895883348243
28.30000000000013 0.002131895883310544
28.40000000000013 0.002131895883273429
28.50000000000014 0.002131895883236886
28.60000000000014 0.002131895883200906
28.70000000000014 0.002131895883165477
28.80000000000014 0.002131895883130588
28.90000000000014 0.002131895883096231
29.00000000000014 0.002131895883062393
29.10000000000014 0.002131895883029066
29.20000000000014 0.002131895882996239
29.30000000000015 0.002131895882963905
29.40000000000015 0.002131895882932052
29.50000000000015 0.002131895882900673
29.60000000000015 0.002131895882869759
29.70000000000015 0.002131895882839301
29.80000000000015 0.002131895882809291
29.90000000000015 0.002131895882779721
30.00000000000016 0.002131895882750582
30.10000000000016 0.002131895882721866
30.20000000000016 0.002131895882693567
30.30000000000016 0.002131895882665675
30.40000000000016 0.002131895882638185
30.50000000000016 0.002131895882611089
30.60000000000016 0.00213189588258438
30.70000000000017 0.002131895882558051
30.80000000000017 0.002131895882532095
30.90000000000017 0.002131895882506506
31.00000000000017 0.002131895882481277
31.10000000000017 0.002131895882456402
31.20000000000017 0.002131895882431875
31.30000000000017 0.00213189588240769
31.40000000000018 0.00213189588238384
31.50000000000018 0.002131895882360321
31.60000000000018 0.002131895882337126
31.70000000000018 0.002131895882314249
31.80000000000018 0.002131895882291685
31.90000000000018 0.002131895882269429
32.00000000000018 0.002131895882247477
32.10000000000019 0.002131895882225821
32.20000000000019 0.002131895882204459
32.30000000000019 0.002131895882183384
32.40000000000019 0.002131895882162592
32.50000000000019 0.002131895882142077
32.60000000000019 0.002131895882121837
32.70000000000019 0.002131895882101865
32.8000000000002 0.002131895882082157
32.9000000000002 0.00213189588206271
33.0000000000002 0.002131895882043518
33.1000000000002 0.002131895882024578
33.2000000000002 0.002131895882005885
33.3000000000002 0.002131895881987436
33.4000000000002 0.002131895881969226
33.50000000000021 0.002131895881951253
33.60000000000021 0.002131895881933511
33.70000000000021 0.002131895881915997
33.80000000000021 0.002131895881898707
33.90000000000021 0.002131895881881638
34.00000000000021 0.002131895881864787
34.10000000000021 0.002131895881848149
34.20000000000022 0.002131895881831722
34.30000000000022 0.002131895881815502
34.40000000000022 0.002131895881799485
34.50000000000022 0.002131895881783671
34.60000000000022 0.002131895881768053
34.70000000000022 0.00213189588175263
34.80000000000022 0.002131895881737398
34.90000000000023 0.002131895881722356
35.00000000000023 0.002131895881707498
35.10000000000023 0.002131895881692824
35.20000000000023 0.002131895881678329
35.30000000000023 0.002131895881664012
35.40000000000023 0.002131895881649869
35.50000000000023 0.002131895881635899
35.60000000000024 0.002131895881622097
35.70000000000024 0.002131895881608462
35.80000000000024 0.002131895881594991
35.90000000000024 0.002131895881581682
36.00000000000024 0.002131895881568533
36.10000000000024 0.002131895881555541
36.20000000000024 0.002131895881542703
36.30000000000025 0.002131895881530016
36.40000000000025 0.002131895881517481
36.50000000000025 0.002131895881505093
36.60000000000025 0.002131895881492852
36.70000000000025 0.002131895881480753
36.80000000000025 0.002131895881468796
36.90000000000025 0.002131895881456979
37.00000000000026 0.002131895881445298
37.10000000000026 0.002131895881433753
37.20000000000026 0.002131895881422342
37.30000000000026 0.002131895881411062
37.40000000000026 0.002131895881399912
37.50000000000026 0.00213189588138889
37.60000000000026 0.002131895881377993
37.70000000000027 0.002131895881367221
37.80000000000027 0.002131895881356571
37.90000000000027 0.002131895881346041
38.00000000000027 0.002131895881335631
38.10000000000027 0.002131895881325337
38.20000000000027 0.002131895881315159
38.30000000000027 0.002131895881305096
38.40000000000028 0.002131895881295144
38.50000000000028 0.002131895881285303
38.60000000000028 0.002131895881275572
38.70000000000028 0.002131895881265948
38.80000000000028 0.002131895881256431
38.90000000000028 0.002131895881247018
39.00000000000028 0.00213189588123771
39.10000000000029 0.002131895881228503
39.20000000000029 0.002131895881219396
39.30000000000029 0.002131895881210389
39.40000000000029 0.002131895881201479
39.50000000000029 0.002131895881192667
39.60000000000029 0.002131895881183949
39.70000000000029 0.002131895881175324
39.8000000000003 0.002131895881166793
39.9000000000003 0.002131895881158353
40.0000000000003 0.002131895881150004
40.1000000000003 0.002131895881141745
40.2000000000003 0.002131895881133572
40.3000000000003 0.002131895881125487
40.4000000000003 0.002131895881117487
40.50000000000031 0.002131895881109571
40.60000000000031 0.002131895881101738
40.70000000000031 0.002131895881093988
40.80000000000031 0.002131895881086319
40.90000000000031 0.00213189588107873
41.00000000000031 0.002131895881071219
41.10000000000031 0.002131895881063787
41.20000000000032 0.002131895881056432
41.30000000000032 0.002131895881049152
41.40000000000032 0.002131895881041948
41.50000000000032 0.002131895881034818
41.60000000000032 0.002131895881027762
41.70000000000032 0.002131895881020777
41.80000000000032 0.002131895881013863
41.90000000000033 0.00213189588100702
42.00000000000033 0.002131895881000246
42.10000000000033 0.002131895880993541
42.20000000000033 0.002131895880986904
42.30000000000033 0.002131895880980333
42.40000000000033 0.002131895880973829
42.50000000000033 0.00213189588096739
42.60000000000034 0.002131895880961015
42.70000000000034 0.002131895880954704
42.80000000000034 0.002131895880948455
42.90000000000034 0.002131895880942269
43.00000000000034 0.002131895880936143
43.10000000000034 0.002131895880930078
43.20000000000034 0.002131895880924073
43.30000000000035 0.002131895880918127
43.40000000000035 0.002131895880912239
43.50000000000035 0.002131895880906408
43.60000000000035 0.002131895880900635
43.70000000000035 0.002131895880894917
43.80000000000035 0.002131895880889255
43.90000000000035 0.002131895880883648
44.00000000000036 0.002131895880878096
44.10000000000036 0.002131895880872597
44.20000000000036 0.00213189588086715
44.30000000000036 0.002131895880861757
44.40000000000036 0.002131895880856414
44.50000000000036 0.002131895880851122
44.60000000000036 0.002131895880845881
44.70000000000037 0.00213189588084069
44.80000000000037 0.002131895880835548
44.90000000000037 0.002131895880830455
45.00000000000037 0.002131895880825409
45.10000000000037 0.002131895880820411
45.20000000000037 0.002131895880815459
45.30000000000037 0.002131895880810554
45.40000000000038 0.002131895880805695
45.50000000000038 0.002131895880800881
45.60000000000038 0.002131895880796112
45.70000000000038 0.002131895880791388
45.80000000000038 0.002131895880786707
45.90000000000038 0.002131895880782069
46.00000000000038 0.002131895880777474
46.10000000000039 0.002131895880772922
46.20000000000039 0.00213189588076841
46.30000000000039 0.00213189588076394
46.40000000000039 0.002131895880759511
46.50000000000039 0.002131895880755122
46.60000000000039 0.002131895880750774
46.70000000000039 0.002131895880746464
46.8000000000004 0.002131895880742194
46.9000000000004 0.002131895880737962
47.0000000000004 0.002131895880733768
47.1000000000004 0.002131895880729612
47.2000000000004 0.002131895880725494
47.3000000000004 0.002131895880721412
47.4000000000004 0.002131895880717367
47.50000000000041 0.002131895880713357
47.60000000000041 0.002131895880709383
47.70000000000041 0.002131895880705444
47.80000000000041 0.00213189588070154
47.90000000000041 0.002131895880697671
48.00000000000041 0.002131895880693836
48.10000000000041 0.002131895880690034
48.20000000000041 0.002131895880686266
48.30000000000042 0.002131895880682531
48.40000000000042 0.002131895880678828
48.50000000000042 0.002131895880675157
48.60000000000042 0.002131895880671518
48.70000000000042 0.002131895880667911
48.80000000000042 0.002131895880664335
48.90000000000042 0.00213189588066079
49.00000000000043 0.002131895880657276
49.10000000000043 0.002131895880653792
49.20000000000043 0.002131895880650339
49.30000000000043 0.002131895880646914
49.40000000000043 0.002131895880643519
49.50000000000043 0.002131895880640152
49.60000000000043 0.002131895880636815
49.70000000000044 0.002131895880633506
49.80000000000044 0.002131895880630224
49.90000000000044 0.002131895880626971
50.00000000000044 0.002131895880623744
50.10000000000044 0.002131895880620546
50.20000000000044 0.002131895880617373
50.30000000000044 0.002131895880614227
50.40000000000045 0.002131895880611109
50.50000000000045 0.002131895880608016
50.60000000000045 0.002131895880604949
50.70000000000045 0.002131895880601907
50.80000000000045 0.002131895880598889
50.90000000000045 0.002131895880595898
51.00000000000045 0.002131895880592931
51.10000000000046 0.002131895880589988
51.20000000000046 0.002131895880587071
51.30000000000046 0.002131895880584176
51.40000000000046 0.002131895880581305
51.50000000000046 0.002131895880578458
51.60000000000046 0.002131895880575634
51.70000000000046 0.002131895880572834
51.80000000000047 0.002131895880570055
51.90000000000047 0.0021318958805673
52.00000000000047 0.002131895880564567
52.10000000000047 0.002131895880561856
52.20000000000047 0.002131895880559167
52.30000000000047 0.002131895880556499
52.40000000000047 0.002131895880553852
52.50000000000048 0.002131895880551227
52.60000000000048 0.002131895880548623
52.70000000000048 0.002131895880546039
52.80000000000048 0.002131895880543477
52.90000000000048 0.002131895880540934
53.00000000000048 0.002131895880538412
53.10000000000048 0.00213189588053591
53.20000000000049 0.002131895880533428
53.30000000000049 0.002131895880530966
53.40000000000049 0.002131895880528522
53.50000000000049 0.002131895880526099
53.60000000000049 0.002131895880523694
53.70000000000049 0.002131895880521308
53.80000000000049 0.00213189588051894
53.9000000000005 0.002131895880516591
54.0000000000005 0.00213189588051426
54.1000000000005 0.002131895880511947
54.2000000000005 0.002131895880509652
54.3000000000005 0.002131895880507375
54.4000000000005 0.002131895880505116
54.5000000000005 0.002131895880502874
54.60000000000051 0.002131895880500648
54.70000000000051 0.002131895880498441
54.80000000000051 0.00213189588049625
54.90000000000051 0.002131895880494076
55.00000000000051 0.002131895880491918
55.10000000000051 0.002131895880489777
55.20000000000051 0.002131895880487652
55.30000000000052 0.002131895880485543
55.40000000000052 0.00213189588048345
55.50000000000052 0.002131895880481373
55.60000000000052 0.002131895880479312
55.70000000000052 0.002131895880477266
55.80000000000052 0.002131895880475236
55.90000000000052 0.00213189588047322
56.00000000000053 0.00213189588047122
56.10000000000053 0.002131895880469235
56.20000000000053 0.002131895880467265
56.30000000000053 0.002131895880465308
56.40000000000053 0.002131895880463366
56.50000000000053 0.00213189588046144
56.60000000000053 0.002131895880459528
56.70000000000054 0.00213189588045763
56.80000000000054 0.002131895880455745
56.90000000000054 0.002131895880453874
57.00000000000054 0.002131895880452018
57.10000000000054 0.002131895880450175
57.20000000000054 0.002131895880448346
57.30000000000054 0.002131895880446529
57.40000000000055 0.002131895880444727
57.50000000000055 0.002131895880442937
57.60000000000055 0.00213189588044116
57.70000000000055 0.002131895880439396
57.80000000000055 0.002131895880437645
57.90000000000055 0.002131895880435906
58.00000000000055 0.00213189588043418
58.10000000000056 0.002131895880432467
58.20000000000056 0.002131895880430766
58.30000000000056 0.002131895880429077
58.40000000000056 0.0021318958804274
58.50000000000056 0.002131895880425735
58.60000000000056 0.002131895880424083
58.70000000000056 0.002131895880422442
58.80000000000057 0.002131895880420812
58.90000000000057 0.002131895880419195
59.00000000000057 0.002131895880417588
59.10000000000057 0.002131895880415993
59.20000000000057 0.002131895880414409
59.30000000000057 0.002131895880412836
59.40000000000057 0.002131895880411274
59.50000000000058 0.002131895880409723
59.60000000000058 0.002131895880408183
59.70000000000058 0.002131895880406654
59.80000000000058 0.002131895880405136
59.90000000000058 0.002131895880403629
60.00000000000058 0.002131895880402132
60.10000000000058 0.002131895880400646
60.20000000000059 0.002131895880399169
60.30000000000059 0.002131895880397703
60.40000000000059 0.002131895880396247
60.50000000000059 0.002131895880394801
60.60000000000059 0.002131895880393365
60.70000000000059 0.002131895880391939
60.80000000000059 0.002131895880390523
60.9000000000006 0.002131895880389117
61.0000000000006 0.002131895880387719
61.1000000000006 0.002131895880386332
61.2000000000006 0.002131895880384954
61.3000000000006 0.002131895880383585
61.4000000000006 0.002131895880382226
61.5000000000006 0.002131895880380875
61.60000000000061 0.002131895880379534
61.70000000000061 0.002131895880378202
61.80000000000061 0.002131895880376879
61.90000000000061 0.002131895880375565
62.00000000000061 0.002131895880374261
62.10000000000061 0.002131895880372965
62.20000000000061 0.002131895880371677
62.30000000000062 0.002131895880370398
62.40000000000062 0.002131895880369127
62.50000000000062 0.002131895880367865
62.60000000000062 0.002131895880366611
62.70000000000062 0.002131895880365366
62.80000000000062 0.002131895880364128
62.90000000000062 0.002131895880362899
63.00000000000063 0.002131895880361679
63.10000000000063 0.002131895880360466
63.20000000000063 0.002131895880359262
63.30000000000063 0.002131895880358065
63.40000000000063 0.002131895880356877
63.50000000000063 0.002131895880355696
63.60000000000063 0.002131895880354522
63.70000000000064 0.002131895880353357
63.80000000000064 0.002131895880352198
63.90000000000064 0.002131895880351048
64.00000000000064 0.002131895880349905
64.10000000000063 0.002131895880348769
64.20000000000063 0.002131895880347641
64.30000000000062 0.00213189588034652
64.40000000000062 0.002131895880345407
64.50000000000061 0.0021318958803443
64.60000000000061 0.002131895880343201
64.7000000000006 0.002131895880342108
64.80000000000059 0.002131895880341023
64.90000000000059 0.002131895880339946
65.00000000000058 0.002131895880338875
65.10000000000058 0.00213189588033781
65.20000000000057 0.002131895880336753
65.30000000000057 0.002131895880335702
65.40000000000056 0.002131895880334658
65.50000000000055 0.002131895880333621
65.60000000000055 0.00213189588033259
65.70000000000054 0.002131895880331565
65.80000000000054 0.002131895880330548
65.90000000000053 0.002131895880329536
66.00000000000053 0.002131895880328531
66.10000000000052 0.002131895880327532
66.20000000000051 0.002131895880326539
66.30000000000051 0.002131895880325553
66.4000000000005 0.002131895880324572
66.5000000000005 0.002131895880323598
66.60000000000049 0.00213189588032263
66.70000000000049 0.002131895880321669
66.80000000000048 0.002131895880320713
66.90000000000047 0.002131895880319763
67.00000000000047 0.002131895880318819
67.10000000000046 0.002131895880317881
67.20000000000046 0.002131895880316948
67.30000000000045 0.002131895880316022
67.40000000000045 0.002131895880315102
67.50000000000044 0.002131895880314187
67.60000000000043 0.002131895880313277
67.70000000000043 0.002131895880312373
67.80000000000042 0.002131895880311475
67.90000000000042 0.002131895880310581
68.00000000000041 0.002131895880309695
68.10000000000041 0.002131895880308813
68.2000000000004 0.002131895880307936
68.3000000000004 0.002131895880307065
68.40000000000039 0.002131895880306199
68.50000000000038 0.002131895880305339
68.60000000000038 0.002131895880304484
68.70000000000037 0.002131895880303633
68.80000000000037 0.002131895880302788
68.90000000000036 0.002131895880301948
69.00000000000036 0.002131895880301112
69.10000000000035 0.002131895880300283
69.20000000000034 0.002131895880299458
69.30000000000034 0.002131895880298639
69.40000000000033 0.002131895880297823
69.50000000000033 0.002131895880297014
69.60000000000032 0.002131895880296208
69.70000000000032 0.002131895880295407
69.80000000000031 0.002131895880294611
69.9000000000003 0.00213189588029382
70.0000000000003 0.002131895880293033
70.10000000000029 0.002131895880292252
70.20000000000029 0.002131895880291475
70.30000000000028 0.002131895880290702
70.40000000000028 0.002131895880289934
70.50000000000027 0.00213189588028917
70.60000000000026 0.002131895880288411
70.70000000000026 0.002131895880287657
70.80000000000025 0.002131895880286907
70.90000000000025 0.002131895880286161
71.00000000000024 0.00213189588028542
71.10000000000024 0.002131895880284682
71.20000000000023 0.002131895880283949
71.30000000000022 0.00213189588028322
71.40000000000022 0.002131895880282496
71.50000000000021 0.002131895880281776
71.60000000000021 0.002131895880281061
71.7000000000002 0.002131895880280349
71.8000000000002 0.002131895880279641
71.90000000000019 0.002131895880278937
72.00000000000018 0.002131895880278238
72.10000000000018 0.002131895880277543
72.20000000000017 0.002131895880276851
72.30000000000017 0.002131895880276163
72.40000000000016 0.00213189588027548
72.50000000000016 0.0021318958802748
72.60000000000015 0.002131895880274124
72.70000000000014 0.002131895880273453
72.80000000000014 0.002131895880272785
72.90000000000013 0.00213189588027212
73.00000000000013 0.00213189588027146
73.10000000000012 0.002131895880270803
73.20000000000012 0.00213189588027015
73.30000000000011 0.0021318958802695
73.40000000000011 0.002131895880268855
73.5000000000001 0.002131895880268213
73.60000000000009 0.002131895880267575
73.70000000000009 0.00213189588026694
73.80000000000008 0.002131895880266309
73.90000000000008 0.002131895880265681
74.00000000000007 0.002131895880265057
74.10000000000007 0.002131895880264436
74.20000000000006 0.002131895880263819
74.30000000000005 0.002131895880263205
74.40000000000005 0.002131895880262594
74.50000000000004 0.002131895880261988
74.60000000000004 0.002131895880261384
74.70000000000003 0.002131895880260784
74.80000000000003 0.002131895880260187
74.90000000000002 0.002131895880259593
75.00000000000001 0.002131895880259002
75.10000000000001 0.002131895880258415
75.2 0.002131895880257831
75.3 0.00213189588025725
75.39999999999999 0.002131895880256672
75.49999999999999 0.002131895880256098
75.59999999999998 0.002131895880255526
75.69999999999997 0.002131895880254958
75.79999999999997 0.002131895880254393
75.89999999999996 0.002131895880253831
75.99999999999996 0.002131895880253272
76.09999999999995 0.002131895880252716
76.19999999999995 0.002131895880252163
76.29999999999994 0.002131895880251614
76.39999999999993 0.002131895880251067
76.49999999999993 0.002131895880250523
76.59999999999992 0.002131895880249983
76.69999999999992 0.002131895880249444
76.79999999999991 0.002131895880248909
76.89999999999991 0.002131895880248377
76.9999999999999 0.002131895880247848
77.09999999999989 0.002131895880247321
77.19999999999989 0.002131895880246797
77.29999999999988 0.002131895880246277
77.39999999999988 0.002131895880245759
77.49999999999987 0.002131895880245244
77.59999999999987 0.002131895880244732
77.69999999999986 0.002131895880244222
77.79999999999986 0.002131895880243715
77.89999999999985 0.002131895880243211
77.99999999999984 0.002131895880242709
78.09999999999984 0.00213189588024221
78.19999999999983 0.002131895880241714
78.29999999999983 0.00213189588024122
78.39999999999982 0.002131895880240729
78.49999999999982 0.00213189588024024
78.59999999999981 0.002131895880239754
78.6999999999998 0.002131895880239271
78.7999999999998 0.00213189588023879
78.89999999999979 0.002131895880238311
78.99999999999979 0.002131895880237835
79.09999999999978 0.002131895880237362
79.19999999999978 0.002131895880236891
79.29999999999977 0.002131895880236421
79.39999999999976 0.002131895880235956
79.49999999999976 0.002131895880235492
79.59999999999975 0.002131895880235031
79.69999999999975 0.002131895880234573
79.79999999999974 0.002131895880234116
79.89999999999974 0.002131895880233662
79.99999999999973 0.00213189588023321
80.09999999999972 0.00213189588023276
80.19999999999972 0.002131895880232313
80.29999999999971 0.002131895880231868
80.39999999999971 0.002131895880231425
80.4999999999997 0.002131895880230985
80.5999999999997 0.002131895880230547
80.69999999999969 0.002131895880230112
80.79999999999968 0.002131895880229677
80.89999999999968 0.002131895880229246
80.99999999999967 0.002131895880228817
81.09999999999967 0.00213189588022839
81.19999999999966 0.002131895880227965
81.29999999999966 0.002131895880227543
81.39999999999965 0.002131895880227122
81.49999999999964 0.002131895880226704
81.59999999999964 0.002131895880226287
81.69999999999963 0.002131895880225873
81.79999999999963 0.00213189588022546
81.89999999999962 0.002131895880225051
81.99999999999962 0.002131895880224643
82.09999999999961 0.002131895880224237
82.1999999999996 0.002131895880223834
82.2999999999996 0.002131895880223432
82.39999999999959 0.002131895880223032
82.49999999999959 0.002131895880222634
82.59999999999958 0.002131895880222238
82.69999999999958 0.002131895880221845
82.79999999999957 0.002131895880221453
82.89999999999957 0.002131895880221063
82.99999999999956 0.002131895880220675
83.09999999999955 0.002131895880220289
83.19999999999955 0.002131895880219904
83.29999999999954 0.002131895880219522
83.39999999999954 0.002131895880219141
83.49999999999953 0.002131895880218763
83.59999999999953 0.002131895880218386
83.69999999999952 0.002131895880218011
83.79999999999951 0.002131895880217637
83.89999999999951 0.002131895880217267
83.9999999999995 0.002131895880216897
84.0999999999995 0.00213189588021653
84.19999999999949 0.002131895880216165
84.29999999999949 0.002131895880215801
84.39999999999948 0.002131895880215439
84.49999999999947 0.002131895880215079
84.59999999999947 0.00213189588021472
84.69999999999946 0.002131895880214363
84.79999999999946 0.002131895880214008
84.89999999999945 0.002131895880213655
84.99999999999945 0.002131895880213304
85.09999999999944 0.002131895880212954
85.19999999999943 0.002131895880212607
85.29999999999943 0.002131895880212259
85.39999999999942 0.002131895880211914
85.49999999999942 0.002131895880211571
85.59999999999941 0.002131895880211229
85.69999999999941 0.002131895880210889
85.7999999999994 0.002131895880210551
85.89999999999939 0.002131895880210214
85.99999999999939 0.002131895880209879
86.09999999999938 0.002131895880209546
86.19999999999938 0.002131895880209215
86.29999999999937 0.002131895880208884
86.39999999999937 0.002131895880208555
86.49999999999936 0.002131895880208228
86.59999999999935 0.002131895880207903
86.69999999999935 0.002131895880207579
86.79999999999934 0.002131895880207256
86.89999999999934 0.002131895880206936
86.99999999999933 0.002131895880206616
87.09999999999933 0.002131895880206298
87.19999999999932 0.002131895880205981
87.29999999999932 0.002131895880205667
87.39999999999931 0.002131895880205353
87.4999999999993 0.002131895880205041
87.5999999999993 0.00213189588020473
87.69999999999929 0.002131895880204422
87.79999999999929 0.002131895880204114
87.89999999999928 0.002131895880203808
87.99999999999928 0.002131895880203503
88.09999999999927 0.002131895880203201
88.19999999999926 0.002131895880202899
88.29999999999926 0.002131895880202599
88.39999999999925 0.002131895880202299
88.49999999999925 0.002131895880202002
88.59999999999924 0.002131895880201706
88.69999999999924 0.00213189588020141
88.79999999999923 0.002131895880201116
88.89999999999922 0.002131895880200825
88.99999999999922 0.002131895880200534
89.09999999999921 0.002131895880200244
89.19999999999921 0.002131895880199956
89.2999999999992 0.002131895880199669
89.3999999999992 0.002131895880199383
89.49999999999919 0.002131895880199099
89.59999999999918 0.002131895880198817
89.69999999999918 0.002131895880198535
89.79999999999917 0.002131895880198254
89.89999999999917 0.002131895880197975
89.99999999999916 0.002131895880197697
90.09999999999916 0.002131895880197421
90.19999999999915 0.002131895880197146
90.29999999999914 0.002131895880196872
90.39999999999914 0.0021318958801966
90.49999999999913 0.002131895880196328
90.59999999999913 0.002131895880196058
90.69999999999912 0.002131895880195789
90.79999999999912 0.002131895880195521
90.89999999999911 0.002131895880195255
90.9999999999991 0.002131895880194989
91.0999999999991 0.002131895880194725
91.19999999999909 0.002131895880194462
91.29999999999909 0.0021318958801942
91.39999999999908 0.002131895880193939
91.49999999999908 0.00213189588019368
91.59999999999907 0.002131895880193422
91.69999999999906 0.002131895880193165
91.79999999999906 0.002131895880192909
91.89999999999905 0.002131895880192655
91.99999999999905 0.002131895880192401
92.09999999999904 0.002131895880192149
92.19999999999904 0.002131895880191898
92.29999999999903 0.002131895880191648
92.39999999999903 0.002131895880191399
92.49999999999902 0.00213189588019115
92.59999999999901 0.002131895880190903
92.69999999999901 0.002131895880190658
92.799999999999 0.002131895880190414
92.899999999999 0.002131895880190169
92.99999999999899 0.002131895880189927
93.09999999999899 0.002131895880189685
93.19999999999898 0.002131895880189444
93.29999999999897 0.002131895880189205
93.39999999999897 0.002131895880188966
93.49999999999896 0.002131895880188729
93.59999999999896 0.002131895880188493
93.69999999999895 0.002131895880188258
93.79999999999895 0.002131895880188024
93.89999999999894 0.00213189588018779
93.99999999999893 0.002131895880187558
94.09999999999893 0.002131895880187327
94.19999999999892 0.002131895880187097
94.29999999999892 0.002131895880186868
94.39999999999891 0.00213189588018664
94.49999999999891 0.002131895880186412
94.5999999999989 0.002131895880186186
94.69999999999889 0.002131895880185961
94.79999999999889 0.002131895880185738
94.89999999999888 0.002131895880185515
94.99999999999888 0.002131895880185292
95.09999999999887 0.002131895880185071
95.19999999999887 0.002131895880184851
95.29999999999886 0.002131895880184632
95.39999999999885 0.002131895880184414
95.49999999999885 0.002131895880184196
95.59999999999884 0.00213189588018398
95.69999999999884 0.002131895880183765
95.79999999999883 0.002131895880183551
95.89999999999883 0.002131895880183337
95.99999999999882 0.002131895880183124
96.09999999999881 0.002131895880182912
96.19999999999881 0.002131895880182701
96.2999999999988 0.002131895880182491
96.3999999999988 0.002131895880182282
96.49999999999879 0.002131895880182075
96.59999999999879 0.002131895880181867
96.69999999999878 0.002131895880181661
96.79999999999878 0.002131895880181455
96.89999999999877 0.00213189588018125
96.99999999999876 0.002131895880181046
97.09999999999876 0.002131895880180843
97.19999999999875 0.002131895880180641
97.29999999999875 0.002131895880180439
97.39999999999874 0.002131895880180239
97.49999999999874 0.00213189588018004
97.59999999999873 0.00213189588017984
97.69999999999872 0.002131895880179642
97.79999999999872 0.002131895880179444
97.89999999999871 0.002131895880179248
97.99999999999871 0.002131895880179052
98.0999999999987 0.002131895880178857
98.1999999999987 0.002131895880178664
98.29999999999869 0.002131895880178471
98.39999999999868 0.002131895880178279
98.49999999999868 0.002131895880178088
98.59999999999867 0.002131895880177896
98.69999999999867 0.002131895880177706
98.79999999999866 0.002131895880177518
98.89999999999866 0.00213189588017733
98.99999999999865 0.002131895880177143
99.09999999999864 0.002131895880176956
99.19999999999864 0.002131895880176771
99.29999999999863 0.002131895880176586
99.39999999999863 0.002131895880176401
99.49999999999862 0.002131895880176217
99.59999999999862 0.002131895880176034
99.69999999999861 0.002131895880175852
99.7999999999986 0.002131895880175671
99.8999999999986 0.002131895880175491
99.99999999999859 0.002131895880175311
100.0999999999986 0.002131895880175132
