0 -9.688276749999999e-05
0.1 -9.683012975119559e-05
0.2 -9.677762308569078e-05
0.3 -9.672523948618202e-05
0.4 -9.667296402212881e-05
0.5 -9.662078239669141e-05
0.6 -9.65686883408546e-05
0.7 -9.651669181706031e-05
0.7999999999999999 -9.646482911815342e-05
0.8999999999999999 -9.641317626493189e-05
0.9999999999999999 -9.636186769369692e-05
1.1 -9.631112323531965e-05
1.2 -9.626128810025412e-05
1.3 -9.621289351985775e-05
1.4 -9.61667508376633e-05
1.5 -9.612410111609544e-05
1.6 -9.608685961847207e-05
1.7 -9.605802808806304e-05
1.8 -9.604241593682884e-05
1.900000000000001 -9.604795762787439e-05
2 -9.608824730632997e-05
2.100000000000001 -9.618773385968189e-05
2.200000000000001 -9.63932411895932e-05
2.300000000000001 -9.680222197670054e-05
2.400000000000001 -9.764196045469215e-05
2.500000000000001 -9.953724344430938e-05
2.600000000000001 -0.0001047117368194629
2.700000000000001 -0.0001258570978608494
2.800000000000001 -0.0003894209988352091
2.900000000000001 0.002506802005338136
3.000000000000001 0.002467062790908511
3.100000000000001 0.002448575317408599
3.200000000000002 0.002442798640182831
3.300000000000002 0.002440362254725889
3.400000000000002 0.002439121765592451
3.500000000000002 0.002438407697429717
3.600000000000002 0.002437959978585964
3.700000000000002 0.002437661084224869
3.800000000000002 0.002437451744231127
3.900000000000002 0.00243729947714846
4.000000000000002 0.002437185285444546
4.100000000000001 0.002437097461016237
4.200000000000001 0.002437028471165467
4.300000000000001 0.002436973292086917
4.4 0.002436928469390119
4.5 0.002436891564683409
4.6 0.002436860817071763
4.699999999999999 0.002436834929248313
4.799999999999999 0.002436812928410157
4.899999999999999 0.002436794073521452
4.999999999999998 0.002436777792081148
5.099999999999998 0.002436763636136942
5.199999999999998 0.002436751251131272
5.299999999999997 0.002436740353473244
5.399999999999997 0.002436730714151319
5.499999999999996 0.00243672214659654
5.599999999999996 0.002436714497581512
5.699999999999996 0.002436707640317399
5.799999999999995 0.002436701469162536
5.899999999999995 0.002436695895526606
5.999999999999995 0.002436690844671303
6.099999999999994 0.002436686253190078
6.199999999999994 0.002436682067007073
6.299999999999994 0.002436678239776524
6.399999999999993 0.00243667473159358
6.499999999999993 0.002436671507949168
6.599999999999993 0.002436668538877513
6.699999999999992 0.002436665798256739
6.799999999999992 0.002436663263231952
6.899999999999991 0.002436660913736877
6.999999999999991 0.002436658732095259
7.099999999999991 0.002436656702687195
7.19999999999999 0.002436654811668576
7.29999999999999 0.002436653046734201
7.39999999999999 0.002436651396916947
7.499999999999989 0.002436649852416866
7.599999999999989 0.002436648404455236
7.699999999999989 0.002436647045149442
7.799999999999988 0.002436645767405408
7.899999999999988 0.002436644564824784
7.999999999999988 0.002436643431624645
8.099999999999987 0.002436642362567785
8.199999999999987 0.002436641352902065
8.299999999999986 0.002436640398307474
8.399999999999986 0.002436639494849821
8.499999999999986 0.0024366386389401
8.599999999999985 0.002436637827298774
8.699999999999985 0.002436637056924297
8.799999999999985 0.002436636325065304
8.899999999999984 0.002436635629195991
8.999999999999984 0.002436634966994291
9.099999999999984 0.002436634336322457
9.199999999999983 0.002436633735209782
9.299999999999983 0.002436633161837175
9.399999999999983 0.002436632614523376
9.499999999999982 0.002436632091712606
9.599999999999982 0.002436631591963497
9.699999999999982 0.002436631113939142
9.799999999999981 0.002436630656398134
9.899999999999981 0.002436630218186501
9.99999999999998 0.002436629798230412
10.09999999999998 0.002436629395529595
10.19999999999998 0.002436629009151366
10.29999999999998 0.002436628638225228
10.39999999999998 0.002436628281937952
10.49999999999998 0.002436627939529121
10.59999999999998 0.002436627610287067
10.69999999999998 0.002436627293545163
10.79999999999998 0.002436626988678449
10.89999999999998 0.002436626695100543
10.99999999999998 0.00243662641226082
11.09999999999998 0.002436626139641823
11.19999999999998 0.002436625876756898
11.29999999999998 0.00243662562314802
11.39999999999998 0.00243662537838379
11.49999999999998 0.0024366251420576
11.59999999999997 0.002436624913785952
11.69999999999997 0.002436624693206883
11.79999999999997 0.002436624479978546
11.89999999999997 0.002436624273777872
11.99999999999997 0.002436624074299352
12.09999999999997 0.002436623881253899
12.19999999999997 0.002436623694367805
12.29999999999997 0.002436623513381764
12.39999999999997 0.002436623338049978
12.49999999999997 0.002436623168139317
12.59999999999997 0.002436623003428545
12.69999999999997 0.002436622843707598
12.79999999999997 0.002436622688776914
12.89999999999997 0.002436622538446812
12.99999999999997 0.002436622392536906
13.09999999999997 0.002436622250875568
13.19999999999997 0.002436622113299419
13.29999999999997 0.002436621979652858
13.39999999999997 0.002436621849787628
13.49999999999997 0.002436621723562394
13.59999999999997 0.002436621600842366
13.69999999999997 0.002436621481498938
13.79999999999997 0.002436621365409346
13.89999999999997 0.002436621252456357
13.99999999999997 0.002436621142527972
14.09999999999997 0.002436621035517144
14.19999999999997 0.002436620931321524
14.29999999999997 0.002436620829843209
14.39999999999996 0.00243662073098852
14.49999999999996 0.002436620634667778
14.59999999999996 0.002436620540795102
14.69999999999996 0.002436620449288224
14.79999999999996 0.002436620360068299
14.89999999999996 0.002436620273059739
14.99999999999996 0.002436620188190057
15.09999999999996 0.002436620105389711
15.19999999999996 0.002436620024591963
15.29999999999996 0.002436619945732741
15.39999999999996 0.002436619868750521
15.49999999999996 0.002436619793586196
15.59999999999996 0.002436619720182968
15.69999999999996 0.002436619648486244
15.79999999999996 0.002436619578443526
15.89999999999996 0.002436619510004321
15.99999999999996 0.00243661944312005
16.09999999999996 0.002436619377743957
16.19999999999996 0.002436619313831032
16.29999999999996 0.002436619251337934
16.39999999999996 0.002436619190222911
16.49999999999996 0.002436619130445736
16.59999999999997 0.002436619071967641
16.69999999999997 0.002436619014751249
16.79999999999997 0.002436618958760523
16.89999999999997 0.002436618903960698
16.99999999999997 0.002436618850318236
17.09999999999997 0.002436618797800771
17.19999999999997 0.002436618746377059
17.29999999999998 0.002436618696016937
17.39999999999998 0.002436618646691271
17.49999999999998 0.00243661859837192
17.59999999999998 0.002436618551031693
17.69999999999998 0.002436618504644309
17.79999999999998 0.002436618459184367
17.89999999999998 0.002436618414627304
17.99999999999999 0.002436618370949366
18.09999999999999 0.002436618328127575
18.19999999999999 0.0024366182861397
18.29999999999999 0.002436618244964224
18.39999999999999 0.002436618204580322
18.49999999999999 0.00243661816496783
18.59999999999999 0.002436618126107227
18.7 0.0024366180879796
18.8 0.002436618050566627
18.9 0.002436618013850561
19 0.002436617977814196
19.1 0.002436617942440857
19.2 0.002436617907714377
19.3 0.002436617873619078
19.40000000000001 0.002436617840139755
19.50000000000001 0.002436617807261659
19.60000000000001 0.002436617774970476
19.70000000000001 0.002436617743252319
19.80000000000001 0.00243661771209371
19.90000000000001 0.002436617681481562
20.00000000000001 0.00243661765140317
20.10000000000002 0.002436617621846195
20.20000000000002 0.002436617592798655
20.30000000000002 0.002436617564248907
20.40000000000002 0.002436617536185642
20.50000000000002 0.002436617508597869
20.60000000000002 0.002436617481474904
20.70000000000002 0.002436617454806364
20.80000000000003 0.002436617428582153
20.90000000000003 0.002436617402792454
21.00000000000003 0.00243661737742772
21.10000000000003 0.002436617352478662
21.20000000000003 0.00243661732793625
21.30000000000003 0.002436617303791692
21.40000000000003 0.002436617280036433
21.50000000000004 0.00243661725666215
21.60000000000004 0.002436617233660737
21.70000000000004 0.002436617211024306
21.80000000000004 0.002436617188745175
21.90000000000004 0.002436617166815863
22.00000000000004 0.002436617145229084
22.10000000000004 0.00243661712397774
22.20000000000005 0.002436617103054919
22.30000000000005 0.00243661708245388
22.40000000000005 0.002436617062168062
22.50000000000005 0.002436617042191063
22.60000000000005 0.002436617022516646
22.70000000000005 0.002436617003138732
22.80000000000005 0.002436616984051392
22.90000000000006 0.002436616965248845
23.00000000000006 0.002436616946725452
23.10000000000006 0.002436616928475715
23.20000000000006 0.002436616910494268
23.30000000000006 0.00243661689277588
23.40000000000006 0.002436616875315442
23.50000000000006 0.002436616858107972
23.60000000000007 0.002436616841148606
23.70000000000007 0.002436616824432597
23.80000000000007 0.002436616807955311
23.90000000000007 0.002436616791712223
24.00000000000007 0.002436616775698915
24.10000000000007 0.002436616759911075
24.20000000000007 0.002436616744344488
24.30000000000008 0.002436616728995039
24.40000000000008 0.002436616713858708
24.50000000000008 0.002436616698931568
24.60000000000008 0.002436616684209781
24.70000000000008 0.002436616669689597
24.80000000000008 0.002436616655367354
24.90000000000008 0.002436616641239466
25.00000000000009 0.002436616627302435
25.10000000000009 0.002436616613552837
25.20000000000009 0.002436616599987327
25.30000000000009 0.002436616586602633
25.40000000000009 0.002436616573395555
25.50000000000009 0.002436616560362964
25.60000000000009 0.002436616547501801
25.7000000000001 0.00243661653480907
25.8000000000001 0.002436616522281844
25.9000000000001 0.002436616509917257
26.0000000000001 0.002436616497712507
26.1000000000001 0.002436616485664849
26.2000000000001 0.0024366164737716
26.3000000000001 0.00243661646203013
26.40000000000011 0.002436616450437871
26.50000000000011 0.002436616438992301
26.60000000000011 0.002436616427690959
26.70000000000011 0.00243661641653143
26.80000000000011 0.00243661640551135
26.90000000000011 0.002436616394628406
27.00000000000011 0.002436616383880334
27.10000000000012 0.002436616373264912
27.20000000000012 0.002436616362779965
27.30000000000012 0.002436616352423366
27.40000000000012 0.002436616342193028
27.50000000000012 0.002436616332086906
27.60000000000012 0.002436616322102997
27.70000000000012 0.002436616312239339
27.80000000000013 0.002436616302494008
27.90000000000013 0.002436616292865118
28.00000000000013 0.002436616283350822
28.10000000000013 0.00243661627394931
28.20000000000013 0.002436616264658804
28.30000000000013 0.002436616255477564
28.40000000000013 0.002436616246403883
28.50000000000014 0.002436616237436089
28.60000000000014 0.002436616228572538
28.70000000000014 0.002436616219811623
28.80000000000014 0.002436616211151765
28.90000000000014 0.002436616202591414
29.00000000000014 0.002436616194129052
29.10000000000014 0.00243661618576319
29.20000000000014 0.002436616177492365
29.30000000000015 0.002436616169315143
29.40000000000015 0.002436616161230117
29.50000000000015 0.002436616153235906
29.60000000000015 0.002436616145331156
29.70000000000015 0.002436616137514535
29.80000000000015 0.00243661612978474
29.90000000000015 0.002436616122140488
30.00000000000016 0.002436616114580523
30.10000000000016 0.002436616107103608
30.20000000000016 0.002436616099708532
30.30000000000016 0.002436616092394106
30.40000000000016 0.00243661608515916
30.50000000000016 0.002436616078002548
30.60000000000016 0.002436616070923141
30.70000000000017 0.002436616063919836
30.80000000000017 0.002436616056991542
30.90000000000017 0.002436616050137193
31.00000000000017 0.002436616043355741
31.10000000000017 0.002436616036646155
31.20000000000017 0.002436616030007425
31.30000000000017 0.002436616023438554
31.40000000000018 0.002436616016938568
31.50000000000018 0.002436616010506505
31.60000000000018 0.002436616004141423
31.70000000000018 0.002436615997842395
31.80000000000018 0.002436615991608509
31.90000000000018 0.002436615985438871
32.00000000000018 0.002436615979332602
32.10000000000019 0.002436615973288835
32.20000000000019 0.00243661596730672
32.30000000000019 0.002436615961385423
32.40000000000019 0.002436615955524121
32.50000000000019 0.002436615949722008
32.60000000000019 0.002436615943978287
32.70000000000019 0.002436615938292178
32.8000000000002 0.002436615932662914
32.9000000000002 0.002436615927089738
33.0000000000002 0.00243661592157191
33.1000000000002 0.002436615916108696
33.2000000000002 0.002436615910699381
33.3000000000002 0.002436615905343256
33.4000000000002 0.002436615900039627
33.50000000000021 0.00243661589478781
33.60000000000021 0.002436615889587132
33.70000000000021 0.002436615884436932
33.80000000000021 0.002436615879336557
33.90000000000021 0.002436615874285369
34.00000000000021 0.002436615869282735
34.10000000000021 0.002436615864328035
34.20000000000022 0.002436615859420659
34.30000000000022 0.002436615854560007
34.40000000000022 0.002436615849745488
34.50000000000022 0.002436615844976518
34.60000000000022 0.002436615840252525
34.70000000000022 0.002436615835572947
34.80000000000022 0.002436615830937226
34.90000000000023 0.002436615826344819
35.00000000000023 0.002436615821795184
35.10000000000023 0.002436615817287794
35.20000000000023 0.002436615812822128
35.30000000000023 0.002436615808397671
35.40000000000023 0.002436615804013918
35.50000000000023 0.002436615799670372
35.60000000000024 0.002436615795366542
35.70000000000024 0.002436615791101945
35.80000000000024 0.002436615786876106
35.90000000000024 0.002436615782688557
36.00000000000024 0.002436615778538837
36.10000000000024 0.00243661577442649
36.20000000000024 0.002436615770351071
36.30000000000025 0.002436615766312138
36.40000000000025 0.002436615762309257
36.50000000000025 0.002436615758341999
36.60000000000025 0.002436615754409945
36.70000000000025 0.002436615750512677
36.80000000000025 0.002436615746649786
36.90000000000025 0.002436615742820871
37.00000000000026 0.002436615739025534
37.10000000000026 0.002436615735263382
37.20000000000026 0.00243661573153403
37.30000000000026 0.002436615727837099
37.40000000000026 0.002436615724172213
37.50000000000026 0.002436615720539003
37.60000000000026 0.002436615716937105
37.70000000000027 0.002436615713366161
37.80000000000027 0.002436615709825816
37.90000000000027 0.002436615706315722
38.00000000000027 0.002436615702835535
38.10000000000027 0.002436615699384916
38.20000000000027 0.002436615695963533
38.30000000000027 0.002436615692571054
38.40000000000028 0.002436615689207156
38.50000000000028 0.002436615685871518
38.60000000000028 0.002436615682563825
38.70000000000028 0.002436615679283764
38.80000000000028 0.00243661567603103
38.90000000000028 0.00243661567280532
39.00000000000028 0.002436615669606334
39.10000000000029 0.002436615666433781
39.20000000000029 0.002436615663287366
39.30000000000029 0.002436615660166806
39.40000000000029 0.002436615657071818
39.50000000000029 0.002436615654002121
39.60000000000029 0.002436615650957443
39.70000000000029 0.002436615647937511
39.8000000000003 0.002436615644942058
39.9000000000003 0.002436615641970821
40.0000000000003 0.002436615639023539
40.1000000000003 0.002436615636099956
40.2000000000003 0.002436615633199818
40.3000000000003 0.002436615630322874
40.4000000000003 0.002436615627468877
40.50000000000031 0.002436615624637587
40.60000000000031 0.00243661562182876
40.70000000000031 0.002436615619042161
40.80000000000031 0.002436615616277554
40.90000000000031 0.002436615613534712
41.00000000000031 0.002436615610813404
41.10000000000031 0.002436615608113407
41.20000000000032 0.002436615605434497
41.30000000000032 0.002436615602776456
41.40000000000032 0.002436615600139067
41.50000000000032 0.002436615597522119
41.60000000000032 0.002436615594925399
41.70000000000032 0.0024366155923487
41.80000000000032 0.002436615589791816
41.90000000000033 0.002436615587254546
42.00000000000033 0.002436615584736687
42.10000000000033 0.002436615582238045
42.20000000000033 0.002436615579758421
42.30000000000033 0.002436615577297626
42.40000000000033 0.002436615574855468
42.50000000000033 0.00243661557243176
42.60000000000034 0.002436615570026317
42.70000000000034 0.002436615567638954
42.80000000000034 0.002436615565269492
42.90000000000034 0.002436615562917753
43.00000000000034 0.002436615560583558
43.10000000000034 0.002436615558266736
43.20000000000034 0.002436615555967113
43.30000000000035 0.002436615553684519
43.40000000000035 0.002436615551418789
43.50000000000035 0.002436615549169754
43.60000000000035 0.002436615546937252
43.70000000000035 0.002436615544721121
43.80000000000035 0.002436615542521202
43.90000000000035 0.002436615540337337
44.00000000000036 0.002436615538169369
44.10000000000036 0.002436615536017145
44.20000000000036 0.002436615533880512
44.30000000000036 0.002436615531759321
44.40000000000036 0.002436615529653423
44.50000000000036 0.002436615527562672
44.60000000000036 0.002436615525486922
44.70000000000037 0.00243661552342603
44.80000000000037 0.002436615521379856
44.90000000000037 0.002436615519348258
45.00000000000037 0.0024366155173311
45.10000000000037 0.002436615515328243
45.20000000000037 0.002436615513339554
45.30000000000037 0.0024366155113649
45.40000000000038 0.002436615509404148
45.50000000000038 0.002436615507457168
45.60000000000038 0.002436615505523832
45.70000000000038 0.002436615503604012
45.80000000000038 0.002436615501697583
45.90000000000038 0.002436615499804421
46.00000000000038 0.002436615497924402
46.10000000000039 0.002436615496057405
46.20000000000039 0.002436615494203311
46.30000000000039 0.002436615492362
46.40000000000039 0.002436615490533355
46.50000000000039 0.002436615488717261
46.60000000000039 0.002436615486913602
46.70000000000039 0.002436615485122266
46.8000000000004 0.00243661548334314
46.9000000000004 0.002436615481576115
47.0000000000004 0.00243661547982108
47.1000000000004 0.002436615478077927
47.2000000000004 0.002436615476346549
47.3000000000004 0.002436615474626842
47.4000000000004 0.002436615472918699
47.50000000000041 0.002436615471222015
47.60000000000041 0.002436615469536691
47.70000000000041 0.002436615467862625
47.80000000000041 0.002436615466199716
47.90000000000041 0.002436615464547867
48.00000000000041 0.002436615462906978
48.10000000000041 0.002436615461276953
48.20000000000041 0.002436615459657697
48.30000000000042 0.002436615458049115
48.40000000000042 0.002436615456451113
48.50000000000042 0.002436615454863599
48.60000000000042 0.00243661545328648
48.70000000000042 0.002436615451719667
48.80000000000042 0.00243661545016307
48.90000000000042 0.002436615448616599
49.00000000000043 0.002436615447080168
49.10000000000043 0.00243661544555369
49.20000000000043 0.002436615444037079
49.30000000000043 0.002436615442530251
49.40000000000043 0.002436615441033121
49.50000000000043 0.002436615439545606
49.60000000000043 0.002436615438067623
49.70000000000044 0.002436615436599092
49.80000000000044 0.002436615435139933
49.90000000000044 0.002436615433690066
50.00000000000044 0.002436615432249411
50.10000000000044 0.002436615430817893
50.20000000000044 0.002436615429395431
50.30000000000044 0.002436615427981952
50.40000000000045 0.002436615426577379
50.50000000000045 0.002436615425181636
50.60000000000045 0.002436615423794654
50.70000000000045 0.002436615422416354
50.80000000000045 0.002436615421046668
50.90000000000045 0.002436615419685522
51.00000000000045 0.002436615418332845
51.10000000000046 0.002436615416988569
51.20000000000046 0.002436615415652622
51.30000000000046 0.002436615414324937
51.40000000000046 0.002436615413005446
51.50000000000046 0.002436615411694082
51.60000000000046 0.002436615410390777
51.70000000000046 0.002436615409095466
51.80000000000047 0.002436615407808083
51.90000000000047 0.002436615406528564
52.00000000000047 0.002436615405256846
52.10000000000047 0.002436615403992864
52.20000000000047 0.002436615402736556
52.30000000000047 0.002436615401487861
52.40000000000047 0.002436615400246717
52.50000000000048 0.002436615399013064
52.60000000000048 0.002436615397786838
52.70000000000048 0.002436615396567983
52.80000000000048 0.002436615395356441
52.90000000000048 0.00243661539415215
53.00000000000048 0.002436615392955056
53.10000000000048 0.002436615391765099
53.20000000000049 0.002436615390582223
53.30000000000049 0.002436615389406373
53.40000000000049 0.002436615388237493
53.50000000000049 0.002436615387075528
53.60000000000049 0.002436615385920423
53.70000000000049 0.002436615384772124
53.80000000000049 0.002436615383630579
53.9000000000005 0.002436615382495734
54.0000000000005 0.002436615381367538
54.1000000000005 0.002436615380245936
54.2000000000005 0.00243661537913088
54.3000000000005 0.002436615378022317
54.4000000000005 0.002436615376920199
54.5000000000005 0.002436615375824475
54.60000000000051 0.002436615374735095
54.70000000000051 0.00243661537365201
54.80000000000051 0.002436615372575172
54.90000000000051 0.002436615371504533
55.00000000000051 0.002436615370440046
55.10000000000051 0.002436615369381664
55.20000000000051 0.002436615368329339
55.30000000000052 0.002436615367283027
55.40000000000052 0.00243661536624268
55.50000000000052 0.002436615365208255
55.60000000000052 0.002436615364179706
55.70000000000052 0.002436615363156989
55.80000000000052 0.002436615362140059
55.90000000000052 0.002436615361128873
56.00000000000053 0.002436615360123388
56.10000000000053 0.002436615359123561
56.20000000000053 0.002436615358129351
56.30000000000053 0.002436615357140713
56.40000000000053 0.002436615356157609
56.50000000000053 0.002436615355179994
56.60000000000053 0.002436615354207829
56.70000000000054 0.002436615353241075
56.80000000000054 0.002436615352279691
56.90000000000054 0.002436615351323636
57.00000000000054 0.002436615350372871
57.10000000000054 0.002436615349427359
57.20000000000054 0.002436615348487059
57.30000000000054 0.002436615347551934
57.40000000000055 0.002436615346621946
57.50000000000055 0.002436615345697057
57.60000000000055 0.00243661534477723
57.70000000000055 0.002436615343862428
57.80000000000055 0.002436615342952616
57.90000000000055 0.002436615342047756
58.00000000000055 0.002436615341147813
58.10000000000056 0.002436615340252751
58.20000000000056 0.002436615339362534
58.30000000000056 0.002436615338477128
58.40000000000056 0.0024366153375965
58.50000000000056 0.002436615336720612
58.60000000000056 0.002436615335849433
58.70000000000056 0.002436615334982928
58.80000000000057 0.002436615334121063
58.90000000000057 0.002436615333263808
59.00000000000057 0.002436615332411126
59.10000000000057 0.002436615331562987
59.20000000000057 0.002436615330719359
59.30000000000057 0.002436615329880209
59.40000000000057 0.002436615329045505
59.50000000000058 0.002436615328215218
59.60000000000058 0.002436615327389314
59.70000000000058 0.002436615326567764
59.80000000000058 0.002436615325750538
59.90000000000058 0.002436615324937604
60.00000000000058 0.002436615324128933
60.10000000000058 0.002436615323324495
60.20000000000059 0.00243661532252426
60.30000000000059 0.0024366153217282
60.40000000000059 0.002436615320936284
60.50000000000059 0.002436615320148485
60.60000000000059 0.002436615319364774
60.70000000000059 0.002436615318585123
60.80000000000059 0.002436615317809504
60.9000000000006 0.002436615317037889
61.0000000000006 0.00243661531627025
61.1000000000006 0.00243661531550656
61.2000000000006 0.002436615314746793
61.3000000000006 0.002436615313990921
61.4000000000006 0.002436615313238918
61.5000000000006 0.002436615312490758
61.60000000000061 0.002436615311746414
61.70000000000061 0.00243661531100586
61.80000000000061 0.00243661531026907
61.90000000000061 0.002436615309536021
62.00000000000061 0.002436615308806684
62.10000000000061 0.002436615308081037
62.20000000000061 0.002436615307359054
62.30000000000062 0.002436615306640712
62.40000000000062 0.002436615305925983
62.50000000000062 0.002436615305214846
62.60000000000062 0.002436615304507275
62.70000000000062 0.002436615303803247
62.80000000000062 0.002436615303102739
62.90000000000062 0.002436615302405726
63.00000000000063 0.002436615301712186
63.10000000000063 0.002436615301022095
63.20000000000063 0.002436615300335432
63.30000000000063 0.002436615299652173
63.40000000000063 0.002436615298972296
63.50000000000063 0.002436615298295778
63.60000000000063 0.002436615297622598
63.70000000000064 0.002436615296952733
63.80000000000064 0.002436615296286161
63.90000000000064 0.002436615295622862
64.00000000000064 0.002436615294962813
64.10000000000063 0.002436615294305995
64.20000000000063 0.002436615293652385
64.30000000000062 0.002436615293001962
64.40000000000062 0.002436615292354706
64.50000000000061 0.002436615291710598
64.60000000000061 0.002436615291069613
64.7000000000006 0.002436615290431736
64.80000000000059 0.002436615289796945
64.90000000000059 0.00243661528916522
65.00000000000058 0.002436615288536541
65.10000000000058 0.002436615287910889
65.20000000000057 0.002436615287288244
65.30000000000057 0.002436615286668588
65.40000000000056 0.002436615286051899
65.50000000000055 0.002436615285438161
65.60000000000055 0.002436615284827355
65.70000000000054 0.002436615284219461
65.80000000000054 0.002436615283614461
65.90000000000053 0.002436615283012337
66.00000000000053 0.00243661528241307
66.10000000000052 0.002436615281816643
66.20000000000051 0.002436615281223038
66.30000000000051 0.002436615280632236
66.4000000000005 0.002436615280044221
66.5000000000005 0.002436615279458974
66.60000000000049 0.002436615278876478
66.70000000000049 0.002436615278296717
66.80000000000048 0.002436615277719673
66.90000000000047 0.002436615277145329
67.00000000000047 0.002436615276573669
67.10000000000046 0.002436615276004674
67.20000000000046 0.002436615275438331
67.30000000000045 0.00243661527487462
67.40000000000045 0.002436615274313527
67.50000000000044 0.002436615273755036
67.60000000000043 0.002436615273199129
67.70000000000043 0.002436615272645792
67.80000000000042 0.002436615272095007
67.90000000000042 0.00243661527154676
68.00000000000041 0.002436615271001035
68.10000000000041 0.002436615270457817
68.2000000000004 0.00243661526991709
68.3000000000004 0.00243661526937884
68.40000000000039 0.00243661526884305
68.50000000000038 0.002436615268309707
68.60000000000038 0.002436615267778794
68.70000000000037 0.002436615267250297
68.80000000000037 0.002436615266724203
68.90000000000036 0.002436615266200496
69.00000000000036 0.002436615265679162
69.10000000000035 0.002436615265160187
69.20000000000034 0.002436615264643555
69.30000000000034 0.002436615264129255
69.40000000000033 0.002436615263617269
69.50000000000033 0.002436615263107587
69.60000000000032 0.002436615262600193
69.70000000000032 0.002436615262095074
69.80000000000031 0.002436615261592215
69.9000000000003 0.002436615261091605
70.0000000000003 0.002436615260593228
70.10000000000029 0.002436615260097074
70.20000000000029 0.002436615259603127
70.30000000000028 0.002436615259111375
70.40000000000028 0.002436615258621805
70.50000000000027 0.002436615258134405
70.60000000000026 0.00243661525764916
70.70000000000026 0.002436615257166058
70.80000000000025 0.002436615256685088
70.90000000000025 0.002436615256206236
71.00000000000024 0.00243661525572949
71.10000000000024 0.002436615255254838
71.20000000000023 0.002436615254782267
71.30000000000022 0.002436615254311765
71.40000000000022 0.00243661525384332
71.50000000000021 0.002436615253376921
71.60000000000021 0.002436615252912555
71.7000000000002 0.00243661525245021
71.8000000000002 0.002436615251989876
71.90000000000019 0.00243661525153154
72.00000000000018 0.00243661525107519
72.10000000000018 0.002436615250620815
72.20000000000017 0.002436615250168404
72.30000000000017 0.002436615249717946
72.40000000000016 0.002436615249269428
72.50000000000016 0.00243661524882284
72.60000000000015 0.002436615248378173
72.70000000000014 0.002436615247935412
72.80000000000014 0.002436615247494549
72.90000000000013 0.002436615247055573
73.00000000000013 0.002436615246618471
73.10000000000012 0.002436615246183236
73.20000000000012 0.002436615245749854
73.30000000000011 0.002436615245318316
73.40000000000011 0.002436615244888612
73.5000000000001 0.002436615244460729
73.60000000000009 0.002436615244034661
73.70000000000009 0.002436615243610394
73.80000000000008 0.00243661524318792
73.90000000000008 0.002436615242767227
74.00000000000007 0.002436615242348308
74.10000000000007 0.002436615241931151
74.20000000000006 0.002436615241515746
74.30000000000005 0.002436615241102084
74.40000000000005 0.002436615240690155
74.50000000000004 0.002436615240279949
74.60000000000004 0.002436615239871456
74.70000000000003 0.002436615239464667
74.80000000000003 0.002436615239059573
74.90000000000002 0.002436615238656164
75.00000000000001 0.002436615238254431
75.10000000000001 0.002436615237854366
75.2 0.002436615237455957
75.3 0.002436615237059196
75.39999999999999 0.002436615236664076
75.49999999999999 0.002436615236270583
75.59999999999998 0.002436615235878713
75.69999999999997 0.002436615235488456
75.79999999999997 0.002436615235099803
75.89999999999996 0.002436615234712742
75.99999999999996 0.00243661523432727
76.09999999999995 0.002436615233943373
76.19999999999995 0.002436615233561046
76.29999999999994 0.002436615233180279
76.39999999999993 0.002436615232801064
76.49999999999993 0.002436615232423392
76.59999999999992 0.002436615232047255
76.69999999999992 0.002436615231672644
76.79999999999991 0.002436615231299552
76.89999999999991 0.00243661523092797
76.9999999999999 0.002436615230557891
77.09999999999989 0.002436615230189304
77.19999999999989 0.002436615229822205
77.29999999999988 0.002436615229456583
77.39999999999988 0.002436615229092431
77.49999999999987 0.002436615228729743
77.59999999999987 0.002436615228368507
77.69999999999986 0.002436615228008718
77.79999999999986 0.002436615227650369
77.89999999999985 0.00243661522729345
77.99999999999984 0.002436615226937955
78.09999999999984 0.002436615226583876
78.19999999999983 0.002436615226231205
78.29999999999983 0.002436615225879936
78.39999999999982 0.00243661522553006
78.49999999999982 0.002436615225181571
78.59999999999981 0.002436615224834461
78.6999999999998 0.002436615224488723
78.7999999999998 0.002436615224144349
78.89999999999979 0.002436615223801332
78.99999999999979 0.002436615223459666
79.09999999999978 0.002436615223119342
79.19999999999978 0.002436615222780354
79.29999999999977 0.002436615222442696
79.39999999999976 0.00243661522210636
79.49999999999976 0.00243661522177134
79.59999999999975 0.002436615221437628
79.69999999999975 0.002436615221105217
79.79999999999974 0.002436615220774102
79.89999999999974 0.002436615220444274
79.99999999999973 0.002436615220115727
80.09999999999972 0.002436615219788456
80.19999999999972 0.002436615219462453
80.29999999999971 0.002436615219137711
80.39999999999971 0.002436615218814225
80.4999999999997 0.002436615218491988
80.5999999999997 0.002436615218170993
80.69999999999969 0.002436615217851234
80.79999999999968 0.002436615217532704
80.89999999999968 0.002436615217215398
80.99999999999967 0.002436615216899309
81.09999999999967 0.002436615216584431
81.19999999999966 0.002436615216270757
81.29999999999966 0.002436615215958282
81.39999999999965 0.002436615215646998
81.49999999999964 0.002436615215336902
81.59999999999964 0.002436615215027985
81.69999999999963 0.002436615214720245
81.79999999999963 0.00243661521441367
81.89999999999962 0.00243661521410826
81.99999999999962 0.002436615213804006
82.09999999999961 0.002436615213500902
82.1999999999996 0.002436615213198944
82.2999999999996 0.002436615212898125
82.39999999999959 0.00243661521259844
82.49999999999959 0.002436615212299882
82.59999999999958 0.002436615212002447
82.69999999999958 0.002436615211706128
82.79999999999957 0.002436615211410921
82.89999999999957 0.002436615211116818
82.99999999999956 0.002436615210823815
83.09999999999955 0.002436615210531907
83.19999999999955 0.002436615210241088
83.29999999999954 0.002436615209951352
83.39999999999954 0.002436615209662696
83.49999999999953 0.002436615209375111
83.59999999999953 0.002436615209088594
83.69999999999952 0.00243661520880314
83.79999999999951 0.002436615208518743
83.89999999999951 0.002436615208235397
83.9999999999995 0.002436615207953098
84.0999999999995 0.002436615207671841
84.19999999999949 0.00243661520739162
84.29999999999949 0.002436615207112431
84.39999999999948 0.002436615206834266
84.49999999999947 0.002436615206557124
84.59999999999947 0.002436615206280998
84.69999999999946 0.002436615206005883
84.79999999999946 0.002436615205731774
84.89999999999945 0.002436615205458667
84.99999999999945 0.002436615205186557
85.09999999999944 0.002436615204915438
85.19999999999943 0.002436615204645307
85.29999999999943 0.002436615204376157
85.39999999999942 0.002436615204107985
85.49999999999942 0.002436615203840786
85.59999999999941 0.002436615203574554
85.69999999999941 0.002436615203309285
85.7999999999994 0.002436615203044975
85.89999999999939 0.00243661520278162
85.99999999999939 0.002436615202519213
86.09999999999938 0.002436615202257751
86.19999999999938 0.002436615201997229
86.29999999999937 0.002436615201737644
86.39999999999937 0.002436615201478991
86.49999999999936 0.002436615201221264
86.59999999999935 0.002436615200964459
86.69999999999935 0.002436615200708572
86.79999999999934 0.002436615200453599
86.89999999999934 0.002436615200199536
86.99999999999933 0.002436615199946378
87.09999999999933 0.00243661519969412
87.19999999999932 0.002436615199442759
87.29999999999932 0.00243661519919229
87.39999999999931 0.00243661519894271
87.4999999999993 0.002436615198694012
87.5999999999993 0.002436615198446196
87.69999999999929 0.002436615198199254
87.79999999999929 0.002436615197953183
87.89999999999928 0.00243661519770798
87.99999999999928 0.002436615197463641
88.09999999999927 0.00243661519722016
88.19999999999926 0.002436615196977534
88.29999999999926 0.002436615196735761
88.39999999999925 0.002436615196494834
88.49999999999925 0.002436615196254749
88.59999999999924 0.002436615196015505
88.69999999999924 0.002436615195777096
88.79999999999923 0.002436615195539518
88.89999999999922 0.002436615195302768
88.99999999999922 0.002436615195066842
89.09999999999921 0.002436615194831735
89.19999999999921 0.002436615194597445
89.2999999999992 0.002436615194363969
89.3999999999992 0.0024366151941313
89.49999999999919 0.002436615193899436
89.59999999999918 0.002436615193668373
89.69999999999918 0.002436615193438108
89.79999999999917 0.002436615193208636
89.89999999999917 0.002436615192979955
89.99999999999916 0.00243661519275206
90.09999999999916 0.002436615192524949
90.19999999999915 0.002436615192298616
90.29999999999914 0.002436615192073061
90.39999999999914 0.002436615191848277
90.49999999999913 0.002436615191624263
90.59999999999913 0.002436615191401013
90.69999999999912 0.002436615191178524
90.79999999999912 0.002436615190956795
90.89999999999911 0.002436615190735821
90.9999999999991 0.002436615190515598
91.0999999999991 0.002436615190296124
91.19999999999909 0.002436615190077392
91.29999999999909 0.002436615189859403
91.39999999999908 0.002436615189642153
91.49999999999908 0.002436615189425636
91.59999999999907 0.002436615189209852
91.69999999999906 0.002436615188994795
91.79999999999906 0.002436615188780462
91.89999999999905 0.002436615188566852
91.99999999999905 0.002436615188353959
92.09999999999904 0.002436615188141782
92.19999999999904 0.002436615187930317
92.29999999999903 0.00243661518771956
92.39999999999903 0.002436615187509508
92.49999999999902 0.002436615187300159
92.59999999999901 0.00243661518709151
92.69999999999901 0.002436615186883556
92.799999999999 0.002436615186676296
92.899999999999 0.002436615186469726
92.99999999999899 0.002436615186263842
93.09999999999899 0.002436615186058643
93.19999999999898 0.002436615185854124
93.29999999999897 0.002436615185650283
93.39999999999897 0.002436615185447117
93.49999999999896 0.002436615185244624
93.59999999999896 0.002436615185042798
93.69999999999895 0.002436615184841639
93.79999999999895 0.002436615184641142
93.89999999999894 0.002436615184441306
93.99999999999893 0.002436615184242128
94.09999999999893 0.002436615184043604
94.19999999999892 0.002436615183845731
94.29999999999892 0.002436615183648507
94.39999999999891 0.002436615183451928
94.49999999999891 0.002436615183255992
94.5999999999989 0.002436615183060697
94.69999999999889 0.002436615182866039
94.79999999999889 0.002436615182672016
94.89999999999888 0.002436615182478625
94.99999999999888 0.002436615182285862
95.09999999999887 0.002436615182093727
95.19999999999887 0.002436615181902214
95.29999999999886 0.002436615181711324
95.39999999999885 0.00243661518152105
95.49999999999885 0.002436615181331394
95.59999999999884 0.00243661518114235
95.69999999999884 0.002436615180953916
95.79999999999883 0.002436615180766089
95.89999999999883 0.00243661518057887
95.99999999999882 0.002436615180392251
96.09999999999881 0.002436615180206232
96.19999999999881 0.002436615180020812
96.2999999999988 0.002436615179835986
96.3999999999988 0.002436615179651752
96.49999999999879 0.002436615179468108
96.59999999999879 0.002436615179285051
96.69999999999878 0.002436615179102579
96.79999999999878 0.002436615178920689
96.89999999999877 0.00243661517873938
96.99999999999876 0.002436615178558647
97.09999999999876 0.002436615178378489
97.19999999999875 0.002436615178198904
97.29999999999875 0.002436615178019888
97.39999999999874 0.002436615177841441
97.49999999999874 0.002436615177663558
97.59999999999873 0.002436615177486239
97.69999999999872 0.002436615177309481
97.79999999999872 0.002436615177133279
97.89999999999871 0.002436615176957633
97.99999999999871 0.002436615176782542
98.0999999999987 0.002436615176608
98.1999999999987 0.002436615176434008
98.29999999999869 0.002436615176260564
98.39999999999868 0.002436615176087662
98.49999999999868 0.002436615175915303
98.59999999999867 0.002436615175743483
98.69999999999867 0.0024366151755722
98.79999999999866 0.002436615175401453
98.89999999999866 0.002436615175231239
98.99999999999865 0.002436615175061555
99.09999999999864 0.0024366151748924
99.19999999999864 0.002436615174723772
99.29999999999863 0.002436615174555668
99.39999999999863 0.002436615174388085
99.49999999999862 0.002436615174221022
99.59999999999862 0.002436615174054477
99.69999999999861 0.002436615173888447
99.7999999999986 0.002436615173722931
99.8999999999986 0.002436615173557925
99.99999999999859 0.002436615173393431
100.0999999999986 0.002436615173229442
