0 -9.688276749999999e-05
0.1 -9.688288180226667e-05
0.2 -9.688299324613205e-05
0.3 -9.688310151992987e-05
0.4 -9.688320754465597e-05
0.5 -9.688331348413824e-05
0.6 -9.688342291650859e-05
0.7 -9.688354119182118e-05
0.7999999999999999 -9.688367603401623e-05
0.8999999999999999 -9.688383849280768e-05
0.9999999999999999 -9.688404442570984e-05
1.1 -9.688431681547403e-05
1.2 -9.688468944684414e-05
1.3 -9.688521286291858e-05
1.4 -9.688596426644641e-05
1.5 -9.688706448742892e-05
1.6 -9.688870811088986e-05
1.7 -9.689121923728077e-05
1.8 -9.6895159850472e-05
1.900000000000001 -9.690155306193395e-05
2 -9.691237666693938e-05
2.100000000000001 -9.693175402632591e-05
2.200000000000001 -9.696916546597133e-05
2.300000000000001 -9.704947558405253e-05
2.400000000000001 -9.72513001433799e-05
2.500000000000001 -9.790605506192687e-05
2.600000000000001 -0.0001013374899170102
2.700000000000001 -0.0001623926656050839
2.800000000000001 0.04284822676138731
2.900000000000001 0.04317438210519967
3.000000000000001 0.04317790853627484
3.100000000000001 0.04317835500929684
3.200000000000002 0.04317847122398008
3.300000000000002 0.04317851385957556
3.400000000000002 0.04317853301428343
3.500000000000002 0.04317854285497516
3.600000000000002 0.04317854841698248
3.700000000000002 0.04317855179349012
3.800000000000002 0.04317855396024916
3.900000000000002 0.04317855541378377
4.000000000000002 0.04317855642490049
4.100000000000001 0.04317855714985049
4.200000000000001 0.0431785576830918
4.300000000000001 0.04317855808401455
4.4 0.04317855839123416
4.5 0.04317855863059715
4.6 0.04317855881984702
4.699999999999999 0.04317855897143926
4.799999999999999 0.04317855909429211
4.899999999999999 0.04317855919490506
4.999999999999998 0.04317855927809081
5.099999999999998 0.04317855934746455
5.199999999999998 0.04317855940577771
5.299999999999997 0.04317855945514942
5.399999999999997 0.04317855949722969
5.499999999999996 0.04317855953331628
5.599999999999996 0.04317855956443936
5.699999999999996 0.04317855959142371
5.799999999999995 0.04317855961493504
5.899999999999995 0.04317855963551454
5.999999999999995 0.0431785596536053
6.099999999999994 0.04317855966957242
6.199999999999994 0.04317855968371857
6.299999999999994 0.04317855969629611
6.399999999999993 0.04317855970751656
6.499999999999993 0.04317855971755811
6.599999999999993 0.04317855972657162
6.699999999999992 0.04317855973468534
6.799999999999992 0.04317855974200881
6.899999999999991 0.04317855974863593
6.999999999999991 0.04317855975464754
7.099999999999991 0.04317855976011347
7.19999999999999 0.04317855976509426
7.29999999999999 0.04317855976964255
7.39999999999999 0.04317855977380429
7.499999999999989 0.04317855977761967
7.599999999999989 0.043178559781124
7.699999999999989 0.04317855978434835
7.799999999999988 0.04317855978732011
7.899999999999988 0.04317855979006355
7.999999999999988 0.04317855979260018
8.099999999999987 0.04317855979494913
8.199999999999987 0.04317855979712744
8.299999999999986 0.04317855979915033
8.399999999999986 0.0431785598010314
8.499999999999986 0.04317855980278289
8.599999999999985 0.04317855980441575
8.699999999999985 0.04317855980593986
8.799999999999985 0.04317855980736412
8.899999999999984 0.04317855980869658
8.999999999999984 0.04317855980994452
9.099999999999984 0.04317855981111454
9.199999999999983 0.04317855981221262
9.299999999999983 0.04317855981324421
9.399999999999983 0.04317855981421426
9.499999999999982 0.0431785598151273
9.599999999999982 0.04317855981598746
9.699999999999982 0.0431785598167985
9.799999999999981 0.04317855981756389
9.899999999999981 0.04317855981828678
9.99999999999998 0.0431785598189701
10.09999999999998 0.0431785598196165
10.19999999999998 0.04317855982022846
10.29999999999998 0.04317855982080824
10.39999999999998 0.04317855982135791
10.49999999999998 0.04317855982187942
10.59999999999998 0.04317855982237454
10.69999999999998 0.04317855982284493
10.79999999999998 0.0431785598232921
10.89999999999998 0.04317855982371747
10.99999999999998 0.04317855982412236
11.09999999999998 0.04317855982450798
11.19999999999998 0.04317855982487546
11.29999999999998 0.04317855982522587
11.39999999999998 0.04317855982556017
11.49999999999998 0.04317855982587929
11.59999999999997 0.04317855982618407
11.69999999999997 0.0431785598264753
11.79999999999997 0.04317855982675375
11.89999999999997 0.0431785598270201
11.99999999999997 0.043178559827275
12.09999999999997 0.04317855982751905
12.19999999999997 0.04317855982775284
12.29999999999997 0.0431785598279769
12.39999999999997 0.04317855982819173
12.49999999999997 0.04317855982839777
12.59999999999997 0.0431785598285955
12.69999999999997 0.04317855982878533
12.79999999999997 0.04317855982896766
12.89999999999997 0.04317855982914281
12.99999999999997 0.04317855982931118
13.09999999999997 0.04317855982947309
13.19999999999997 0.04317855982962882
13.29999999999997 0.04317855982977868
13.39999999999997 0.04317855982992294
13.49999999999997 0.04317855983006186
13.59999999999997 0.04317855983019567
13.69999999999997 0.04317855983032464
13.79999999999997 0.04317855983044896
13.89999999999997 0.04317855983056884
13.99999999999997 0.04317855983068446
14.09999999999997 0.04317855983079604
14.19999999999997 0.04317855983090373
14.29999999999997 0.04317855983100771
14.39999999999996 0.04317855983110815
14.49999999999996 0.04317855983120518
14.59999999999996 0.04317855983129895
14.69999999999996 0.0431785598313896
14.79999999999996 0.04317855983147725
14.89999999999996 0.04317855983156203
14.99999999999996 0.04317855983164406
15.09999999999996 0.04317855983172343
15.19999999999996 0.04317855983180027
15.29999999999996 0.04317855983187466
15.39999999999996 0.04317855983194673
15.49999999999996 0.04317855983201654
15.59999999999996 0.04317855983208418
15.69999999999996 0.04317855983214975
15.79999999999996 0.04317855983221331
15.89999999999996 0.04317855983227494
15.99999999999996 0.04317855983233473
16.09999999999996 0.04317855983239272
16.19999999999996 0.043178559832449
16.29999999999996 0.04317855983250363
16.39999999999996 0.04317855983255665
16.49999999999996 0.04317855983260815
16.59999999999997 0.04317855983265816
16.69999999999997 0.04317855983270674
16.79999999999997 0.04317855983275395
16.89999999999997 0.04317855983279982
16.99999999999997 0.04317855983284443
17.09999999999997 0.04317855983288778
17.19999999999997 0.04317855983292995
17.29999999999998 0.04317855983297097
17.39999999999998 0.04317855983301084
17.49999999999998 0.04317855983304965
17.59999999999998 0.04317855983308742
17.69999999999998 0.04317855983312419
17.79999999999998 0.04317855983315997
17.89999999999998 0.04317855983319482
17.99999999999999 0.04317855983322876
18.09999999999999 0.04317855983326183
18.19999999999999 0.04317855983329403
18.29999999999999 0.04317855983332541
18.39999999999999 0.04317855983335599
18.49999999999999 0.0431785598333858
18.59999999999999 0.04317855983341484
18.7 0.04317855983344318
18.8 0.0431785598334708
18.9 0.04317855983349776
19 0.04317855983352404
19.1 0.04317855983354967
19.2 0.04317855983357471
19.3 0.04317855983359913
19.40000000000001 0.04317855983362297
19.50000000000001 0.04317855983364623
19.60000000000001 0.04317855983366895
19.70000000000001 0.04317855983369113
19.80000000000001 0.04317855983371278
19.90000000000001 0.04317855983373395
20.00000000000001 0.04317855983375462
20.10000000000002 0.0431785598337748
20.20000000000002 0.04317855983379455
20.30000000000002 0.04317855983381383
20.40000000000002 0.04317855983383268
20.50000000000002 0.0431785598338511
20.60000000000002 0.04317855983386912
20.70000000000002 0.04317855983388675
20.80000000000003 0.04317855983390396
20.90000000000003 0.04317855983392081
21.00000000000003 0.04317855983393728
21.10000000000003 0.0431785598339534
21.20000000000003 0.04317855983396917
21.30000000000003 0.04317855983398461
21.40000000000003 0.04317855983399971
21.50000000000004 0.04317855983401449
21.60000000000004 0.04317855983402897
21.70000000000004 0.04317855983404313
21.80000000000004 0.043178559834057
21.90000000000004 0.04317855983407057
22.00000000000004 0.04317855983408387
22.10000000000004 0.04317855983409689
22.20000000000005 0.04317855983410964
22.30000000000005 0.04317855983412214
22.40000000000005 0.04317855983413436
22.50000000000005 0.04317855983414636
22.60000000000005 0.04317855983415812
22.70000000000005 0.04317855983416965
22.80000000000005 0.04317855983418094
22.90000000000006 0.04317855983419201
23.00000000000006 0.04317855983420286
23.10000000000006 0.04317855983421349
23.20000000000006 0.04317855983422392
23.30000000000006 0.04317855983423414
23.40000000000006 0.04317855983424417
23.50000000000006 0.043178559834254
23.60000000000007 0.04317855983426366
23.70000000000007 0.04317855983427312
23.80000000000007 0.04317855983428241
23.90000000000007 0.04317855983429152
24.00000000000007 0.04317855983430045
24.10000000000007 0.04317855983430922
24.20000000000007 0.04317855983431783
24.30000000000008 0.04317855983432629
24.40000000000008 0.04317855983433458
24.50000000000008 0.04317855983434272
24.60000000000008 0.0431785598343507
24.70000000000008 0.04317855983435855
24.80000000000008 0.04317855983436625
24.90000000000008 0.04317855983437383
25.00000000000009 0.04317855983438126
25.10000000000009 0.04317855983438855
25.20000000000009 0.04317855983439572
25.30000000000009 0.04317855983440275
25.40000000000009 0.04317855983440968
25.50000000000009 0.04317855983441647
25.60000000000009 0.04317855983442314
25.7000000000001 0.0431785598344297
25.8000000000001 0.04317855983443616
25.9000000000001 0.0431785598344425
26.0000000000001 0.04317855983444872
26.1000000000001 0.04317855983445485
26.2000000000001 0.04317855983446087
26.3000000000001 0.04317855983446678
26.40000000000011 0.04317855983447259
26.50000000000011 0.04317855983447832
26.60000000000011 0.04317855983448394
26.70000000000011 0.04317855983448947
26.80000000000011 0.0431785598344949
26.90000000000011 0.04317855983450025
27.00000000000011 0.0431785598345055
27.10000000000012 0.04317855983451067
27.20000000000012 0.04317855983451576
27.30000000000012 0.04317855983452076
27.40000000000012 0.04317855983452569
27.50000000000012 0.04317855983453053
27.60000000000012 0.04317855983453531
27.70000000000012 0.04317855983454
27.80000000000013 0.04317855983454463
27.90000000000013 0.04317855983454915
28.00000000000013 0.04317855983455363
28.10000000000013 0.04317855983455803
28.20000000000013 0.04317855983456236
28.30000000000013 0.04317855983456663
28.40000000000013 0.04317855983457083
28.50000000000014 0.04317855983457495
28.60000000000014 0.04317855983457901
28.70000000000014 0.04317855983458303
28.80000000000014 0.04317855983458697
28.90000000000014 0.04317855983459085
29.00000000000014 0.0431785598345947
29.10000000000014 0.04317855983459846
29.20000000000014 0.04317855983460218
29.30000000000015 0.04317855983460583
29.40000000000015 0.04317855983460944
29.50000000000015 0.04317855983461297
29.60000000000015 0.04317855983461646
29.70000000000015 0.04317855983461989
29.80000000000015 0.04317855983462329
29.90000000000015 0.04317855983462662
30.00000000000016 0.04317855983462992
30.10000000000016 0.04317855983463317
30.20000000000016 0.04317855983463637
30.30000000000016 0.04317855983463952
30.40000000000016 0.04317855983464262
30.50000000000016 0.04317855983464567
30.60000000000016 0.04317855983464869
30.70000000000017 0.04317855983465167
30.80000000000017 0.04317855983465459
30.90000000000017 0.04317855983465748
31.00000000000017 0.04317855983466033
31.10000000000017 0.04317855983466313
31.20000000000017 0.0431785598346659
31.30000000000017 0.04317855983466863
31.40000000000018 0.04317855983467134
31.50000000000018 0.04317855983467398
31.60000000000018 0.0431785598346766
31.70000000000018 0.04317855983467919
31.80000000000018 0.04317855983468175
31.90000000000018 0.04317855983468425
32.00000000000018 0.04317855983468673
32.10000000000019 0.04317855983468917
32.20000000000019 0.04317855983469158
32.30000000000019 0.04317855983469397
32.40000000000019 0.04317855983469631
32.50000000000019 0.04317855983469862
32.60000000000019 0.04317855983470091
32.70000000000019 0.04317855983470316
32.8000000000002 0.04317855983470538
32.9000000000002 0.04317855983470757
33.0000000000002 0.04317855983470974
33.1000000000002 0.04317855983471188
33.2000000000002 0.04317855983471399
33.3000000000002 0.04317855983471607
33.4000000000002 0.04317855983471813
33.50000000000021 0.04317855983472015
33.60000000000021 0.04317855983472215
33.70000000000021 0.04317855983472412
33.80000000000021 0.04317855983472606
33.90000000000021 0.04317855983472799
34.00000000000021 0.04317855983472989
34.10000000000021 0.04317855983473176
34.20000000000022 0.04317855983473362
34.30000000000022 0.04317855983473544
34.40000000000022 0.04317855983473725
34.50000000000022 0.04317855983473903
34.60000000000022 0.0431785598347408
34.70000000000022 0.04317855983474253
34.80000000000022 0.04317855983474425
34.90000000000023 0.04317855983474594
35.00000000000023 0.04317855983474763
35.10000000000023 0.04317855983474928
35.20000000000023 0.04317855983475092
35.30000000000023 0.04317855983475254
35.40000000000023 0.04317855983475413
35.50000000000023 0.04317855983475571
35.60000000000024 0.04317855983475725
35.70000000000024 0.0431785598347588
35.80000000000024 0.04317855983476031
35.90000000000024 0.04317855983476182
36.00000000000024 0.04317855983476331
36.10000000000024 0.04317855983476476
36.20000000000024 0.04317855983476622
36.30000000000025 0.04317855983476765
36.40000000000025 0.04317855983476905
36.50000000000025 0.04317855983477046
36.60000000000025 0.04317855983477183
36.70000000000025 0.04317855983477319
36.80000000000025 0.04317855983477454
36.90000000000025 0.04317855983477586
37.00000000000026 0.04317855983477718
37.10000000000026 0.04317855983477848
37.20000000000026 0.04317855983477978
37.30000000000026 0.04317855983478104
37.40000000000026 0.04317855983478231
37.50000000000026 0.04317855983478355
37.60000000000026 0.04317855983478477
37.70000000000027 0.04317855983478598
37.80000000000027 0.04317855983478718
37.90000000000027 0.04317855983478837
38.00000000000027 0.04317855983478954
38.10000000000027 0.04317855983479069
38.20000000000027 0.04317855983479185
38.30000000000027 0.04317855983479298
38.40000000000028 0.0431785598347941
38.50000000000028 0.04317855983479522
38.60000000000028 0.04317855983479631
38.70000000000028 0.0431785598347974
38.80000000000028 0.04317855983479847
38.90000000000028 0.04317855983479953
39.00000000000028 0.04317855983480057
39.10000000000029 0.04317855983480159
39.20000000000029 0.04317855983480262
39.30000000000029 0.04317855983480365
39.40000000000029 0.04317855983480463
39.50000000000029 0.04317855983480563
39.60000000000029 0.0431785598348066
39.70000000000029 0.04317855983480758
39.8000000000003 0.04317855983480855
39.9000000000003 0.0431785598348095
40.0000000000003 0.04317855983481044
40.1000000000003 0.04317855983481137
40.2000000000003 0.04317855983481229
40.3000000000003 0.0431785598348132
40.4000000000003 0.04317855983481409
40.50000000000031 0.04317855983481498
40.60000000000031 0.04317855983481587
40.70000000000031 0.04317855983481673
40.80000000000031 0.0431785598348176
40.90000000000031 0.04317855983481846
41.00000000000031 0.0431785598348193
41.10000000000031 0.04317855983482012
41.20000000000032 0.04317855983482095
41.30000000000032 0.04317855983482177
41.40000000000032 0.04317855983482259
41.50000000000032 0.04317855983482338
41.60000000000032 0.04317855983482418
41.70000000000032 0.04317855983482496
41.80000000000032 0.04317855983482574
41.90000000000033 0.04317855983482653
42.00000000000033 0.04317855983482728
42.10000000000033 0.04317855983482805
42.20000000000033 0.04317855983482878
42.30000000000033 0.04317855983482952
42.40000000000033 0.04317855983483025
42.50000000000033 0.04317855983483098
42.60000000000034 0.0431785598348317
42.70000000000034 0.0431785598348324
42.80000000000034 0.04317855983483311
42.90000000000034 0.04317855983483379
43.00000000000034 0.0431785598348345
43.10000000000034 0.04317855983483516
43.20000000000034 0.04317855983483584
43.30000000000035 0.04317855983483652
43.40000000000035 0.04317855983483718
43.50000000000035 0.04317855983483784
43.60000000000035 0.04317855983483848
43.70000000000035 0.04317855983483913
43.80000000000035 0.04317855983483977
43.90000000000035 0.0431785598348404
44.00000000000036 0.04317855983484101
44.10000000000036 0.04317855983484162
44.20000000000036 0.04317855983484224
44.30000000000036 0.04317855983484285
44.40000000000036 0.04317855983484345
44.50000000000036 0.04317855983484405
44.60000000000036 0.04317855983484464
44.70000000000037 0.04317855983484521
44.80000000000037 0.04317855983484579
44.90000000000037 0.04317855983484637
45.00000000000037 0.04317855983484695
45.10000000000037 0.04317855983484751
45.20000000000037 0.04317855983484807
45.30000000000037 0.04317855983484861
45.40000000000038 0.04317855983484914
45.50000000000038 0.04317855983484969
45.60000000000038 0.04317855983485024
45.70000000000038 0.04317855983485075
45.80000000000038 0.04317855983485127
45.90000000000038 0.0431785598348518
46.00000000000038 0.04317855983485232
46.10000000000039 0.04317855983485282
46.20000000000039 0.04317855983485333
46.30000000000039 0.04317855983485383
46.40000000000039 0.04317855983485434
46.50000000000039 0.04317855983485484
46.60000000000039 0.04317855983485532
46.70000000000039 0.0431785598348558
46.8000000000004 0.04317855983485629
46.9000000000004 0.04317855983485676
47.0000000000004 0.04317855983485723
47.1000000000004 0.04317855983485771
47.2000000000004 0.04317855983485816
47.3000000000004 0.04317855983485863
47.4000000000004 0.04317855983485909
47.50000000000041 0.04317855983485953
47.60000000000041 0.04317855983485998
47.70000000000041 0.04317855983486043
47.80000000000041 0.04317855983486085
47.90000000000041 0.0431785598348613
48.00000000000041 0.04317855983486173
48.10000000000041 0.04317855983486216
48.20000000000041 0.04317855983486258
48.30000000000042 0.043178559834863
48.40000000000042 0.04317855983486341
48.50000000000042 0.04317855983486382
48.60000000000042 0.04317855983486422
48.70000000000042 0.04317855983486464
48.80000000000042 0.04317855983486504
48.90000000000042 0.04317855983486543
49.00000000000043 0.04317855983486583
49.10000000000043 0.04317855983486622
49.20000000000043 0.0431785598348666
49.30000000000043 0.04317855983486699
49.40000000000043 0.04317855983486739
49.50000000000043 0.04317855983486776
49.60000000000043 0.04317855983486812
49.70000000000044 0.0431785598348685
49.80000000000044 0.04317855983486887
49.90000000000044 0.04317855983486924
50.00000000000044 0.0431785598348696
50.10000000000044 0.04317855983486996
50.20000000000044 0.04317855983487032
50.30000000000044 0.04317855983487067
50.40000000000045 0.04317855983487102
50.50000000000045 0.04317855983487136
50.60000000000045 0.04317855983487171
50.70000000000045 0.04317855983487204
50.80000000000045 0.04317855983487238
50.90000000000045 0.04317855983487272
51.00000000000045 0.04317855983487306
51.10000000000046 0.0431785598348734
51.20000000000046 0.04317855983487372
51.30000000000046 0.04317855983487404
51.40000000000046 0.04317855983487436
51.50000000000046 0.04317855983487469
51.60000000000046 0.04317855983487501
51.70000000000046 0.04317855983487532
51.80000000000047 0.04317855983487563
51.90000000000047 0.04317855983487594
52.00000000000047 0.04317855983487625
52.10000000000047 0.04317855983487656
52.20000000000047 0.04317855983487685
52.30000000000047 0.04317855983487716
52.40000000000047 0.04317855983487746
52.50000000000048 0.04317855983487776
52.60000000000048 0.04317855983487805
52.70000000000048 0.04317855983487835
52.80000000000048 0.04317855983487864
52.90000000000048 0.04317855983487892
53.00000000000048 0.0431785598348792
53.10000000000048 0.04317855983487948
53.20000000000049 0.04317855983487975
53.30000000000049 0.04317855983488004
53.40000000000049 0.04317855983488032
53.50000000000049 0.04317855983488059
53.60000000000049 0.04317855983488086
53.70000000000049 0.04317855983488113
53.80000000000049 0.04317855983488139
53.9000000000005 0.04317855983488166
54.0000000000005 0.04317855983488191
54.1000000000005 0.04317855983488219
54.2000000000005 0.04317855983488244
54.3000000000005 0.0431785598348827
54.4000000000005 0.04317855983488295
54.5000000000005 0.04317855983488319
54.60000000000051 0.04317855983488343
54.70000000000051 0.04317855983488367
54.80000000000051 0.04317855983488392
54.90000000000051 0.04317855983488417
55.00000000000051 0.04317855983488442
55.10000000000051 0.04317855983488465
55.20000000000051 0.0431785598348849
55.30000000000052 0.04317855983488512
55.40000000000052 0.04317855983488535
55.50000000000052 0.0431785598348856
55.60000000000052 0.04317855983488583
55.70000000000052 0.04317855983488606
55.80000000000052 0.04317855983488628
55.90000000000052 0.04317855983488651
56.00000000000053 0.04317855983488673
56.10000000000053 0.04317855983488695
56.20000000000053 0.04317855983488717
56.30000000000053 0.04317855983488738
56.40000000000053 0.0431785598348876
56.50000000000053 0.04317855983488781
56.60000000000053 0.04317855983488802
56.70000000000054 0.04317855983488823
56.80000000000054 0.04317855983488845
56.90000000000054 0.04317855983488864
57.00000000000054 0.04317855983488886
57.10000000000054 0.04317855983488906
57.20000000000054 0.04317855983488927
57.30000000000054 0.04317855983488948
57.40000000000055 0.04317855983488968
57.50000000000055 0.04317855983488988
57.60000000000055 0.04317855983489007
57.70000000000055 0.04317855983489026
57.80000000000055 0.04317855983489045
57.90000000000055 0.04317855983489066
58.00000000000055 0.04317855983489085
58.10000000000056 0.04317855983489104
58.20000000000056 0.04317855983489122
58.30000000000056 0.04317855983489142
58.40000000000056 0.04317855983489161
58.50000000000056 0.0431785598348918
58.60000000000056 0.04317855983489199
58.70000000000056 0.04317855983489217
58.80000000000057 0.04317855983489235
58.90000000000057 0.04317855983489253
59.00000000000057 0.0431785598348927
59.10000000000057 0.04317855983489288
59.20000000000057 0.04317855983489306
59.30000000000057 0.04317855983489324
59.40000000000057 0.04317855983489342
59.50000000000058 0.04317855983489358
59.60000000000058 0.04317855983489376
59.70000000000058 0.04317855983489392
59.80000000000058 0.0431785598348941
59.90000000000058 0.04317855983489426
60.00000000000058 0.04317855983489444
60.10000000000058 0.0431785598348946
60.20000000000059 0.04317855983489477
60.30000000000059 0.04317855983489494
60.40000000000059 0.0431785598348951
60.50000000000059 0.04317855983489525
60.60000000000059 0.04317855983489541
60.70000000000059 0.04317855983489557
60.80000000000059 0.04317855983489573
60.9000000000006 0.04317855983489589
61.0000000000006 0.04317855983489605
61.1000000000006 0.0431785598348962
61.2000000000006 0.04317855983489634
61.3000000000006 0.04317855983489649
61.4000000000006 0.04317855983489664
61.5000000000006 0.0431785598348968
61.60000000000061 0.04317855983489695
61.70000000000061 0.04317855983489709
61.80000000000061 0.04317855983489725
61.90000000000061 0.0431785598348974
62.00000000000061 0.04317855983489754
62.10000000000061 0.04317855983489768
62.20000000000061 0.04317855983489782
62.30000000000062 0.04317855983489798
62.40000000000062 0.04317855983489811
62.50000000000062 0.04317855983489825
62.60000000000062 0.04317855983489838
62.70000000000062 0.04317855983489852
62.80000000000062 0.04317855983489866
62.90000000000062 0.04317855983489879
63.00000000000063 0.04317855983489893
63.10000000000063 0.04317855983489907
63.20000000000063 0.0431785598348992
63.30000000000063 0.04317855983489934
63.40000000000063 0.04317855983489947
63.50000000000063 0.0431785598348996
63.60000000000063 0.04317855983489973
63.70000000000064 0.04317855983489986
63.80000000000064 0.0431785598349
63.90000000000064 0.04317855983490013
64.00000000000064 0.04317855983490026
64.10000000000063 0.04317855983490038
64.20000000000063 0.04317855983490051
64.30000000000062 0.04317855983490064
64.40000000000062 0.04317855983490076
64.50000000000061 0.04317855983490088
64.60000000000061 0.04317855983490099
64.7000000000006 0.04317855983490112
64.80000000000059 0.04317855983490124
64.90000000000059 0.04317855983490136
65.00000000000058 0.04317855983490149
65.10000000000058 0.0431785598349016
65.20000000000057 0.04317855983490172
65.30000000000057 0.04317855983490185
65.40000000000056 0.04317855983490196
65.50000000000055 0.04317855983490208
65.60000000000055 0.04317855983490219
65.70000000000054 0.04317855983490231
65.80000000000054 0.04317855983490242
65.90000000000053 0.04317855983490254
66.00000000000053 0.04317855983490265
66.10000000000052 0.04317855983490276
66.20000000000051 0.04317855983490287
66.30000000000051 0.04317855983490299
66.4000000000005 0.04317855983490309
66.5000000000005 0.0431785598349032
66.60000000000049 0.04317855983490331
66.70000000000049 0.04317855983490342
66.80000000000048 0.04317855983490352
66.90000000000047 0.04317855983490362
67.00000000000047 0.04317855983490373
67.10000000000046 0.04317855983490383
67.20000000000046 0.04317855983490394
67.30000000000045 0.04317855983490403
67.40000000000045 0.04317855983490414
67.50000000000044 0.04317855983490425
67.60000000000043 0.04317855983490435
67.70000000000043 0.04317855983490445
67.80000000000042 0.04317855983490456
67.90000000000042 0.04317855983490466
68.00000000000041 0.04317855983490475
68.10000000000041 0.04317855983490486
68.2000000000004 0.04317855983490495
68.3000000000004 0.04317855983490506
68.40000000000039 0.04317855983490516
68.50000000000038 0.04317855983490525
68.60000000000038 0.04317855983490534
68.70000000000037 0.04317855983490543
68.80000000000037 0.04317855983490552
68.90000000000036 0.04317855983490562
69.00000000000036 0.04317855983490571
69.10000000000035 0.04317855983490582
69.20000000000034 0.04317855983490591
69.30000000000034 0.043178559834906
69.40000000000033 0.04317855983490609
69.50000000000033 0.04317855983490618
69.60000000000032 0.04317855983490627
69.70000000000032 0.04317855983490636
69.80000000000031 0.04317855983490645
69.9000000000003 0.04317855983490653
70.0000000000003 0.04317855983490663
70.10000000000029 0.0431785598349067
70.20000000000029 0.04317855983490679
70.30000000000028 0.04317855983490688
70.40000000000028 0.04317855983490698
70.50000000000027 0.04317855983490707
70.60000000000026 0.04317855983490714
70.70000000000026 0.04317855983490722
70.80000000000025 0.0431785598349073
70.90000000000025 0.04317855983490739
71.00000000000024 0.04317855983490748
71.10000000000024 0.04317855983490756
71.20000000000023 0.04317855983490764
71.30000000000022 0.04317855983490772
71.40000000000022 0.0431785598349078
71.50000000000021 0.04317855983490788
71.60000000000021 0.04317855983490797
71.7000000000002 0.04317855983490804
71.8000000000002 0.04317855983490812
71.90000000000019 0.04317855983490821
72.00000000000018 0.04317855983490829
72.10000000000018 0.04317855983490836
72.20000000000017 0.04317855983490844
72.30000000000017 0.04317855983490852
72.40000000000016 0.04317855983490859
72.50000000000016 0.04317855983490868
72.60000000000015 0.04317855983490875
72.70000000000014 0.04317855983490883
72.80000000000014 0.0431785598349089
72.90000000000013 0.04317855983490897
73.00000000000013 0.04317855983490906
73.10000000000012 0.04317855983490912
73.20000000000012 0.0431785598349092
73.30000000000011 0.04317855983490926
73.40000000000011 0.04317855983490933
73.5000000000001 0.0431785598349094
73.60000000000009 0.04317855983490947
73.70000000000009 0.04317855983490955
73.80000000000008 0.04317855983490963
73.90000000000008 0.04317855983490969
74.00000000000007 0.04317855983490976
74.10000000000007 0.04317855983490983
74.20000000000006 0.04317855983490991
74.30000000000005 0.04317855983490997
74.40000000000005 0.04317855983491005
74.50000000000004 0.04317855983491011
74.60000000000004 0.04317855983491018
74.70000000000003 0.04317855983491024
74.80000000000003 0.04317855983491032
74.90000000000002 0.04317855983491038
75.00000000000001 0.04317855983491045
75.10000000000001 0.04317855983491052
75.2 0.04317855983491059
75.3 0.04317855983491065
75.39999999999999 0.04317855983491071
75.49999999999999 0.04317855983491078
75.59999999999998 0.04317855983491083
75.69999999999997 0.04317855983491089
75.79999999999997 0.04317855983491097
75.89999999999996 0.04317855983491103
75.99999999999996 0.04317855983491109
76.09999999999995 0.04317855983491116
76.19999999999995 0.04317855983491122
76.29999999999994 0.04317855983491128
76.39999999999993 0.04317855983491134
76.49999999999993 0.0431785598349114
76.59999999999992 0.04317855983491146
76.69999999999992 0.04317855983491152
76.79999999999991 0.0431785598349116
76.89999999999991 0.04317855983491164
76.9999999999999 0.04317855983491171
77.09999999999989 0.04317855983491177
77.19999999999989 0.04317855983491183
77.29999999999988 0.04317855983491188
77.39999999999988 0.04317855983491195
77.49999999999987 0.043178559834912
77.59999999999987 0.04317855983491206
77.69999999999986 0.04317855983491211
77.79999999999986 0.04317855983491217
77.89999999999985 0.04317855983491221
77.99999999999984 0.04317855983491227
78.09999999999984 0.04317855983491234
78.19999999999983 0.04317855983491238
78.29999999999983 0.04317855983491244
78.39999999999982 0.04317855983491249
78.49999999999982 0.04317855983491255
78.59999999999981 0.0431785598349126
78.6999999999998 0.04317855983491265
78.7999999999998 0.04317855983491271
78.89999999999979 0.04317855983491276
78.99999999999979 0.04317855983491281
79.09999999999978 0.04317855983491288
79.19999999999978 0.04317855983491294
79.29999999999977 0.04317855983491298
79.39999999999976 0.04317855983491303
79.49999999999976 0.04317855983491308
79.59999999999975 0.04317855983491313
79.69999999999975 0.04317855983491319
79.79999999999974 0.04317855983491324
79.89999999999974 0.04317855983491328
79.99999999999973 0.04317855983491333
80.09999999999972 0.04317855983491337
80.19999999999972 0.04317855983491344
80.29999999999971 0.04317855983491349
80.39999999999971 0.04317855983491353
80.4999999999997 0.04317855983491358
80.5999999999997 0.04317855983491364
80.69999999999969 0.04317855983491369
80.79999999999968 0.04317855983491373
80.89999999999968 0.04317855983491378
80.99999999999967 0.04317855983491383
81.09999999999967 0.04317855983491388
81.19999999999966 0.04317855983491393
81.29999999999966 0.04317855983491397
81.39999999999965 0.04317855983491401
81.49999999999964 0.04317855983491405
81.59999999999964 0.04317855983491411
81.69999999999963 0.04317855983491415
81.79999999999963 0.0431785598349142
81.89999999999962 0.04317855983491424
81.99999999999962 0.04317855983491429
82.09999999999961 0.04317855983491434
82.1999999999996 0.04317855983491437
82.2999999999996 0.04317855983491441
82.39999999999959 0.04317855983491446
82.49999999999959 0.0431785598349145
82.59999999999958 0.04317855983491455
82.69999999999958 0.04317855983491459
82.79999999999957 0.04317855983491464
82.89999999999957 0.04317855983491468
82.99999999999956 0.04317855983491473
83.09999999999955 0.04317855983491478
83.19999999999955 0.04317855983491482
83.29999999999954 0.04317855983491486
83.39999999999954 0.04317855983491491
83.49999999999953 0.04317855983491494
83.59999999999953 0.04317855983491498
83.69999999999952 0.04317855983491503
83.79999999999951 0.04317855983491507
83.89999999999951 0.04317855983491512
83.9999999999995 0.04317855983491514
84.0999999999995 0.04317855983491518
84.19999999999949 0.04317855983491522
84.29999999999949 0.04317855983491526
84.39999999999948 0.04317855983491529
84.49999999999947 0.04317855983491535
84.59999999999947 0.04317855983491539
84.69999999999946 0.04317855983491543
84.79999999999946 0.04317855983491547
84.89999999999945 0.04317855983491551
84.99999999999945 0.04317855983491554
85.09999999999944 0.04317855983491559
85.19999999999943 0.04317855983491562
85.29999999999943 0.04317855983491565
85.39999999999942 0.04317855983491569
85.49999999999942 0.04317855983491573
85.59999999999941 0.04317855983491576
85.69999999999941 0.04317855983491581
85.7999999999994 0.04317855983491585
85.89999999999939 0.04317855983491589
85.99999999999939 0.04317855983491593
86.09999999999938 0.04317855983491596
86.19999999999938 0.043178559834916
86.29999999999937 0.04317855983491603
86.39999999999937 0.04317855983491607
86.49999999999936 0.04317855983491611
86.59999999999935 0.04317855983491614
86.69999999999935 0.04317855983491619
86.79999999999934 0.04317855983491622
86.89999999999934 0.04317855983491626
86.99999999999933 0.0431785598349163
87.09999999999933 0.04317855983491633
87.19999999999932 0.04317855983491637
87.29999999999932 0.04317855983491641
87.39999999999931 0.04317855983491645
87.4999999999993 0.04317855983491648
87.5999999999993 0.04317855983491652
87.69999999999929 0.04317855983491656
87.79999999999929 0.04317855983491658
87.89999999999928 0.04317855983491661
87.99999999999928 0.04317855983491665
88.09999999999927 0.04317855983491668
88.19999999999926 0.04317855983491672
88.29999999999926 0.04317855983491676
88.39999999999925 0.04317855983491677
88.49999999999925 0.04317855983491681
88.59999999999924 0.04317855983491684
88.69999999999924 0.04317855983491688
88.79999999999923 0.04317855983491692
88.89999999999922 0.04317855983491694
88.99999999999922 0.04317855983491698
89.09999999999921 0.04317855983491702
89.19999999999921 0.04317855983491706
89.2999999999992 0.04317855983491709
89.3999999999992 0.04317855983491711
89.49999999999919 0.04317855983491714
89.59999999999918 0.04317855983491717
89.69999999999918 0.0431785598349172
89.79999999999917 0.04317855983491724
89.89999999999917 0.04317855983491728
89.99999999999916 0.0431785598349173
90.09999999999916 0.04317855983491733
90.19999999999915 0.04317855983491736
90.29999999999914 0.04317855983491738
90.39999999999914 0.04317855983491742
90.49999999999913 0.04317855983491744
90.59999999999913 0.04317855983491748
90.69999999999912 0.04317855983491751
90.79999999999912 0.04317855983491755
90.89999999999911 0.04317855983491758
90.9999999999991 0.04317855983491761
91.0999999999991 0.04317855983491765
91.19999999999909 0.04317855983491768
91.29999999999909 0.0431785598349177
91.39999999999908 0.04317855983491772
91.49999999999908 0.04317855983491776
91.59999999999907 0.04317855983491779
91.69999999999906 0.04317855983491782
91.79999999999906 0.04317855983491784
91.89999999999905 0.04317855983491788
91.99999999999905 0.04317855983491791
92.09999999999904 0.04317855983491795
92.19999999999904 0.04317855983491796
92.29999999999903 0.04317855983491799
92.39999999999903 0.04317855983491802
92.49999999999902 0.04317855983491804
92.59999999999901 0.04317855983491807
92.69999999999901 0.0431785598349181
92.799999999999 0.04317855983491812
92.899999999999 0.04317855983491817
92.99999999999899 0.04317855983491817
93.09999999999899 0.04317855983491821
93.19999999999898 0.04317855983491824
93.29999999999897 0.04317855983491827
93.39999999999897 0.0431785598349183
93.49999999999896 0.04317855983491833
93.59999999999896 0.04317855983491835
93.69999999999895 0.04317855983491838
93.79999999999895 0.0431785598349184
93.89999999999894 0.04317855983491842
93.99999999999893 0.04317855983491845
94.09999999999893 0.04317855983491848
94.19999999999892 0.04317855983491851
94.29999999999892 0.04317855983491854
94.39999999999891 0.04317855983491856
94.49999999999891 0.0431785598349186
94.5999999999989 0.04317855983491862
94.69999999999889 0.04317855983491865
94.79999999999889 0.04317855983491867
94.89999999999888 0.04317855983491869
94.99999999999888 0.04317855983491871
95.09999999999887 0.04317855983491874
95.19999999999887 0.04317855983491877
95.29999999999886 0.04317855983491879
95.39999999999885 0.04317855983491881
95.49999999999885 0.04317855983491883
95.59999999999884 0.04317855983491885
95.69999999999884 0.04317855983491888
95.79999999999883 0.04317855983491891
95.89999999999883 0.04317855983491893
95.99999999999882 0.04317855983491894
96.09999999999881 0.04317855983491897
96.19999999999881 0.04317855983491898
96.2999999999988 0.04317855983491901
96.3999999999988 0.04317855983491903
96.49999999999879 0.04317855983491905
96.59999999999879 0.04317855983491907
96.69999999999878 0.04317855983491909
96.79999999999878 0.04317855983491911
96.89999999999877 0.04317855983491913
96.99999999999876 0.04317855983491916
97.09999999999876 0.04317855983491918
97.19999999999875 0.0431785598349192
97.29999999999875 0.04317855983491922
97.39999999999874 0.04317855983491925
97.49999999999874 0.04317855983491927
97.59999999999873 0.04317855983491929
97.69999999999872 0.04317855983491931
97.79999999999872 0.04317855983491933
97.89999999999871 0.04317855983491935
97.99999999999871 0.04317855983491938
98.0999999999987 0.0431785598349194
98.1999999999987 0.04317855983491943
98.29999999999869 0.04317855983491944
98.39999999999868 0.04317855983491946
98.49999999999868 0.04317855983491947
98.59999999999867 0.04317855983491949
98.69999999999867 0.04317855983491951
98.79999999999866 0.04317855983491953
98.89999999999866 0.04317855983491956
98.99999999999865 0.04317855983491958
99.09999999999864 0.0431785598349196
99.19999999999864 0.04317855983491962
99.29999999999863 0.04317855983491965
99.39999999999863 0.04317855983491967
99.49999999999862 0.04317855983491968
99.59999999999862 0.04317855983491971
99.69999999999861 0.04317855983491972
99.7999999999986 0.04317855983491976
99.8999999999986 0.04317855983491976
99.99999999999859 0.04317855983491979
100.0999999999986 0.0431785598349198
