0 -9.688276749999999e-05
0.1 -9.685633231486826e-05
0.2 -9.682993718387258e-05
0.3 -9.680357647609032e-05
0.4 -9.677724176427918e-05
0.5 -9.675092554780041e-05
0.6 -9.672462503605166e-05
0.7 -9.669834649173923e-05
0.7999999999999999 -9.667211072723494e-05
0.8999999999999999 -9.664596055145446e-05
0.9999999999999999 -9.661997133092615e-05
1.1 -9.659426645623695e-05
1.2 -9.656904057833409e-05
1.3 -9.654459534479578e-05
1.4 -9.652139569270325e-05
1.5 -9.650016087772193e-05
1.6 -9.648201611971574e-05
1.7 -9.64687541009137e-05
1.8 -9.646330460391495e-05
1.900000000000001 -9.647061994957527e-05
2 -9.649944585678892e-05
2.100000000000001 -9.656613189224143e-05
2.200000000000001 -9.670362995589256e-05
2.300000000000001 -9.698551367108235e-05
2.400000000000001 -9.760192815909001e-05
2.500000000000001 -9.916871233330279e-05
2.600000000000001 -0.0001046581059446984
2.700000000000001 -0.0001513014240877345
2.800000000000001 0.01431332527449571
2.900000000000001 0.01379541230342416
3.000000000000001 0.01378875872668093
3.100000000000001 0.0137872115947232
3.200000000000002 0.01378661456553565
3.300000000000002 0.01378632263121238
3.400000000000002 0.01378615835564193
3.500000000000002 0.01378605683530838
3.600000000000002 0.01378598973792905
3.700000000000002 0.01378594309019834
3.800000000000002 0.01378590935250387
3.900000000000002 0.013785884165312
4.000000000000002 0.01378586486536519
4.100000000000001 0.01378584975108909
4.200000000000001 0.01378583769406401
4.300000000000001 0.01378582792203088
4.4 0.0137858198920334
4.5 0.01378581321331118
4.6 0.0137858075988321
4.699999999999999 0.0137858028339215
4.799999999999999 0.01378579875542742
4.899999999999999 0.01378579523756341
4.999999999999998 0.01378579218209054
5.099999999999998 0.01378578951138241
5.199999999999998 0.01378578716344477
5.299999999999997 0.01378578508828462
5.399999999999997 0.01378578324522643
5.499999999999996 0.0137857816009033
5.599999999999996 0.01378578012773591
5.699999999999996 0.01378577880276835
5.799999999999995 0.01378577760676824
5.899999999999995 0.01378577652352481
5.999999999999995 0.01378577553929658
6.099999999999994 0.01378577464237344
6.199999999999994 0.01378577382272655
6.299999999999994 0.01378577307172692
6.399999999999993 0.01378577238191716
6.499999999999993 0.01378577174682577
6.599999999999993 0.01378577116081471
6.699999999999992 0.01378577061895384
6.799999999999992 0.01378577011691687
6.899999999999991 0.01378576965089476
6.999999999999991 0.01378576921752321
7.099999999999991 0.01378576881382181
7.19999999999999 0.01378576843714258
7.29999999999999 0.01378576808512656
7.39999999999999 0.01378576775566664
7.499999999999989 0.01378576744687605
7.599999999999989 0.01378576715706127
7.699999999999989 0.01378576688469871
7.799999999999988 0.01378576662841472
7.899999999999988 0.01378576638696814
7.999999999999988 0.01378576615923536
8.099999999999987 0.01378576594419711
8.199999999999987 0.01378576574092709
8.299999999999986 0.013785765548582
8.399999999999986 0.01378576536639273
8.499999999999986 0.01378576519365667
8.599999999999985 0.01378576502973096
8.699999999999985 0.01378576487402646
8.799999999999985 0.01378576472600246
8.899999999999984 0.01378576458516199
8.999999999999984 0.01378576445104763
9.099999999999984 0.01378576432323781
9.199999999999983 0.01378576420134347
9.299999999999983 0.0137857640850051
9.399999999999983 0.0137857639738901
9.499999999999982 0.0137857638676904
9.599999999999982 0.01378576376612029
9.699999999999982 0.01378576366891453
9.799999999999981 0.01378576357582662
9.899999999999981 0.0137857634866272
9.99999999999998 0.01378576340110268
10.09999999999998 0.01378576331905392
10.19999999999998 0.01378576324029511
10.29999999999998 0.01378576316465266
10.39999999999998 0.0137857630919643
10.49999999999998 0.01378576302207819
10.59999999999998 0.01378576295485212
10.69999999999998 0.01378576289015277
10.79999999999998 0.0137857628278551
10.89999999999998 0.01378576276784169
10.99999999999998 0.0137857627100022
11.09999999999998 0.0137857626542329
11.19999999999998 0.01378576260043615
11.29999999999998 0.01378576254852001
11.39999999999998 0.01378576249839784
11.49999999999998 0.01378576244998793
11.59999999999997 0.01378576240321315
11.69999999999997 0.0137857623580007
11.79999999999997 0.01378576231428175
11.89999999999997 0.01378576227199125
11.99999999999997 0.01378576223106763
12.09999999999997 0.01378576219145261
12.19999999999997 0.01378576215309101
12.29999999999997 0.01378576211593048
12.39999999999997 0.0137857620799214
12.49999999999997 0.0137857620450167
12.59999999999997 0.01378576201117166
12.69999999999997 0.01378576197834382
12.79999999999997 0.01378576194649283
12.89999999999997 0.01378576191558031
12.99999999999997 0.01378576188556974
13.09999999999997 0.01378576185642638
13.19999999999997 0.01378576182811714
13.29999999999997 0.01378576180061048
13.39999999999997 0.01378576177387634
13.49999999999997 0.01378576174788608
13.59999999999997 0.01378576172261234
13.69999999999997 0.01378576169802902
13.79999999999997 0.01378576167411121
13.89999999999997 0.0137857616508351
13.99999999999997 0.01378576162817793
14.09999999999997 0.01378576160611795
14.19999999999997 0.01378576158463437
14.29999999999997 0.01378576156370727
14.39999999999996 0.01378576154331759
14.49999999999996 0.0137857615234471
14.59999999999996 0.01378576150407831
14.69999999999996 0.01378576148519447
14.79999999999996 0.01378576146677953
14.89999999999996 0.0137857614488181
14.99999999999996 0.0137857614312954
15.09999999999996 0.01378576141419725
15.19999999999996 0.01378576139751006
15.29999999999996 0.01378576138122076
15.39999999999996 0.01378576136531679
15.49999999999996 0.0137857613497861
15.59999999999996 0.0137857613346171
15.69999999999996 0.01378576131979865
15.79999999999996 0.01378576130532002
15.89999999999996 0.0137857612911709
15.99999999999996 0.01378576127734137
16.09999999999996 0.01378576126382188
16.19999999999996 0.01378576125060322
16.29999999999996 0.01378576123767655
16.39999999999996 0.01378576122503332
16.49999999999996 0.01378576121266529
16.59999999999997 0.01378576120056456
16.69999999999997 0.01378576118872346
16.79999999999997 0.01378576117713463
16.89999999999997 0.01378576116579095
16.99999999999997 0.01378576115468554
17.09999999999997 0.01378576114381179
17.19999999999997 0.0137857611331633
17.29999999999998 0.01378576112273388
17.39999999999998 0.01378576111251757
17.49999999999998 0.01378576110250861
17.59999999999998 0.01378576109270141
17.69999999999998 0.01378576108309059
17.79999999999998 0.01378576107367095
17.89999999999998 0.01378576106443744
17.99999999999999 0.0137857610553852
18.09999999999999 0.0137857610465095
18.19999999999999 0.0137857610378058
18.29999999999999 0.01378576102926967
18.39999999999999 0.01378576102089684
18.49999999999999 0.01378576101268316
18.59999999999999 0.01378576100462464
18.7 0.01378576099671739
18.8 0.01378576098895765
18.9 0.01378576098134177
19 0.01378576097386621
19.1 0.01378576096652754
19.2 0.01378576095932246
19.3 0.01378576095224773
19.40000000000001 0.01378576094530023
19.50000000000001 0.01378576093847693
19.60000000000001 0.01378576093177488
19.70000000000001 0.01378576092519123
19.80000000000001 0.0137857609187232
19.90000000000001 0.01378576091236811
20.00000000000001 0.01378576090612333
20.10000000000002 0.01378576089998634
20.20000000000002 0.01378576089395466
20.30000000000002 0.0137857608880259
20.40000000000002 0.01378576088219773
20.50000000000002 0.01378576087646789
20.60000000000002 0.01378576087083417
20.70000000000002 0.01378576086529445
20.80000000000003 0.01378576085984663
20.90000000000003 0.0137857608544887
21.00000000000003 0.0137857608492187
21.10000000000003 0.0137857608440347
21.20000000000003 0.01378576083893485
21.30000000000003 0.01378576083391734
21.40000000000003 0.0137857608289804
21.50000000000004 0.01378576082412232
21.60000000000004 0.01378576081934143
21.70000000000004 0.01378576081463609
21.80000000000004 0.01378576081000473
21.90000000000004 0.0137857608054458
22.00000000000004 0.0137857608009578
22.10000000000004 0.01378576079653927
22.20000000000005 0.01378576079218878
22.30000000000005 0.01378576078790494
22.40000000000005 0.01378576078368639
22.50000000000005 0.01378576077953182
22.60000000000005 0.01378576077543994
22.70000000000005 0.0137857607714095
22.80000000000005 0.01378576076743926
22.90000000000006 0.01378576076352804
23.00000000000006 0.01378576075967468
23.10000000000006 0.01378576075587803
23.20000000000006 0.01378576075213699
23.30000000000006 0.01378576074845048
23.40000000000006 0.01378576074481744
23.50000000000006 0.01378576074123685
23.60000000000007 0.0137857607377077
23.70000000000007 0.01378576073422901
23.80000000000007 0.01378576073079982
23.90000000000007 0.01378576072741919
24.00000000000007 0.01378576072408623
24.10000000000007 0.01378576072080002
24.20000000000007 0.01378576071755971
24.30000000000008 0.01378576071436445
24.40000000000008 0.01378576071121339
24.50000000000008 0.01378576070810573
24.60000000000008 0.01378576070504068
24.70000000000008 0.01378576070201746
24.80000000000008 0.01378576069903531
24.90000000000008 0.01378576069609349
25.00000000000009 0.01378576069319128
25.10000000000009 0.01378576069032798
25.20000000000009 0.01378576068750288
25.30000000000009 0.01378576068471531
25.40000000000009 0.01378576068196461
25.50000000000009 0.01378576067925013
25.60000000000009 0.01378576067657124
25.7000000000001 0.01378576067392732
25.8000000000001 0.01378576067131776
25.9000000000001 0.01378576066874198
26.0000000000001 0.01378576066619938
26.1000000000001 0.01378576066368941
26.2000000000001 0.0137857606612115
26.3000000000001 0.01378576065876512
26.40000000000011 0.01378576065634973
26.50000000000011 0.0137857606539648
26.60000000000011 0.01378576065160984
26.70000000000011 0.01378576064928433
26.80000000000011 0.01378576064698779
26.90000000000011 0.01378576064471975
27.00000000000011 0.01378576064247972
27.10000000000012 0.01378576064026726
27.20000000000012 0.01378576063808191
27.30000000000012 0.01378576063592322
27.40000000000012 0.01378576063379078
27.50000000000012 0.01378576063168416
27.60000000000012 0.01378576062960293
27.70000000000012 0.01378576062754669
27.80000000000013 0.01378576062551505
27.90000000000013 0.01378576062350761
28.00000000000013 0.01378576062152399
28.10000000000013 0.01378576061956382
28.20000000000013 0.01378576061762673
28.30000000000013 0.01378576061571235
28.40000000000013 0.01378576061382033
28.50000000000014 0.01378576061195033
28.60000000000014 0.013785760610102
28.70000000000014 0.01378576060827502
28.80000000000014 0.01378576060646905
28.90000000000014 0.01378576060468377
29.00000000000014 0.01378576060291888
29.10000000000014 0.01378576060117405
29.20000000000014 0.01378576059944899
29.30000000000015 0.01378576059774339
29.40000000000015 0.01378576059605698
29.50000000000015 0.01378576059438945
29.60000000000015 0.01378576059274053
29.70000000000015 0.01378576059110995
29.80000000000015 0.01378576058949743
29.90000000000015 0.0137857605879027
30.00000000000016 0.01378576058632551
30.10000000000016 0.01378576058476561
30.20000000000016 0.01378576058322272
30.30000000000016 0.01378576058169662
30.40000000000016 0.01378576058018707
30.50000000000016 0.01378576057869381
30.60000000000016 0.01378576057721661
30.70000000000017 0.01378576057575526
30.80000000000017 0.01378576057430951
30.90000000000017 0.01378576057287916
31.00000000000017 0.01378576057146398
31.10000000000017 0.01378576057006376
31.20000000000017 0.01378576056867828
31.30000000000017 0.01378576056730735
31.40000000000018 0.01378576056595076
31.50000000000018 0.01378576056460831
31.60000000000018 0.0137857605632798
31.70000000000018 0.01378576056196504
31.80000000000018 0.01378576056066385
31.90000000000018 0.01378576055937603
32.00000000000018 0.01378576055810141
32.10000000000019 0.0137857605568398
32.20000000000019 0.01378576055559103
32.30000000000019 0.01378576055435492
32.40000000000019 0.0137857605531313
32.50000000000019 0.01378576055192001
32.60000000000019 0.01378576055072088
32.70000000000019 0.01378576054953376
32.8000000000002 0.01378576054835847
32.9000000000002 0.01378576054719486
33.0000000000002 0.01378576054604278
33.1000000000002 0.01378576054490207
33.2000000000002 0.01378576054377259
33.3000000000002 0.01378576054265419
33.4000000000002 0.01378576054154673
33.50000000000021 0.01378576054045006
33.60000000000021 0.01378576053936405
33.70000000000021 0.01378576053828855
33.80000000000021 0.01378576053722343
33.90000000000021 0.01378576053616856
34.00000000000021 0.0137857605351238
34.10000000000021 0.01378576053408903
34.20000000000022 0.01378576053306412
34.30000000000022 0.01378576053204894
34.40000000000022 0.01378576053104339
34.50000000000022 0.01378576053004732
34.60000000000022 0.01378576052906062
34.70000000000022 0.01378576052808318
34.80000000000022 0.01378576052711489
34.90000000000023 0.01378576052615561
35.00000000000023 0.01378576052520525
35.10000000000023 0.01378576052426369
35.20000000000023 0.01378576052333084
35.30000000000023 0.01378576052240657
35.40000000000023 0.01378576052149079
35.50000000000023 0.01378576052058338
35.60000000000024 0.01378576051968426
35.70000000000024 0.01378576051879331
35.80000000000024 0.01378576051791044
35.90000000000024 0.01378576051703556
36.00000000000024 0.01378576051616856
36.10000000000024 0.01378576051530935
36.20000000000024 0.01378576051445784
36.30000000000025 0.01378576051361394
36.40000000000025 0.01378576051277756
36.50000000000025 0.0137857605119486
36.60000000000025 0.01378576051112698
36.70000000000025 0.01378576051031261
36.80000000000025 0.01378576050950542
36.90000000000025 0.0137857605087053
37.00000000000026 0.01378576050791219
37.10000000000026 0.013785760507126
37.20000000000026 0.01378576050634665
37.30000000000026 0.01378576050557406
37.40000000000026 0.01378576050480815
37.50000000000026 0.01378576050404885
37.60000000000026 0.01378576050329609
37.70000000000027 0.01378576050254977
37.80000000000027 0.01378576050180984
37.90000000000027 0.01378576050107621
38.00000000000027 0.01378576050034883
38.10000000000027 0.01378576049962761
38.20000000000027 0.01378576049891249
38.30000000000027 0.0137857604982034
38.40000000000028 0.01378576049750027
38.50000000000028 0.01378576049680303
38.60000000000028 0.01378576049611162
38.70000000000028 0.01378576049542598
38.80000000000028 0.01378576049474604
38.90000000000028 0.01378576049407174
39.00000000000028 0.01378576049340301
39.10000000000029 0.0137857604927398
39.20000000000029 0.01378576049208204
39.30000000000029 0.01378576049142968
39.40000000000029 0.01378576049078265
39.50000000000029 0.0137857604901409
39.60000000000029 0.01378576048950437
39.70000000000029 0.013785760488873
39.8000000000003 0.01378576048824674
39.9000000000003 0.01378576048762554
40.0000000000003 0.01378576048700933
40.1000000000003 0.01378576048639806
40.2000000000003 0.01378576048579169
40.3000000000003 0.01378576048519016
40.4000000000003 0.01378576048459342
40.50000000000031 0.01378576048400142
40.60000000000031 0.0137857604834141
40.70000000000031 0.01378576048283143
40.80000000000031 0.01378576048225334
40.90000000000031 0.0137857604816798
41.00000000000031 0.01378576048111075
41.10000000000031 0.01378576048054615
41.20000000000032 0.01378576047998595
41.30000000000032 0.0137857604794301
41.40000000000032 0.01378576047887857
41.50000000000032 0.0137857604783313
41.60000000000032 0.01378576047778826
41.70000000000032 0.01378576047724939
41.80000000000032 0.01378576047671466
41.90000000000033 0.01378576047618403
42.00000000000033 0.01378576047565745
42.10000000000033 0.01378576047513488
42.20000000000033 0.01378576047461627
42.30000000000033 0.0137857604741016
42.40000000000033 0.01378576047359082
42.50000000000033 0.01378576047308389
42.60000000000034 0.01378576047258078
42.70000000000034 0.01378576047208144
42.80000000000034 0.01378576047158584
42.90000000000034 0.01378576047109394
43.00000000000034 0.0137857604706057
43.10000000000034 0.01378576047012109
43.20000000000034 0.01378576046964007
43.30000000000035 0.01378576046916261
43.40000000000035 0.01378576046868867
43.50000000000035 0.01378576046821821
43.60000000000035 0.01378576046775121
43.70000000000035 0.01378576046728762
43.80000000000035 0.01378576046682742
43.90000000000035 0.01378576046637057
44.00000000000036 0.01378576046591704
44.10000000000036 0.01378576046546681
44.20000000000036 0.01378576046501982
44.30000000000036 0.01378576046457607
44.40000000000036 0.0137857604641355
44.50000000000036 0.0137857604636981
44.60000000000036 0.01378576046326383
44.70000000000037 0.01378576046283266
44.80000000000037 0.01378576046240458
44.90000000000037 0.01378576046197953
45.00000000000037 0.01378576046155749
45.10000000000037 0.01378576046113845
45.20000000000037 0.01378576046072237
45.30000000000037 0.01378576046030921
45.40000000000038 0.01378576045989896
45.50000000000038 0.01378576045949159
45.60000000000038 0.01378576045908707
45.70000000000038 0.01378576045868537
45.80000000000038 0.01378576045828647
45.90000000000038 0.01378576045789034
46.00000000000038 0.01378576045749695
46.10000000000039 0.01378576045710629
46.20000000000039 0.01378576045671832
46.30000000000039 0.01378576045633303
46.40000000000039 0.01378576045595037
46.50000000000039 0.01378576045557034
46.60000000000039 0.01378576045519291
46.70000000000039 0.01378576045481806
46.8000000000004 0.01378576045444575
46.9000000000004 0.01378576045407597
47.0000000000004 0.01378576045370869
47.1000000000004 0.01378576045334391
47.2000000000004 0.01378576045298158
47.3000000000004 0.01378576045262168
47.4000000000004 0.0137857604522642
47.50000000000041 0.01378576045190912
47.60000000000041 0.01378576045155641
47.70000000000041 0.01378576045120606
47.80000000000041 0.01378576045085803
47.90000000000041 0.01378576045051232
48.00000000000041 0.01378576045016889
48.10000000000041 0.01378576044982774
48.20000000000041 0.01378576044948884
48.30000000000042 0.01378576044915217
48.40000000000042 0.0137857604488177
48.50000000000042 0.01378576044848543
48.60000000000042 0.01378576044815534
48.70000000000042 0.01378576044782739
48.80000000000042 0.01378576044750158
48.90000000000042 0.01378576044717789
49.00000000000043 0.0137857604468563
49.10000000000043 0.01378576044653678
49.20000000000043 0.01378576044621933
49.30000000000043 0.01378576044590392
49.40000000000043 0.01378576044559054
49.50000000000043 0.01378576044527917
49.60000000000043 0.0137857604449698
49.70000000000044 0.01378576044466239
49.80000000000044 0.01378576044435695
49.90000000000044 0.01378576044405345
50.00000000000044 0.01378576044375187
50.10000000000044 0.0137857604434522
50.20000000000044 0.01378576044315443
50.30000000000044 0.01378576044285853
50.40000000000045 0.0137857604425645
50.50000000000045 0.01378576044227231
50.60000000000045 0.01378576044198195
50.70000000000045 0.01378576044169341
50.80000000000045 0.01378576044140667
50.90000000000045 0.01378576044112171
51.00000000000045 0.01378576044083852
51.10000000000046 0.01378576044055709
51.20000000000046 0.0137857604402774
51.30000000000046 0.01378576043999944
51.40000000000046 0.01378576043972319
51.50000000000046 0.01378576043944864
51.60000000000046 0.01378576043917578
51.70000000000046 0.01378576043890458
51.80000000000047 0.01378576043863505
51.90000000000047 0.01378576043836716
52.00000000000047 0.01378576043810089
52.10000000000047 0.01378576043783625
52.20000000000047 0.01378576043757321
52.30000000000047 0.01378576043731176
52.40000000000047 0.01378576043705189
52.50000000000048 0.01378576043679359
52.60000000000048 0.01378576043653684
52.70000000000048 0.01378576043628163
52.80000000000048 0.01378576043602795
52.90000000000048 0.01378576043577578
53.00000000000048 0.01378576043552512
53.10000000000048 0.01378576043527596
53.20000000000049 0.01378576043502827
53.30000000000049 0.01378576043478205
53.40000000000049 0.01378576043453729
53.50000000000049 0.01378576043429398
53.60000000000049 0.01378576043405211
53.70000000000049 0.01378576043381165
53.80000000000049 0.01378576043357261
53.9000000000005 0.01378576043333497
54.0000000000005 0.01378576043309871
54.1000000000005 0.01378576043286384
54.2000000000005 0.01378576043263034
54.3000000000005 0.01378576043239819
54.4000000000005 0.01378576043216739
54.5000000000005 0.01378576043193794
54.60000000000051 0.0137857604317098
54.70000000000051 0.01378576043148299
54.80000000000051 0.01378576043125748
54.90000000000051 0.01378576043103326
55.00000000000051 0.01378576043081033
55.10000000000051 0.01378576043058868
55.20000000000051 0.0137857604303683
55.30000000000052 0.01378576043014917
55.40000000000052 0.01378576042993129
55.50000000000052 0.01378576042971465
55.60000000000052 0.01378576042949924
55.70000000000052 0.01378576042928505
55.80000000000052 0.01378576042907207
55.90000000000052 0.01378576042886029
56.00000000000053 0.0137857604286497
56.10000000000053 0.0137857604284403
56.20000000000053 0.01378576042823207
56.30000000000053 0.013785760428025
56.40000000000053 0.0137857604278191
56.50000000000053 0.01378576042761434
56.60000000000053 0.01378576042741072
56.70000000000054 0.01378576042720824
56.80000000000054 0.01378576042700687
56.90000000000054 0.01378576042680662
57.00000000000054 0.01378576042660748
57.10000000000054 0.01378576042640944
57.20000000000054 0.01378576042621249
57.30000000000054 0.01378576042601662
57.40000000000055 0.01378576042582183
57.50000000000055 0.01378576042562809
57.60000000000055 0.01378576042543543
57.70000000000055 0.01378576042524381
57.80000000000055 0.01378576042505323
57.90000000000055 0.01378576042486369
58.00000000000055 0.01378576042467518
58.10000000000056 0.0137857604244877
58.20000000000056 0.01378576042430122
58.30000000000056 0.01378576042411575
58.40000000000056 0.01378576042393128
58.50000000000056 0.01378576042374781
58.60000000000056 0.01378576042356531
58.70000000000056 0.01378576042338379
58.80000000000057 0.01378576042320325
58.90000000000057 0.01378576042302367
59.00000000000057 0.01378576042284505
59.10000000000057 0.01378576042266738
59.20000000000057 0.01378576042249065
59.30000000000057 0.01378576042231485
59.40000000000057 0.01378576042214
59.50000000000058 0.01378576042196606
59.60000000000058 0.01378576042179304
59.70000000000058 0.01378576042162093
59.80000000000058 0.01378576042144973
59.90000000000058 0.01378576042127942
60.00000000000058 0.01378576042111001
60.10000000000058 0.01378576042094148
60.20000000000059 0.01378576042077382
60.30000000000059 0.01378576042060705
60.40000000000059 0.01378576042044115
60.50000000000059 0.0137857604202761
60.60000000000059 0.01378576042011191
60.70000000000059 0.01378576041994857
60.80000000000059 0.01378576041978607
60.9000000000006 0.01378576041962441
61.0000000000006 0.01378576041946358
61.1000000000006 0.01378576041930358
61.2000000000006 0.0137857604191444
61.3000000000006 0.01378576041898604
61.4000000000006 0.01378576041882848
61.5000000000006 0.01378576041867173
61.60000000000061 0.01378576041851578
61.70000000000061 0.01378576041836062
61.80000000000061 0.01378576041820625
61.90000000000061 0.01378576041805266
62.00000000000061 0.01378576041789984
62.10000000000061 0.0137857604177478
62.20000000000061 0.01378576041759653
62.30000000000062 0.01378576041744601
62.40000000000062 0.01378576041729626
62.50000000000062 0.01378576041714726
62.60000000000062 0.013785760416999
62.70000000000062 0.01378576041685148
62.80000000000062 0.0137857604167047
62.90000000000062 0.01378576041655866
63.00000000000063 0.01378576041641333
63.10000000000063 0.01378576041626873
63.20000000000063 0.01378576041612485
63.30000000000063 0.01378576041598169
63.40000000000063 0.01378576041583922
63.50000000000063 0.01378576041569747
63.60000000000063 0.01378576041555641
63.70000000000064 0.01378576041541604
63.80000000000064 0.01378576041527637
63.90000000000064 0.01378576041513738
64.00000000000064 0.01378576041499907
64.10000000000063 0.01378576041486143
64.20000000000063 0.01378576041472447
64.30000000000062 0.01378576041458817
64.40000000000062 0.01378576041445254
64.50000000000061 0.01378576041431756
64.60000000000061 0.01378576041418324
64.7000000000006 0.01378576041404957
64.80000000000059 0.01378576041391655
64.90000000000059 0.01378576041378416
65.00000000000058 0.01378576041365242
65.10000000000058 0.01378576041352131
65.20000000000057 0.01378576041339083
65.30000000000057 0.01378576041326097
65.40000000000056 0.01378576041313174
65.50000000000055 0.01378576041300312
65.60000000000055 0.01378576041287512
65.70000000000054 0.01378576041274772
65.80000000000054 0.01378576041262093
65.90000000000053 0.01378576041249475
66.00000000000053 0.01378576041236916
66.10000000000052 0.01378576041224417
66.20000000000051 0.01378576041211976
66.30000000000051 0.01378576041199595
66.4000000000005 0.01378576041187272
66.5000000000005 0.01378576041175007
66.60000000000049 0.01378576041162799
66.70000000000049 0.01378576041150649
66.80000000000048 0.01378576041138555
66.90000000000047 0.01378576041126518
67.00000000000047 0.01378576041114538
67.10000000000046 0.01378576041102612
67.20000000000046 0.01378576041090743
67.30000000000045 0.01378576041078929
67.40000000000045 0.01378576041067169
67.50000000000044 0.01378576041055463
67.60000000000043 0.01378576041043812
67.70000000000043 0.01378576041032215
67.80000000000042 0.01378576041020672
67.90000000000042 0.01378576041009181
68.00000000000041 0.01378576040997743
68.10000000000041 0.01378576040986357
68.2000000000004 0.01378576040975024
68.3000000000004 0.01378576040963743
68.40000000000039 0.01378576040952513
68.50000000000038 0.01378576040941334
68.60000000000038 0.01378576040930207
68.70000000000037 0.0137857604091913
68.80000000000037 0.01378576040908103
68.90000000000036 0.01378576040897126
69.00000000000036 0.01378576040886198
69.10000000000035 0.01378576040875321
69.20000000000034 0.01378576040864492
69.30000000000034 0.01378576040853712
69.40000000000033 0.0137857604084298
69.50000000000033 0.01378576040832297
69.60000000000032 0.01378576040821662
69.70000000000032 0.01378576040811074
69.80000000000031 0.01378576040800534
69.9000000000003 0.01378576040790041
70.0000000000003 0.01378576040779594
70.10000000000029 0.01378576040769194
70.20000000000029 0.01378576040758841
70.30000000000028 0.01378576040748533
70.40000000000028 0.01378576040738271
70.50000000000027 0.01378576040728055
70.60000000000026 0.01378576040717883
70.70000000000026 0.01378576040707757
70.80000000000025 0.01378576040697675
70.90000000000025 0.01378576040687637
71.00000000000024 0.01378576040677643
71.10000000000024 0.01378576040667693
71.20000000000023 0.01378576040657787
71.30000000000022 0.01378576040647925
71.40000000000022 0.01378576040638105
71.50000000000021 0.01378576040628328
71.60000000000021 0.01378576040618593
71.7000000000002 0.01378576040608901
71.8000000000002 0.01378576040599252
71.90000000000019 0.01378576040589644
72.00000000000018 0.01378576040580078
72.10000000000018 0.01378576040570552
72.20000000000017 0.01378576040561068
72.30000000000017 0.01378576040551625
72.40000000000016 0.01378576040542222
72.50000000000016 0.01378576040532861
72.60000000000015 0.01378576040523539
72.70000000000014 0.01378576040514257
72.80000000000014 0.01378576040505015
72.90000000000013 0.01378576040495812
73.00000000000013 0.01378576040486649
73.10000000000012 0.01378576040477525
73.20000000000012 0.01378576040468439
73.30000000000011 0.01378576040459393
73.40000000000011 0.01378576040450384
73.5000000000001 0.01378576040441414
73.60000000000009 0.01378576040432481
73.70000000000009 0.01378576040423587
73.80000000000008 0.0137857604041473
73.90000000000008 0.0137857604040591
74.00000000000007 0.01378576040397128
74.10000000000007 0.01378576040388383
74.20000000000006 0.01378576040379674
74.30000000000005 0.01378576040371001
74.40000000000005 0.01378576040362365
74.50000000000004 0.01378576040353766
74.60000000000004 0.01378576040345201
74.70000000000003 0.01378576040336673
74.80000000000003 0.0137857604032818
74.90000000000002 0.01378576040319722
75.00000000000001 0.013785760403113
75.10000000000001 0.01378576040302912
75.2 0.0137857604029456
75.3 0.01378576040286241
75.39999999999999 0.01378576040277957
75.49999999999999 0.01378576040269707
75.59999999999998 0.01378576040261491
75.69999999999997 0.01378576040253309
75.79999999999997 0.01378576040245161
75.89999999999996 0.01378576040237046
75.99999999999996 0.01378576040228964
76.09999999999995 0.01378576040220915
76.19999999999995 0.01378576040212899
76.29999999999994 0.01378576040204916
76.39999999999993 0.01378576040196965
76.49999999999993 0.01378576040189046
76.59999999999992 0.0137857604018116
76.69999999999992 0.01378576040173305
76.79999999999991 0.01378576040165483
76.89999999999991 0.01378576040157693
76.9999999999999 0.01378576040149933
77.09999999999989 0.01378576040142205
77.19999999999989 0.01378576040134508
77.29999999999988 0.01378576040126842
77.39999999999988 0.01378576040119206
77.49999999999987 0.01378576040111602
77.59999999999987 0.01378576040104027
77.69999999999986 0.01378576040096484
77.79999999999986 0.0137857604008897
77.89999999999985 0.01378576040081486
77.99999999999984 0.01378576040074032
78.09999999999984 0.01378576040066608
78.19999999999983 0.01378576040059213
78.29999999999983 0.01378576040051848
78.39999999999982 0.01378576040044511
78.49999999999982 0.01378576040037204
78.59999999999981 0.01378576040029926
78.6999999999998 0.01378576040022676
78.7999999999998 0.01378576040015455
78.89999999999979 0.01378576040008262
78.99999999999979 0.01378576040001098
79.09999999999978 0.01378576039993962
79.19999999999978 0.01378576039986854
79.29999999999977 0.01378576039979774
79.39999999999976 0.01378576039972721
79.49999999999976 0.01378576039965696
79.59999999999975 0.01378576039958698
79.69999999999975 0.01378576039951728
79.79999999999974 0.01378576039944785
79.89999999999974 0.01378576039937869
79.99999999999973 0.01378576039930979
80.09999999999972 0.01378576039924117
80.19999999999972 0.01378576039917281
80.29999999999971 0.01378576039910472
80.39999999999971 0.01378576039903688
80.4999999999997 0.01378576039896931
80.5999999999997 0.013785760398902
80.69999999999969 0.01378576039883494
80.79999999999968 0.01378576039876815
80.89999999999968 0.01378576039870161
80.99999999999967 0.01378576039863532
81.09999999999967 0.01378576039856929
81.19999999999966 0.01378576039850351
81.29999999999966 0.01378576039843799
81.39999999999965 0.01378576039837271
81.49999999999964 0.01378576039830768
81.59999999999964 0.01378576039824291
81.69999999999963 0.01378576039817837
81.79999999999963 0.01378576039811408
81.89999999999962 0.01378576039805003
81.99999999999962 0.01378576039798623
82.09999999999961 0.01378576039792266
82.1999999999996 0.01378576039785934
82.2999999999996 0.01378576039779626
82.39999999999959 0.01378576039773341
82.49999999999959 0.0137857603976708
82.59999999999958 0.01378576039760842
82.69999999999958 0.01378576039754628
82.79999999999957 0.01378576039748437
82.89999999999957 0.01378576039742269
82.99999999999956 0.01378576039736125
83.09999999999955 0.01378576039730003
83.19999999999955 0.01378576039723903
83.29999999999954 0.01378576039717827
83.39999999999954 0.01378576039711774
83.49999999999953 0.01378576039705743
83.59999999999953 0.01378576039699734
83.69999999999952 0.01378576039693747
83.79999999999951 0.01378576039687783
83.89999999999951 0.0137857603968184
83.9999999999995 0.0137857603967592
84.0999999999995 0.01378576039670021
84.19999999999949 0.01378576039664145
84.29999999999949 0.01378576039658289
84.39999999999948 0.01378576039652456
84.49999999999947 0.01378576039646643
84.59999999999947 0.01378576039640852
84.69999999999946 0.01378576039635082
84.79999999999946 0.01378576039629334
84.89999999999945 0.01378576039623606
84.99999999999945 0.01378576039617899
85.09999999999944 0.01378576039612213
85.19999999999943 0.01378576039606547
85.29999999999943 0.01378576039600903
85.39999999999942 0.01378576039595279
85.49999999999942 0.01378576039589675
85.59999999999941 0.01378576039584091
85.69999999999941 0.01378576039578528
85.7999999999994 0.01378576039572984
85.89999999999939 0.01378576039567461
85.99999999999939 0.01378576039561957
86.09999999999938 0.01378576039556474
86.19999999999938 0.01378576039551009
86.29999999999937 0.01378576039545565
86.39999999999937 0.01378576039540141
86.49999999999936 0.01378576039534735
86.59999999999935 0.01378576039529349
86.69999999999935 0.01378576039523982
86.79999999999934 0.01378576039518635
86.89999999999934 0.01378576039513306
86.99999999999933 0.01378576039507996
87.09999999999933 0.01378576039502705
87.19999999999932 0.01378576039497433
87.29999999999932 0.01378576039492179
87.39999999999931 0.01378576039486945
87.4999999999993 0.01378576039481728
87.5999999999993 0.01378576039476531
87.69999999999929 0.01378576039471351
87.79999999999929 0.01378576039466191
87.89999999999928 0.01378576039461048
87.99999999999928 0.01378576039455923
88.09999999999927 0.01378576039450815
88.19999999999926 0.01378576039445727
88.29999999999926 0.01378576039440655
88.39999999999925 0.01378576039435602
88.49999999999925 0.01378576039430566
88.59999999999924 0.01378576039425548
88.69999999999924 0.01378576039420548
88.79999999999923 0.01378576039415564
88.89999999999922 0.01378576039410599
88.99999999999922 0.0137857603940565
89.09999999999921 0.01378576039400719
89.19999999999921 0.01378576039395804
89.2999999999992 0.01378576039390907
89.3999999999992 0.01378576039386027
89.49999999999919 0.01378576039381163
89.59999999999918 0.01378576039376317
89.69999999999918 0.01378576039371487
89.79999999999917 0.01378576039366673
89.89999999999917 0.01378576039361877
89.99999999999916 0.01378576039357097
90.09999999999916 0.01378576039352333
90.19999999999915 0.01378576039347586
90.29999999999914 0.01378576039342854
90.39999999999914 0.01378576039338139
90.49999999999913 0.01378576039333441
90.59999999999913 0.01378576039328758
90.69999999999912 0.01378576039324091
90.79999999999912 0.0137857603931944
90.89999999999911 0.01378576039314805
90.9999999999991 0.01378576039310185
91.0999999999991 0.01378576039305582
91.19999999999909 0.01378576039300993
91.29999999999909 0.0137857603929642
91.39999999999908 0.01378576039291863
91.49999999999908 0.01378576039287321
91.59999999999907 0.01378576039282795
91.69999999999906 0.01378576039278284
91.79999999999906 0.01378576039273788
91.89999999999905 0.01378576039269307
91.99999999999905 0.01378576039264841
92.09999999999904 0.01378576039260391
92.19999999999904 0.01378576039255955
92.29999999999903 0.01378576039251534
92.39999999999903 0.01378576039247128
92.49999999999902 0.01378576039242736
92.59999999999901 0.0137857603923836
92.69999999999901 0.01378576039233997
92.799999999999 0.01378576039229649
92.899999999999 0.01378576039225316
92.99999999999899 0.01378576039220997
93.09999999999899 0.01378576039216693
93.19999999999898 0.01378576039212402
93.29999999999897 0.01378576039208126
93.39999999999897 0.01378576039203865
93.49999999999896 0.01378576039199617
93.59999999999896 0.01378576039195383
93.69999999999895 0.01378576039191163
93.79999999999895 0.01378576039186958
93.89999999999894 0.01378576039182765
93.99999999999893 0.01378576039178587
94.09999999999893 0.01378576039174422
94.19999999999892 0.01378576039170271
94.29999999999892 0.01378576039166134
94.39999999999891 0.0137857603916201
94.49999999999891 0.013785760391579
94.5999999999989 0.01378576039153803
94.69999999999889 0.01378576039149719
94.79999999999889 0.01378576039145649
94.89999999999888 0.01378576039141592
94.99999999999888 0.01378576039137549
95.09999999999887 0.01378576039133518
95.19999999999887 0.013785760391295
95.29999999999886 0.01378576039125495
95.39999999999885 0.01378576039121504
95.49999999999885 0.01378576039117525
95.59999999999884 0.01378576039113559
95.69999999999884 0.01378576039109606
95.79999999999883 0.01378576039105666
95.89999999999883 0.01378576039101738
95.99999999999882 0.01378576039097823
96.09999999999881 0.01378576039093921
96.19999999999881 0.01378576039090031
96.2999999999988 0.01378576039086153
96.3999999999988 0.01378576039082288
96.49999999999879 0.01378576039078436
96.59999999999879 0.01378576039074595
96.69999999999878 0.01378576039070767
96.79999999999878 0.01378576039066951
96.89999999999877 0.01378576039063148
96.99999999999876 0.01378576039059356
97.09999999999876 0.01378576039055576
97.19999999999875 0.01378576039051809
97.29999999999875 0.01378576039048053
97.39999999999874 0.01378576039044309
97.49999999999874 0.01378576039040578
97.59999999999873 0.01378576039036858
97.69999999999872 0.01378576039033149
97.79999999999872 0.01378576039029452
97.89999999999871 0.01378576039025767
97.99999999999871 0.01378576039022094
98.0999999999987 0.01378576039018432
98.1999999999987 0.01378576039014782
98.29999999999869 0.01378576039011143
98.39999999999868 0.01378576039007516
98.49999999999868 0.01378576039003899
98.59999999999867 0.01378576039000294
98.69999999999867 0.01378576038996701
98.79999999999866 0.01378576038993119
98.89999999999866 0.01378576038989547
98.99999999999865 0.01378576038985987
99.09999999999864 0.01378576038982439
99.19999999999864 0.01378576038978901
99.29999999999863 0.01378576038975374
99.39999999999863 0.01378576038971858
99.49999999999862 0.01378576038968353
99.59999999999862 0.01378576038964858
99.69999999999861 0.01378576038961375
99.7999999999986 0.01378576038957902
99.8999999999986 0.0137857603895444
99.99999999999859 0.01378576038950989
100.0999999999986 0.01378576038947549
