0 -9.688276749999999e-05
0.1 -9.67763895800008e-05
0.2 -9.66736464326955e-05
0.3 -9.657277598061327e-05
0.4 -9.647210178272952e-05
0.5 -9.636995746406948e-05
0.6 -9.626461207104131e-05
0.7 -9.615418983029004e-05
0.7999999999999999 -9.603657697944363e-05
0.8999999999999999 -9.590930640406554e-05
0.9999999999999999 -9.576940731556769e-05
1.1 -9.561320129148262e-05
1.2 -9.543601611952433e-05
1.3 -9.523177218861308e-05
1.4 -9.499236729406548e-05
1.5 -9.470673425975327e-05
1.6 -9.435935068056878e-05
1.7 -9.39277967825552e-05
1.8 -9.337858628061713e-05
1.900000000000001 -9.265969919701724e-05
2 -9.168641771570206e-05
2.100000000000001 -9.031250608086057e-05
2.200000000000001 -8.826617326746763e-05
2.300000000000001 -8.499057383069582e-05
2.400000000000001 -7.917996390773813e-05
2.500000000000001 -6.709085038528295e-05
2.600000000000001 -3.369017316350671e-05
2.700000000000001 0.0001451342637098976
2.800000000000001 0.04251165119908952
2.900000000000001 0.04479318099019771
3.000000000000001 0.04481176164729934
3.100000000000001 0.04481579293118951
3.200000000000002 0.04481729049677054
3.300000000000002 0.04481800565354615
3.400000000000002 0.04481840167874687
3.500000000000002 0.04481864360231316
3.600000000000002 0.04481880210544881
3.700000000000002 0.04481891155124357
3.800000000000002 0.04481899027474818
3.900000000000002 0.04481904878287277
4.000000000000002 0.04481909344725925
4.100000000000001 0.04481912831384763
4.200000000000001 0.04481915605180489
4.300000000000001 0.04481917847967754
4.4 0.04481919687108268
4.5 0.04481921213951406
4.6 0.04481922495396017
4.699999999999999 0.04481923581342668
4.799999999999999 0.04481924509624701
4.899999999999999 0.04481925309347726
4.999999999999998 0.0448192600319867
5.099999999999998 0.04481926609072331
5.199999999999998 0.04481927141236636
5.299999999999997 0.04481927611180229
5.399999999999997 0.04481928028237691
5.499999999999996 0.04481928400056604
5.599999999999996 0.04481928732950605
5.699999999999996 0.04481929032169151
5.799999999999995 0.04481929302105725
5.899999999999995 0.04481929546460015
5.999999999999995 0.04481929768365348
6.099999999999994 0.04481929970489638
6.199999999999994 0.04481930155115934
6.299999999999994 0.04481930324207174
6.399999999999993 0.04481930479458571
6.499999999999993 0.04481930622340265
6.599999999999993 0.04481930754132248
6.699999999999992 0.0448193087595314
6.799999999999992 0.04481930988783989
6.899999999999991 0.04481931093488095
6.999999999999991 0.04481931190827565
7.099999999999991 0.0448193128147722
7.19999999999999 0.04481931366036325
7.29999999999999 0.04481931445038519
7.39999999999999 0.04481931518960244
7.499999999999989 0.04481931588227963
7.599999999999989 0.04481931653224305
7.699999999999989 0.04481931714293377
7.799999999999988 0.04481931771745314
7.899999999999988 0.04481931825860234
7.999999999999988 0.04481931876891655
8.099999999999987 0.04481931925069467
8.199999999999987 0.04481931970602531
8.299999999999986 0.0448193201368094
8.399999999999986 0.04481932054478013
8.499999999999986 0.0448193209315204
8.599999999999985 0.04481932129847811
8.699999999999985 0.04481932164697983
8.799999999999985 0.04481932197824277
8.899999999999984 0.04481932229338543
8.999999999999984 0.04481932259343703
9.099999999999984 0.04481932287934594
9.199999999999983 0.04481932315198724
9.299999999999983 0.04481932341216928
9.399999999999983 0.04481932366063983
9.499999999999982 0.04481932389809135
9.599999999999982 0.0448193241251659
9.699999999999982 0.04481932434245944
9.799999999999981 0.04481932455052576
9.899999999999981 0.04481932474987999
9.99999999999998 0.04481932494100179
10.09999999999998 0.04481932512433832
10.19999999999998 0.04481932530030672
10.29999999999998 0.04481932546929659
10.39999999999998 0.04481932563167212
10.49999999999998 0.04481932578777407
10.59999999999998 0.04481932593792146
10.69999999999998 0.04481932608241336
10.79999999999998 0.04481932622153026
10.89999999999998 0.04481932635553551
10.99999999999998 0.04481932648467649
11.09999999999998 0.04481932660918581
11.19999999999998 0.04481932672928232
11.29999999999998 0.04481932684517214
11.39999999999998 0.04481932695704945
11.49999999999998 0.04481932706509737
11.59999999999997 0.0448193271694887
11.69999999999997 0.04481932727038659
11.79999999999997 0.04481932736794519
11.89999999999997 0.04481932746231026
11.99999999999997 0.04481932755361966
12.09999999999997 0.04481932764200393
12.19999999999997 0.04481932772758667
12.29999999999997 0.04481932781048505
12.39999999999997 0.04481932789081018
12.49999999999997 0.04481932796866745
12.59999999999997 0.04481932804415695
12.69999999999997 0.04481932811737372
12.79999999999997 0.04481932818840806
12.89999999999997 0.04481932825734589
12.99999999999997 0.0448193283242689
13.09999999999997 0.04481932838925483
13.19999999999997 0.04481932845237774
13.29999999999997 0.04481932851370816
13.39999999999997 0.04481932857331331
13.49999999999997 0.04481932863125733
13.59999999999997 0.04481932868760133
13.69999999999997 0.04481932874240374
13.79999999999997 0.04481932879572024
13.89999999999997 0.04481932884760408
13.99999999999997 0.04481932889810614
14.09999999999997 0.04481932894727506
14.19999999999997 0.04481932899515732
14.29999999999997 0.04481932904179747
14.39999999999996 0.04481932908723809
14.49999999999996 0.04481932913151994
14.59999999999996 0.0448193291746821
14.69999999999996 0.04481932921676201
14.79999999999996 0.04481932925779556
14.89999999999996 0.04481932929781715
14.99999999999996 0.04481932933685977
15.09999999999996 0.0448193293749551
15.19999999999996 0.04481932941213353
15.29999999999996 0.04481932944842427
15.39999999999996 0.04481932948385536
15.49999999999996 0.04481932951845368
15.59999999999996 0.04481932955224521
15.69999999999996 0.04481932958525479
15.79999999999996 0.04481932961750636
15.89999999999996 0.04481932964902297
15.99999999999996 0.04481932967982678
16.09999999999996 0.04481932970993912
16.19999999999996 0.04481932973938053
16.29999999999996 0.04481932976817078
16.39999999999996 0.04481932979632897
16.49999999999996 0.04481932982387343
16.59999999999997 0.0448193298508219
16.69999999999997 0.04481932987719144
16.79999999999997 0.04481932990299848
16.89999999999997 0.04481932992825895
16.99999999999997 0.04481932995298816
17.09999999999997 0.0448193299772009
17.19999999999997 0.04481933000091148
17.29999999999998 0.04481933002413364
17.39999999999998 0.04481933004688075
17.49999999999998 0.04481933006916564
17.59999999999998 0.04481933009100077
17.69999999999998 0.04481933011239818
17.79999999999998 0.04481933013336947
17.89999999999998 0.04481933015392587
17.99999999999999 0.04481933017407826
18.09999999999999 0.04481933019383718
18.19999999999999 0.04481933021321278
18.29999999999999 0.04481933023221493
18.39999999999999 0.04481933025085314
18.49999999999999 0.04481933026913668
18.59999999999999 0.04481933028707447
18.7 0.04481933030467517
18.8 0.04481933032194719
18.9 0.04481933033889865
19 0.04481933035553744
19.1 0.04481933037187119
19.2 0.04481933038790734
19.3 0.04481933040365304
19.40000000000001 0.0448193304191153
19.50000000000001 0.04481933043430084
19.60000000000001 0.04481933044921627
19.70000000000001 0.04481933046386792
19.80000000000001 0.04481933047826199
19.90000000000001 0.04481933049240448
20.00000000000001 0.04481933050630121
20.10000000000002 0.04481933051995786
20.20000000000002 0.04481933053337991
20.30000000000002 0.04481933054657273
20.40000000000002 0.04481933055954149
20.50000000000002 0.04481933057229124
20.60000000000002 0.04481933058482686
20.70000000000002 0.04481933059715314
20.80000000000003 0.04481933060927475
20.90000000000003 0.04481933062119613
21.00000000000003 0.04481933063292169
21.10000000000003 0.04481933064445573
21.20000000000003 0.04481933065580236
21.30000000000003 0.04481933066696563
21.40000000000003 0.04481933067794946
21.50000000000004 0.04481933068875769
21.60000000000004 0.04481933069939404
21.70000000000004 0.04481933070986214
21.80000000000004 0.04481933072016551
21.90000000000004 0.04481933073030758
22.00000000000004 0.04481933074029171
22.10000000000004 0.04481933075012117
22.20000000000005 0.04481933075979914
22.30000000000005 0.04481933076932869
22.40000000000005 0.04481933077871287
22.50000000000005 0.04481933078795459
22.60000000000005 0.04481933079705675
22.70000000000005 0.04481933080602214
22.80000000000005 0.04481933081485347
22.90000000000006 0.04481933082355342
23.00000000000006 0.04481933083212458
23.10000000000006 0.04481933084056947
23.20000000000006 0.04481933084889055
23.30000000000006 0.04481933085709024
23.40000000000006 0.04481933086517089
23.50000000000006 0.0448193308731348
23.60000000000007 0.04481933088098419
23.70000000000007 0.04481933088872127
23.80000000000007 0.04481933089634814
23.90000000000007 0.04481933090386692
24.00000000000007 0.04481933091127961
24.10000000000007 0.04481933091858822
24.20000000000007 0.04481933092579468
24.30000000000008 0.04481933093290089
24.40000000000008 0.04481933093990868
24.50000000000008 0.04481933094681988
24.60000000000008 0.04481933095363625
24.70000000000008 0.04481933096035953
24.80000000000008 0.04481933096699139
24.90000000000008 0.04481933097353348
25.00000000000009 0.04481933097998744
25.10000000000009 0.04481933098635479
25.20000000000009 0.04481933099263714
25.30000000000009 0.04481933099883595
25.40000000000009 0.04481933100495272
25.50000000000009 0.04481933101098886
25.60000000000009 0.04481933101694581
25.7000000000001 0.04481933102282495
25.8000000000001 0.04481933102862762
25.9000000000001 0.04481933103435513
26.0000000000001 0.04481933104000878
26.1000000000001 0.04481933104558985
26.2000000000001 0.04481933105109955
26.3000000000001 0.04481933105653912
26.40000000000011 0.04481933106190972
26.50000000000011 0.04481933106721252
26.60000000000011 0.04481933107244868
26.70000000000011 0.04481933107761926
26.80000000000011 0.0448193310827254
26.90000000000011 0.04481933108776814
27.00000000000011 0.04481933109274855
27.10000000000012 0.04481933109766761
27.20000000000012 0.04481933110252635
27.30000000000012 0.04481933110732576
27.40000000000012 0.0448193311120668
27.50000000000012 0.0448193311167504
27.60000000000012 0.04481933112137749
27.70000000000012 0.04481933112594897
27.80000000000013 0.04481933113046575
27.90000000000013 0.04481933113492868
28.00000000000013 0.04481933113933859
28.10000000000013 0.04481933114369637
28.20000000000013 0.0448193311480028
28.30000000000013 0.04481933115225869
28.40000000000013 0.04481933115646485
28.50000000000014 0.04481933116062201
28.60000000000014 0.04481933116473096
28.70000000000014 0.04481933116879243
28.80000000000014 0.04481933117280715
28.90000000000014 0.04481933117677584
29.00000000000014 0.04481933118069922
29.10000000000014 0.04481933118457793
29.20000000000014 0.04481933118841268
29.30000000000015 0.04481933119220412
29.40000000000015 0.0448193311959529
29.50000000000015 0.04481933119965966
29.60000000000015 0.04481933120332503
29.70000000000015 0.04481933120694963
29.80000000000015 0.04481933121053404
29.90000000000015 0.04481933121407886
30.00000000000016 0.04481933121758468
30.10000000000016 0.04481933122105206
30.20000000000016 0.04481933122448158
30.30000000000016 0.04481933122787377
30.40000000000016 0.04481933123122916
30.50000000000016 0.0448193312345483
30.60000000000016 0.04481933123783172
30.70000000000017 0.0448193312410799
30.80000000000017 0.04481933124429335
30.90000000000017 0.04481933124747259
31.00000000000017 0.04481933125061809
31.10000000000017 0.04481933125373031
31.20000000000017 0.04481933125680972
31.30000000000017 0.04481933125985679
31.40000000000018 0.04481933126287199
31.50000000000018 0.04481933126585572
31.60000000000018 0.04481933126880845
31.70000000000018 0.04481933127173059
31.80000000000018 0.04481933127462259
31.90000000000018 0.04481933127748482
32.00000000000018 0.04481933128031771
32.10000000000019 0.04481933128312167
32.20000000000019 0.04481933128589706
32.30000000000019 0.04481933128864431
32.40000000000019 0.04481933129136377
32.50000000000019 0.04481933129405581
32.60000000000019 0.0448193312967208
32.70000000000019 0.04481933129935914
32.8000000000002 0.04481933130197113
32.9000000000002 0.04481933130455713
33.0000000000002 0.04481933130711752
33.1000000000002 0.04481933130965261
33.2000000000002 0.04481933131216274
33.3000000000002 0.04481933131464822
33.4000000000002 0.04481933131710938
33.50000000000021 0.04481933131954655
33.60000000000021 0.04481933132196003
33.70000000000021 0.04481933132435013
33.80000000000021 0.04481933132671713
33.90000000000021 0.04481933132906138
34.00000000000021 0.04481933133138311
34.10000000000021 0.04481933133368263
34.20000000000022 0.04481933133596022
34.30000000000022 0.04481933133821618
34.40000000000022 0.04481933134045075
34.50000000000022 0.04481933134266423
34.60000000000022 0.04481933134485686
34.70000000000022 0.04481933134702892
34.80000000000022 0.04481933134918065
34.90000000000023 0.04481933135131232
35.00000000000023 0.04481933135342415
35.10000000000023 0.04481933135551642
35.20000000000023 0.04481933135758934
35.30000000000023 0.04481933135964319
35.40000000000023 0.04481933136167816
35.50000000000023 0.0448193313636945
35.60000000000024 0.04481933136569243
35.70000000000024 0.04481933136767219
35.80000000000024 0.04481933136963397
35.90000000000024 0.04481933137157802
36.00000000000024 0.04481933137350454
36.10000000000024 0.04481933137541372
36.20000000000024 0.04481933137730579
36.30000000000025 0.04481933137918095
36.40000000000025 0.04481933138103941
36.50000000000025 0.04481933138288134
36.60000000000025 0.04481933138470696
36.70000000000025 0.04481933138651646
36.80000000000025 0.04481933138831001
36.90000000000025 0.04481933139008783
37.00000000000026 0.04481933139185007
37.10000000000026 0.04481933139359692
37.20000000000026 0.04481933139532859
37.30000000000026 0.04481933139704521
37.40000000000026 0.04481933139874697
37.50000000000026 0.04481933140043405
37.60000000000026 0.04481933140210662
37.70000000000027 0.04481933140376483
37.80000000000027 0.04481933140540886
37.90000000000027 0.04481933140703885
38.00000000000027 0.044819331408655
38.10000000000027 0.04481933141025741
38.20000000000027 0.04481933141184628
38.30000000000027 0.04481933141342175
38.40000000000028 0.04481933141498397
38.50000000000028 0.04481933141653307
38.60000000000028 0.04481933141806924
38.70000000000028 0.04481933141959257
38.80000000000028 0.04481933142110325
38.90000000000028 0.04481933142260137
39.00000000000028 0.04481933142408712
39.10000000000029 0.04481933142556059
39.20000000000029 0.04481933142702196
39.30000000000029 0.04481933142847134
39.40000000000029 0.04481933142990886
39.50000000000029 0.04481933143133463
39.60000000000029 0.04481933143274882
39.70000000000029 0.04481933143415151
39.8000000000003 0.04481933143554286
39.9000000000003 0.04481933143692298
40.0000000000003 0.04481933143829199
40.1000000000003 0.04481933143964999
40.2000000000003 0.04481933144099714
40.3000000000003 0.04481933144233353
40.4000000000003 0.04481933144365926
40.50000000000031 0.04481933144497446
40.60000000000031 0.04481933144627925
40.70000000000031 0.04481933144757373
40.80000000000031 0.04481933144885799
40.90000000000031 0.04481933145013217
41.00000000000031 0.04481933145139635
41.10000000000031 0.04481933145265066
41.20000000000032 0.04481933145389517
41.30000000000032 0.04481933145513001
41.40000000000032 0.04481933145635526
41.50000000000032 0.04481933145757103
41.60000000000032 0.04481933145877743
41.70000000000032 0.04481933145997454
41.80000000000032 0.04481933146116243
41.90000000000033 0.04481933146234125
42.00000000000033 0.04481933146351105
42.10000000000033 0.04481933146467194
42.20000000000033 0.044819331465824
42.30000000000033 0.04481933146696732
42.40000000000033 0.04481933146810201
42.50000000000033 0.04481933146922813
42.60000000000034 0.04481933147034577
42.70000000000034 0.04481933147145502
42.80000000000034 0.04481933147255596
42.90000000000034 0.04481933147364869
43.00000000000034 0.04481933147473327
43.10000000000034 0.04481933147580979
43.20000000000034 0.04481933147687833
43.30000000000035 0.04481933147793898
43.40000000000035 0.04481933147899178
43.50000000000035 0.04481933148003684
43.60000000000035 0.04481933148107423
43.70000000000035 0.04481933148210403
43.80000000000035 0.0448193314831263
43.90000000000035 0.04481933148414112
44.00000000000036 0.04481933148514856
44.10000000000036 0.04481933148614869
44.20000000000036 0.0448193314871416
44.30000000000036 0.04481933148812734
44.40000000000036 0.04481933148910597
44.50000000000036 0.04481933149007759
44.60000000000036 0.04481933149104222
44.70000000000037 0.04481933149199997
44.80000000000037 0.04481933149295088
44.90000000000037 0.04481933149389505
45.00000000000037 0.04481933149483249
45.10000000000037 0.0448193314957633
45.20000000000037 0.04481933149668754
45.30000000000037 0.04481933149760526
45.40000000000038 0.04481933149851653
45.50000000000038 0.04481933149942141
45.60000000000038 0.04481933150031996
45.70000000000038 0.04481933150121224
45.80000000000038 0.04481933150209828
45.90000000000038 0.04481933150297818
46.00000000000038 0.04481933150385198
46.10000000000039 0.04481933150471972
46.20000000000039 0.04481933150558148
46.30000000000039 0.04481933150643731
46.40000000000039 0.04481933150728725
46.50000000000039 0.04481933150813137
46.60000000000039 0.04481933150896972
46.70000000000039 0.04481933150980233
46.8000000000004 0.0448193315106293
46.9000000000004 0.04481933151145064
47.0000000000004 0.0448193315122664
47.1000000000004 0.04481933151307665
47.2000000000004 0.04481933151388145
47.3000000000004 0.04481933151468083
47.4000000000004 0.04481933151547483
47.50000000000041 0.04481933151626351
47.60000000000041 0.04481933151704692
47.70000000000041 0.0448193315178251
47.80000000000041 0.04481933151859811
47.90000000000041 0.04481933151936596
48.00000000000041 0.04481933152012875
48.10000000000041 0.04481933152088648
48.20000000000041 0.04481933152163919
48.30000000000042 0.04481933152238698
48.40000000000042 0.04481933152312985
48.50000000000042 0.04481933152386783
48.60000000000042 0.04481933152460101
48.70000000000042 0.0448193315253294
48.80000000000042 0.04481933152605303
48.90000000000042 0.04481933152677197
49.00000000000043 0.04481933152748624
49.10000000000043 0.04481933152819589
49.20000000000043 0.04481933152890095
49.30000000000043 0.04481933152960148
49.40000000000043 0.0448193315302975
49.50000000000043 0.04481933153098906
49.60000000000043 0.0448193315316762
49.70000000000044 0.04481933153235893
49.80000000000044 0.04481933153303732
49.90000000000044 0.04481933153371139
50.00000000000044 0.0448193315343812
50.10000000000044 0.04481933153504674
50.20000000000044 0.04481933153570811
50.30000000000044 0.04481933153636528
50.40000000000045 0.04481933153701831
50.50000000000045 0.04481933153766724
50.60000000000045 0.04481933153831211
50.70000000000045 0.04481933153895294
50.80000000000045 0.04481933153958978
50.90000000000045 0.04481933154022266
51.00000000000045 0.04481933154085158
51.10000000000046 0.04481933154147664
51.20000000000046 0.0448193315420978
51.30000000000046 0.04481933154271512
51.40000000000046 0.04481933154332865
51.50000000000046 0.0448193315439384
51.60000000000046 0.04481933154454441
51.70000000000046 0.04481933154514671
51.80000000000047 0.04481933154574531
51.90000000000047 0.04481933154634027
52.00000000000047 0.0448193315469316
52.10000000000047 0.04481933154751935
52.20000000000047 0.04481933154810352
52.30000000000047 0.04481933154868416
52.40000000000047 0.04481933154926129
52.50000000000048 0.04481933154983492
52.60000000000048 0.04481933155040514
52.70000000000048 0.04481933155097192
52.80000000000048 0.04481933155153529
52.90000000000048 0.0448193315520953
53.00000000000048 0.04481933155265197
53.10000000000048 0.04481933155320533
53.20000000000049 0.04481933155375539
53.30000000000049 0.0448193315543022
53.40000000000049 0.04481933155484576
53.50000000000049 0.04481933155538612
53.60000000000049 0.04481933155592328
53.70000000000049 0.04481933155645729
53.80000000000049 0.04481933155698815
53.9000000000005 0.04481933155751591
54.0000000000005 0.04481933155804057
54.1000000000005 0.04481933155856216
54.2000000000005 0.04481933155908072
54.3000000000005 0.04481933155959627
54.4000000000005 0.04481933156010882
54.5000000000005 0.0448193315606184
54.60000000000051 0.04481933156112504
54.70000000000051 0.04481933156162873
54.80000000000051 0.04481933156212954
54.90000000000051 0.04481933156262746
55.00000000000051 0.04481933156312252
55.10000000000051 0.04481933156361476
55.20000000000051 0.04481933156410416
55.30000000000052 0.04481933156459078
55.40000000000052 0.04481933156507464
55.50000000000052 0.04481933156555575
55.60000000000052 0.04481933156603411
55.70000000000052 0.04481933156650977
55.80000000000052 0.04481933156698274
55.90000000000052 0.04481933156745303
56.00000000000053 0.0448193315679207
56.10000000000053 0.04481933156838572
56.20000000000053 0.04481933156884813
56.30000000000053 0.04481933156930795
56.40000000000053 0.04481933156976519
56.50000000000053 0.0448193315702199
56.60000000000053 0.04481933157067206
56.70000000000054 0.04481933157112172
56.80000000000054 0.04481933157156887
56.90000000000054 0.04481933157201356
57.00000000000054 0.04481933157245578
57.10000000000054 0.04481933157289558
57.20000000000054 0.04481933157333293
57.30000000000054 0.04481933157376789
57.40000000000055 0.04481933157420045
57.50000000000055 0.04481933157463066
57.60000000000055 0.04481933157505851
57.70000000000055 0.04481933157548402
57.80000000000055 0.04481933157590721
57.90000000000055 0.04481933157632811
58.00000000000055 0.04481933157674672
58.10000000000056 0.04481933157716305
58.20000000000056 0.04481933157757714
58.30000000000056 0.04481933157798901
58.40000000000056 0.04481933157839864
58.50000000000056 0.04481933157880607
58.60000000000056 0.04481933157921131
58.70000000000056 0.04481933157961437
58.80000000000057 0.04481933158001528
58.90000000000057 0.04481933158041405
59.00000000000057 0.04481933158081069
59.10000000000057 0.04481933158120523
59.20000000000057 0.04481933158159765
59.30000000000057 0.04481933158198801
59.40000000000057 0.04481933158237629
59.50000000000058 0.04481933158276252
59.60000000000058 0.04481933158314672
59.70000000000058 0.0448193315835289
59.80000000000058 0.04481933158390907
59.90000000000058 0.04481933158428723
60.00000000000058 0.04481933158466342
60.10000000000058 0.04481933158503764
60.20000000000059 0.04481933158540991
60.30000000000059 0.04481933158578024
60.40000000000059 0.04481933158614865
60.50000000000059 0.04481933158651513
60.60000000000059 0.04481933158687973
60.70000000000059 0.04481933158724243
60.80000000000059 0.04481933158760325
60.9000000000006 0.04481933158796222
61.0000000000006 0.04481933158831934
61.1000000000006 0.04481933158867461
61.2000000000006 0.04481933158902808
61.3000000000006 0.04481933158937972
61.4000000000006 0.04481933158972958
61.5000000000006 0.04481933159007764
61.60000000000061 0.04481933159042393
61.70000000000061 0.04481933159076847
61.80000000000061 0.04481933159111125
61.90000000000061 0.04481933159145229
62.00000000000061 0.04481933159179158
62.10000000000061 0.0448193315921292
62.20000000000061 0.04481933159246509
62.30000000000062 0.04481933159279929
62.40000000000062 0.04481933159313183
62.50000000000062 0.04481933159346268
62.60000000000062 0.04481933159379188
62.70000000000062 0.04481933159411942
62.80000000000062 0.04481933159444534
62.90000000000062 0.04481933159476963
63.00000000000063 0.04481933159509231
63.10000000000063 0.04481933159541338
63.20000000000063 0.04481933159573285
63.30000000000063 0.04481933159605075
63.40000000000063 0.04481933159636707
63.50000000000063 0.04481933159668185
63.60000000000063 0.04481933159699505
63.70000000000064 0.04481933159730671
63.80000000000064 0.04481933159761686
63.90000000000064 0.04481933159792548
64.00000000000064 0.04481933159823258
64.10000000000063 0.04481933159853817
64.20000000000063 0.04481933159884228
64.30000000000062 0.04481933159914492
64.40000000000062 0.04481933159944607
64.50000000000061 0.04481933159974577
64.60000000000061 0.04481933160004402
64.7000000000006 0.04481933160034082
64.80000000000059 0.04481933160063619
64.90000000000059 0.04481933160093012
65.00000000000058 0.04481933160122265
65.10000000000058 0.04481933160151375
65.20000000000057 0.04481933160180347
65.30000000000057 0.0448193316020918
65.40000000000056 0.04481933160237874
65.50000000000055 0.04481933160266432
65.60000000000055 0.04481933160294853
65.70000000000054 0.04481933160323139
65.80000000000054 0.0448193316035129
65.90000000000053 0.04481933160379308
66.00000000000053 0.04481933160407193
66.10000000000052 0.04481933160434947
66.20000000000051 0.04481933160462568
66.30000000000051 0.04481933160490059
66.4000000000005 0.04481933160517421
66.5000000000005 0.04481933160544654
66.60000000000049 0.04481933160571758
66.70000000000049 0.04481933160598736
66.80000000000048 0.04481933160625588
66.90000000000047 0.04481933160652314
67.00000000000047 0.04481933160678915
67.10000000000046 0.04481933160705392
67.20000000000046 0.04481933160731746
67.30000000000045 0.04481933160757978
67.40000000000045 0.04481933160784087
67.50000000000044 0.04481933160810076
67.60000000000043 0.04481933160835945
67.70000000000043 0.04481933160861695
67.80000000000042 0.04481933160887325
67.90000000000042 0.04481933160912838
68.00000000000041 0.04481933160938233
68.10000000000041 0.04481933160963512
68.2000000000004 0.04481933160988675
68.3000000000004 0.04481933161013722
68.40000000000039 0.04481933161038656
68.50000000000038 0.04481933161063476
68.60000000000038 0.04481933161088184
68.70000000000037 0.04481933161112777
68.80000000000037 0.04481933161137261
68.90000000000036 0.04481933161161632
69.00000000000036 0.04481933161185894
69.10000000000035 0.04481933161210045
69.20000000000034 0.04481933161234086
69.30000000000034 0.04481933161258021
69.40000000000033 0.04481933161281847
69.50000000000033 0.04481933161305567
69.60000000000032 0.0448193316132918
69.70000000000032 0.04481933161352687
69.80000000000031 0.04481933161376089
69.9000000000003 0.04481933161399386
70.0000000000003 0.04481933161422581
70.10000000000029 0.0448193316144567
70.20000000000029 0.04481933161468658
70.30000000000028 0.04481933161491543
70.40000000000028 0.04481933161514327
70.50000000000027 0.04481933161537011
70.60000000000026 0.04481933161559593
70.70000000000026 0.04481933161582077
70.80000000000025 0.0448193316160446
70.90000000000025 0.04481933161626746
71.00000000000024 0.04481933161648933
71.10000000000024 0.04481933161671025
71.20000000000023 0.04481933161693018
71.30000000000022 0.04481933161714914
71.40000000000022 0.04481933161736718
71.50000000000021 0.04481933161758423
71.60000000000021 0.04481933161780036
71.7000000000002 0.04481933161801552
71.8000000000002 0.04481933161822977
71.90000000000019 0.04481933161844309
72.00000000000018 0.04481933161865548
72.10000000000018 0.04481933161886696
72.20000000000017 0.04481933161907751
72.30000000000017 0.04481933161928716
72.40000000000016 0.04481933161949592
72.50000000000016 0.04481933161970375
72.60000000000015 0.04481933161991071
72.70000000000014 0.04481933162011678
72.80000000000014 0.04481933162032197
72.90000000000013 0.04481933162052627
73.00000000000013 0.0448193316207297
73.10000000000012 0.04481933162093227
73.20000000000012 0.04481933162113397
73.30000000000011 0.04481933162133482
73.40000000000011 0.04481933162153483
73.5000000000001 0.04481933162173396
73.60000000000009 0.04481933162193227
73.70000000000009 0.04481933162212975
73.80000000000008 0.04481933162232639
73.90000000000008 0.04481933162252219
74.00000000000007 0.04481933162271716
74.10000000000007 0.04481933162291134
74.20000000000006 0.04481933162310469
74.30000000000005 0.04481933162329722
74.40000000000005 0.04481933162348896
74.50000000000004 0.0448193316236799
74.60000000000004 0.04481933162387002
74.70000000000003 0.04481933162405936
74.80000000000003 0.04481933162424793
74.90000000000002 0.04481933162443568
75.00000000000001 0.04481933162462268
75.10000000000001 0.04481933162480888
75.2 0.04481933162499432
75.3 0.04481933162517901
75.39999999999999 0.04481933162536293
75.49999999999999 0.04481933162554608
75.59999999999998 0.04481933162572847
75.69999999999997 0.04481933162591012
75.79999999999997 0.04481933162609102
75.89999999999996 0.04481933162627119
75.99999999999996 0.0448193316264506
76.09999999999995 0.04481933162662931
76.19999999999995 0.04481933162680727
76.29999999999994 0.0448193316269845
76.39999999999993 0.04481933162716101
76.49999999999993 0.04481933162733681
76.59999999999992 0.04481933162751189
76.69999999999992 0.04481933162768627
76.79999999999991 0.04481933162785992
76.89999999999991 0.0448193316280329
76.9999999999999 0.04481933162820516
77.09999999999989 0.04481933162837672
77.19999999999989 0.04481933162854761
77.29999999999988 0.04481933162871781
77.39999999999988 0.04481933162888731
77.49999999999987 0.04481933162905614
77.59999999999987 0.04481933162922429
77.69999999999986 0.04481933162939175
77.79999999999986 0.04481933162955857
77.89999999999985 0.04481933162972471
77.99999999999984 0.04481933162989019
78.09999999999984 0.04481933163005502
78.19999999999983 0.04481933163021919
78.29999999999983 0.04481933163038269
78.39999999999982 0.04481933163054556
78.49999999999982 0.04481933163070779
78.59999999999981 0.04481933163086937
78.6999999999998 0.04481933163103032
78.7999999999998 0.04481933163119061
78.89999999999979 0.04481933163135029
78.99999999999979 0.04481933163150933
79.09999999999978 0.04481933163166776
79.19999999999978 0.04481933163182557
79.29999999999977 0.04481933163198275
79.39999999999976 0.04481933163213933
79.49999999999976 0.04481933163229528
79.59999999999975 0.04481933163245062
79.69999999999975 0.04481933163260536
79.79999999999974 0.0448193316327595
79.89999999999974 0.04481933163291304
79.99999999999973 0.04481933163306599
80.09999999999972 0.04481933163321834
80.19999999999972 0.04481933163337009
80.29999999999971 0.04481933163352126
80.39999999999971 0.04481933163367185
80.4999999999997 0.04481933163382186
80.5999999999997 0.0448193316339713
80.69999999999969 0.04481933163412015
80.79999999999968 0.04481933163426845
80.89999999999968 0.04481933163441616
80.99999999999967 0.04481933163456332
81.09999999999967 0.04481933163470989
81.19999999999966 0.04481933163485592
81.29999999999966 0.04481933163500139
81.39999999999965 0.04481933163514631
81.49999999999964 0.04481933163529066
81.59999999999964 0.04481933163543447
81.69999999999963 0.04481933163557775
81.79999999999963 0.04481933163572046
81.89999999999962 0.04481933163586265
81.99999999999962 0.04481933163600429
82.09999999999961 0.04481933163614539
82.1999999999996 0.04481933163628598
82.2999999999996 0.04481933163642601
82.39999999999959 0.04481933163656553
82.49999999999959 0.04481933163670453
82.59999999999958 0.04481933163684301
82.69999999999958 0.04481933163698094
82.79999999999957 0.04481933163711839
82.89999999999957 0.0448193316372553
82.99999999999956 0.0448193316373917
83.09999999999955 0.04481933163752761
83.19999999999955 0.044819331637663
83.29999999999954 0.04481933163779787
83.39999999999954 0.04481933163793226
83.49999999999953 0.04481933163806615
83.59999999999953 0.04481933163819953
83.69999999999952 0.04481933163833241
83.79999999999951 0.04481933163846483
83.89999999999951 0.04481933163859676
83.9999999999995 0.04481933163872818
84.0999999999995 0.04481933163885912
84.19999999999949 0.04481933163898958
84.29999999999949 0.04481933163911954
84.39999999999948 0.04481933163924907
84.49999999999947 0.04481933163937808
84.59999999999947 0.04481933163950665
84.69999999999946 0.04481933163963472
84.79999999999946 0.04481933163976234
84.89999999999945 0.04481933163988949
84.99999999999945 0.04481933164001619
85.09999999999944 0.04481933164014242
85.19999999999943 0.04481933164026817
85.29999999999943 0.04481933164039348
85.39999999999942 0.04481933164051834
85.49999999999942 0.04481933164064274
85.59999999999941 0.04481933164076669
85.69999999999941 0.04481933164089019
85.7999999999994 0.04481933164101325
85.89999999999939 0.04481933164113585
85.99999999999939 0.04481933164125802
86.09999999999938 0.04481933164137977
86.19999999999938 0.04481933164150106
86.29999999999937 0.04481933164162192
86.39999999999937 0.04481933164174235
86.49999999999936 0.04481933164186233
86.59999999999935 0.0448193316419819
86.69999999999935 0.04481933164210104
86.79999999999934 0.04481933164221975
86.89999999999934 0.04481933164233805
86.99999999999933 0.04481933164245591
87.09999999999933 0.04481933164257336
87.19999999999932 0.04481933164269038
87.29999999999932 0.04481933164280701
87.39999999999931 0.04481933164292321
87.4999999999993 0.044819331643039
87.5999999999993 0.04481933164315439
87.69999999999929 0.04481933164326937
87.79999999999929 0.04481933164338393
87.89999999999928 0.04481933164349811
87.99999999999928 0.04481933164361188
88.09999999999927 0.04481933164372524
88.19999999999926 0.0448193316438382
88.29999999999926 0.04481933164395078
88.39999999999925 0.04481933164406295
88.49999999999925 0.04481933164417475
88.59999999999924 0.04481933164428614
88.69999999999924 0.04481933164439716
88.79999999999923 0.04481933164450776
88.89999999999922 0.044819331644618
88.99999999999922 0.04481933164472786
89.09999999999921 0.04481933164483731
89.19999999999921 0.04481933164494641
89.2999999999992 0.04481933164505512
89.3999999999992 0.04481933164516345
89.49999999999919 0.04481933164527141
89.59999999999918 0.04481933164537901
89.69999999999918 0.04481933164548622
89.79999999999917 0.04481933164559307
89.89999999999917 0.04481933164569955
89.99999999999916 0.04481933164580566
90.09999999999916 0.04481933164591141
90.19999999999915 0.04481933164601679
90.29999999999914 0.04481933164612182
90.39999999999914 0.04481933164622649
90.49999999999913 0.04481933164633079
90.59999999999913 0.04481933164643475
90.69999999999912 0.04481933164653835
90.79999999999912 0.04481933164664158
90.89999999999911 0.04481933164674447
90.9999999999991 0.04481933164684702
91.0999999999991 0.04481933164694921
91.19999999999909 0.04481933164705106
91.29999999999909 0.04481933164715256
91.39999999999908 0.04481933164725373
91.49999999999908 0.04481933164735454
91.59999999999907 0.04481933164745502
91.69999999999906 0.04481933164755516
91.79999999999906 0.04481933164765496
91.89999999999905 0.04481933164775443
91.99999999999905 0.04481933164785356
92.09999999999904 0.04481933164795236
92.19999999999904 0.04481933164805083
92.29999999999903 0.04481933164814898
92.39999999999903 0.04481933164824679
92.49999999999902 0.04481933164834426
92.59999999999901 0.04481933164844142
92.69999999999901 0.04481933164853824
92.799999999999 0.04481933164863475
92.899999999999 0.04481933164873093
92.99999999999899 0.04481933164882681
93.09999999999899 0.04481933164892236
93.19999999999898 0.04481933164901759
93.29999999999897 0.0448193316491125
93.39999999999897 0.0448193316492071
93.49999999999896 0.04481933164930141
93.59999999999896 0.04481933164939538
93.69999999999895 0.04481933164948906
93.79999999999895 0.04481933164958242
93.89999999999894 0.04481933164967547
93.99999999999893 0.04481933164976823
94.09999999999893 0.04481933164986066
94.19999999999892 0.04481933164995281
94.29999999999892 0.04481933165004465
94.39999999999891 0.04481933165013619
94.49999999999891 0.04481933165022743
94.5999999999989 0.04481933165031837
94.69999999999889 0.04481933165040902
94.79999999999889 0.04481933165049937
94.89999999999888 0.04481933165058941
94.99999999999888 0.04481933165067917
95.09999999999887 0.04481933165076866
95.19999999999887 0.04481933165085784
95.29999999999886 0.04481933165094673
95.39999999999885 0.04481933165103534
95.49999999999885 0.04481933165112366
95.59999999999884 0.04481933165121169
95.69999999999884 0.04481933165129944
95.79999999999883 0.04481933165138689
95.89999999999883 0.04481933165147407
95.99999999999882 0.04481933165156098
96.09999999999881 0.0448193316516476
96.19999999999881 0.04481933165173396
96.2999999999988 0.04481933165182003
96.3999999999988 0.04481933165190581
96.49999999999879 0.04481933165199134
96.59999999999879 0.04481933165207658
96.69999999999878 0.04481933165216154
96.79999999999878 0.04481933165224625
96.89999999999877 0.04481933165233069
96.99999999999876 0.04481933165241485
97.09999999999876 0.04481933165249874
97.19999999999875 0.04481933165258237
97.29999999999875 0.04481933165266573
97.39999999999874 0.04481933165274885
97.49999999999874 0.04481933165283168
97.59999999999873 0.04481933165291427
97.69999999999872 0.04481933165299656
97.79999999999872 0.04481933165307862
97.89999999999871 0.04481933165316042
97.99999999999871 0.04481933165324196
98.0999999999987 0.04481933165332325
98.1999999999987 0.04481933165340427
98.29999999999869 0.04481933165348503
98.39999999999868 0.04481933165356555
98.49999999999868 0.04481933165364582
98.59999999999867 0.04481933165372583
98.69999999999867 0.04481933165380559
98.79999999999866 0.04481933165388511
98.89999999999866 0.04481933165396439
98.99999999999865 0.0448193316540434
99.09999999999864 0.04481933165412217
99.19999999999864 0.0448193316542007
99.29999999999863 0.04481933165427898
99.39999999999863 0.04481933165435702
99.49999999999862 0.04481933165443484
99.59999999999862 0.0448193316545124
99.69999999999861 0.04481933165458971
99.7999999999986 0.0448193316546668
99.8999999999986 0.04481933165474363
99.99999999999859 0.04481933165482024
100.0999999999986 0.04481933165489662
