0 -9.688276749999999e-05
0.1 -9.688224942805759e-05
0.2 -9.688195989371246e-05
0.3 -9.688188664850963e-05
0.4 -9.688202663028885e-05
0.5 -9.688238570407515e-05
0.6 -9.688297915980661e-05
0.7 -9.688383303802662e-05
0.7999999999999999 -9.688498647814326e-05
0.8999999999999999 -9.688649545103443e-05
0.9999999999999999 -9.688843849096294e-05
1.1 -9.689092545285185e-05
1.2 -9.689411102102913e-05
1.3 -9.689821593534693e-05
1.4 -9.690356118080323e-05
1.5 -9.691062475182602e-05
1.6 -9.692013933825074e-05
1.7 -9.69332676714554e-05
1.8 -9.695193332748665e-05
1.900000000000001 -9.697948299676221e-05
2 -9.702211139830553e-05
2.100000000000001 -9.709221345746778e-05
2.200000000000001 -9.72172216921987e-05
2.300000000000001 -9.746669898659851e-05
2.400000000000001 -9.805492700757943e-05
2.500000000000001 -9.987693235701843e-05
2.600000000000001 -0.000109486173414487
2.700000000000001 -0.0003660405152496889
2.800000000000001 0.06439756624969004
2.900000000000001 0.06441911588550275
3.000000000000001 0.06442013493095776
3.100000000000001 0.06442032616135274
3.200000000000002 0.06442038549735811
3.300000000000002 0.06442040956251645
3.400000000000002 0.06442042110050171
3.500000000000002 0.06442042730477433
3.600000000000002 0.06442043093196176
3.700000000000002 0.0644204331919897
3.800000000000002 0.06442043467259373
3.900000000000002 0.06442043568268739
4.000000000000002 0.06442043639521196
4.100000000000001 0.06442043691212428
4.200000000000001 0.06442043729618419
4.300000000000001 0.0644204375874636
4.4 0.06442043781236514
4.5 0.06442043798876632
4.6 0.06442043812906512
4.699999999999999 0.06442043824204333
4.799999999999999 0.0644204383340394
4.899999999999999 0.0644204384097062
4.999999999999998 0.0644204384725114
5.099999999999998 0.06442043852507542
5.199999999999998 0.06442043856940322
5.299999999999997 0.06442043860704666
5.399999999999997 0.06442043863921959
5.499999999999996 0.06442043866688063
5.599999999999996 0.06442043869079372
5.699999999999996 0.06442043871157274
5.799999999999995 0.0644204387297147
5.899999999999995 0.06442043874562503
5.999999999999995 0.0644204387596365
6.099999999999994 0.06442043877202419
6.199999999999994 0.06442043878301663
6.299999999999994 0.06442043879280486
6.399999999999993 0.06442043880154932
6.499999999999993 0.06442043880938557
6.599999999999993 0.06442043881642845
6.699999999999992 0.06442043882277594
6.799999999999992 0.06442043882851176
6.899999999999991 0.06442043883370785
6.999999999999991 0.0644204388384262
7.099999999999991 0.0644204388427205
7.19999999999999 0.06442043884663734
7.29999999999999 0.06442043885021728
7.39999999999999 0.0644204388534958
7.499999999999989 0.06442043885650395
7.599999999999989 0.06442043885926903
7.699999999999989 0.0644204388618151
7.799999999999988 0.06442043886416345
7.899999999999988 0.06442043886633289
7.999999999999988 0.06442043886834013
8.099999999999987 0.06442043887020006
8.199999999999987 0.06442043887192592
8.299999999999986 0.06442043887352962
8.399999999999986 0.06442043887502177
8.499999999999986 0.06442043887641188
8.599999999999985 0.06442043887770854
8.699999999999985 0.06442043887891948
8.799999999999985 0.06442043888005164
8.899999999999984 0.06442043888111136
8.999999999999984 0.06442043888210433
9.099999999999984 0.0644204388830357
9.199999999999983 0.06442043888391018
9.299999999999983 0.06442043888473209
9.399999999999983 0.06442043888550528
9.499999999999982 0.06442043888623332
9.599999999999982 0.06442043888691945
9.699999999999982 0.06442043888756667
9.799999999999981 0.06442043888817765
9.899999999999981 0.06442043888875494
9.99999999999998 0.0644204388893008
10.09999999999998 0.06442043888981736
10.19999999999998 0.06442043889030653
10.29999999999998 0.06442043889077015
10.39999999999998 0.06442043889120982
10.49999999999998 0.06442043889162709
10.59999999999998 0.06442043889202337
10.69999999999998 0.06442043889239996
10.79999999999998 0.06442043889275804
10.89999999999998 0.06442043889309879
10.99999999999998 0.06442043889342321
11.09999999999998 0.06442043889373228
11.19999999999998 0.06442043889402686
11.29999999999998 0.06442043889430785
11.39999999999998 0.06442043889457597
11.49999999999998 0.06442043889483197
11.59999999999997 0.06442043889507654
11.69999999999997 0.06442043889531029
11.79999999999997 0.06442043889553382
11.89999999999997 0.06442043889574769
11.99999999999997 0.06442043889595241
12.09999999999997 0.06442043889614846
12.19999999999997 0.06442043889633628
12.29999999999997 0.06442043889651633
12.39999999999997 0.064420438896689
12.49999999999997 0.06442043889685467
12.59999999999997 0.06442043889701367
12.69999999999997 0.06442043889716634
12.79999999999997 0.06442043889731297
12.89999999999997 0.0644204388974539
12.99999999999997 0.06442043889758939
13.09999999999997 0.06442043889771967
13.19999999999997 0.06442043889784503
13.29999999999997 0.06442043889796567
13.39999999999997 0.06442043889808183
13.49999999999997 0.06442043889819371
13.59999999999997 0.06442043889830149
13.69999999999997 0.06442043889840537
13.79999999999997 0.06442043889850552
13.89999999999997 0.06442043889860212
13.99999999999997 0.06442043889869532
14.09999999999997 0.06442043889878525
14.19999999999997 0.06442043889887208
14.29999999999997 0.06442043889895591
14.39999999999996 0.06442043889903688
14.49999999999996 0.06442043889911514
14.59999999999996 0.06442043889919077
14.69999999999996 0.0644204388992639
14.79999999999996 0.0644204388993346
14.89999999999996 0.06442043889940302
14.99999999999996 0.0644204388994692
15.09999999999996 0.06442043889953326
15.19999999999996 0.06442043889959528
15.29999999999996 0.06442043889965533
15.39999999999996 0.06442043889971352
15.49999999999996 0.06442043889976987
15.59999999999996 0.06442043889982449
15.69999999999996 0.06442043889987743
15.79999999999996 0.06442043889992878
15.89999999999996 0.06442043889997856
15.99999999999996 0.06442043890002686
16.09999999999996 0.06442043890007371
16.19999999999996 0.0644204389001192
16.29999999999996 0.06442043890016334
16.39999999999996 0.0644204389002062
16.49999999999996 0.06442043890024783
16.59999999999997 0.06442043890028826
16.69999999999997 0.06442043890032752
16.79999999999997 0.06442043890036568
16.89999999999997 0.06442043890040278
16.99999999999997 0.06442043890043882
17.09999999999997 0.06442043890047389
17.19999999999997 0.06442043890050798
17.29999999999998 0.06442043890054115
17.39999999999998 0.06442043890057342
17.49999999999998 0.06442043890060482
17.59999999999998 0.06442043890063538
17.69999999999998 0.06442043890066512
17.79999999999998 0.06442043890069409
17.89999999999998 0.06442043890072228
17.99999999999999 0.06442043890074975
18.09999999999999 0.06442043890077651
18.19999999999999 0.06442043890080258
18.29999999999999 0.06442043890082796
18.39999999999999 0.06442043890085272
18.49999999999999 0.06442043890087686
18.59999999999999 0.06442043890090038
18.7 0.06442043890092332
18.8 0.06442043890094569
18.9 0.06442043890096752
19 0.06442043890098879
19.1 0.06442043890100957
19.2 0.06442043890102983
19.3 0.06442043890104962
19.40000000000001 0.06442043890106892
19.50000000000001 0.06442043890108777
19.60000000000001 0.06442043890110617
19.70000000000001 0.06442043890112413
19.80000000000001 0.0644204389011417
19.90000000000001 0.06442043890115885
20.00000000000001 0.06442043890117559
20.10000000000002 0.06442043890119196
20.20000000000002 0.06442043890120794
20.30000000000002 0.06442043890122356
20.40000000000002 0.06442043890123884
20.50000000000002 0.06442043890125379
20.60000000000002 0.0644204389012684
20.70000000000002 0.06442043890128267
20.80000000000003 0.06442043890129664
20.90000000000003 0.06442043890131029
21.00000000000003 0.06442043890132365
21.10000000000003 0.06442043890133672
21.20000000000003 0.06442043890134953
21.30000000000003 0.06442043890136204
21.40000000000003 0.06442043890137429
21.50000000000004 0.06442043890138628
21.60000000000004 0.06442043890139801
21.70000000000004 0.0644204389014095
21.80000000000004 0.06442043890142077
21.90000000000004 0.06442043890143177
22.00000000000004 0.06442043890144254
22.10000000000004 0.06442043890145312
22.20000000000005 0.06442043890146346
22.30000000000005 0.0644204389014736
22.40000000000005 0.06442043890148354
22.50000000000005 0.06442043890149325
22.60000000000005 0.0644204389015028
22.70000000000005 0.06442043890151215
22.80000000000005 0.06442043890152131
22.90000000000006 0.06442043890153031
23.00000000000006 0.06442043890153909
23.10000000000006 0.06442043890154774
23.20000000000006 0.06442043890155619
23.30000000000006 0.06442043890156447
23.40000000000006 0.0644204389015726
23.50000000000006 0.06442043890158061
23.60000000000007 0.06442043890158843
23.70000000000007 0.06442043890159611
23.80000000000007 0.06442043890160366
23.90000000000007 0.06442043890161105
24.00000000000007 0.06442043890161832
24.10000000000007 0.06442043890162544
24.20000000000007 0.06442043890163243
24.30000000000008 0.0644204389016393
24.40000000000008 0.064420438901646
24.50000000000008 0.06442043890165262
24.60000000000008 0.06442043890165913
24.70000000000008 0.0644204389016655
24.80000000000008 0.06442043890167176
24.90000000000008 0.0644204389016779
25.00000000000009 0.06442043890168395
25.10000000000009 0.06442043890168986
25.20000000000009 0.06442043890169567
25.30000000000009 0.06442043890170139
25.40000000000009 0.06442043890170701
25.50000000000009 0.06442043890171253
25.60000000000009 0.06442043890171795
25.7000000000001 0.06442043890172329
25.8000000000001 0.06442043890172852
25.9000000000001 0.06442043890173367
26.0000000000001 0.06442043890173874
26.1000000000001 0.0644204389017437
26.2000000000001 0.0644204389017486
26.3000000000001 0.0644204389017534
26.40000000000011 0.06442043890175812
26.50000000000011 0.06442043890176277
26.60000000000011 0.06442043890176734
26.70000000000011 0.06442043890177183
26.80000000000011 0.06442043890177626
26.90000000000011 0.06442043890178061
27.00000000000011 0.06442043890178487
27.10000000000012 0.06442043890178908
27.20000000000012 0.06442043890179322
27.30000000000012 0.06442043890179729
27.40000000000012 0.0644204389018013
27.50000000000012 0.06442043890180521
27.60000000000012 0.06442043890180911
27.70000000000012 0.06442043890181291
27.80000000000013 0.06442043890181666
27.90000000000013 0.06442043890182035
28.00000000000013 0.06442043890182399
28.10000000000013 0.06442043890182757
28.20000000000013 0.06442043890183108
28.30000000000013 0.06442043890183455
28.40000000000013 0.06442043890183796
28.50000000000014 0.06442043890184131
28.60000000000014 0.06442043890184462
28.70000000000014 0.06442043890184787
28.80000000000014 0.06442043890185108
28.90000000000014 0.06442043890185423
29.00000000000014 0.06442043890185734
29.10000000000014 0.0644204389018604
29.20000000000014 0.06442043890186343
29.30000000000015 0.06442043890186638
29.40000000000015 0.06442043890186931
29.50000000000015 0.06442043890187221
29.60000000000015 0.06442043890187504
29.70000000000015 0.06442043890187786
29.80000000000015 0.06442043890188062
29.90000000000015 0.06442043890188331
30.00000000000016 0.06442043890188599
30.10000000000016 0.06442043890188864
30.20000000000016 0.06442043890189124
30.30000000000016 0.06442043890189379
30.40000000000016 0.06442043890189632
30.50000000000016 0.0644204389018988
30.60000000000016 0.06442043890190124
30.70000000000017 0.06442043890190367
30.80000000000017 0.06442043890190605
30.90000000000017 0.06442043890190841
31.00000000000017 0.06442043890191072
31.10000000000017 0.06442043890191301
31.20000000000017 0.06442043890191526
31.30000000000017 0.0644204389019175
31.40000000000018 0.06442043890191969
31.50000000000018 0.06442043890192184
31.60000000000018 0.06442043890192398
31.70000000000018 0.06442043890192607
31.80000000000018 0.06442043890192814
31.90000000000018 0.06442043890193018
32.00000000000018 0.06442043890193219
32.10000000000019 0.06442043890193418
32.20000000000019 0.06442043890193615
32.30000000000019 0.06442043890193809
32.40000000000019 0.06442043890193999
32.50000000000019 0.06442043890194186
32.60000000000019 0.06442043890194372
32.70000000000019 0.06442043890194556
32.8000000000002 0.06442043890194736
32.9000000000002 0.06442043890194915
33.0000000000002 0.06442043890195093
33.1000000000002 0.06442043890195266
33.2000000000002 0.06442043890195438
33.3000000000002 0.06442043890195608
33.4000000000002 0.06442043890195774
33.50000000000021 0.06442043890195939
33.60000000000021 0.06442043890196103
33.70000000000021 0.06442043890196264
33.80000000000021 0.06442043890196422
33.90000000000021 0.06442043890196579
34.00000000000021 0.06442043890196733
34.10000000000021 0.06442043890196889
34.20000000000022 0.06442043890197037
34.30000000000022 0.06442043890197187
34.40000000000022 0.06442043890197333
34.50000000000022 0.0644204389019748
34.60000000000022 0.06442043890197623
34.70000000000022 0.06442043890197766
34.80000000000022 0.06442043890197904
34.90000000000023 0.06442043890198042
35.00000000000023 0.06442043890198178
35.10000000000023 0.06442043890198312
35.20000000000023 0.06442043890198444
35.30000000000023 0.06442043890198577
35.40000000000023 0.06442043890198708
35.50000000000023 0.06442043890198836
35.60000000000024 0.06442043890198962
35.70000000000024 0.06442043890199088
35.80000000000024 0.0644204389019921
35.90000000000024 0.06442043890199332
36.00000000000024 0.06442043890199452
36.10000000000024 0.06442043890199572
36.20000000000024 0.0644204389019969
36.30000000000025 0.06442043890199806
36.40000000000025 0.06442043890199921
36.50000000000025 0.06442043890200035
36.60000000000025 0.06442043890200148
36.70000000000025 0.06442043890200259
36.80000000000025 0.06442043890200368
36.90000000000025 0.06442043890200476
37.00000000000026 0.06442043890200584
37.10000000000026 0.0644204389020069
37.20000000000026 0.06442043890200795
37.30000000000026 0.06442043890200896
37.40000000000026 0.06442043890200999
37.50000000000026 0.064420438902011
37.60000000000026 0.06442043890201199
37.70000000000027 0.06442043890201299
37.80000000000027 0.06442043890201396
37.90000000000027 0.06442043890201492
38.00000000000027 0.06442043890201589
38.10000000000027 0.06442043890201682
38.20000000000027 0.06442043890201775
38.30000000000027 0.06442043890201868
38.40000000000028 0.06442043890201959
38.50000000000028 0.0644204389020205
38.60000000000028 0.0644204389020214
38.70000000000028 0.06442043890202226
38.80000000000028 0.06442043890202313
38.90000000000028 0.06442043890202401
39.00000000000028 0.06442043890202487
39.10000000000029 0.0644204389020257
39.20000000000029 0.06442043890202655
39.30000000000029 0.06442043890202739
39.40000000000029 0.0644204389020282
39.50000000000029 0.06442043890202899
39.60000000000029 0.06442043890202981
39.70000000000029 0.06442043890203059
39.8000000000003 0.06442043890203139
39.9000000000003 0.06442043890203215
40.0000000000003 0.06442043890203292
40.1000000000003 0.06442043890203368
40.2000000000003 0.06442043890203442
40.3000000000003 0.06442043890203518
40.4000000000003 0.0644204389020359
40.50000000000031 0.06442043890203664
40.60000000000031 0.06442043890203734
40.70000000000031 0.06442043890203805
40.80000000000031 0.06442043890203876
40.90000000000031 0.06442043890203947
41.00000000000031 0.06442043890204016
41.10000000000031 0.06442043890204084
41.20000000000032 0.06442043890204151
41.30000000000032 0.06442043890204219
41.40000000000032 0.06442043890204284
41.50000000000032 0.06442043890204352
41.60000000000032 0.06442043890204416
41.70000000000032 0.06442043890204481
41.80000000000032 0.06442043890204545
41.90000000000033 0.06442043890204607
42.00000000000033 0.0644204389020467
42.10000000000033 0.06442043890204731
42.20000000000033 0.06442043890204792
42.30000000000033 0.06442043890204852
42.40000000000033 0.0644204389020491
42.50000000000033 0.06442043890204968
42.60000000000034 0.06442043890205028
42.70000000000034 0.06442043890205085
42.80000000000034 0.06442043890205142
42.90000000000034 0.06442043890205199
43.00000000000034 0.06442043890205255
43.10000000000034 0.06442043890205311
43.20000000000034 0.06442043890205366
43.30000000000035 0.06442043890205422
43.40000000000035 0.06442043890205476
43.50000000000035 0.06442043890205527
43.60000000000035 0.06442043890205582
43.70000000000035 0.06442043890205634
43.80000000000035 0.06442043890205686
43.90000000000035 0.06442043890205737
44.00000000000036 0.0644204389020579
44.10000000000036 0.0644204389020584
44.20000000000036 0.06442043890205888
44.30000000000036 0.06442043890205938
44.40000000000036 0.06442043890205988
44.50000000000036 0.06442043890206037
44.60000000000036 0.06442043890206085
44.70000000000037 0.06442043890206134
44.80000000000037 0.0644204389020618
44.90000000000037 0.06442043890206225
45.00000000000037 0.06442043890206274
45.10000000000037 0.0644204389020632
45.20000000000037 0.06442043890206366
45.30000000000037 0.0644204389020641
45.40000000000038 0.06442043890206454
45.50000000000038 0.06442043890206497
45.60000000000038 0.06442043890206542
45.70000000000038 0.06442043890206585
45.80000000000038 0.06442043890206628
45.90000000000038 0.06442043890206671
46.00000000000038 0.06442043890206714
46.10000000000039 0.06442043890206756
46.20000000000039 0.06442043890206796
46.30000000000039 0.06442043890206837
46.40000000000039 0.06442043890206879
46.50000000000039 0.06442043890206919
46.60000000000039 0.06442043890206958
46.70000000000039 0.06442043890206998
46.8000000000004 0.06442043890207036
46.9000000000004 0.06442043890207073
47.0000000000004 0.06442043890207114
47.1000000000004 0.06442043890207151
47.2000000000004 0.06442043890207189
47.3000000000004 0.06442043890207225
47.4000000000004 0.06442043890207264
47.50000000000041 0.064420438902073
47.60000000000041 0.06442043890207336
47.70000000000041 0.06442043890207372
47.80000000000041 0.06442043890207406
47.90000000000041 0.06442043890207443
48.00000000000041 0.06442043890207479
48.10000000000041 0.06442043890207512
48.20000000000041 0.06442043890207545
48.30000000000042 0.06442043890207581
48.40000000000042 0.06442043890207616
48.50000000000042 0.06442043890207649
48.60000000000042 0.06442043890207681
48.70000000000042 0.06442043890207716
48.80000000000042 0.06442043890207748
48.90000000000042 0.0644204389020778
49.00000000000043 0.06442043890207812
49.10000000000043 0.06442043890207842
49.20000000000043 0.06442043890207876
49.30000000000043 0.06442043890207905
49.40000000000043 0.06442043890207937
49.50000000000043 0.06442043890207967
49.60000000000043 0.06442043890207998
49.70000000000044 0.06442043890208028
49.80000000000044 0.06442043890208059
49.90000000000044 0.06442043890208089
50.00000000000044 0.06442043890208118
50.10000000000044 0.06442043890208148
50.20000000000044 0.06442043890208177
50.30000000000044 0.06442043890208204
50.40000000000045 0.06442043890208234
50.50000000000045 0.06442043890208263
50.60000000000045 0.06442043890208289
50.70000000000045 0.06442043890208318
50.80000000000045 0.06442043890208346
50.90000000000045 0.06442043890208372
51.00000000000045 0.06442043890208402
51.10000000000046 0.06442043890208428
51.20000000000046 0.06442043890208456
51.30000000000046 0.06442043890208482
51.40000000000046 0.06442043890208506
51.50000000000046 0.06442043890208532
51.60000000000046 0.0644204389020856
51.70000000000046 0.06442043890208585
51.80000000000047 0.0644204389020861
51.90000000000047 0.06442043890208633
52.00000000000047 0.0644204389020866
52.10000000000047 0.06442043890208683
52.20000000000047 0.0644204389020871
52.30000000000047 0.06442043890208735
52.40000000000047 0.06442043890208757
52.50000000000048 0.0644204389020878
52.60000000000048 0.06442043890208805
52.70000000000048 0.06442043890208829
52.80000000000048 0.06442043890208853
52.90000000000048 0.06442043890208876
53.00000000000048 0.06442043890208898
53.10000000000048 0.06442043890208921
53.20000000000049 0.06442043890208944
53.30000000000049 0.06442043890208969
53.40000000000049 0.06442043890208991
53.50000000000049 0.06442043890209011
53.60000000000049 0.06442043890209033
53.70000000000049 0.06442043890209054
53.80000000000049 0.06442043890209077
53.9000000000005 0.06442043890209098
54.0000000000005 0.0644204389020912
54.1000000000005 0.06442043890209141
54.2000000000005 0.06442043890209162
54.3000000000005 0.06442043890209181
54.4000000000005 0.06442043890209202
54.5000000000005 0.06442043890209223
54.60000000000051 0.06442043890209243
54.70000000000051 0.06442043890209263
54.80000000000051 0.06442043890209284
54.90000000000051 0.06442043890209302
55.00000000000051 0.06442043890209323
55.10000000000051 0.06442043890209344
55.20000000000051 0.06442043890209363
55.30000000000052 0.06442043890209381
55.40000000000052 0.06442043890209399
55.50000000000052 0.0644204389020942
55.60000000000052 0.06442043890209438
55.70000000000052 0.06442043890209456
55.80000000000052 0.06442043890209476
55.90000000000052 0.06442043890209495
56.00000000000053 0.06442043890209513
56.10000000000053 0.06442043890209531
56.20000000000053 0.06442043890209549
56.30000000000053 0.06442043890209567
56.40000000000053 0.06442043890209585
56.50000000000053 0.06442043890209602
56.60000000000053 0.06442043890209621
56.70000000000054 0.06442043890209637
56.80000000000054 0.06442043890209655
56.90000000000054 0.06442043890209673
57.00000000000054 0.06442043890209689
57.10000000000054 0.06442043890209706
57.20000000000054 0.06442043890209723
57.30000000000054 0.06442043890209739
57.40000000000055 0.06442043890209755
57.50000000000055 0.06442043890209773
57.60000000000055 0.06442043890209788
57.70000000000055 0.06442043890209805
57.80000000000055 0.06442043890209821
57.90000000000055 0.06442043890209835
58.00000000000055 0.06442043890209852
58.10000000000056 0.06442043890209867
58.20000000000056 0.06442043890209884
58.30000000000056 0.06442043890209899
58.40000000000056 0.06442043890209913
58.50000000000056 0.06442043890209928
58.60000000000056 0.06442043890209945
58.70000000000056 0.06442043890209959
58.80000000000057 0.06442043890209975
58.90000000000057 0.06442043890209991
59.00000000000057 0.06442043890210006
59.10000000000057 0.0644204389021002
59.20000000000057 0.06442043890210036
59.30000000000057 0.06442043890210049
59.40000000000057 0.06442043890210064
59.50000000000058 0.06442043890210078
59.60000000000058 0.06442043890210093
59.70000000000058 0.06442043890210106
59.80000000000058 0.0644204389021012
59.90000000000058 0.06442043890210133
60.00000000000058 0.06442043890210149
60.10000000000058 0.06442043890210163
60.20000000000059 0.06442043890210176
60.30000000000059 0.06442043890210189
60.40000000000059 0.06442043890210203
60.50000000000059 0.06442043890210217
60.60000000000059 0.06442043890210229
60.70000000000059 0.06442043890210243
60.80000000000059 0.06442043890210256
60.9000000000006 0.06442043890210269
61.0000000000006 0.06442043890210282
61.1000000000006 0.06442043890210293
61.2000000000006 0.06442043890210307
61.3000000000006 0.06442043890210319
61.4000000000006 0.06442043890210333
61.5000000000006 0.06442043890210343
61.60000000000061 0.06442043890210356
61.70000000000061 0.06442043890210368
61.80000000000061 0.06442043890210379
61.90000000000061 0.06442043890210392
62.00000000000061 0.06442043890210404
62.10000000000061 0.06442043890210417
62.20000000000061 0.06442043890210426
62.30000000000062 0.06442043890210437
62.40000000000062 0.0644204389021045
62.50000000000062 0.06442043890210461
62.60000000000062 0.06442043890210472
62.70000000000062 0.06442043890210483
62.80000000000062 0.06442043890210494
62.90000000000062 0.06442043890210505
63.00000000000063 0.06442043890210518
63.10000000000063 0.06442043890210529
63.20000000000063 0.0644204389021054
63.30000000000063 0.06442043890210551
63.40000000000063 0.06442043890210562
63.50000000000063 0.06442043890210573
63.60000000000063 0.06442043890210584
63.70000000000064 0.06442043890210594
63.80000000000064 0.06442043890210605
63.90000000000064 0.06442043890210616
64.00000000000064 0.06442043890210626
64.10000000000063 0.06442043890210637
64.20000000000063 0.06442043890210648
64.30000000000062 0.06442043890210657
64.40000000000062 0.06442043890210668
64.50000000000061 0.06442043890210677
64.60000000000061 0.06442043890210686
64.7000000000006 0.06442043890210696
64.80000000000059 0.06442043890210707
64.90000000000059 0.06442043890210718
65.00000000000058 0.06442043890210726
65.10000000000058 0.06442043890210734
65.20000000000057 0.06442043890210744
65.30000000000057 0.06442043890210754
65.40000000000056 0.06442043890210764
65.50000000000055 0.06442043890210773
65.60000000000055 0.06442043890210783
65.70000000000054 0.06442043890210793
65.80000000000054 0.06442043890210802
65.90000000000053 0.06442043890210811
66.00000000000053 0.0644204389021082
66.10000000000052 0.0644204389021083
66.20000000000051 0.0644204389021084
66.30000000000051 0.06442043890210847
66.4000000000005 0.06442043890210856
66.5000000000005 0.06442043890210865
66.60000000000049 0.06442043890210875
66.70000000000049 0.06442043890210883
66.80000000000048 0.06442043890210891
66.90000000000047 0.06442043890210902
67.00000000000047 0.06442043890210908
67.10000000000046 0.06442043890210918
67.20000000000046 0.06442043890210927
67.30000000000045 0.06442043890210936
67.40000000000045 0.06442043890210944
67.50000000000044 0.06442043890210952
67.60000000000043 0.06442043890210961
67.70000000000043 0.06442043890210969
67.80000000000042 0.06442043890210979
67.90000000000042 0.06442043890210987
68.00000000000041 0.06442043890210995
68.10000000000041 0.06442043890211004
68.2000000000004 0.06442043890211011
68.3000000000004 0.06442043890211017
68.40000000000039 0.06442043890211026
68.50000000000038 0.06442043890211033
68.60000000000038 0.06442043890211041
68.70000000000037 0.06442043890211051
68.80000000000037 0.06442043890211058
68.90000000000036 0.06442043890211065
69.00000000000036 0.06442043890211072
69.10000000000035 0.0644204389021108
69.20000000000034 0.06442043890211087
69.30000000000034 0.06442043890211094
69.40000000000033 0.06442043890211102
69.50000000000033 0.0644204389021111
69.60000000000032 0.06442043890211119
69.70000000000032 0.06442043890211126
69.80000000000031 0.06442043890211131
69.9000000000003 0.0644204389021114
70.0000000000003 0.06442043890211148
70.10000000000029 0.06442043890211153
70.20000000000029 0.06442043890211162
70.30000000000028 0.0644204389021117
70.40000000000028 0.06442043890211176
70.50000000000027 0.06442043890211183
70.60000000000026 0.06442043890211191
70.70000000000026 0.06442043890211196
70.80000000000025 0.06442043890211205
70.90000000000025 0.06442043890211212
71.00000000000024 0.06442043890211217
71.10000000000024 0.06442043890211224
71.20000000000023 0.0644204389021123
71.30000000000022 0.06442043890211237
71.40000000000022 0.06442043890211244
71.50000000000021 0.06442043890211252
71.60000000000021 0.06442043890211258
71.7000000000002 0.06442043890211265
71.8000000000002 0.0644204389021127
71.90000000000019 0.06442043890211277
72.00000000000018 0.06442043890211284
72.10000000000018 0.06442043890211289
72.20000000000017 0.06442043890211298
72.30000000000017 0.06442043890211303
72.40000000000016 0.06442043890211309
72.50000000000016 0.06442043890211316
72.60000000000015 0.0644204389021132
72.70000000000014 0.06442043890211327
72.80000000000014 0.06442043890211334
72.90000000000013 0.06442043890211339
73.00000000000013 0.06442043890211346
73.10000000000012 0.06442043890211353
73.20000000000012 0.06442043890211359
73.30000000000011 0.06442043890211364
73.40000000000011 0.06442043890211371
73.5000000000001 0.06442043890211377
73.60000000000009 0.06442043890211381
73.70000000000009 0.06442043890211388
73.80000000000008 0.06442043890211394
73.90000000000008 0.06442043890211399
74.00000000000007 0.06442043890211405
74.10000000000007 0.0644204389021141
74.20000000000006 0.06442043890211417
74.30000000000005 0.06442043890211423
74.40000000000005 0.06442043890211427
74.50000000000004 0.06442043890211432
74.60000000000004 0.06442043890211438
74.70000000000003 0.06442043890211444
74.80000000000003 0.06442043890211449
74.90000000000002 0.06442043890211456
75.00000000000001 0.0644204389021146
75.10000000000001 0.06442043890211467
75.2 0.06442043890211473
75.3 0.06442043890211477
75.39999999999999 0.06442043890211482
75.49999999999999 0.06442043890211487
75.59999999999998 0.06442043890211489
75.69999999999997 0.06442043890211496
75.79999999999997 0.064420438902115
75.89999999999996 0.06442043890211505
75.99999999999996 0.06442043890211512
76.09999999999995 0.06442043890211516
76.19999999999995 0.06442043890211521
76.29999999999994 0.06442043890211525
76.39999999999993 0.0644204389021153
76.49999999999993 0.06442043890211535
76.59999999999992 0.06442043890211541
76.69999999999992 0.06442043890211545
76.79999999999991 0.0644204389021155
76.89999999999991 0.06442043890211557
76.9999999999999 0.06442043890211561
77.09999999999989 0.06442043890211566
77.19999999999989 0.0644204389021157
77.29999999999988 0.06442043890211577
77.39999999999988 0.06442043890211581
77.49999999999987 0.06442043890211585
77.59999999999987 0.06442043890211589
77.69999999999986 0.06442043890211593
77.79999999999986 0.06442043890211599
77.89999999999985 0.06442043890211603
77.99999999999984 0.06442043890211609
78.09999999999984 0.06442043890211614
78.19999999999983 0.06442043890211618
78.29999999999983 0.06442043890211621
78.39999999999982 0.06442043890211627
78.49999999999982 0.06442043890211629
78.59999999999981 0.06442043890211635
78.6999999999998 0.06442043890211641
78.7999999999998 0.06442043890211643
78.89999999999979 0.06442043890211648
78.99999999999979 0.06442043890211653
79.09999999999978 0.06442043890211657
79.19999999999978 0.06442043890211661
79.29999999999977 0.06442043890211666
79.39999999999976 0.06442043890211671
79.49999999999976 0.06442043890211675
79.59999999999975 0.06442043890211681
79.69999999999975 0.06442043890211684
79.79999999999974 0.06442043890211688
79.89999999999974 0.06442043890211691
79.99999999999973 0.06442043890211697
80.09999999999972 0.06442043890211702
80.19999999999972 0.06442043890211704
80.29999999999971 0.0644204389021171
80.39999999999971 0.06442043890211716
80.4999999999997 0.06442043890211717
80.5999999999997 0.06442043890211724
80.69999999999969 0.06442043890211725
80.79999999999968 0.06442043890211731
80.89999999999968 0.06442043890211735
80.99999999999967 0.06442043890211738
81.09999999999967 0.06442043890211742
81.19999999999966 0.06442043890211746
81.29999999999966 0.0644204389021175
81.39999999999965 0.06442043890211753
81.49999999999964 0.06442043890211759
81.59999999999964 0.0644204389021176
81.69999999999963 0.06442043890211765
81.79999999999963 0.06442043890211768
81.89999999999962 0.06442043890211774
81.99999999999962 0.06442043890211777
82.09999999999961 0.06442043890211779
82.1999999999996 0.06442043890211782
82.2999999999996 0.06442043890211788
82.39999999999959 0.0644204389021179
82.49999999999959 0.06442043890211795
82.59999999999958 0.06442043890211797
82.69999999999958 0.06442043890211802
82.79999999999957 0.06442043890211803
82.89999999999957 0.06442043890211807
82.99999999999956 0.0644204389021181
83.09999999999955 0.06442043890211814
83.19999999999955 0.06442043890211818
83.29999999999954 0.06442043890211821
83.39999999999954 0.06442043890211825
83.49999999999953 0.06442043890211827
83.59999999999953 0.06442043890211831
83.69999999999952 0.06442043890211835
83.79999999999951 0.06442043890211839
83.89999999999951 0.06442043890211842
83.9999999999995 0.06442043890211845
84.0999999999995 0.06442043890211849
84.19999999999949 0.06442043890211852
84.29999999999949 0.06442043890211856
84.39999999999948 0.06442043890211858
84.49999999999947 0.06442043890211861
84.59999999999947 0.06442043890211865
84.69999999999946 0.06442043890211868
84.79999999999946 0.06442043890211871
84.89999999999945 0.06442043890211875
84.99999999999945 0.06442043890211878
85.09999999999944 0.06442043890211882
85.19999999999943 0.06442043890211885
85.29999999999943 0.06442043890211888
85.39999999999942 0.0644204389021189
85.49999999999942 0.06442043890211895
85.59999999999941 0.06442043890211897
85.69999999999941 0.06442043890211901
85.7999999999994 0.06442043890211904
85.89999999999939 0.06442043890211907
85.99999999999939 0.06442043890211911
86.09999999999938 0.06442043890211914
86.19999999999938 0.06442043890211917
86.29999999999937 0.0644204389021192
86.39999999999937 0.06442043890211924
86.49999999999936 0.06442043890211924
86.59999999999935 0.06442043890211929
86.69999999999935 0.06442043890211932
86.79999999999934 0.06442043890211933
86.89999999999934 0.06442043890211936
86.99999999999933 0.06442043890211939
87.09999999999933 0.06442043890211942
87.19999999999932 0.06442043890211945
87.29999999999932 0.06442043890211949
87.39999999999931 0.0644204389021195
87.4999999999993 0.06442043890211954
87.5999999999993 0.06442043890211957
87.69999999999929 0.06442043890211963
87.79999999999929 0.06442043890211963
87.89999999999928 0.06442043890211967
87.99999999999928 0.06442043890211967
88.09999999999927 0.06442043890211972
88.19999999999926 0.06442043890211974
88.29999999999926 0.06442043890211975
88.39999999999925 0.06442043890211979
88.49999999999925 0.06442043890211983
88.59999999999924 0.06442043890211985
88.69999999999924 0.06442043890211989
88.79999999999923 0.0644204389021199
88.89999999999922 0.06442043890211993
88.99999999999922 0.06442043890211994
89.09999999999921 0.06442043890211997
89.19999999999921 0.06442043890212
89.2999999999992 0.06442043890212003
89.3999999999992 0.06442043890212006
89.49999999999919 0.06442043890212008
89.59999999999918 0.06442043890212011
89.69999999999918 0.06442043890212013
89.79999999999917 0.06442043890212015
89.89999999999917 0.06442043890212018
89.99999999999916 0.06442043890212021
90.09999999999916 0.06442043890212024
90.19999999999915 0.06442043890212026
90.29999999999914 0.06442043890212029
90.39999999999914 0.06442043890212032
90.49999999999913 0.06442043890212035
90.59999999999913 0.06442043890212036
90.69999999999912 0.0644204389021204
90.79999999999912 0.06442043890212042
90.89999999999911 0.06442043890212043
90.9999999999991 0.06442043890212046
91.0999999999991 0.06442043890212049
91.19999999999909 0.06442043890212051
91.29999999999909 0.06442043890212053
91.39999999999908 0.06442043890212057
91.49999999999908 0.06442043890212057
91.59999999999907 0.06442043890212061
91.69999999999906 0.06442043890212064
91.79999999999906 0.06442043890212065
91.89999999999905 0.06442043890212067
91.99999999999905 0.06442043890212069
92.09999999999904 0.06442043890212071
92.19999999999904 0.06442043890212074
92.29999999999903 0.06442043890212076
92.39999999999903 0.06442043890212081
92.49999999999902 0.06442043890212082
92.59999999999901 0.06442043890212083
92.69999999999901 0.06442043890212086
92.799999999999 0.06442043890212089
92.899999999999 0.0644204389021209
92.99999999999899 0.06442043890212094
93.09999999999899 0.06442043890212094
93.19999999999898 0.06442043890212097
93.29999999999897 0.064420438902121
93.39999999999897 0.06442043890212101
93.49999999999896 0.06442043890212104
93.59999999999896 0.06442043890212105
93.69999999999895 0.06442043890212107
93.79999999999895 0.0644204389021211
93.89999999999894 0.06442043890212111
93.99999999999893 0.06442043890212114
94.09999999999893 0.06442043890212115
94.19999999999892 0.06442043890212117
94.29999999999892 0.06442043890212119
94.39999999999891 0.06442043890212121
94.49999999999891 0.06442043890212125
94.5999999999989 0.06442043890212126
94.69999999999889 0.06442043890212129
94.79999999999889 0.0644204389021213
94.89999999999888 0.06442043890212132
94.99999999999888 0.06442043890212135
95.09999999999887 0.06442043890212136
95.19999999999887 0.06442043890212137
95.29999999999886 0.06442043890212139
95.39999999999885 0.06442043890212143
95.49999999999885 0.06442043890212146
95.59999999999884 0.06442043890212146
95.69999999999884 0.06442043890212149
95.79999999999883 0.0644204389021215
95.89999999999883 0.06442043890212154
95.99999999999882 0.06442043890212154
96.09999999999881 0.06442043890212155
96.19999999999881 0.06442043890212157
96.2999999999988 0.06442043890212161
96.3999999999988 0.06442043890212162
96.49999999999879 0.06442043890212165
96.59999999999879 0.06442043890212167
96.69999999999878 0.06442043890212169
96.79999999999878 0.06442043890212169
96.89999999999877 0.06442043890212172
96.99999999999876 0.06442043890212175
97.09999999999876 0.06442043890212178
97.19999999999875 0.06442043890212179
97.29999999999875 0.0644204389021218
97.39999999999874 0.06442043890212182
97.49999999999874 0.06442043890212185
97.59999999999873 0.06442043890212187
97.69999999999872 0.06442043890212189
97.79999999999872 0.0644204389021219
97.89999999999871 0.06442043890212192
97.99999999999871 0.06442043890212193
98.0999999999987 0.06442043890212196
98.1999999999987 0.06442043890212197
98.29999999999869 0.06442043890212198
98.39999999999868 0.06442043890212201
98.49999999999868 0.06442043890212203
98.59999999999867 0.06442043890212205
98.69999999999867 0.06442043890212205
98.79999999999866 0.06442043890212208
98.89999999999866 0.06442043890212211
98.99999999999865 0.06442043890212212
99.09999999999864 0.06442043890212214
99.19999999999864 0.06442043890212214
99.29999999999863 0.06442043890212218
99.39999999999863 0.06442043890212219
99.49999999999862 0.06442043890212219
99.59999999999862 0.06442043890212221
99.69999999999861 0.06442043890212222
99.7999999999986 0.06442043890212225
99.8999999999986 0.06442043890212225
99.99999999999859 0.06442043890212226
100.0999999999986 0.0644204389021223
