0 -9.688276749999999e-05
0.1 -9.685933096189816e-05
0.2 -9.683592592882139e-05
0.3 -9.681254784142901e-05
0.4 -9.678918977157135e-05
0.5 -9.67658457418456e-05
0.6 -9.674251412161791e-05
0.7 -9.671920154652207e-05
0.7999999999999999 -9.669592789679534e-05
0.8999999999999999 -9.667273305793724e-05
0.9999999999999999 -9.664968652290149e-05
1.1 -9.662690146960843e-05
1.2 -9.660455593052485e-05
1.3 -9.658292538104691e-05
1.4 -9.656243412576568e-05
1.5 -9.65437384872718e-05
1.6 -9.652786556789769e-05
1.7 -9.651645287834997e-05
1.8 -9.651217940894274e-05
1.900000000000001 -9.651957987600387e-05
2 -9.654667664485577e-05
2.100000000000001 -9.660849954616095e-05
2.200000000000001 -9.673541964594983e-05
2.300000000000001 -9.699545454212378e-05
2.400000000000001 -9.756496643463874e-05
2.500000000000001 -9.901659372489282e-05
2.600000000000001 -0.0001041053899393425
2.700000000000001 -0.0001457436025196834
2.800000000000001 0.008562454241180538
2.900000000000001 0.007917814156726684
3.000000000000001 0.007910305518223651
3.100000000000001 0.007908544321732531
3.200000000000002 0.00790785996480756
3.300000000000002 0.007907523856155351
3.400000000000002 0.007907334160873221
3.500000000000002 0.007907216681082591
3.600000000000002 0.007907138910675555
3.700000000000002 0.007907084774715207
3.800000000000002 0.007907045581526108
3.900000000000002 0.007907016297069748
4.000000000000002 0.007906993841846899
4.100000000000001 0.007906976246111346
4.200000000000001 0.007906962202345933
4.300000000000001 0.007906950814982971
4.4 0.007906941453918641
4.5 0.007906933665387353
4.6 0.007906927115890505
4.699999999999999 0.007906921555876275
4.799999999999999 0.007906916795601232
4.899999999999999 0.007906912688718345
4.999999999999998 0.007906909120888837
5.099999999999998 0.007906906001734219
5.199999999999998 0.007906903259053915
5.299999999999997 0.007906900834607895
5.399999999999997 0.007906898680998212
5.499999999999996 0.007906896759334047
5.599999999999996 0.007906895037463026
5.699999999999996 0.007906893488617174
5.799999999999995 0.007906892090365979
5.899999999999995 0.007906890823799508
5.999999999999995 0.007906889672885513
6.099999999999994 0.007906888623959472
6.199999999999994 0.007906887665317027
6.299999999999994 0.007906886786885982
6.399999999999993 0.007906885979960596
6.499999999999993 0.007906885236984998
6.599999999999993 0.007906884551375648
6.699999999999992 0.007906883917374942
6.799999999999992 0.007906883329929924
6.899999999999991 0.007906882784591264
6.999999999999991 0.007906882277428764
7.099999999999991 0.007906881804960315
7.19999999999999 0.007906881364091969
7.29999999999999 0.007906880952067144
7.39999999999999 0.007906880566423427
7.499999999999989 0.007906880204955689
7.599999999999989 0.007906879865684481
7.699999999999989 0.007906879546828886
7.799999999999988 0.007906879246783084
7.899999999999988 0.007906878964096092
7.999999999999988 0.007906878697454201
8.099999999999987 0.00790687844566566
8.199999999999987 0.007906878207647359
8.299999999999986 0.007906877982413133
8.399999999999986 0.007906877769063561
8.499999999999986 0.007906877566776943
8.599999999999985 0.007906877374801387
8.699999999999985 0.007906877192447825
8.799999999999985 0.007906877019083788
8.899999999999984 0.007906876854127944
8.999999999999984 0.007906876697045205
9.099999999999984 0.00790687654734238
9.199999999999983 0.007906876404564297
9.299999999999983 0.007906876268290352
9.399999999999983 0.007906876138131392
9.499999999999982 0.00790687601372694
9.599999999999982 0.007906875894742699
9.699999999999982 0.0079068757808683
9.799999999999981 0.007906875671815273
9.899999999999981 0.007906875567315222
9.99999999999998 0.007906875467118173
10.09999999999998 0.007906875370991075
10.19999999999998 0.007906875278716441
10.29999999999998 0.007906875190091128
10.39999999999998 0.007906875104925194
10.49999999999998 0.007906875023040914
10.59999999999998 0.007906874944271816
10.69999999999998 0.007906874868461864
10.79999999999998 0.007906874795464664
10.89999999999998 0.007906874725142763
10.99999999999998 0.007906874657367011
11.09999999999998 0.007906874592015951
11.19999999999998 0.007906874528975285
11.29999999999998 0.007906874468137377
11.39999999999998 0.007906874409400773
11.49999999999998 0.007906874352669811
11.59999999999997 0.007906874297854201
11.69999999999997 0.007906874244868675
11.79999999999997 0.007906874193632668
11.89999999999997 0.007906874144069995
11.99999999999997 0.007906874096108567
12.09999999999997 0.007906874049680147
12.19999999999997 0.007906874004720088
12.29999999999997 0.007906873961167115
12.39999999999997 0.007906873918963116
12.49999999999997 0.007906873878052955
12.59999999999997 0.007906873838384275
12.69999999999997 0.007906873799907352
12.79999999999997 0.007906873762574915
12.89999999999997 0.007906873726342018
12.99999999999997 0.007906873691165906
13.09999999999997 0.007906873657005872
13.19999999999997 0.007906873623823156
13.29999999999997 0.007906873591580831
13.39999999999997 0.007906873560243692
13.49999999999997 0.007906873529778173
13.59999999999997 0.007906873500152244
13.69999999999997 0.007906873471335332
13.79999999999997 0.007906873443298251
13.89999999999997 0.007906873416013109
13.99999999999997 0.00790687338945326
14.09999999999997 0.007906873363593216
14.19999999999997 0.007906873338408614
14.29999999999997 0.00790687331387613
14.39999999999996 0.007906873289973441
14.49999999999996 0.007906873266679175
14.59999999999996 0.007906873243972854
14.69999999999996 0.007906873221834858
14.79999999999996 0.007906873200246377
14.89999999999996 0.007906873179189372
14.99999999999996 0.00790687315864654
15.09999999999996 0.007906873138601276
15.19999999999996 0.007906873119037639
15.29999999999996 0.007906873099940323
15.39999999999996 0.007906873081294622
15.49999999999996 0.007906873063086413
15.59999999999996 0.007906873045302106
15.69999999999996 0.007906873027928651
15.79999999999996 0.007906873010953488
15.89999999999996 0.007906872994364534
15.99999999999996 0.007906872978150159
16.09999999999996 0.007906872962299175
16.19999999999996 0.007906872946800796
16.29999999999996 0.007906872931644647
16.39999999999996 0.007906872916820724
16.49999999999996 0.007906872902319386
16.59999999999997 0.00790687288813134
16.69999999999997 0.007906872874247628
16.79999999999997 0.007906872860659608
16.89999999999997 0.007906872847358942
16.99999999999997 0.007906872834337579
17.09999999999997 0.007906872821587758
17.19999999999997 0.007906872809101986
17.29999999999998 0.007906872796873011
17.39999999999998 0.007906872784893843
17.49999999999998 0.007906872773157726
17.59999999999998 0.007906872761658124
17.69999999999998 0.007906872750388731
17.79999999999998 0.007906872739343439
17.89999999999998 0.007906872728516345
17.99999999999999 0.00790687271790174
18.09999999999999 0.0079068727074941
18.19999999999999 0.00790687269728808
18.29999999999999 0.0079068726872785
18.39999999999999 0.007906872677460357
18.49999999999999 0.007906872667828798
18.59999999999999 0.007906872658379124
18.7 0.007906872649106788
18.8 0.007906872640007374
18.9 0.007906872631076615
19 0.007906872622310362
19.1 0.007906872613704603
19.2 0.007906872605255444
19.3 0.007906872596959108
19.40000000000001 0.007906872588811934
19.50000000000001 0.007906872580810362
19.60000000000001 0.007906872572950948
19.70000000000001 0.007906872565230342
19.80000000000001 0.007906872557645292
19.90000000000001 0.007906872550192647
20.00000000000001 0.00790687254286934
20.10000000000002 0.007906872535672401
20.20000000000002 0.007906872528598934
20.30000000000002 0.00790687252164613
20.40000000000002 0.007906872514811262
20.50000000000002 0.007906872508091679
20.60000000000002 0.007906872501484799
20.70000000000002 0.007906872494988119
20.80000000000003 0.007906872488599202
20.90000000000003 0.007906872482315676
21.00000000000003 0.007906872476135236
21.10000000000003 0.007906872470055639
21.20000000000003 0.007906872464074703
21.30000000000003 0.007906872458190306
21.40000000000003 0.00790687245240038
21.50000000000004 0.007906872446702911
21.60000000000004 0.007906872441095947
21.70000000000004 0.007906872435577575
21.80000000000004 0.007906872430145944
21.90000000000004 0.007906872424799241
22.00000000000004 0.007906872419535709
22.10000000000004 0.007906872414353627
22.20000000000005 0.007906872409251326
22.30000000000005 0.007906872404227177
22.40000000000005 0.007906872399279591
22.50000000000005 0.007906872394407018
22.60000000000005 0.007906872389607954
22.70000000000005 0.007906872384880923
22.80000000000005 0.007906872380224493
22.90000000000006 0.007906872375637265
23.00000000000006 0.007906872371117875
23.10000000000006 0.007906872366664987
23.20000000000006 0.007906872362277313
23.30000000000006 0.007906872357953575
23.40000000000006 0.007906872353692543
23.50000000000006 0.007906872349493008
23.60000000000007 0.007906872345353791
23.70000000000007 0.007906872341273748
23.80000000000007 0.00790687233725175
23.90000000000007 0.007906872333286703
24.00000000000007 0.007906872329377538
24.10000000000007 0.007906872325523211
24.20000000000007 0.007906872321722698
24.30000000000008 0.007906872317975005
24.40000000000008 0.007906872314279154
24.50000000000008 0.007906872310634194
24.60000000000008 0.007906872307039197
24.70000000000008 0.007906872303493252
24.80000000000008 0.007906872299995473
24.90000000000008 0.007906872296544989
25.00000000000009 0.007906872293140953
25.10000000000009 0.007906872289782537
25.20000000000009 0.007906872286468924
25.30000000000009 0.007906872283199324
25.40000000000009 0.007906872279972959
25.50000000000009 0.007906872276789073
25.60000000000009 0.007906872273646922
25.7000000000001 0.007906872270545779
25.8000000000001 0.007906872267484934
25.9000000000001 0.007906872264463691
26.0000000000001 0.007906872261481375
26.1000000000001 0.007906872258537312
26.2000000000001 0.007906872255630856
26.3000000000001 0.007906872252761368
26.40000000000011 0.007906872249928223
26.50000000000011 0.007906872247130808
26.60000000000011 0.007906872244368529
26.70000000000011 0.007906872241640796
26.80000000000011 0.00790687223894704
26.90000000000011 0.007906872236286696
27.00000000000011 0.007906872233659212
27.10000000000012 0.007906872231064052
27.20000000000012 0.007906872228500686
27.30000000000012 0.007906872225968599
27.40000000000012 0.007906872223467283
27.50000000000012 0.007906872220996241
27.60000000000012 0.007906872218554987
27.70000000000012 0.007906872216143043
27.80000000000013 0.007906872213759943
27.90000000000013 0.007906872211405227
28.00000000000013 0.007906872209078448
28.10000000000013 0.007906872206779166
28.20000000000013 0.007906872204506948
28.30000000000013 0.007906872202261373
28.40000000000013 0.007906872200042023
28.50000000000014 0.007906872197848493
28.60000000000014 0.007906872195680387
28.70000000000014 0.007906872193537307
28.80000000000014 0.007906872191418874
28.90000000000014 0.007906872189324713
29.00000000000014 0.007906872187254447
29.10000000000014 0.007906872185207721
29.20000000000014 0.007906872183184177
29.30000000000015 0.007906872181183466
29.40000000000015 0.007906872179205247
29.50000000000015 0.007906872177249183
29.60000000000015 0.007906872175314945
29.70000000000015 0.00790687217340221
29.80000000000015 0.007906872171510655
29.90000000000015 0.007906872169639976
30.00000000000016 0.007906872167789866
30.10000000000016 0.007906872165960021
30.20000000000016 0.007906872164150147
30.30000000000016 0.007906872162359956
30.40000000000016 0.007906872160589162
30.50000000000016 0.007906872158837487
30.60000000000016 0.007906872157104656
30.70000000000017 0.007906872155390399
30.80000000000017 0.007906872153694454
30.90000000000017 0.00790687215201656
31.00000000000017 0.007906872150356459
31.10000000000017 0.007906872148713903
31.20000000000017 0.007906872147088646
31.30000000000017 0.007906872145480444
31.40000000000018 0.007906872143889063
31.50000000000018 0.007906872142314265
31.60000000000018 0.007906872140755821
31.70000000000018 0.007906872139213506
31.80000000000018 0.0079068721376871
31.90000000000018 0.007906872136176383
32.00000000000018 0.00790687213468114
32.10000000000019 0.007906872133201162
32.20000000000019 0.007906872131736241
32.30000000000019 0.007906872130286175
32.40000000000019 0.007906872128850762
32.50000000000019 0.007906872127429809
32.60000000000019 0.007906872126023114
32.70000000000019 0.007906872124630496
32.8000000000002 0.007906872123251762
32.9000000000002 0.007906872121886732
33.0000000000002 0.007906872120535223
33.1000000000002 0.007906872119197056
33.2000000000002 0.007906872117872058
33.3000000000002 0.007906872116560054
33.4000000000002 0.007906872115260876
33.50000000000021 0.007906872113974362
33.60000000000021 0.007906872112700343
33.70000000000021 0.007906872111438656
33.80000000000021 0.007906872110189145
33.90000000000021 0.007906872108951654
34.00000000000021 0.00790687210772603
34.10000000000021 0.007906872106512121
34.20000000000022 0.007906872105309775
34.30000000000022 0.007906872104118851
34.40000000000022 0.007906872102939203
34.50000000000022 0.007906872101770686
34.60000000000022 0.007906872100613166
34.70000000000022 0.0079068720994665
34.80000000000022 0.007906872098330554
34.90000000000023 0.007906872097205196
35.00000000000023 0.007906872096090298
35.10000000000023 0.007906872094985723
35.20000000000023 0.007906872093891348
35.30000000000023 0.007906872092807051
35.40000000000023 0.007906872091732705
35.50000000000023 0.007906872090668189
35.60000000000024 0.007906872089613382
35.70000000000024 0.007906872088568169
35.80000000000024 0.007906872087532433
35.90000000000024 0.00790687208650606
36.00000000000024 0.007906872085488939
36.10000000000024 0.007906872084480956
36.20000000000024 0.007906872083482003
36.30000000000025 0.007906872082491974
36.40000000000025 0.00790687208151076
36.50000000000025 0.007906872080538259
36.60000000000025 0.007906872079574367
36.70000000000025 0.007906872078618982
36.80000000000025 0.007906872077672008
36.90000000000025 0.007906872076733342
37.00000000000026 0.007906872075802891
37.10000000000026 0.007906872074880555
37.20000000000026 0.007906872073966245
37.30000000000026 0.007906872073059864
37.40000000000026 0.007906872072161323
37.50000000000026 0.00790687207127053
37.60000000000026 0.0079068720703874
37.70000000000027 0.00790687206951184
37.80000000000027 0.007906872068643765
37.90000000000027 0.007906872067783092
38.00000000000027 0.00790687206692974
38.10000000000027 0.007906872066083617
38.20000000000027 0.007906872065244649
38.30000000000027 0.007906872064412755
38.40000000000028 0.007906872063587851
38.50000000000028 0.007906872062769866
38.60000000000028 0.007906872061958716
38.70000000000028 0.007906872061154332
38.80000000000028 0.007906872060356633
38.90000000000028 0.007906872059565547
39.00000000000028 0.007906872058781001
39.10000000000029 0.007906872058002922
39.20000000000029 0.007906872057231243
39.30000000000029 0.00790687205646589
39.40000000000029 0.007906872055706794
39.50000000000029 0.007906872054953893
39.60000000000029 0.00790687205420711
39.70000000000029 0.007906872053466386
39.8000000000003 0.007906872052731655
39.9000000000003 0.00790687205200285
40.0000000000003 0.007906872051279911
40.1000000000003 0.007906872050562772
40.2000000000003 0.007906872049851372
40.3000000000003 0.007906872049145648
40.4000000000003 0.007906872048445545
40.50000000000031 0.007906872047750998
40.60000000000031 0.007906872047061952
40.70000000000031 0.007906872046378348
40.80000000000031 0.007906872045700127
40.90000000000031 0.007906872045027236
41.00000000000031 0.007906872044359615
41.10000000000031 0.007906872043697213
41.20000000000032 0.007906872043039975
41.30000000000032 0.007906872042387844
41.40000000000032 0.007906872041740771
41.50000000000032 0.007906872041098707
41.60000000000032 0.007906872040461589
41.70000000000032 0.00790687203982938
41.80000000000032 0.007906872039202021
41.90000000000033 0.007906872038579463
42.00000000000033 0.007906872037961662
42.10000000000033 0.007906872037348566
42.20000000000033 0.007906872036740129
42.30000000000033 0.007906872036136301
42.40000000000033 0.007906872035537037
42.50000000000033 0.007906872034942291
42.60000000000034 0.007906872034352022
42.70000000000034 0.007906872033766178
42.80000000000034 0.007906872033184718
42.90000000000034 0.007906872032607601
43.00000000000034 0.00790687203203478
43.10000000000034 0.007906872031466216
43.20000000000034 0.007906872030901863
43.30000000000035 0.007906872030341681
43.40000000000035 0.007906872029785631
43.50000000000035 0.00790687202923367
43.60000000000035 0.007906872028685761
43.70000000000035 0.007906872028141861
43.80000000000035 0.007906872027601933
43.90000000000035 0.007906872027065937
44.00000000000036 0.007906872026533833
44.10000000000036 0.007906872026005591
44.20000000000036 0.007906872025481165
44.30000000000036 0.007906872024960524
44.40000000000036 0.007906872024443628
44.50000000000036 0.007906872023930445
44.60000000000036 0.007906872023420936
44.70000000000037 0.007906872022915068
44.80000000000037 0.007906872022412805
44.90000000000037 0.007906872021914115
45.00000000000037 0.007906872021418963
45.10000000000037 0.007906872020927314
45.20000000000037 0.007906872020439135
45.30000000000037 0.007906872019954398
45.40000000000038 0.007906872019473068
45.50000000000038 0.00790687201899511
45.60000000000038 0.0079068720185205
45.70000000000038 0.007906872018049198
45.80000000000038 0.007906872017581178
45.90000000000038 0.00790687201711641
46.00000000000038 0.007906872016654862
46.10000000000039 0.007906872016196505
46.20000000000039 0.007906872015741312
46.30000000000039 0.007906872015289253
46.40000000000039 0.007906872014840296
46.50000000000039 0.007906872014394415
46.60000000000039 0.007906872013951583
46.70000000000039 0.007906872013511772
46.8000000000004 0.007906872013074951
46.9000000000004 0.007906872012641097
47.0000000000004 0.007906872012210183
47.1000000000004 0.007906872011782182
47.2000000000004 0.007906872011357067
47.3000000000004 0.007906872010934809
47.4000000000004 0.007906872010515388
47.50000000000041 0.007906872010098778
47.60000000000041 0.007906872009684951
47.70000000000041 0.007906872009273883
47.80000000000041 0.007906872008865549
47.90000000000041 0.007906872008459928
48.00000000000041 0.007906872008056995
48.10000000000041 0.007906872007656723
48.20000000000041 0.007906872007259093
48.30000000000042 0.007906872006864079
48.40000000000042 0.007906872006471659
48.50000000000042 0.007906872006081811
48.60000000000042 0.007906872005694508
48.70000000000042 0.007906872005309734
48.80000000000042 0.007906872004927464
48.90000000000042 0.007906872004547675
49.00000000000043 0.007906872004170352
49.10000000000043 0.007906872003795466
49.20000000000043 0.007906872003423
49.30000000000043 0.007906872003052933
49.40000000000043 0.007906872002685245
49.50000000000043 0.007906872002319912
49.60000000000043 0.00790687200195692
49.70000000000044 0.007906872001596243
49.80000000000044 0.007906872001237865
49.90000000000044 0.007906872000881764
50.00000000000044 0.007906872000527924
50.10000000000044 0.007906872000176323
50.20000000000044 0.007906871999826943
50.30000000000044 0.007906871999479766
50.40000000000045 0.007906871999134773
50.50000000000045 0.007906871998791948
50.60000000000045 0.007906871998451267
50.70000000000045 0.007906871998112719
50.80000000000045 0.007906871997776281
50.90000000000045 0.007906871997441939
51.00000000000045 0.007906871997109674
51.10000000000046 0.007906871996779469
51.20000000000046 0.007906871996451306
51.30000000000046 0.00790687199612517
51.40000000000046 0.007906871995801045
51.50000000000046 0.00790687199547891
51.60000000000046 0.007906871995158755
51.70000000000046 0.007906871994840558
51.80000000000047 0.007906871994524306
51.90000000000047 0.007906871994209985
52.00000000000047 0.007906871993897576
52.10000000000047 0.007906871993587063
52.20000000000047 0.007906871993278433
52.30000000000047 0.007906871992971673
52.40000000000047 0.007906871992666762
52.50000000000048 0.007906871992363691
52.60000000000048 0.007906871992062442
52.70000000000048 0.007906871991762999
52.80000000000048 0.00790687199146535
52.90000000000048 0.007906871991169481
53.00000000000048 0.007906871990875378
53.10000000000048 0.007906871990583025
53.20000000000049 0.007906871990292408
53.30000000000049 0.007906871990003513
53.40000000000049 0.007906871989716333
53.50000000000049 0.007906871989430847
53.60000000000049 0.007906871989147045
53.70000000000049 0.007906871988864911
53.80000000000049 0.007906871988584434
53.9000000000005 0.007906871988305602
54.0000000000005 0.007906871988028401
54.1000000000005 0.007906871987752818
54.2000000000005 0.007906871987478841
54.3000000000005 0.007906871987206455
54.4000000000005 0.007906871986935652
54.5000000000005 0.007906871986666416
54.60000000000051 0.007906871986398738
54.70000000000051 0.007906871986132605
54.80000000000051 0.007906871985868005
54.90000000000051 0.007906871985604925
55.00000000000051 0.007906871985343355
55.10000000000051 0.007906871985083282
55.20000000000051 0.007906871984824699
55.30000000000052 0.007906871984567587
55.40000000000052 0.00790687198431194
55.50000000000052 0.007906871984057744
55.60000000000052 0.007906871983804995
55.70000000000052 0.007906871983553677
55.80000000000052 0.007906871983303775
55.90000000000052 0.007906871983055282
56.00000000000053 0.007906871982808194
56.10000000000053 0.007906871982562486
56.20000000000053 0.00790687198231816
56.30000000000053 0.007906871982075205
56.40000000000053 0.007906871981833605
56.50000000000053 0.007906871981593353
56.60000000000053 0.00790687198135444
56.70000000000054 0.00790687198111685
56.80000000000054 0.007906871980880581
56.90000000000054 0.007906871980645621
57.00000000000054 0.007906871980411959
57.10000000000054 0.007906871980179584
57.20000000000054 0.00790687197994849
57.30000000000054 0.007906871979718667
57.40000000000055 0.007906871979490103
57.50000000000055 0.00790687197926279
57.60000000000055 0.007906871979036721
57.70000000000055 0.007906871978811883
57.80000000000055 0.007906871978588272
57.90000000000055 0.007906871978365874
58.00000000000055 0.007906871978144686
58.10000000000056 0.007906871977924695
58.20000000000056 0.007906871977705893
58.30000000000056 0.007906871977488274
58.40000000000056 0.007906871977271825
58.50000000000056 0.007906871977056537
58.60000000000056 0.007906871976842408
58.70000000000056 0.007906871976629428
58.80000000000057 0.007906871976417583
58.90000000000057 0.007906871976206872
59.00000000000057 0.007906871975997284
59.10000000000057 0.007906871975788812
59.20000000000057 0.007906871975581445
59.30000000000057 0.007906871975375178
59.40000000000057 0.007906871975170001
59.50000000000058 0.007906871974965913
59.60000000000058 0.007906871974762896
59.70000000000058 0.00790687197456095
59.80000000000058 0.007906871974360064
59.90000000000058 0.007906871974160233
60.00000000000058 0.007906871973961447
60.10000000000058 0.007906871973763701
60.20000000000059 0.007906871973566989
60.30000000000059 0.007906871973371298
60.40000000000059 0.007906871973176627
60.50000000000059 0.007906871972982966
60.60000000000059 0.007906871972790309
60.70000000000059 0.00790687197259865
60.80000000000059 0.00790687197240798
60.9000000000006 0.007906871972218293
61.0000000000006 0.007906871972029583
61.1000000000006 0.007906871971841839
61.2000000000006 0.00790687197165506
61.3000000000006 0.007906871971469238
61.4000000000006 0.007906871971284365
61.5000000000006 0.007906871971100436
61.60000000000061 0.007906871970917446
61.70000000000061 0.007906871970735384
61.80000000000061 0.007906871970554247
61.90000000000061 0.007906871970374027
62.00000000000061 0.007906871970194721
62.10000000000061 0.007906871970016322
62.20000000000061 0.00790687196983882
62.30000000000062 0.007906871969662213
62.40000000000062 0.007906871969486492
62.50000000000062 0.007906871969311653
62.60000000000062 0.00790687196913769
62.70000000000062 0.007906871968964597
62.80000000000062 0.007906871968792369
62.90000000000062 0.007906871968621
63.00000000000063 0.007906871968450482
63.10000000000063 0.007906871968280814
63.20000000000063 0.007906871968111987
63.30000000000063 0.007906871967943995
63.40000000000063 0.00790687196777683
63.50000000000063 0.007906871967610495
63.60000000000063 0.007906871967444978
63.70000000000064 0.007906871967280274
63.80000000000064 0.007906871967116379
63.90000000000064 0.007906871966953289
64.00000000000064 0.007906871966790996
64.10000000000063 0.007906871966629496
64.20000000000063 0.007906871966468785
64.30000000000062 0.007906871966308857
64.40000000000062 0.007906871966149706
64.50000000000061 0.007906871965991326
64.60000000000061 0.007906871965833716
64.7000000000006 0.007906871965676869
64.80000000000059 0.007906871965520781
64.90000000000059 0.007906871965365443
65.00000000000058 0.007906871965210855
65.10000000000058 0.007906871965057011
65.20000000000057 0.007906871964903903
65.30000000000057 0.007906871964751531
65.40000000000056 0.007906871964599885
65.50000000000055 0.007906871964448968
65.60000000000055 0.00790687196429877
65.70000000000054 0.007906871964149286
65.80000000000054 0.007906871964000514
65.90000000000053 0.007906871963852449
66.00000000000053 0.007906871963705084
66.10000000000052 0.007906871963558418
66.20000000000051 0.007906871963412441
66.30000000000051 0.007906871963267158
66.4000000000005 0.007906871963122555
66.5000000000005 0.007906871962978637
66.60000000000049 0.007906871962835392
66.70000000000049 0.007906871962692817
66.80000000000048 0.007906871962550912
66.90000000000047 0.00790687196240967
67.00000000000047 0.007906871962269087
67.10000000000046 0.007906871962129157
67.20000000000046 0.007906871961989879
67.30000000000045 0.007906871961851249
67.40000000000045 0.007906871961713259
67.50000000000044 0.00790687196157591
67.60000000000043 0.007906871961439197
67.70000000000043 0.007906871961303115
67.80000000000042 0.007906871961167659
67.90000000000042 0.007906871961032827
68.00000000000041 0.007906871960898615
68.10000000000041 0.007906871960765019
68.2000000000004 0.007906871960632035
68.3000000000004 0.007906871960499658
68.40000000000039 0.007906871960367885
68.50000000000038 0.007906871960236716
68.60000000000038 0.007906871960106143
68.70000000000037 0.007906871959976164
68.80000000000037 0.007906871959846773
68.90000000000036 0.007906871959717969
69.00000000000036 0.007906871959589747
69.10000000000035 0.007906871959462106
69.20000000000034 0.007906871959335041
69.30000000000034 0.007906871959208549
69.40000000000033 0.007906871959082623
69.50000000000033 0.007906871958957267
69.60000000000032 0.007906871958832469
69.70000000000032 0.007906871958708234
69.80000000000031 0.007906871958584553
69.9000000000003 0.007906871958461424
70.0000000000003 0.007906871958338843
70.10000000000029 0.007906871958216809
70.20000000000029 0.007906871958095314
70.30000000000028 0.007906871957974361
70.40000000000028 0.007906871957853945
70.50000000000027 0.007906871957734062
70.60000000000026 0.007906871957614709
70.70000000000026 0.007906871957495881
70.80000000000025 0.007906871957377579
70.90000000000025 0.007906871957259795
71.00000000000024 0.007906871957142526
71.10000000000024 0.007906871957025776
71.20000000000023 0.007906871956909537
71.30000000000022 0.007906871956793803
71.40000000000022 0.007906871956678578
71.50000000000021 0.007906871956563854
71.60000000000021 0.007906871956449627
71.7000000000002 0.007906871956335904
71.8000000000002 0.00790687195622267
71.90000000000019 0.007906871956109927
72.00000000000018 0.007906871955997673
72.10000000000018 0.007906871955885904
72.20000000000017 0.007906871955774615
72.30000000000017 0.00790687195566381
72.40000000000016 0.007906871955553479
72.50000000000016 0.007906871955443623
72.60000000000015 0.00790687195533424
72.70000000000014 0.007906871955225325
72.80000000000014 0.007906871955116877
72.90000000000013 0.007906871955008892
73.00000000000013 0.007906871954901367
73.10000000000012 0.007906871954794302
73.20000000000012 0.007906871954687691
73.30000000000011 0.007906871954581535
73.40000000000011 0.007906871954475828
73.5000000000001 0.00790687195437057
73.60000000000009 0.007906871954265756
73.70000000000009 0.007906871954161385
73.80000000000008 0.007906871954057456
73.90000000000008 0.007906871953953962
74.00000000000007 0.007906871953850906
74.10000000000007 0.007906871953748283
74.20000000000006 0.00790687195364609
74.30000000000005 0.007906871953544328
74.40000000000005 0.007906871953442987
74.50000000000004 0.007906871953342073
74.60000000000004 0.007906871953241581
74.70000000000003 0.007906871953141504
74.80000000000003 0.007906871953041848
74.90000000000002 0.007906871952942601
75.00000000000001 0.007906871952843772
75.10000000000001 0.007906871952745346
75.2 0.007906871952647332
75.3 0.007906871952549721
75.39999999999999 0.007906871952452514
75.49999999999999 0.007906871952355706
75.59999999999998 0.007906871952259299
75.69999999999997 0.007906871952163285
75.79999999999997 0.007906871952067665
75.89999999999996 0.007906871951972439
75.99999999999996 0.007906871951877604
76.09999999999995 0.007906871951783155
76.19999999999995 0.00790687195168909
76.29999999999994 0.007906871951595409
76.39999999999993 0.007906871951502113
76.49999999999993 0.007906871951409192
76.59999999999992 0.007906871951316652
76.69999999999992 0.007906871951224484
76.79999999999991 0.007906871951132691
76.89999999999991 0.007906871951041269
76.9999999999999 0.007906871950950215
77.09999999999989 0.007906871950859529
77.19999999999989 0.007906871950769209
77.29999999999988 0.007906871950679252
77.39999999999988 0.007906871950589657
77.49999999999987 0.007906871950500423
77.59999999999987 0.007906871950411542
77.69999999999986 0.007906871950323018
77.79999999999986 0.00790687195023485
77.89999999999985 0.007906871950147032
77.99999999999984 0.007906871950059565
78.09999999999984 0.007906871949972444
78.19999999999983 0.007906871949885671
78.29999999999983 0.007906871949799242
78.39999999999982 0.007906871949713155
78.49999999999982 0.007906871949627407
78.59999999999981 0.007906871949542002
78.6999999999998 0.007906871949456933
78.7999999999998 0.007906871949372198
78.89999999999979 0.007906871949287799
78.99999999999979 0.007906871949203729
79.09999999999978 0.00790687194911999
79.19999999999978 0.00790687194903658
79.29999999999977 0.007906871948953497
79.39999999999976 0.007906871948870738
79.49999999999976 0.007906871948788302
79.59999999999975 0.007906871948706191
79.69999999999975 0.007906871948624397
79.79999999999974 0.007906871948542921
79.89999999999974 0.007906871948461763
79.99999999999973 0.007906871948380918
80.09999999999972 0.007906871948300389
80.19999999999972 0.00790687194822017
80.29999999999971 0.00790687194814026
80.39999999999971 0.007906871948060662
80.4999999999997 0.00790687194798137
80.5999999999997 0.007906871947902383
80.69999999999969 0.007906871947823699
80.79999999999968 0.007906871947745317
80.89999999999968 0.007906871947667237
80.99999999999967 0.007906871947589456
81.09999999999967 0.007906871947511971
81.19999999999966 0.007906871947434786
81.29999999999966 0.007906871947357895
81.39999999999965 0.007906871947281294
81.49999999999964 0.007906871947204986
81.59999999999964 0.00790687194712897
81.69999999999963 0.007906871947053241
81.79999999999963 0.007906871946977799
81.89999999999962 0.007906871946902644
81.99999999999962 0.007906871946827772
82.09999999999961 0.007906871946753182
82.1999999999996 0.007906871946678877
82.2999999999996 0.007906871946604849
82.39999999999959 0.007906871946531101
82.49999999999959 0.00790687194645763
82.59999999999958 0.007906871946384435
82.69999999999958 0.007906871946311515
82.79999999999957 0.007906871946238868
82.89999999999957 0.007906871946166493
82.99999999999956 0.007906871946094388
83.09999999999955 0.007906871946022551
83.19999999999955 0.007906871945950984
83.29999999999954 0.007906871945879681
83.39999999999954 0.007906871945808644
83.49999999999953 0.007906871945737873
83.59999999999953 0.007906871945667361
83.69999999999952 0.007906871945597114
83.79999999999951 0.007906871945527123
83.89999999999951 0.007906871945457394
83.9999999999995 0.00790687194538792
84.0999999999995 0.007906871945318705
84.19999999999949 0.007906871945249741
84.29999999999949 0.00790687194518103
84.39999999999948 0.007906871945112574
84.49999999999947 0.007906871945044367
84.59999999999947 0.007906871944976412
84.69999999999946 0.007906871944908704
84.79999999999946 0.007906871944841246
84.89999999999945 0.007906871944774033
84.99999999999945 0.007906871944707064
85.09999999999944 0.007906871944640339
85.19999999999943 0.007906871944573858
85.29999999999943 0.007906871944507619
85.39999999999942 0.007906871944441618
85.49999999999942 0.00790687194437586
85.59999999999941 0.007906871944310338
85.69999999999941 0.00790687194424505
85.7999999999994 0.007906871944179999
85.89999999999939 0.007906871944115183
85.99999999999939 0.007906871944050601
86.09999999999938 0.007906871943986251
86.19999999999938 0.007906871943922134
86.29999999999937 0.007906871943858246
86.39999999999937 0.007906871943794587
86.49999999999936 0.007906871943731153
86.59999999999935 0.00790687194366795
86.69999999999935 0.007906871943604973
86.79999999999934 0.007906871943542218
86.89999999999934 0.007906871943479686
86.99999999999933 0.007906871943417378
87.09999999999933 0.007906871943355291
87.19999999999932 0.007906871943293425
87.29999999999932 0.007906871943231778
87.39999999999931 0.007906871943170348
87.4999999999993 0.00790687194310914
87.5999999999993 0.007906871943048144
87.69999999999929 0.007906871942987365
87.79999999999929 0.007906871942926798
87.89999999999928 0.007906871942866449
87.99999999999928 0.007906871942806308
88.09999999999927 0.00790687194274638
88.19999999999926 0.007906871942686664
88.29999999999926 0.007906871942627154
88.39999999999925 0.007906871942567855
88.49999999999925 0.007906871942508763
88.59999999999924 0.007906871942449878
88.69999999999924 0.007906871942391196
88.79999999999923 0.007906871942332722
88.89999999999922 0.007906871942274447
88.99999999999922 0.007906871942216377
89.09999999999921 0.007906871942158509
89.19999999999921 0.007906871942100841
89.2999999999992 0.007906871942043371
89.3999999999992 0.007906871941986101
89.49999999999919 0.007906871941929031
89.59999999999918 0.007906871941872156
89.69999999999918 0.007906871941815479
89.79999999999917 0.007906871941758997
89.89999999999917 0.007906871941702706
89.99999999999916 0.007906871941646612
90.09999999999916 0.007906871941590709
90.19999999999915 0.007906871941534999
90.29999999999914 0.007906871941479479
90.39999999999914 0.007906871941424148
90.49999999999913 0.00790687194136901
90.59999999999913 0.007906871941314057
90.69999999999912 0.007906871941259292
90.79999999999912 0.007906871941204712
90.89999999999911 0.007906871941150322
90.9999999999991 0.007906871941096112
91.0999999999991 0.007906871941042087
91.19999999999909 0.007906871940988245
91.29999999999909 0.007906871940934585
91.39999999999908 0.00790687194088111
91.49999999999908 0.007906871940827814
91.59999999999907 0.007906871940774697
91.69999999999906 0.007906871940721762
91.79999999999906 0.007906871940669002
91.89999999999905 0.007906871940616417
91.99999999999905 0.007906871940564015
92.09999999999904 0.007906871940511784
92.19999999999904 0.007906871940459729
92.29999999999903 0.00790687194040785
92.39999999999903 0.007906871940356143
92.49999999999902 0.007906871940304608
92.59999999999901 0.007906871940253248
92.69999999999901 0.007906871940202056
92.799999999999 0.007906871940151036
92.899999999999 0.007906871940100186
92.99999999999899 0.007906871940049506
93.09999999999899 0.007906871939998993
93.19999999999898 0.007906871939948648
93.29999999999897 0.007906871939898469
93.39999999999897 0.007906871939848459
93.49999999999896 0.00790687193979861
93.59999999999896 0.007906871939748927
93.69999999999895 0.007906871939699404
93.79999999999895 0.00790687193965005
93.89999999999894 0.007906871939600857
93.99999999999893 0.007906871939551825
94.09999999999893 0.007906871939502954
94.19999999999892 0.007906871939454243
94.29999999999892 0.00790687193940569
94.39999999999891 0.007906871939357298
94.49999999999891 0.007906871939309064
94.5999999999989 0.007906871939260988
94.69999999999889 0.00790687193921307
94.79999999999889 0.007906871939165302
94.89999999999888 0.007906871939117696
94.99999999999888 0.007906871939070243
95.09999999999887 0.007906871939022944
95.19999999999887 0.007906871938975798
95.29999999999886 0.007906871938928804
95.39999999999885 0.007906871938881963
95.49999999999885 0.007906871938835271
95.59999999999884 0.007906871938788734
95.69999999999884 0.007906871938742342
95.79999999999883 0.007906871938696105
95.89999999999883 0.007906871938650013
95.99999999999882 0.007906871938604071
96.09999999999881 0.007906871938558276
96.19999999999881 0.007906871938512626
96.2999999999988 0.007906871938467126
96.3999999999988 0.00790687193842177
96.49999999999879 0.007906871938376558
96.59999999999879 0.007906871938331492
96.69999999999878 0.007906871938286569
96.79999999999878 0.007906871938241789
96.89999999999877 0.007906871938197155
96.99999999999876 0.007906871938152661
97.09999999999876 0.007906871938108306
97.19999999999875 0.007906871938064096
97.29999999999875 0.007906871938020022
97.39999999999874 0.00790687193797609
97.49999999999874 0.007906871937932297
97.59999999999873 0.007906871937888645
97.69999999999872 0.007906871937845126
97.79999999999872 0.007906871937801745
97.89999999999871 0.007906871937758504
97.99999999999871 0.007906871937715396
98.0999999999987 0.007906871937672425
98.1999999999987 0.00790687193762959
98.29999999999869 0.007906871937586886
98.39999999999868 0.007906871937544318
98.49999999999868 0.007906871937501884
98.59999999999867 0.007906871937459583
98.69999999999867 0.007906871937417416
98.79999999999866 0.007906871937375376
98.89999999999866 0.007906871937333469
98.99999999999865 0.007906871937291692
99.09999999999864 0.007906871937250046
99.19999999999864 0.007906871937208529
99.29999999999863 0.00790687193716714
99.39999999999863 0.00790687193712588
99.49999999999862 0.007906871937084749
99.59999999999862 0.007906871937043744
99.69999999999861 0.007906871937002867
99.7999999999986 0.007906871936962117
99.8999999999986 0.007906871936921489
99.99999999999859 0.007906871936880991
100.0999999999986 0.007906871936840615
