0 -9.688276749999999e-05
0.1 -9.685649892096228e-05
0.2 -9.68302669323407e-05
0.3 -9.680406749488573e-05
0.4 -9.677789371257875e-05
0.5 -9.675173959453504e-05
0.6 -9.672560387548505e-05
0.7 -9.669949439401428e-05
0.7999999999999999 -9.667343362074562e-05
0.8999999999999999 -9.664746613090099e-05
0.9999999999999999 -9.662166917807594e-05
1.1 -9.659616814602764e-05
1.2 -9.657115971349854e-05
1.3 -9.654694740202053e-05
1.4 -9.652399743890306e-05
1.5 -9.650302885174628e-05
1.6 -9.648516309972472e-05
1.7 -9.647218116909678e-05
1.8 -9.646698328785191e-05
1.900000000000001 -9.647445093949414e-05
2 -9.650315884614616e-05
2.100000000000001 -9.656902464228102e-05
2.200000000000001 -9.670381756321869e-05
2.300000000000001 -9.69774488323499e-05
2.400000000000001 -9.756641865505907e-05
2.500000000000001 -9.901856815627071e-05
2.600000000000001 -0.0001037401796229391
2.700000000000001 -0.0001335521395677022
2.800000000000001 0.0006085266403816516
2.900000000000001 0.002593293507437949
3.000000000000001 0.00257869874344314
3.100000000000001 0.002575322840617817
3.200000000000002 0.002574015604037435
3.300000000000002 0.002573373675096532
3.400000000000002 0.002573011037392388
3.500000000000002 0.002572786164316563
3.600000000000002 0.002572637099385853
3.700000000000002 0.002572533199127204
3.800000000000002 0.002572457884924609
3.900000000000002 0.002572401547130183
4.000000000000002 0.002572358301965579
4.100000000000001 0.002572324382534461
4.200000000000001 0.002572297286099697
4.300000000000001 0.002572275296926708
4.4 0.00257225720683173
4.5 0.002572242145041375
4.6 0.00257222947107913
4.699999999999999 0.00257221870533462
4.799999999999999 0.00257220948288859
4.899999999999999 0.002572201522097047
4.999999999999998 0.002572194602778018
5.099999999999998 0.00257218855078646
5.199999999999998 0.002572183226924903
5.299999999999997 0.002572178518850645
5.399999999999997 0.002572174335088394
5.499999999999996 0.002572170600544721
5.599999999999996 0.002572167253108644
5.699999999999996 0.002572164241047808
5.799999999999995 0.002572161520994312
5.899999999999995 0.002572159056372342
5.999999999999995 0.002572156816160229
6.099999999999994 0.002572154773908002
6.199999999999994 0.002572152906951916
6.299999999999994 0.002572151195782061
6.399999999999993 0.002572149623529877
6.499999999999993 0.002572148175550278
6.599999999999993 0.002572146839078932
6.699999999999992 0.002572145602949636
6.799999999999992 0.002572144457360034
6.899999999999991 0.002572143393676457
6.999999999999991 0.002572142404270587
7.099999999999991 0.002572141482382148
7.19999999999999 0.002572140622002999
7.29999999999999 0.002572139817778883
7.39999999999999 0.002572139064925843
7.499999999999989 0.002572138359158828
7.599999999999989 0.002572137696630535
7.699999999999989 0.002572137073878807
7.799999999999988 0.00257213648778127
7.899999999999988 0.00257213593551608
7.999999999999988 0.002572135414527863
8.099999999999987 0.002572134922498076
8.199999999999987 0.00257213445731914
8.299999999999986 0.00257213401707182
8.399999999999986 0.002572133600005376
8.499999999999986 0.00257213320452011
8.599999999999985 0.002572132829152006
8.699999999999985 0.002572132472559136
8.799999999999985 0.002572132133509649
8.899999999999984 0.002572131810871105
8.999999999999984 0.002572131503601003
9.099999999999984 0.002572131210738337
9.199999999999983 0.002572130931396078
9.299999999999983 0.002572130664754431
9.399999999999983 0.002572130410054821
9.499999999999982 0.002572130166594479
9.599999999999982 0.002572129933721592
9.699999999999982 0.002572129710830927
9.799999999999981 0.002572129497359899
9.899999999999981 0.002572129292785007
9.99999999999998 0.002572129096618625
10.09999999999998 0.002572128908406095
10.19999999999998 0.002572128727723074
10.29999999999998 0.002572128554173156
10.39999999999998 0.002572128387385685
10.49999999999998 0.002572128227013771
10.59999999999998 0.002572128072732491
10.69999999999998 0.002572127924237238
10.79999999999998 0.002572127781242215
10.89999999999998 0.002572127643479053
10.99999999999998 0.002572127510695561
11.09999999999998 0.002572127382654564
11.19999999999998 0.00257212725913284
11.29999999999998 0.002572127139920151
11.39999999999998 0.002572127024818343
11.49999999999998 0.00257212691364053
11.59999999999997 0.00257212680621032
11.69999999999997 0.002572126702361129
11.79999999999997 0.002572126601935528
11.89999999999997 0.002572126504784643
11.99999999999997 0.002572126410767607
12.09999999999997 0.00257212631975105
12.19999999999997 0.002572126231608621
12.29999999999997 0.002572126146220551
12.39999999999997 0.002572126063473248
12.49999999999997 0.002572125983258915
12.59999999999997 0.002572125905475198
12.69999999999997 0.002572125830024868
12.79999999999997 0.002572125756815506
12.89999999999997 0.002572125685759224
12.99999999999997 0.002572125616772402
13.09999999999997 0.00257212554977544
13.19999999999997 0.002572125484692532
13.29999999999997 0.002572125421451443
13.39999999999997 0.002572125359983319
13.49999999999997 0.002572125300222491
13.59999999999997 0.002572125242106305
13.69999999999997 0.002572125185574954
13.79999999999997 0.002572125130571326
13.89999999999997 0.002572125077040855
13.99999999999997 0.002572125024931397
14.09999999999997 0.00257212497419309
14.19999999999997 0.002572124924778242
14.29999999999997 0.002572124876641215
14.39999999999996 0.002572124829738325
14.49999999999996 0.002572124784027736
14.59999999999996 0.00257212473946937
14.69999999999996 0.002572124696024821
14.79999999999996 0.00257212465365727
14.89999999999996 0.002572124612331405
14.99999999999996 0.002572124572013352
15.09999999999996 0.002572124532670601
15.19999999999996 0.002572124494271944
15.29999999999996 0.002572124456787409
15.39999999999996 0.002572124420188208
15.49999999999996 0.002572124384446675
15.59999999999996 0.002572124349536215
15.69999999999996 0.00257212431543126
15.79999999999996 0.002572124282107214
15.89999999999996 0.002572124249540415
15.99999999999996 0.002572124217708091
16.09999999999996 0.002572124186588316
16.19999999999996 0.002572124156159981
16.29999999999996 0.002572124126402749
16.39999999999996 0.002572124097297028
16.49999999999996 0.002572124068823936
16.59999999999997 0.002572124040965267
16.69999999999997 0.002572124013703468
16.79999999999997 0.002572123987021609
16.89999999999997 0.002572123960903352
16.99999999999997 0.002572123935332936
17.09999999999997 0.002572123910295143
17.19999999999997 0.002572123885775281
17.29999999999998 0.002572123861759162
17.39999999999998 0.002572123838233081
17.49999999999998 0.002572123815183793
17.59999999999998 0.002572123792598499
17.69999999999998 0.00257212377046483
17.79999999999998 0.00257212374877082
17.89999999999998 0.002572123727504902
17.99999999999999 0.002572123706655885
18.09999999999999 0.002572123686212941
18.19999999999999 0.002572123666165591
18.29999999999999 0.002572123646503694
18.39999999999999 0.002572123627217431
18.49999999999999 0.002572123608297291
18.59999999999999 0.002572123589734066
18.7 0.002572123571518834
18.8 0.002572123553642951
18.9 0.002572123536098037
19 0.002572123518875973
19.1 0.002572123501968883
19.2 0.002572123485369132
19.3 0.002572123469069319
19.40000000000001 0.002572123453062258
19.50000000000001 0.002572123437340979
19.60000000000001 0.00257212342189872
19.70000000000001 0.002572123406728916
19.80000000000001 0.002572123391825194
19.90000000000001 0.002572123377181369
20.00000000000001 0.002572123362791431
20.10000000000002 0.002572123348649544
20.20000000000002 0.00257212333475004
20.30000000000002 0.00257212332108741
20.40000000000002 0.002572123307656301
20.50000000000002 0.002572123294451514
20.60000000000002 0.002572123281467989
20.70000000000002 0.00257212326870081
20.80000000000003 0.002572123256145198
20.90000000000003 0.002572123243796504
21.00000000000003 0.002572123231650205
21.10000000000003 0.002572123219701901
21.20000000000003 0.002572123207947312
21.30000000000003 0.002572123196382274
21.40000000000003 0.002572123185002731
21.50000000000004 0.002572123173804738
21.60000000000004 0.002572123162784453
21.70000000000004 0.002572123151938135
21.80000000000004 0.002572123141262142
21.90000000000004 0.002572123130752925
22.00000000000004 0.002572123120407029
22.10000000000004 0.002572123110221087
22.20000000000005 0.002572123100191817
22.30000000000005 0.002572123090316023
22.40000000000005 0.002572123080590591
22.50000000000005 0.002572123071012481
22.60000000000005 0.002572123061578733
22.70000000000005 0.002572123052286461
22.80000000000005 0.002572123043132849
22.90000000000006 0.002572123034115152
23.00000000000006 0.002572123025230693
23.10000000000006 0.002572123016476859
23.20000000000006 0.002572123007851101
23.30000000000006 0.002572122999350935
23.40000000000006 0.002572122990973931
23.50000000000006 0.002572122982717723
23.60000000000007 0.00257212297458
23.70000000000007 0.002572122966558505
23.80000000000007 0.002572122958651034
23.90000000000007 0.002572122950855437
24.00000000000007 0.002572122943169612
24.10000000000007 0.002572122935591509
24.20000000000007 0.002572122928119123
24.30000000000008 0.002572122920750498
24.40000000000008 0.00257212291348372
24.50000000000008 0.002572122906316922
24.60000000000008 0.002572122899248276
24.70000000000008 0.002572122892276001
24.80000000000008 0.002572122885398351
24.90000000000008 0.002572122878613622
25.00000000000009 0.002572122871920145
25.10000000000009 0.002572122865316295
25.20000000000009 0.002572122858800477
25.30000000000009 0.002572122852371132
25.40000000000009 0.002572122846026736
25.50000000000009 0.002572122839765803
25.60000000000009 0.002572122833586871
25.7000000000001 0.002572122827488517
25.8000000000001 0.002572122821469344
25.9000000000001 0.002572122815527987
26.0000000000001 0.002572122809663111
26.1000000000001 0.00257212280387341
26.2000000000001 0.002572122798157604
26.3000000000001 0.00257212279251444
26.40000000000011 0.002572122786942691
26.50000000000011 0.00257212278144116
26.60000000000011 0.002572122776008671
26.70000000000011 0.002572122770644071
26.80000000000011 0.002572122765346237
26.90000000000011 0.002572122760114063
27.00000000000011 0.00257212275494647
27.10000000000012 0.002572122749842398
27.20000000000012 0.00257212274480081
27.30000000000012 0.002572122739820692
27.40000000000012 0.002572122734901048
27.50000000000012 0.002572122730040903
27.60000000000012 0.0025721227252393
27.70000000000012 0.002572122720495303
27.80000000000013 0.002572122715807996
27.90000000000013 0.002572122711176477
28.00000000000013 0.002572122706599865
28.10000000000013 0.002572122702077295
28.20000000000013 0.002572122697607919
28.30000000000013 0.002572122693190908
28.40000000000013 0.002572122688825446
28.50000000000014 0.002572122684510733
28.60000000000014 0.002572122680245986
28.70000000000014 0.002572122676030439
28.80000000000014 0.002572122671863334
28.90000000000014 0.002572122667743933
29.00000000000014 0.002572122663671511
29.10000000000014 0.002572122659645356
29.20000000000014 0.00257212265566477
29.30000000000015 0.002572122651729069
29.40000000000015 0.002572122647837579
29.50000000000015 0.00257212264398964
29.60000000000015 0.002572122640184605
29.70000000000015 0.00257212263642184
29.80000000000015 0.002572122632700719
29.90000000000015 0.002572122629020631
30.00000000000016 0.002572122625380974
30.10000000000016 0.002572122621781158
30.20000000000016 0.002572122618220605
30.30000000000016 0.002572122614698745
30.40000000000016 0.00257212261121502
30.50000000000016 0.002572122607768879
30.60000000000016 0.002572122604359786
30.70000000000017 0.002572122600987211
30.80000000000017 0.002572122597650634
30.90000000000017 0.002572122594349544
31.00000000000017 0.002572122591083442
31.10000000000017 0.002572122587851833
31.20000000000017 0.002572122584654232
31.30000000000017 0.002572122581490166
31.40000000000018 0.002572122578359167
31.50000000000018 0.002572122575260774
31.60000000000018 0.002572122572194537
31.70000000000018 0.002572122569160014
31.80000000000018 0.002572122566156767
31.90000000000018 0.002572122563184368
32.00000000000018 0.002572122560242397
32.10000000000019 0.00257212255733044
32.20000000000019 0.002572122554448089
32.30000000000019 0.002572122551594943
32.40000000000019 0.002572122548770612
32.50000000000019 0.002572122545974707
32.60000000000019 0.002572122543206849
32.70000000000019 0.002572122540466663
32.8000000000002 0.002572122537753782
32.9000000000002 0.002572122535067844
33.0000000000002 0.002572122532408494
33.1000000000002 0.002572122529775382
33.2000000000002 0.002572122527168164
33.3000000000002 0.0025721225245865
33.4000000000002 0.002572122522030059
33.50000000000021 0.002572122519498514
33.60000000000021 0.00257212251699154
33.70000000000021 0.002572122514508823
33.80000000000021 0.002572122512050049
33.90000000000021 0.002572122509614912
34.00000000000021 0.002572122507203111
34.10000000000021 0.002572122504814347
34.20000000000022 0.002572122502448328
34.30000000000022 0.002572122500104765
34.40000000000022 0.002572122497783377
34.50000000000022 0.002572122495483885
34.60000000000022 0.002572122493206013
34.70000000000022 0.002572122490949492
34.80000000000022 0.002572122488714055
34.90000000000023 0.002572122486499441
35.00000000000023 0.002572122484305391
35.10000000000023 0.002572122482131652
35.20000000000023 0.002572122479977973
35.30000000000023 0.002572122477844109
35.40000000000023 0.002572122475729818
35.50000000000023 0.002572122473634862
35.60000000000024 0.002572122471559003
35.70000000000024 0.002572122469502013
35.80000000000024 0.002572122467463661
35.90000000000024 0.002572122465443724
36.00000000000024 0.002572122463441981
36.10000000000024 0.002572122461458214
36.20000000000024 0.002572122459492208
36.30000000000025 0.002572122457543751
36.40000000000025 0.002572122455612637
36.50000000000025 0.002572122453698659
36.60000000000025 0.002572122451801614
36.70000000000025 0.002572122449921305
36.80000000000025 0.002572122448057535
36.90000000000025 0.00257212244621011
37.00000000000026 0.00257212244437884
37.10000000000026 0.002572122442563537
37.20000000000026 0.002572122440764016
37.30000000000026 0.002572122438980094
37.40000000000026 0.002572122437211592
37.50000000000026 0.002572122435458332
37.60000000000026 0.00257212243372014
37.70000000000027 0.002572122431996843
37.80000000000027 0.002572122430288273
37.90000000000027 0.00257212242859426
38.00000000000027 0.002572122426914643
38.10000000000027 0.002572122425249256
38.20000000000027 0.002572122423597939
38.30000000000027 0.002572122421960536
38.40000000000028 0.002572122420336889
38.50000000000028 0.002572122418726844
38.60000000000028 0.002572122417130252
38.70000000000028 0.002572122415546961
38.80000000000028 0.002572122413976825
38.90000000000028 0.002572122412419699
39.00000000000028 0.002572122410875438
39.10000000000029 0.002572122409343903
39.20000000000029 0.002572122407824953
39.30000000000029 0.002572122406318451
39.40000000000029 0.00257212240482426
39.50000000000029 0.002572122403342249
39.60000000000029 0.002572122401872283
39.70000000000029 0.002572122400414233
39.8000000000003 0.002572122398967972
39.9000000000003 0.002572122397533372
40.0000000000003 0.002572122396110306
40.1000000000003 0.002572122394698654
40.2000000000003 0.002572122393298293
40.3000000000003 0.002572122391909102
40.4000000000003 0.002572122390530964
40.50000000000031 0.002572122389163762
40.60000000000031 0.002572122387807378
40.70000000000031 0.0025721223864617
40.80000000000031 0.002572122385126617
40.90000000000031 0.002572122383802016
41.00000000000031 0.002572122382487789
41.10000000000031 0.002572122381183828
41.20000000000032 0.002572122379890024
41.30000000000032 0.002572122378606274
41.40000000000032 0.002572122377332474
41.50000000000032 0.002572122376068521
41.60000000000032 0.002572122374814312
41.70000000000032 0.00257212237356975
41.80000000000032 0.002572122372334734
41.90000000000033 0.002572122371109168
42.00000000000033 0.002572122369892957
42.10000000000033 0.002572122368686003
42.20000000000033 0.002572122367488214
42.30000000000033 0.002572122366299499
42.40000000000033 0.002572122365119763
42.50000000000033 0.002572122363948919
42.60000000000034 0.002572122362786876
42.70000000000034 0.002572122361633546
42.80000000000034 0.002572122360488843
42.90000000000034 0.002572122359352681
43.00000000000034 0.002572122358224974
43.10000000000034 0.002572122357105641
43.20000000000034 0.002572122355994596
43.30000000000035 0.00257212235489176
43.40000000000035 0.002572122353797052
43.50000000000035 0.00257212235271039
43.60000000000035 0.002572122351631698
43.70000000000035 0.002572122350560898
43.80000000000035 0.002572122349497911
43.90000000000035 0.002572122348442664
44.00000000000036 0.002572122347395079
44.10000000000036 0.002572122346355084
44.20000000000036 0.002572122345322606
44.30000000000036 0.002572122344297573
44.40000000000036 0.002572122343279912
44.50000000000036 0.002572122342269553
44.60000000000036 0.002572122341266428
44.70000000000037 0.002572122340270465
44.80000000000037 0.002572122339281599
44.90000000000037 0.00257212233829976
45.00000000000037 0.002572122337324884
45.10000000000037 0.002572122336356905
45.20000000000037 0.002572122335395756
45.30000000000037 0.002572122334441376
45.40000000000038 0.002572122333493699
45.50000000000038 0.002572122332552663
45.60000000000038 0.002572122331618206
45.70000000000038 0.002572122330690267
45.80000000000038 0.002572122329768786
45.90000000000038 0.002572122328853704
46.00000000000038 0.00257212232794496
46.10000000000039 0.002572122327042496
46.20000000000039 0.002572122326146256
46.30000000000039 0.002572122325256181
46.40000000000039 0.002572122324372214
46.50000000000039 0.002572122323494301
46.60000000000039 0.002572122322622386
46.70000000000039 0.002572122321756415
46.8000000000004 0.002572122320896333
46.9000000000004 0.002572122320042088
47.0000000000004 0.002572122319193627
47.1000000000004 0.002572122318350898
47.2000000000004 0.002572122317513849
47.3000000000004 0.00257212231668243
47.4000000000004 0.002572122315856589
47.50000000000041 0.002572122315036277
47.60000000000041 0.002572122314221445
47.70000000000041 0.002572122313412044
47.80000000000041 0.002572122312608026
47.90000000000041 0.002572122311809343
48.00000000000041 0.002572122311015949
48.10000000000041 0.002572122310227796
48.20000000000041 0.00257212230944484
48.30000000000042 0.002572122308667032
48.40000000000042 0.00257212230789433
48.50000000000042 0.002572122307126688
48.60000000000042 0.002572122306364062
48.70000000000042 0.002572122305606409
48.80000000000042 0.002572122304853686
48.90000000000042 0.002572122304105849
49.00000000000043 0.002572122303362858
49.10000000000043 0.002572122302624669
49.20000000000043 0.002572122301891243
49.30000000000043 0.002572122301162535
49.40000000000043 0.002572122300438509
49.50000000000043 0.002572122299719122
49.60000000000043 0.002572122299004338
49.70000000000044 0.002572122298294114
49.80000000000044 0.002572122297588413
49.90000000000044 0.002572122296887196
50.00000000000044 0.002572122296190426
50.10000000000044 0.002572122295498065
50.20000000000044 0.002572122294810076
50.30000000000044 0.002572122294126422
50.40000000000045 0.002572122293447068
50.50000000000045 0.002572122292771976
50.60000000000045 0.002572122292101112
50.70000000000045 0.00257212229143444
50.80000000000045 0.002572122290771925
50.90000000000045 0.002572122290113533
51.00000000000045 0.00257212228945923
51.10000000000046 0.002572122288808981
51.20000000000046 0.002572122288162754
51.30000000000046 0.002572122287520513
51.40000000000046 0.00257212228688223
51.50000000000046 0.00257212228624787
51.60000000000046 0.0025721222856174
51.70000000000046 0.002572122284990789
51.80000000000047 0.002572122284368007
51.90000000000047 0.002572122283749022
52.00000000000047 0.002572122283133802
52.10000000000047 0.002572122282522317
52.20000000000047 0.002572122281914538
52.30000000000047 0.002572122281310435
52.40000000000047 0.002572122280709977
52.50000000000048 0.002572122280113136
52.60000000000048 0.002572122279519883
52.70000000000048 0.002572122278930188
52.80000000000048 0.002572122278344024
52.90000000000048 0.002572122277761363
53.00000000000048 0.002572122277182174
53.10000000000048 0.002572122276606434
53.20000000000049 0.002572122276034113
53.30000000000049 0.002572122275465184
53.40000000000049 0.00257212227489962
53.50000000000049 0.002572122274337397
53.60000000000049 0.002572122273778487
53.70000000000049 0.002572122273222863
53.80000000000049 0.002572122272670502
53.9000000000005 0.002572122272121375
54.0000000000005 0.00257212227157546
54.1000000000005 0.002572122271032729
54.2000000000005 0.00257212227049316
54.3000000000005 0.002572122269956728
54.4000000000005 0.002572122269423409
54.5000000000005 0.002572122268893176
54.60000000000051 0.00257212226836601
54.70000000000051 0.002572122267841882
54.80000000000051 0.002572122267320772
54.90000000000051 0.002572122266802657
55.00000000000051 0.002572122266287514
55.10000000000051 0.002572122265775319
55.20000000000051 0.00257212226526605
55.30000000000052 0.002572122264759684
55.40000000000052 0.002572122264256202
55.50000000000052 0.00257212226375558
55.60000000000052 0.002572122263257796
55.70000000000052 0.002572122262762829
55.80000000000052 0.002572122262270658
55.90000000000052 0.002572122261781262
56.00000000000053 0.00257212226129462
56.10000000000053 0.002572122260810711
56.20000000000053 0.002572122260329515
56.30000000000053 0.002572122259851012
56.40000000000053 0.002572122259375183
56.50000000000053 0.002572122258902007
56.60000000000053 0.002572122258431462
56.70000000000054 0.002572122257963531
56.80000000000054 0.002572122257498195
56.90000000000054 0.002572122257035435
57.00000000000054 0.002572122256575229
57.10000000000054 0.002572122256117563
57.20000000000054 0.002572122255662414
57.30000000000054 0.002572122255209766
57.40000000000055 0.0025721222547596
57.50000000000055 0.002572122254311898
57.60000000000055 0.002572122253866643
57.70000000000055 0.002572122253423815
57.80000000000055 0.002572122252983397
57.90000000000055 0.002572122252545374
58.00000000000055 0.002572122252109725
58.10000000000056 0.002572122251676435
58.20000000000056 0.002572122251245487
58.30000000000056 0.002572122250816864
58.40000000000056 0.002572122250390548
58.50000000000056 0.002572122249966525
58.60000000000056 0.002572122249544777
58.70000000000056 0.002572122249125288
58.80000000000057 0.002572122248708042
58.90000000000057 0.002572122248293023
59.00000000000057 0.002572122247880215
59.10000000000057 0.002572122247469602
59.20000000000057 0.002572122247061169
59.30000000000057 0.0025721222466549
59.40000000000057 0.00257212224625078
59.50000000000058 0.002572122245848795
59.60000000000058 0.002572122245448929
59.70000000000058 0.002572122245051167
59.80000000000058 0.002572122244655494
59.90000000000058 0.002572122244261896
60.00000000000058 0.002572122243870359
60.10000000000058 0.002572122243480867
60.20000000000059 0.002572122243093408
60.30000000000059 0.002572122242707967
60.40000000000059 0.002572122242324529
60.50000000000059 0.00257212224194308
60.60000000000059 0.002572122241563608
60.70000000000059 0.002572122241186098
60.80000000000059 0.002572122240810536
60.9000000000006 0.002572122240436911
61.0000000000006 0.002572122240065208
61.1000000000006 0.002572122239695413
61.2000000000006 0.002572122239327515
61.3000000000006 0.002572122238961501
61.4000000000006 0.002572122238597356
61.5000000000006 0.002572122238235069
61.60000000000061 0.002572122237874627
61.70000000000061 0.002572122237516017
61.80000000000061 0.002572122237159227
61.90000000000061 0.002572122236804245
62.00000000000061 0.002572122236451058
62.10000000000061 0.002572122236099655
62.20000000000061 0.002572122235750024
62.30000000000062 0.002572122235402152
62.40000000000062 0.002572122235056028
62.50000000000062 0.00257212223471164
62.60000000000062 0.002572122234368976
62.70000000000062 0.002572122234028025
62.80000000000062 0.002572122233688775
62.90000000000062 0.002572122233351218
63.00000000000063 0.002572122233015338
63.10000000000063 0.002572122232681127
63.20000000000063 0.002572122232348572
63.30000000000063 0.002572122232017663
63.40000000000063 0.00257212223168839
63.50000000000063 0.00257212223136074
63.60000000000063 0.002572122231034704
63.70000000000064 0.002572122230710273
63.80000000000064 0.002572122230387433
63.90000000000064 0.002572122230066175
64.00000000000064 0.00257212222974649
64.10000000000063 0.002572122229428367
64.20000000000063 0.002572122229111795
64.30000000000062 0.002572122228796764
64.40000000000062 0.002572122228483264
64.50000000000061 0.002572122228171287
64.60000000000061 0.002572122227860821
64.7000000000006 0.002572122227551857
64.80000000000059 0.002572122227244386
64.90000000000059 0.002572122226938398
65.00000000000058 0.002572122226633882
65.10000000000058 0.002572122226330831
65.20000000000057 0.002572122226029234
65.30000000000057 0.002572122225729082
65.40000000000056 0.002572122225430365
65.50000000000055 0.002572122225133075
65.60000000000055 0.002572122224837203
65.70000000000054 0.00257212222454274
65.80000000000054 0.002572122224249677
65.90000000000053 0.002572122223958004
66.00000000000053 0.002572122223667712
66.10000000000052 0.002572122223378796
66.20000000000051 0.002572122223091244
66.30000000000051 0.002572122222805047
66.4000000000005 0.002572122222520199
66.5000000000005 0.00257212222223669
66.60000000000049 0.002572122221954512
66.70000000000049 0.002572122221673655
66.80000000000048 0.002572122221394113
66.90000000000047 0.002572122221115877
67.00000000000047 0.002572122220838939
67.10000000000046 0.002572122220563292
67.20000000000046 0.002572122220288926
67.30000000000045 0.002572122220015834
67.40000000000045 0.002572122219744008
67.50000000000044 0.002572122219473439
67.60000000000043 0.002572122219204122
67.70000000000043 0.002572122218936047
67.80000000000042 0.002572122218669208
67.90000000000042 0.002572122218403596
68.00000000000041 0.002572122218139204
68.10000000000041 0.002572122217876025
68.2000000000004 0.002572122217614051
68.3000000000004 0.002572122217353274
68.40000000000039 0.002572122217093689
68.50000000000038 0.002572122216835286
68.60000000000038 0.00257212221657806
68.70000000000037 0.002572122216322003
68.80000000000037 0.002572122216067108
68.90000000000036 0.002572122215813368
69.00000000000036 0.002572122215560775
69.10000000000035 0.002572122215309324
69.20000000000034 0.002572122215059007
69.30000000000034 0.002572122214809817
69.40000000000033 0.002572122214561748
69.50000000000033 0.002572122214314793
69.60000000000032 0.002572122214068944
69.70000000000032 0.002572122213824197
69.80000000000031 0.002572122213580544
69.9000000000003 0.002572122213337978
70.0000000000003 0.002572122213096493
70.10000000000029 0.002572122212856083
70.20000000000029 0.002572122212616742
70.30000000000028 0.002572122212378462
70.40000000000028 0.002572122212141237
70.50000000000027 0.002572122211905063
70.60000000000026 0.002572122211669932
70.70000000000026 0.002572122211435838
70.80000000000025 0.002572122211202775
70.90000000000025 0.002572122210970737
71.00000000000024 0.002572122210739719
71.10000000000024 0.002572122210509713
71.20000000000023 0.002572122210280715
71.30000000000022 0.002572122210052718
71.40000000000022 0.002572122209825716
71.50000000000021 0.002572122209599704
71.60000000000021 0.002572122209374676
71.7000000000002 0.002572122209150626
71.8000000000002 0.002572122208927549
71.90000000000019 0.002572122208705438
72.00000000000018 0.002572122208484289
72.10000000000018 0.002572122208264096
72.20000000000017 0.002572122208044853
72.30000000000017 0.002572122207826554
72.40000000000016 0.002572122207609195
72.50000000000016 0.002572122207392771
72.60000000000015 0.002572122207177275
72.70000000000014 0.002572122206962703
72.80000000000014 0.002572122206749048
72.90000000000013 0.002572122206536306
73.00000000000013 0.002572122206324472
73.10000000000012 0.00257212220611354
73.20000000000012 0.002572122205903507
73.30000000000011 0.002572122205694365
73.40000000000011 0.002572122205486111
73.5000000000001 0.002572122205278739
73.60000000000009 0.002572122205072244
73.70000000000009 0.002572122204866622
73.80000000000008 0.002572122204661867
73.90000000000008 0.002572122204457975
74.00000000000007 0.00257212220425494
74.10000000000007 0.002572122204052758
74.20000000000006 0.002572122203851425
74.30000000000005 0.002572122203650935
74.40000000000005 0.002572122203451284
74.50000000000004 0.002572122203252467
74.60000000000004 0.002572122203054479
74.70000000000003 0.002572122202857316
74.80000000000003 0.002572122202660972
74.90000000000002 0.002572122202465446
75.00000000000001 0.00257212220227073
75.10000000000001 0.002572122202076822
75.2 0.002572122201883714
75.3 0.002572122201691406
75.39999999999999 0.002572122201499891
75.49999999999999 0.002572122201309164
75.59999999999998 0.002572122201119222
75.69999999999997 0.002572122200930062
75.79999999999997 0.002572122200741677
75.89999999999996 0.002572122200554064
75.99999999999996 0.002572122200367218
76.09999999999995 0.002572122200181136
76.19999999999995 0.002572122199995815
76.29999999999994 0.002572122199811248
76.39999999999993 0.002572122199627432
76.49999999999993 0.002572122199444363
76.59999999999992 0.002572122199262038
76.69999999999992 0.002572122199080451
76.79999999999991 0.0025721221988996
76.89999999999991 0.002572122198719479
76.9999999999999 0.002572122198540086
77.09999999999989 0.002572122198361416
77.19999999999989 0.002572122198183466
77.29999999999988 0.00257212219800623
77.39999999999988 0.002572122197829707
77.49999999999987 0.002572122197653892
77.59999999999987 0.00257212219747878
77.69999999999986 0.002572122197304369
77.79999999999986 0.002572122197130654
77.89999999999985 0.002572122196957632
77.99999999999984 0.002572122196785299
78.09999999999984 0.002572122196613653
78.19999999999983 0.002572122196442687
78.29999999999983 0.002572122196272401
78.39999999999982 0.002572122196102788
78.49999999999982 0.002572122195933848
78.59999999999981 0.002572122195765574
78.6999999999998 0.002572122195597966
78.7999999999998 0.002572122195431018
78.89999999999979 0.002572122195264725
78.99999999999979 0.002572122195099088
79.09999999999978 0.002572122194934101
79.19999999999978 0.002572122194769761
79.29999999999977 0.002572122194606064
79.39999999999976 0.002572122194443006
79.49999999999976 0.002572122194280587
79.59999999999975 0.002572122194118801
79.69999999999975 0.002572122193957645
79.79999999999974 0.002572122193797116
79.89999999999974 0.002572122193637211
79.99999999999973 0.002572122193477926
80.09999999999972 0.002572122193319259
80.19999999999972 0.002572122193161205
80.29999999999971 0.002572122193003763
80.39999999999971 0.002572122192846929
80.4999999999997 0.002572122192690699
80.5999999999997 0.00257212219253507
80.69999999999969 0.002572122192380039
80.79999999999968 0.002572122192225605
80.89999999999968 0.002572122192071763
80.99999999999967 0.002572122191918509
81.09999999999967 0.002572122191765843
81.19999999999966 0.00257212219161376
81.29999999999966 0.002572122191462257
81.39999999999965 0.002572122191311331
81.49999999999964 0.002572122191160981
81.59999999999964 0.002572122191011201
81.69999999999963 0.00257212219086199
81.79999999999963 0.002572122190713346
81.89999999999962 0.002572122190565264
81.99999999999962 0.002572122190417742
82.09999999999961 0.002572122190270777
82.1999999999996 0.002572122190124368
82.2999999999996 0.00257212218997851
82.39999999999959 0.0025721221898332
82.49999999999959 0.002572122189688438
82.59999999999958 0.002572122189544218
82.69999999999958 0.002572122189400539
82.79999999999957 0.002572122189257398
82.89999999999957 0.002572122189114793
82.99999999999956 0.002572122188972721
83.09999999999955 0.002572122188831178
83.19999999999955 0.002572122188690162
83.29999999999954 0.002572122188549672
83.39999999999954 0.002572122188409704
83.49999999999953 0.002572122188270255
83.59999999999953 0.002572122188131323
83.69999999999952 0.002572122187992906
83.79999999999951 0.002572122187855002
83.89999999999951 0.002572122187717605
83.9999999999995 0.002572122187580716
84.0999999999995 0.002572122187444332
84.19999999999949 0.00257212218730845
84.29999999999949 0.002572122187173067
84.39999999999948 0.002572122187038181
84.49999999999947 0.00257212218690379
84.59999999999947 0.002572122186769891
84.69999999999946 0.002572122186636481
84.79999999999946 0.002572122186503558
84.89999999999945 0.002572122186371122
84.99999999999945 0.002572122186239167
85.09999999999944 0.002572122186107694
85.19999999999943 0.002572122185976698
85.29999999999943 0.002572122185846178
85.39999999999942 0.002572122185716132
85.49999999999942 0.002572122185586555
85.59999999999941 0.002572122185457449
85.69999999999941 0.002572122185328809
85.7999999999994 0.002572122185200633
85.89999999999939 0.002572122185072918
85.99999999999939 0.002572122184945665
86.09999999999938 0.002572122184818869
86.19999999999938 0.002572122184692527
86.29999999999937 0.00257212218456664
86.39999999999937 0.002572122184441204
86.49999999999936 0.002572122184316218
86.59999999999935 0.002572122184191678
86.69999999999935 0.002572122184067582
86.79999999999934 0.002572122183943928
86.89999999999934 0.002572122183820715
86.99999999999933 0.002572122183697941
87.09999999999933 0.002572122183575604
87.19999999999932 0.0025721221834537
87.29999999999932 0.002572122183332229
87.39999999999931 0.002572122183211188
87.4999999999993 0.002572122183090574
87.5999999999993 0.002572122182970388
87.69999999999929 0.002572122182850625
87.79999999999929 0.002572122182731284
87.89999999999928 0.002572122182612363
87.99999999999928 0.00257212218249386
88.09999999999927 0.002572122182375775
88.19999999999926 0.002572122182258103
88.29999999999926 0.002572122182140843
88.39999999999925 0.002572122182023994
88.49999999999925 0.002572122181907554
88.59999999999924 0.00257212218179152
88.69999999999924 0.00257212218167589
88.79999999999923 0.002572122181560664
88.89999999999922 0.002572122181445838
88.99999999999922 0.002572122181331413
89.09999999999921 0.002572122181217384
89.19999999999921 0.00257212218110375
89.2999999999992 0.002572122180990509
89.3999999999992 0.002572122180877661
89.49999999999919 0.002572122180765203
89.59999999999918 0.002572122180653132
89.69999999999918 0.002572122180541449
89.79999999999917 0.00257212218043015
89.89999999999917 0.002572122180319233
89.99999999999916 0.002572122180208698
90.09999999999916 0.002572122180098542
90.19999999999915 0.002572122179988764
90.29999999999914 0.002572122179879361
90.39999999999914 0.002572122179770333
90.49999999999913 0.002572122179661677
90.59999999999913 0.002572122179553392
90.69999999999912 0.002572122179445477
90.79999999999912 0.002572122179337929
90.89999999999911 0.002572122179230747
90.9999999999991 0.002572122179123927
91.0999999999991 0.002572122179017472
91.19999999999909 0.002572122178911377
91.29999999999909 0.00257212217880564
91.39999999999908 0.002572122178700263
91.49999999999908 0.00257212217859524
91.59999999999907 0.002572122178490573
91.69999999999906 0.002572122178386257
91.79999999999906 0.002572122178282293
91.89999999999905 0.002572122178178678
91.99999999999905 0.002572122178075412
92.09999999999904 0.002572122177972491
92.19999999999904 0.002572122177869916
92.29999999999903 0.002572122177767685
92.39999999999903 0.002572122177665795
92.49999999999902 0.002572122177564245
92.59999999999901 0.002572122177463035
92.69999999999901 0.002572122177362162
92.799999999999 0.002572122177261625
92.899999999999 0.002572122177161421
92.99999999999899 0.002572122177061551
93.09999999999899 0.002572122176962012
93.19999999999898 0.002572122176862803
93.29999999999897 0.002572122176763923
93.39999999999897 0.002572122176665369
93.49999999999896 0.002572122176567142
93.59999999999896 0.002572122176469238
93.69999999999895 0.002572122176371657
93.79999999999895 0.002572122176274397
93.89999999999894 0.002572122176177457
93.99999999999893 0.002572122176080837
94.09999999999893 0.002572122175984532
94.19999999999892 0.002572122175888543
94.29999999999892 0.002572122175792869
94.39999999999891 0.002572122175697507
94.49999999999891 0.002572122175602458
94.5999999999989 0.002572122175507718
94.69999999999889 0.002572122175413288
94.79999999999889 0.002572122175319165
94.89999999999888 0.002572122175225348
94.99999999999888 0.002572122175131836
95.09999999999887 0.002572122175038628
95.19999999999887 0.002572122174945722
95.29999999999886 0.002572122174853117
95.39999999999885 0.002572122174760811
95.49999999999885 0.002572122174668804
95.59999999999884 0.002572122174577094
95.69999999999884 0.002572122174485679
95.79999999999883 0.00257212217439456
95.89999999999883 0.002572122174303733
95.99999999999882 0.002572122174213198
96.09999999999881 0.002572122174122955
96.19999999999881 0.002572122174033
96.2999999999988 0.002572122173943335
96.3999999999988 0.002572122173853956
96.49999999999879 0.002572122173764862
96.59999999999879 0.002572122173676055
96.69999999999878 0.002572122173587529
96.79999999999878 0.002572122173499286
96.89999999999877 0.002572122173411324
96.99999999999876 0.002572122173323642
97.09999999999876 0.002572122173236238
97.19999999999875 0.002572122173149111
97.29999999999875 0.002572122173062262
97.39999999999874 0.002572122172975686
97.49999999999874 0.002572122172889386
97.59999999999873 0.002572122172803358
97.69999999999872 0.002572122172717602
97.79999999999872 0.002572122172632115
97.89999999999871 0.002572122172546899
97.99999999999871 0.002572122172461951
98.0999999999987 0.002572122172377269
98.1999999999987 0.002572122172292853
98.29999999999869 0.002572122172208703
98.39999999999868 0.002572122172124816
98.49999999999868 0.002572122172041192
98.59999999999867 0.00257212217195783
98.69999999999867 0.002572122171874727
98.79999999999866 0.002572122171791885
98.89999999999866 0.0025721221717093
98.99999999999865 0.002572122171626974
99.09999999999864 0.002572122171544903
99.19999999999864 0.002572122171463087
99.29999999999863 0.002572122171381525
99.39999999999863 0.002572122171300216
99.49999999999862 0.002572122171219159
99.59999999999862 0.002572122171138353
99.69999999999861 0.002572122171057797
99.7999999999986 0.00257212217097749
99.8999999999986 0.00257212217089743
99.99999999999859 0.002572122170817619
100.0999999999986 0.002572122170738053
