0 -0.717761898771664
0.1 -0.7200482177339574
0.2 -0.720195165282173
0.3 -0.7200663270710779
0.4 -0.7197927486207203
0.5 -0.7196467220405656
0.6 -0.7198131141475544
0.7 -0.72004021928713
0.7999999999999999 -0.7201460662236645
0.8999999999999999 -0.7199576480508989
0.9999999999999999 -0.7177506040773034
1.1 -0.7210395401038308
1.2 -0.7211099113277692
1.3 -0.7210015517097297
1.4 -0.7207225972910949
1.5 -0.7206088824104805
1.6 -0.7208461128877319
1.7 -0.7211013906975786
1.8 -0.721235524157701
1.900000000000001 -0.7206144738612943
2 -0.7219306409385995
2.100000000000001 -0.7254257266080471
2.200000000000001 -0.725371284421828
2.300000000000001 -0.7252298492515832
2.400000000000001 -0.7249238573021533
2.500000000000001 -0.7248711584453758
2.600000000000001 -0.7251365264160061
2.700000000000001 -0.72532552746029
2.800000000000001 -0.7254430203822134
2.900000000000001 -0.7244137921077711
3.000000000000001 -0.7264587702019152
3.100000000000001 -0.7294739461409271
3.200000000000002 -0.7293728718025689
3.300000000000002 -0.7292235286013257
3.400000000000002 -0.7288249093705881
3.500000000000002 -0.7288467456265306
3.600000000000002 -0.7292702688609003
3.700000000000002 -0.7294464791645988
3.800000000000002 -0.7295975442258289
3.900000000000002 -0.7236459287826228
4.000000000000002 -0.7236537414516953
4.100000000000001 -0.7239297486525957
4.200000000000001 -0.7237604302499066
4.300000000000001 -0.7234275010705904
4.4 -0.7232755371539223
4.5 -0.7234991035316178
4.6 -0.7237187831896906
4.699999999999999 -0.7238059517000136
4.799999999999999 -0.7234820467673886
4.899999999999999 -0.7228122025944499
4.999999999999998 -0.7251338238724461
5.099999999999998 -0.7252559310497546
5.199999999999998 -0.725170250962525
5.299999999999997 -0.724966596079337
5.399999999999997 -0.7248125680179507
5.499999999999996 -0.7249626044571613
5.599999999999996 -0.7252468561541376
5.699999999999996 -0.7254095582676355
5.799999999999995 -0.7252577015020056
5.899999999999995 -0.7222751128808839
5.999999999999995 -0.7278756508923065
6.099999999999994 -0.7277714233143957
6.199999999999994 -0.7275905692731525
6.299999999999994 -0.7270550603555679
6.399999999999993 -0.7270393926902581
6.499999999999993 -0.7275107221708661
6.599999999999993 -0.72762603587528
6.699999999999992 -0.727720682149789
6.799999999999992 -0.72340571374274
6.899999999999991 -0.7219470863817358
6.999999999999991 -0.7225168840140348
7.099999999999991 -0.722404982730812
7.19999999999999 -0.7222365146904089
7.29999999999999 -0.7220248048230353
7.39999999999999 -0.7220839150922664
7.499999999999989 -0.7223762892548735
7.599999999999989 -0.7225292016975307
7.699999999999989 -0.7225772477065522
7.799999999999988 -0.7202061754110772
7.899999999999988 -0.7190554348607123
7.999999999999988 -0.7199270147491038
8.099999999999987 -0.7198080983704908
8.199999999999987 -0.7195832759348914
8.299999999999986 -0.7193002005015769
8.399999999999986 -0.7193542891320008
8.499999999999986 -0.7196240029961843
8.599999999999985 -0.7197313333114015
8.699999999999985 -0.7198000735176543
8.799999999999985 -0.7157368064713585
8.899999999999984 -0.7140285661690444
8.999999999999984 -0.7146087717879258
9.099999999999984 -0.7144889410719953
9.199999999999983 -0.7142852114842759
9.299999999999983 -0.7140522605569111
9.399999999999983 -0.7141292993403778
9.499999999999982 -0.7144381958090834
9.599999999999982 -0.7145618636881275
9.699999999999982 -0.7145312714632822
9.799999999999981 -0.7123249874281233
9.899999999999981 -0.7121865649256839
9.99999999999998 -0.7126780251701559
10.09999999999998 -0.7125909469027907
10.19999999999998 -0.7124270790973876
10.29999999999998 -0.7122368748406855
10.39999999999998 -0.7122523440313295
10.49999999999998 -0.7124317412942333
10.59999999999998 -0.7125318447569746
10.69999999999998 -0.7125767258183556
10.79999999999998 -0.7117168875931127
10.89999999999998 -0.7127299159065011
10.99999999999998 -0.7147480709945868
11.09999999999998 -0.7147349250753705
11.19999999999998 -0.7146424387635296
11.29999999999998 -0.7143527533956653
11.39999999999998 -0.7143159490511446
11.49999999999998 -0.7146075629048374
11.59999999999997 -0.714838309562309
11.69999999999997 -0.7149992118307709
11.79999999999997 -0.7134958237816067
11.89999999999997 -0.7146307909904874
11.99999999999997 -0.7171115592613578
12.09999999999997 -0.7169814543299988
12.19999999999997 -0.7168090448608433
12.29999999999997 -0.7165400759320234
12.39999999999997 -0.7165250432910699
12.49999999999997 -0.716769976966251
12.59999999999997 -0.7168984313349074
12.69999999999997 -0.7169525550513941
12.79999999999997 -0.7162072546935387
12.89999999999997 -0.7168963429855053
12.99999999999997 -0.7186152467954445
13.09999999999997 -0.7186475978326041
13.19999999999997 -0.7185594821402377
13.29999999999997 -0.7183454879708416
13.39999999999997 -0.7182355737603396
13.49999999999997 -0.7184021306876758
13.59999999999997 -0.718651703485254
13.69999999999997 -0.7188066769686857
13.79999999999997 -0.7185698277116302
13.89999999999997 -0.7171999990890147
13.99999999999997 -0.7229484196978319
14.09999999999997 -0.7228228803226872
14.19999999999997 -0.7226507729322516
14.29999999999997 -0.7221684060995771
14.39999999999996 -0.7221375510260097
14.49999999999996 -0.7225780302554408
14.59999999999996 -0.7227008685691516
14.69999999999996 -0.7227652454608418
14.79999999999996 -0.7199232303863328
14.89999999999996 -0.7182378077372588
14.99999999999996 -0.7191396718110791
15.09999999999996 -0.7190527012405152
15.19999999999996 -0.7189225396716862
15.29999999999996 -0.718723313832168
15.39999999999996 -0.7187258718763594
15.49999999999996 -0.7189486236531495
15.59999999999996 -0.7191072035773952
15.69999999999996 -0.7191975980464083
15.79999999999996 -0.7183846304041566
15.89999999999996 -0.7194660543950586
15.99999999999996 -0.7217232554207899
16.09999999999996 -0.7216936351292145
16.19999999999996 -0.7215530726468629
16.29999999999996 -0.7211791169098245
16.39999999999996 -0.721177215639734
16.49999999999996 -0.7215252606378082
16.59999999999997 -0.7217018228757927
16.69999999999997 -0.721864150513888
16.79999999999997 -0.7184630445905072
16.89999999999997 -0.7149766750022151
16.99999999999997 -0.7160797879441054
17.09999999999997 -0.7159127980967759
17.19999999999997 -0.7156983064002773
17.29999999999998 -0.7154523116147662
17.39999999999998 -0.7154980408974196
17.49999999999998 -0.7157816687244717
17.59999999999998 -0.7158923534484937
17.69999999999998 -0.7159091535221089
17.79999999999998 -0.7144129416342981
17.89999999999998 -0.7137516164309607
17.99999999999999 -0.7146855236777716
18.09999999999999 -0.7146540424167991
18.19999999999999 -0.7145420148943991
18.29999999999999 -0.7143434575226063
18.39999999999999 -0.7143044395957248
18.49999999999999 -0.7144624161390988
18.59999999999999 -0.7146086544682146
18.7 -0.7146919140779633
18.8 -0.7143223039730812
18.9 -0.7134139078858144
19 -0.7165534328803854
19.1 -0.7165580654319156
19.2 -0.7164491819560713
19.3 -0.7160509852079848
19.40000000000001 -0.7160574890054698
19.50000000000001 -0.7164666785140064
19.60000000000001 -0.7166436104534271
19.70000000000001 -0.7167774589043152
19.80000000000001 -0.7144842521241896
19.90000000000001 -0.7128916019984107
20.00000000000001 -0.7144859992609308
20.10000000000002 -0.7143887665940108
20.20000000000002 -0.7142595402092202
20.30000000000002 -0.7140651720749311
20.40000000000002 -0.7140496400718721
20.50000000000002 -0.7142444618128464
20.60000000000002 -0.7143872797298225
20.70000000000002 -0.7144486057304023
20.80000000000003 -0.7140858655475912
20.90000000000003 -0.7138333648550703
21.00000000000003 -0.71473341238363
21.10000000000003 -0.7149031611444361
21.20000000000003 -0.7148159710620363
21.30000000000003 -0.71462218598962
21.40000000000003 -0.7144208308932436
21.50000000000004 -0.7145166343676154
21.60000000000004 -0.7147854552349997
21.70000000000004 -0.7149311451186419
21.80000000000004 -0.715050806858719
21.90000000000004 -0.7074338006304569
22.00000000000004 -0.7124551340263616
22.10000000000004 -0.7124118286184344
22.20000000000005 -0.7122558865447823
22.30000000000005 -0.7118478593018704
22.40000000000005 -0.7117581371070913
22.50000000000005 -0.7121257377873708
22.60000000000005 -0.712287227245036
22.70000000000005 -0.7123448702343981
22.80000000000005 -0.7117426973489949
22.90000000000006 -0.7121589999231337
23.00000000000006 -0.7136061981875275
23.10000000000006 -0.7137153208893205
23.20000000000006 -0.7136615797161141
23.30000000000006 -0.713552520973603
23.40000000000006 -0.7134456785307268
23.50000000000006 -0.7134759126870203
23.60000000000007 -0.7136197961991618
23.70000000000007 -0.7137255700692168
23.80000000000007 -0.7137811231007739
23.90000000000007 -0.7130473457107642
24.00000000000007 -0.7140049914340802
24.10000000000007 -0.7162665542120858
24.20000000000007 -0.716246449785672
24.30000000000008 -0.7161293308273002
24.40000000000008 -0.7156016193119779
24.50000000000008 -0.7156844650222773
24.60000000000008 -0.7162191277121354
24.70000000000008 -0.7163489345376943
24.80000000000008 -0.716495233517758
24.90000000000008 -0.7096831757917678
25.00000000000009 -0.7130198582841428
25.10000000000009 -0.7131507412008719
25.20000000000009 -0.7130234483059166
25.30000000000009 -0.7128424907917391
25.40000000000009 -0.7126939397816678
25.50000000000009 -0.7127681584737227
25.60000000000009 -0.7129953287824708
25.7000000000001 -0.7131135994500628
25.8000000000001 -0.7131383108071815
25.9000000000001 -0.7122266797352735
26.0000000000001 -0.7122707903538266
26.1000000000001 -0.7132564730977676
26.2000000000001 -0.7132549800471332
26.3000000000001 -0.7131429196040902
26.40000000000011 -0.7129243518188781
26.50000000000011 -0.7128365746307428
26.60000000000011 -0.7129662484230582
26.70000000000011 -0.7131380914916919
26.80000000000011 -0.7132481952783636
26.90000000000011 -0.7131616599276408
27.00000000000011 -0.7083648171656853
27.10000000000012 -0.7139506467854522
27.20000000000012 -0.7138637404381181
27.30000000000012 -0.7137467063603891
27.40000000000012 -0.7132429240610689
27.50000000000012 -0.7132002716540038
27.60000000000012 -0.7137219159125882
27.70000000000012 -0.7138453396203577
27.80000000000013 -0.713907343741352
27.90000000000013 -0.7120358711570688
28.00000000000013 -0.7109028138381274
28.10000000000013 -0.712072906870572
28.20000000000013 -0.7120495191018659
28.30000000000013 -0.7119684559634228
28.40000000000013 -0.7118380878730516
28.50000000000014 -0.7117933319607758
28.60000000000014 -0.7118849992899845
28.70000000000014 -0.712003166691227
28.80000000000014 -0.7120580169449605
28.90000000000014 -0.7119951651532106
29.00000000000014 -0.7108248176207554
29.10000000000014 -0.7107114670685076
29.20000000000014 -0.7115699054262661
29.30000000000015 -0.7115310105725183
29.40000000000015 -0.7114188723372106
29.50000000000015 -0.7110615455754725
29.60000000000015 -0.7111319697105953
29.70000000000015 -0.7115184426537758
29.80000000000015 -0.7117004921242167
29.90000000000015 -0.7119398841348727
30.00000000000016 -0.7046446807091254
30.10000000000016 -0.7034488833169327
30.20000000000016 -0.7036280581649696
30.30000000000016 -0.7034486760768641
30.40000000000016 -0.7031844412334796
30.50000000000016 -0.7030282008361384
30.60000000000016 -0.703151222522129
30.70000000000017 -0.7033482069904037
30.80000000000017 -0.7034167499095797
30.90000000000017 -0.7033870228533009
31.00000000000017 -0.7028011015383168
31.10000000000017 -0.7027194262594981
31.20000000000017 -0.70331363147516
31.30000000000017 -0.7033660725401263
31.40000000000018 -0.7033201810274914
31.50000000000018 -0.7032263489577167
31.60000000000018 -0.7031355152558738
31.70000000000018 -0.7031471430626249
31.80000000000018 -0.7032484264592463
31.90000000000018 -0.7033376176036782
32.00000000000018 -0.7033991996236443
32.10000000000019 -0.7030177949298263
32.20000000000019 -0.7022583357230588
32.30000000000019 -0.7046344661548105
32.40000000000019 -0.7046859313330817
32.50000000000019 -0.7045915587046805
32.60000000000019 -0.7040653338757012
32.70000000000019 -0.7041181215234983
32.8000000000002 -0.704678261197069
32.9000000000002 -0.7047920749341845
33.0000000000002 -0.7048505111859302
33.1000000000002 -0.7022283916770959
33.2000000000002 -0.700527221411665
33.3000000000002 -0.7014429889478039
33.4000000000002 -0.7013893673454633
33.50000000000021 -0.7013155229924273
33.60000000000021 -0.7012177261184346
33.70000000000021 -0.7011896689307517
33.80000000000021 -0.7012721122121895
33.90000000000021 -0.7013916949851107
34.00000000000021 -0.7014622750904114
34.10000000000021 -0.7014592630533666
34.20000000000022 -0.7010408531523729
34.30000000000022 -0.7012077722921644
34.40000000000022 -0.7016592770123521
34.50000000000022 -0.7017530046613023
34.60000000000022 -0.7016883891498851
34.70000000000022 -0.7015359413834512
34.80000000000022 -0.7013422157890794
34.90000000000023 -0.7014128207294092
35.00000000000023 -0.7016553607719328
35.10000000000023 -0.7018081098069187
35.20000000000023 -0.7020211797808623
35.30000000000023 -0.6939741550725852
35.40000000000023 -0.6939448378532348
35.50000000000023 -0.6939523428703362
35.60000000000024 -0.6937679780734995
35.70000000000024 -0.6934125543736211
35.80000000000024 -0.6932759356901717
35.90000000000024 -0.6935237060415902
36.00000000000024 -0.6936798577357981
36.10000000000024 -0.6937213170271166
36.20000000000024 -0.6936381428940344
36.30000000000025 -0.6932580467876495
36.40000000000025 -0.6930999106124518
36.50000000000025 -0.6935287029855558
36.60000000000025 -0.6935891188941117
36.70000000000025 -0.6935752810949585
36.80000000000025 -0.6935257420430934
36.90000000000025 -0.693472939552277
37.00000000000026 -0.6934645870107591
37.10000000000026 -0.6934986716506544
37.20000000000026 -0.6935294455089318
37.30000000000026 -0.6935344028608135
37.40000000000026 -0.6934573761461268
37.50000000000026 -0.6927680056588702
37.60000000000026 -0.6930179398882986
37.70000000000027 -0.6937439924062931
37.80000000000027 -0.6937760133399161
37.90000000000027 -0.69372917335986
38.00000000000027 -0.6933960089443749
38.10000000000027 -0.6934628612261544
38.20000000000027 -0.6938663989030696
38.30000000000027 -0.6940847291648207
38.40000000000028 -0.6942702487263781
38.50000000000028 -0.6898711247279784
38.60000000000028 -0.6861177862051945
38.70000000000028 -0.6868746990732182
38.80000000000028 -0.6867407692748033
38.90000000000028 -0.6866108519493013
39.00000000000028 -0.6864880213685676
39.10000000000029 -0.6864715021287412
39.20000000000029 -0.6865639729119805
39.30000000000029 -0.6866431449745729
39.40000000000029 -0.6866782845301032
39.50000000000029 -0.6866586093118755
39.60000000000029 -0.686475104657043
39.70000000000029 -0.6865134749422216
39.8000000000003 -0.6866217422091414
39.9000000000003 -0.6867324820151782
40.0000000000003 -0.6867253316114629
40.1000000000003 -0.6866821018378784
40.2000000000003 -0.6866069496048143
40.3000000000003 -0.6865548292764773
40.4000000000003 -0.6865840501798157
40.50000000000031 -0.6866786136957188
40.60000000000031 -0.6867696684403677
40.70000000000031 -0.6868525113083389
40.80000000000031 -0.6860721824013927
40.90000000000031 -0.6880526925557755
41.00000000000031 -0.6913423955511958
41.10000000000031 -0.6912457866272435
41.20000000000032 -0.6910745907766778
41.30000000000032 -0.6905648811433323
41.40000000000032 -0.690460391227207
41.50000000000032 -0.6908730003694522
41.60000000000032 -0.6909223130564945
41.70000000000032 -0.6908761196052781
41.80000000000032 -0.6898592894265712
41.90000000000033 -0.6893490686936063
42.00000000000033 -0.6900445955580532
42.10000000000033 -0.6900801506998344
42.20000000000033 -0.6900612194540453
42.30000000000033 -0.690026127492905
42.40000000000033 -0.6899999106764256
42.50000000000033 -0.6900196473973875
42.60000000000034 -0.6900818622813445
42.70000000000034 -0.6901385902281711
42.80000000000034 -0.690160986314785
42.90000000000034 -0.6901126456387773
43.00000000000034 -0.6898050768620754
43.10000000000034 -0.689878477436311
43.20000000000034 -0.6900736462304464
43.30000000000035 -0.6901655200053997
43.40000000000035 -0.6901290234842995
43.50000000000035 -0.6900245346817859
43.60000000000035 -0.6898024144925681
43.70000000000035 -0.689873641971289
43.80000000000035 -0.690149381148306
43.90000000000035 -0.6903423118062293
44.00000000000036 -0.6906281241551766
44.10000000000036 -0.682066758157361
44.20000000000036 -0.6806728964602258
44.30000000000036 -0.6806320823889908
44.40000000000036 -0.6804208090087996
44.50000000000036 -0.6801401967844145
44.60000000000036 -0.679997794873308
44.70000000000037 -0.6801183431912865
44.80000000000037 -0.6802608267999009
44.90000000000037 -0.6803042660974882
45.00000000000037 -0.6803036291855764
45.10000000000037 -0.6801588386912872
45.20000000000037 -0.6801967805004521
45.30000000000037 -0.680296715565581
45.40000000000038 -0.6804609022237418
45.50000000000038 -0.6804946801069791
45.60000000000038 -0.6804853938467093
45.70000000000038 -0.6804505406119021
45.80000000000038 -0.6804107982399965
45.90000000000038 -0.680391928042023
46.00000000000038 -0.6803965537576712
46.10000000000039 -0.6804059967688871
46.20000000000039 -0.6804048818954254
46.30000000000039 -0.6803741212338649
46.40000000000039 -0.6801246077776792
46.50000000000039 -0.6799828040637907
46.60000000000039 -0.6800482048711778
46.70000000000039 -0.680288114140399
46.8000000000004 -0.6802879084260082
46.9000000000004 -0.6801909972359089
47.0000000000004 -0.6797842182072387
47.1000000000004 -0.6798900589524729
47.2000000000004 -0.6803763713723134
47.3000000000004 -0.6805260147452348
47.4000000000004 -0.6803771333648153
47.50000000000041 -0.6790950085907063
47.60000000000041 -0.6835886951947791
47.70000000000041 -0.6836184177894324
47.80000000000041 -0.6835182004234626
47.90000000000041 -0.6834123966933521
48.00000000000041 -0.6833347548744888
48.10000000000041 -0.6833384187421411
48.20000000000041 -0.6834110482008906
48.30000000000042 -0.6834735672365402
48.40000000000042 -0.6835065730376463
48.50000000000042 -0.6834946594914737
48.60000000000042 -0.6833486065303671
48.70000000000042 -0.683377034250591
48.80000000000042 -0.6834404527853414
48.90000000000042 -0.6835584242136712
49.00000000000043 -0.683558796612687
49.10000000000043 -0.6835183100666422
49.20000000000043 -0.6834385999810253
49.30000000000043 -0.6833753170050032
49.40000000000043 -0.6834035540740417
49.50000000000043 -0.6835067057458775
49.60000000000043 -0.6836057477400324
49.70000000000044 -0.6837045898330186
49.80000000000044 -0.682592195873394
49.90000000000044 -0.6857990631250213
50.00000000000044 -0.6889392108683583
