0 -0.717761898771664
0.1 -0.716451109382148
0.2 -0.7165325463106679
0.3 -0.7165209275354413
0.4 -0.7165157564647336
0.5 -0.716636555392399
0.6 -0.7165141695102961
0.7 -0.7165236555516017
0.7999999999999999 -0.7165334856902295
0.8999999999999999 -0.7164626089522401
0.9999999999999999 -0.717366559422792
1.1 -0.7157672003003369
1.2 -0.7158676496887049
1.3 -0.7158585807695259
1.4 -0.7158464869952055
1.5 -0.7159634570475062
1.6 -0.7158497087046883
1.7 -0.7158494690516346
1.8 -0.7158616635259246
1.900000000000001 -0.7158090427874477
2 -0.7162840540850159
2.100000000000001 -0.7141120837026627
2.200000000000001 -0.7142342498343122
2.300000000000001 -0.714224232885445
2.400000000000001 -0.7142153303409322
2.500000000000001 -0.7143239521740781
2.600000000000001 -0.7142159335823428
2.700000000000001 -0.7142173085690739
2.800000000000001 -0.714227437921621
2.900000000000001 -0.7141969301338177
3.000000000000001 -0.7140821320229133
3.100000000000001 -0.7117667426385312
3.200000000000002 -0.7119598225498154
3.300000000000002 -0.7119546234999794
3.400000000000002 -0.7119421249547726
3.500000000000002 -0.7120094902558629
3.600000000000002 -0.7119705069344502
3.700000000000002 -0.7119413564007977
3.800000000000002 -0.7119538783743847
3.900000000000002 -0.7119481631204817
4.000000000000002 -0.7115175346312279
4.100000000000001 -0.7105390558005741
4.200000000000001 -0.7108968767784318
4.300000000000001 -0.710895784024518
4.4 -0.710883933379744
4.5 -0.7109269349127048
4.6 -0.7109294376288333
4.699999999999999 -0.7108829256852701
4.799999999999999 -0.7108941631698411
4.899999999999999 -0.7108972134757989
4.999999999999998 -0.7106849777647709
5.099999999999998 -0.7126495233522834
5.199999999999998 -0.712833294631627
5.299999999999997 -0.7128583456978842
5.399999999999997 -0.7128486324301764
5.499999999999996 -0.7128483290567401
5.599999999999996 -0.7129513893114963
5.699999999999996 -0.7128473666939882
5.799999999999995 -0.7128558344608233
5.899999999999995 -0.7128657688587757
5.999999999999995 -0.7127361243390837
6.099999999999994 -0.7150745069260468
6.199999999999994 -0.7147088565046141
6.299999999999994 -0.7147576244971579
6.399999999999993 -0.7147451938147585
6.499999999999993 -0.7147468776990293
6.599999999999993 -0.7148578416562688
6.699999999999992 -0.7147428888229063
6.799999999999992 -0.7147553513612739
6.899999999999991 -0.7147639816666752
6.999999999999991 -0.7146691098021579
7.099999999999991 -0.716080021979426
7.19999999999999 -0.7151019532128445
7.29999999999999 -0.7151773192673714
7.39999999999999 -0.7151685472853142
7.499999999999989 -0.715159176253227
7.599999999999989 -0.7152669035906887
7.699999999999989 -0.7151630117789456
7.799999999999988 -0.7151627778091978
7.899999999999988 -0.7151742330830715
7.999999999999988 -0.7151194153705818
8.099999999999987 -0.7156568798346756
8.199999999999987 -0.7135920574352896
8.299999999999986 -0.7137098509610917
8.399999999999986 -0.7136995760147263
8.499999999999986 -0.7136901172229305
8.599999999999985 -0.7138058344350973
8.699999999999985 -0.7136898804027069
8.799999999999985 -0.7136932213010816
8.899999999999984 -0.7137035306382057
8.999999999999984 -0.7136693680966129
9.099999999999984 -0.7136239850539214
9.199999999999983 -0.7112592954822865
9.299999999999983 -0.7114401796340766
9.399999999999983 -0.7114345205289795
9.499999999999982 -0.7114226964840066
9.599999999999982 -0.7114912895176685
9.699999999999982 -0.7114482919471504
9.799999999999981 -0.7114221861269502
9.899999999999981 -0.7114341506892197
9.99999999999998 -0.7114272634242687
10.09999999999998 -0.7110345075251165
10.19999999999998 -0.7101164204548286
10.29999999999998 -0.7104498316875669
10.39999999999998 -0.7104495003196026
10.49999999999998 -0.7104381091716397
10.59999999999998 -0.710476558069396
10.69999999999998 -0.7104865242663023
10.79999999999998 -0.7104372574341695
10.89999999999998 -0.7104480622639786
10.99999999999998 -0.7104520631089939
11.09999999999998 -0.7102584021085279
11.19999999999998 -0.7123911858348835
11.29999999999998 -0.7124979812289451
11.39999999999998 -0.712528035570276
11.49999999999998 -0.7125179825517947
11.59999999999997 -0.7125158783326073
11.69999999999997 -0.7126286673237027
11.79999999999997 -0.7125158370956968
11.89999999999997 -0.7125255970631859
11.99999999999997 -0.712535600393033
12.09999999999997 -0.7123985757397631
12.19999999999997 -0.714789400325303
12.29999999999997 -0.7145190378097176
12.39999999999997 -0.7145645560459403
12.49999999999997 -0.7145530446439728
12.59999999999997 -0.7145548071868857
12.69999999999997 -0.7146542030920262
12.79999999999997 -0.7145501165118817
12.89999999999997 -0.7145594406759475
12.99999999999997 -0.7145680154685536
13.09999999999997 -0.7144984848867706
13.19999999999997 -0.7153240560367031
13.29999999999997 -0.7137947849591872
13.39999999999997 -0.7138969497348928
13.49999999999997 -0.7138886979000318
13.59999999999997 -0.7138765190892508
13.69999999999997 -0.7139869479629237
13.79999999999997 -0.7138813809425258
13.89999999999997 -0.713878302012533
13.99999999999997 -0.7138904481192306
14.09999999999997 -0.7138449735325124
14.19999999999997 -0.7141112464351007
14.29999999999997 -0.7117600261362687
14.39999999999996 -0.7118980342473955
14.49999999999996 -0.7118890460060823
14.59999999999996 -0.7118795402450487
14.69999999999996 -0.71197404529702
14.79999999999996 -0.7118840142109712
14.89999999999996 -0.7118787379928331
14.99999999999996 -0.7118887954284272
15.09999999999996 -0.7118741430255123
15.19999999999996 -0.7115510785733187
15.29999999999996 -0.710096973500105
15.39999999999996 -0.7103696261283915
15.49999999999996 -0.7103689472962973
15.59999999999996 -0.7103579209321984
15.69999999999996 -0.7103940283068488
15.79999999999996 -0.7104131755929746
15.89999999999996 -0.7103599641421083
15.99999999999996 -0.7103716079218634
16.09999999999996 -0.7103746289598658
16.19999999999996 -0.7100854946629639
16.29999999999996 -0.7118252264596528
16.39999999999996 -0.7122113675567269
16.49999999999996 -0.7122236718255669
16.59999999999997 -0.7122120456135883
16.69999999999997 -0.7122278824392945
16.79999999999997 -0.7122955652740621
16.89999999999997 -0.712212784954946
16.99999999999997 -0.7122242016123101
17.09999999999997 -0.712231442789524
17.19999999999997 -0.7120968294045591
17.29999999999998 -0.7142009552154953
17.39999999999998 -0.713843325894443
17.49999999999998 -0.7138938037944933
17.59999999999998 -0.7138833645644956
17.69999999999998 -0.7138779461980352
17.79999999999998 -0.7140000543207425
17.89999999999998 -0.7138784744369635
17.99999999999999 -0.7138880183076766
18.09999999999999 -0.7138982058795278
18.19999999999999 -0.7137886203747121
18.29999999999999 -0.7156159375896738
18.39999999999999 -0.7149420322412071
18.49999999999999 -0.7150026212709552
18.59999999999999 -0.7149923629364914
18.7 -0.714988627608911
18.8 -0.7150903192021729
18.9 -0.7149874942580449
19 -0.7149922345967437
19.1 -0.7150018208609648
19.2 -0.7149543018293356
19.3 -0.7152384991532175
19.40000000000001 -0.7130172570318469
19.50000000000001 -0.7131576659102837
19.60000000000001 -0.7131493331880443
19.70000000000001 -0.7131356122335124
19.80000000000001 -0.7132489406700995
19.90000000000001 -0.71313987014528
20.00000000000001 -0.713135969367699
20.10000000000002 -0.7131481661685525
20.20000000000002 -0.713111821994203
20.30000000000002 -0.7131340166246444
20.40000000000002 -0.7107033180655251
20.50000000000002 -0.7108692039709434
20.60000000000002 -0.7108622525599518
20.70000000000002 -0.7108524369897157
20.80000000000003 -0.710922959004826
20.90000000000003 -0.7108686564329312
21.00000000000003 -0.7108503424876579
21.10000000000003 -0.7108604263270151
21.20000000000003 -0.7108563130199697
21.30000000000003 -0.7105364615467092
21.40000000000003 -0.7108047777621187
21.50000000000004 -0.7111370201486229
21.60000000000004 -0.7111435720521284
21.70000000000004 -0.7111327037435586
21.80000000000004 -0.7111517592928055
21.90000000000004 -0.7112116080508468
22.00000000000004 -0.7111352975314351
22.10000000000004 -0.7111469079555782
22.20000000000005 -0.7111534229889872
22.30000000000005 -0.7109270951283104
22.40000000000005 -0.7135965907123759
22.50000000000005 -0.7139022772825211
22.60000000000005 -0.7139245504778287
22.70000000000005 -0.7139124130772414
22.80000000000005 -0.7139212326036574
22.90000000000006 -0.7140130195614698
23.00000000000006 -0.7139129794553445
23.10000000000006 -0.7139255630143891
23.20000000000006 -0.7139336684810409
23.30000000000006 -0.713804279551789
23.40000000000006 -0.7158818764276889
23.50000000000006 -0.7154667303817374
23.60000000000007 -0.7155190148304801
23.70000000000007 -0.715508604041071
23.80000000000007 -0.7155042611023239
23.90000000000007 -0.7156200832753726
24.00000000000007 -0.7155042136584634
24.10000000000007 -0.7155127915255427
24.20000000000007 -0.7155229148544141
24.30000000000008 -0.7154186933340783
24.40000000000008 -0.7171791363315466
24.50000000000008 -0.7163903383250757
24.60000000000008 -0.7164549084171554
24.70000000000008 -0.7164438576909922
24.80000000000008 -0.7164381858640112
24.90000000000008 -0.71655830479007
25.00000000000009 -0.7164373508617733
25.10000000000009 -0.7164459182585214
25.20000000000009 -0.7164563614437068
25.30000000000009 -0.7163821505491278
25.40000000000009 -0.7174369312037462
25.50000000000009 -0.7158679210372532
25.60000000000009 -0.7159620512403754
25.7000000000001 -0.7159514663516426
25.8000000000001 -0.7159415408805242
25.9000000000001 -0.7160712553479569
26.0000000000001 -0.7159419457776233
26.1000000000001 -0.715949468602986
26.2000000000001 -0.7159603976408819
26.3000000000001 -0.7158818942354721
26.40000000000011 -0.7170078980750429
26.50000000000011 -0.7156746415728591
26.60000000000011 -0.7157618612326789
26.70000000000011 -0.7157524577795467
26.80000000000011 -0.7157443151840701
26.90000000000011 -0.715847494624045
27.00000000000011 -0.7157464903540696
27.10000000000012 -0.7157463368687
27.20000000000012 -0.7157569853197041
27.30000000000012 -0.7157221819295502
27.40000000000012 -0.7156762574339329
27.50000000000012 -0.7129995092446799
27.60000000000012 -0.7131743473276239
27.70000000000012 -0.7131659985589681
27.80000000000013 -0.7131518085311939
27.90000000000013 -0.7132629088761231
28.00000000000013 -0.7131564995064106
28.10000000000013 -0.7131509565140004
28.20000000000013 -0.7131630856387148
28.30000000000013 -0.713134872844476
28.40000000000013 -0.7129794388803934
28.50000000000014 -0.7105866635179616
28.60000000000014 -0.7107842610467078
28.70000000000014 -0.7107788301894725
28.80000000000014 -0.7107686686264756
28.90000000000014 -0.7108259191020883
29.00000000000014 -0.7107955286448049
29.10000000000014 -0.7107672608194472
29.20000000000014 -0.7107775202883329
29.30000000000015 -0.7107770806576138
29.40000000000015 -0.710491398703073
29.50000000000015 -0.7116144499729377
29.60000000000015 -0.7119448807121012
29.70000000000015 -0.7119565225268409
29.80000000000015 -0.7119454399539107
29.90000000000015 -0.7119590457842551
30.00000000000016 -0.7120347738882316
30.10000000000016 -0.7119474955849386
30.20000000000016 -0.7119594911823918
30.30000000000016 -0.7119670615259202
30.40000000000016 -0.7117589298918097
30.50000000000016 -0.7146355426339133
30.60000000000016 -0.7148892992420788
30.70000000000017 -0.7149153788249634
30.80000000000017 -0.7149030892092131
30.90000000000017 -0.7149096000818368
31.00000000000017 -0.7150097913299929
31.10000000000017 -0.7149035815978498
31.20000000000017 -0.7149166345702734
31.30000000000017 -0.7149250364055241
31.40000000000018 -0.714790840107896
31.50000000000018 -0.7169543191774537
31.60000000000018 -0.7166086693790411
31.70000000000018 -0.7166580474853551
31.80000000000018 -0.7166473598318089
31.90000000000018 -0.7166445415975444
32.00000000000018 -0.7167580004707128
32.10000000000019 -0.716643681827396
32.20000000000019 -0.7166529617762523
32.30000000000019 -0.7166629846391357
32.40000000000019 -0.7165491425603139
32.50000000000019 -0.7185635856067201
32.60000000000019 -0.717927922608413
32.70000000000019 -0.7179866890239626
32.8000000000002 -0.7179746384975396
32.9000000000002 -0.7179693390707811
33.0000000000002 -0.718103224446595
33.1000000000002 -0.7179693463617337
33.2000000000002 -0.7179823230396771
33.3000000000002 -0.7179930513507117
33.4000000000002 -0.7178713271960128
33.50000000000021 -0.7201689105412417
33.60000000000021 -0.7196446764129516
33.70000000000021 -0.7196991558514308
33.80000000000021 -0.7196866111535642
33.90000000000021 -0.7196844430855718
34.00000000000021 -0.7198141319732826
34.10000000000021 -0.7196846089831366
34.20000000000022 -0.7196990413116291
34.30000000000022 -0.7197089474770836
34.40000000000022 -0.7195328483330397
34.50000000000022 -0.722487472512242
34.60000000000022 -0.7225850679228154
34.70000000000022 -0.7226180900650719
34.80000000000022 -0.7226047254562161
34.90000000000023 -0.722608986720203
35.00000000000023 -0.7227273479061689
35.10000000000023 -0.7226061543535323
35.20000000000023 -0.7226222447119872
35.30000000000023 -0.7226328550689379
35.40000000000023 -0.7223700167821283
35.50000000000023 -0.7265154417121126
35.60000000000024 -0.7271493208064747
35.70000000000024 -0.7271640125539202
35.80000000000024 -0.7271446047321147
35.90000000000024 -0.7271792792612044
36.00000000000024 -0.7272483957440252
36.10000000000024 -0.7271545538746671
36.20000000000024 -0.7271779502142902
36.30000000000025 -0.7271790716657387
36.40000000000025 -0.7263139484208927
36.50000000000025 -0.722488287180576
36.60000000000025 -0.7229073494794935
36.70000000000025 -0.7228958440467643
36.80000000000025 -0.7228798074283833
36.90000000000025 -0.7229933913091492
37.00000000000026 -0.7228836023118452
37.10000000000026 -0.7228764271144087
37.20000000000026 -0.7228890412425375
37.30000000000026 -0.7228717126329465
37.40000000000026 -0.7224874721927861
37.50000000000026 -0.7200805789595148
37.60000000000026 -0.7203453587809394
37.70000000000027 -0.7203401760503779
37.80000000000027 -0.7203241349729185
37.90000000000027 -0.7204083049646262
38.00000000000027 -0.7203479578049782
38.10000000000027 -0.720321202612856
38.20000000000027 -0.7203366302107705
38.30000000000027 -0.7203182072614783
38.40000000000028 -0.7197826324683704
38.50000000000028 -0.7157491118356299
38.60000000000028 -0.7159772119546525
38.70000000000028 -0.7159653963965317
38.80000000000028 -0.715950979246157
38.90000000000028 -0.7160856609204453
39.00000000000028 -0.7159491038480565
39.10000000000029 -0.71595356460212
39.20000000000029 -0.7159647734285428
39.30000000000029 -0.7159361747762214
39.40000000000029 -0.7157954086420615
39.50000000000029 -0.7136136080577529
39.60000000000029 -0.7138145466597881
39.70000000000029 -0.7138104880989973
39.8000000000003 -0.7137999987423275
39.9000000000003 -0.7138521528430486
40.0000000000003 -0.713835825113451
40.1000000000003 -0.7138007865349547
40.2000000000003 -0.7138120938071244
40.3000000000003 -0.7138100104669902
40.4000000000003 -0.7133833535079419
40.50000000000031 -0.7131357419530656
40.60000000000031 -0.7135401809558921
40.70000000000031 -0.7135405004938244
40.80000000000031 -0.7135255081833395
40.90000000000031 -0.7135748745792441
41.00000000000031 -0.7135786724263304
41.10000000000031 -0.7135244833840092
41.20000000000032 -0.7135391378704701
41.30000000000032 -0.713542504772998
41.40000000000032 -0.7131990952480505
41.50000000000032 -0.7151229507629498
41.60000000000032 -0.7156181985606397
41.70000000000032 -0.7156275552276662
41.80000000000032 -0.7156154679676551
41.90000000000033 -0.71563343123437
42.00000000000033 -0.7157050861919908
42.10000000000033 -0.7156197607370625
42.20000000000033 -0.715633351137986
42.30000000000033 -0.715639434683859
42.40000000000033 -0.71538028507448
42.50000000000033 -0.7177617045457141
42.60000000000034 -0.7181456152232084
42.70000000000034 -0.7181615946364787
42.80000000000034 -0.7181488529720599
42.90000000000034 -0.7181644628865413
43.00000000000034 -0.7182402091379235
43.10000000000034 -0.7181497333717186
43.20000000000034 -0.7181629656173218
43.30000000000035 -0.7181716807132351
43.40000000000035 -0.7179738371836437
43.50000000000035 -0.7214062726070559
43.60000000000035 -0.7216650544923213
43.70000000000035 -0.7216940525996987
43.80000000000035 -0.7216776687061528
43.90000000000035 -0.7216856644643401
44.00000000000036 -0.7218267989968369
44.10000000000036 -0.7216911269303525
44.20000000000036 -0.7217154224668429
44.30000000000036 -0.7217213613061793
44.40000000000036 -0.7211398108764379
44.50000000000036 -0.7210301437635952
44.60000000000036 -0.7216028916187218
44.70000000000037 -0.7215980481674823
44.80000000000037 -0.7215849710909716
44.90000000000037 -0.7216389635785012
45.00000000000037 -0.7216215044519717
45.10000000000037 -0.7215823950886499
45.20000000000037 -0.7215941426752644
45.30000000000037 -0.7215967489351823
45.40000000000038 -0.7212972608447337
45.50000000000038 -0.7232207249183373
45.60000000000038 -0.7236309644612754
45.70000000000038 -0.7236439952900289
45.80000000000038 -0.7236272596771944
45.90000000000038 -0.7236487628351833
46.00000000000038 -0.7237512666678996
46.10000000000039 -0.72364065300991
46.20000000000039 -0.7236649264099886
46.30000000000039 -0.7236681517377141
46.40000000000039 -0.7225206797444242
46.50000000000039 -0.7163636690089594
46.60000000000039 -0.7167179519100081
46.70000000000039 -0.716702171899078
46.8000000000004 -0.7166917588854499
46.9000000000004 -0.7168137685951335
47.0000000000004 -0.7166892541838195
47.1000000000004 -0.7166943548334013
47.2000000000004 -0.7167036666430184
47.3000000000004 -0.7166884728526484
47.4000000000004 -0.7164834826069613
47.50000000000041 -0.7157821911039809
47.60000000000041 -0.7160044308073366
47.70000000000041 -0.7160087035570979
47.80000000000041 -0.7160005258750951
47.90000000000041 -0.7160147340924359
48.00000000000041 -0.7160729022626938
48.10000000000041 -0.7160046235042319
48.20000000000041 -0.7160127897541897
48.30000000000042 -0.7160221168341886
48.40000000000042 -0.7156523056444353
48.50000000000042 -0.7191115567021339
48.60000000000042 -0.7198577405376597
48.70000000000042 -0.7198604883821899
48.80000000000042 -0.7198348707896234
48.90000000000042 -0.7199286970276049
49.00000000000043 -0.7198622003491327
49.10000000000043 -0.7198220777692474
49.20000000000043 -0.7198429089814707
49.30000000000043 -0.719838630308926
49.40000000000043 -0.7191880613483328
49.50000000000043 -0.7168597359664359
49.60000000000043 -0.7172800227574139
49.70000000000044 -0.7172747925324665
49.80000000000044 -0.717263290106272
49.90000000000044 -0.7173113869289189
50.00000000000044 -0.7173078386022618
