0 -0.717761898771664
0.1 -0.6895388259685976
0.2 -0.6719988152730217
0.3 -0.6545325743363416
0.4 -0.6345099819213444
0.5 -0.6091328012247761
0.6 -0.5887584012072031
0.7 -0.5762080651966197
0.7999999999999999 -0.5670731509576307
0.8999999999999999 -0.5595839639696906
0.9999999999999999 -0.5529837112830079
1.1 -0.5420279702566706
1.2 -0.5249483284839602
1.3 -0.5189756295104085
1.4 -0.5152999405234409
1.5 -0.5118597209783398
1.6 -0.5085131000522037
1.7 -0.5051916008001742
1.8 -0.5017659335439251
1.900000000000001 -0.4980592699860512
2 -0.4939495955131717
2.100000000000001 -0.4895816816596038
2.200000000000001 -0.4853763026652648
2.300000000000001 -0.4816376419944325
2.400000000000001 -0.478343382552421
2.500000000000001 -0.4753217692504882
2.600000000000001 -0.4724192017889497
2.700000000000001 -0.4695367931433129
2.800000000000001 -0.4666147119947085
2.900000000000001 -0.4635919847260248
3.000000000000001 -0.4602087267703727
3.100000000000001 -0.4552297900671418
3.200000000000002 -0.4476970808308406
3.300000000000002 -0.4417864037244915
3.400000000000002 -0.4375275727315815
3.500000000000002 -0.433581609677875
3.600000000000002 -0.4296297972202606
3.700000000000002 -0.4256375907107235
3.800000000000002 -0.4215649547836678
3.900000000000002 -0.4172975397337929
4.000000000000002 -0.4126656877189968
4.100000000000001 -0.4076767983735905
4.200000000000001 -0.4028148809237364
4.300000000000001 -0.3986790938691496
4.4 -0.3953949223066755
4.5 -0.3927534389401968
4.6 -0.3905371659006919
4.699999999999999 -0.388613819113019
4.799999999999999 -0.3869184392228877
4.899999999999999 -0.3854237341718754
4.999999999999998 -0.3840845440135009
5.099999999999998 -0.3825678763618734
5.199999999999998 -0.3793297812785107
5.299999999999997 -0.3734556228812272
5.399999999999997 -0.3699241630482317
5.499999999999996 -0.3686399900367768
5.599999999999996 -0.3678879077446713
5.699999999999996 -0.3671977349609526
5.799999999999995 -0.366502733652728
5.899999999999995 -0.3658004457335175
5.999999999999995 -0.365090149112517
6.099999999999994 -0.3643637460649531
6.199999999999994 -0.3636034021100102
6.299999999999994 -0.362778422487833
6.399999999999993 -0.361842166302535
6.499999999999993 -0.3607356741485559
6.599999999999993 -0.3594115899609599
6.699999999999992 -0.3578848456350214
6.799999999999992 -0.3562714374116319
6.899999999999991 -0.3547434624998999
6.999999999999991 -0.3534214273398871
7.099999999999991 -0.3523236160195151
7.19999999999999 -0.3514023402846732
7.29999999999999 -0.3505963709700904
7.39999999999999 -0.349856717711909
7.499999999999989 -0.3491505851098796
7.599999999999989 -0.3484575254962876
7.699999999999989 -0.3477649324972282
7.799999999999988 -0.3470643329212059
7.899999999999988 -0.3463465762494969
7.999999999999988 -0.3455886295137053
8.099999999999987 -0.3447098740830151
8.199999999999987 -0.3434620496877053
8.299999999999986 -0.3414129316236961
8.399999999999986 -0.3387567508403773
8.499999999999986 -0.3365818755957721
8.599999999999985 -0.3350515354435583
8.699999999999985 -0.3337447405806163
8.799999999999985 -0.3324309585979364
8.899999999999984 -0.331046477282985
8.999999999999984 -0.329582437838262
9.099999999999984 -0.3280411014023453
9.199999999999983 -0.3264243515646686
9.299999999999983 -0.3247316872952324
9.399999999999983 -0.3229611472473893
9.499999999999982 -0.3211127522913845
9.599999999999982 -0.319195697042173
9.699999999999982 -0.3172380243576957
9.799999999999981 -0.3152909719869293
9.899999999999981 -0.3134182275242939
9.99999999999998 -0.3116734243604799
10.09999999999998 -0.3100837816635592
10.19999999999998 -0.3086506496333958
10.29999999999998 -0.3073603212373972
10.39999999999998 -0.3061943595659075
10.49999999999998 -0.3051352602613083
10.59999999999998 -0.3041684054311915
10.69999999999998 -0.3032822222396509
10.79999999999998 -0.3024676799927721
10.89999999999998 -0.3017173960468126
10.99999999999998 -0.301023892459343
11.09999999999998 -0.3003756014310143
11.19999999999998 -0.2997478788216338
11.29999999999998 -0.2990868217654573
11.39999999999998 -0.298298275404871
11.49999999999998 -0.2972999354294705
11.59999999999997 -0.296172687667325
11.69999999999997 -0.2951679899561937
11.79999999999997 -0.2944337086307806
11.89999999999997 -0.2939239126495241
11.99999999999997 -0.2935408936249275
12.09999999999997 -0.2932185959290696
12.19999999999997 -0.2929246705930145
12.29999999999997 -0.2926451525488299
12.39999999999997 -0.2923741164382121
12.49999999999997 -0.2921087631689102
12.59999999999997 -0.291847341113067
12.69999999999997 -0.2915882724517828
12.79999999999997 -0.2913297263292768
12.89999999999997 -0.2910693069235055
12.99999999999997 -0.2908037000711655
13.09999999999997 -0.2905281918274411
13.19999999999997 -0.2902360183754419
13.29999999999997 -0.2899175960179733
13.39999999999997 -0.2895598978739861
13.49999999999997 -0.2891466796002738
13.59999999999997 -0.2886608466177255
13.69999999999997 -0.2880903813122782
13.79999999999997 -0.2874374691603939
13.89999999999997 -0.2867260086237945
13.99999999999997 -0.2859993843631604
14.09999999999997 -0.2853057145825001
14.19999999999997 -0.2846798282796394
14.29999999999997 -0.2841347339746756
14.39999999999996 -0.2836652759123514
14.49999999999996 -0.2832571169660768
14.59999999999996 -0.2828942665327052
14.69999999999996 -0.2825630060184455
14.79999999999996 -0.282253078294409
14.89999999999996 -0.2819575701937269
14.99999999999996 -0.281672459090122
15.09999999999996 -0.2813962845774995
15.19999999999996 -0.2811300482286117
15.29999999999996 -0.2808769731151607
15.39999999999996 -0.2806401366823492
15.49999999999996 -0.2804091914176563
15.59999999999996 -0.2801008521764201
15.69999999999996 -0.2793535481109954
15.79999999999996 -0.27730981845463
15.89999999999996 -0.2741789771091773
15.99999999999996 -0.2721662733433604
16.09999999999996 -0.2713480634300968
16.19999999999996 -0.2708994242788618
16.29999999999996 -0.2704813080587236
16.39999999999996 -0.2700194321424982
16.49999999999996 -0.2695078708636801
16.59999999999997 -0.2689517818897095
16.69999999999997 -0.2683549805873771
16.79999999999997 -0.2677180698356235
16.89999999999997 -0.2670386999084621
16.99999999999997 -0.2663123197899109
17.09999999999997 -0.2655334994168701
17.19999999999997 -0.2646983262888818
17.29999999999998 -0.2638080602502248
17.39999999999998 -0.262872966988084
17.49999999999998 -0.2619136043832699
17.59999999999998 -0.260957015016311
17.69999999999998 -0.2600288514908694
17.79999999999998 -0.2591463432898284
17.89999999999998 -0.258316238328634
17.99999999999999 -0.2575373753196237
18.09999999999999 -0.2568047453614368
18.19999999999999 -0.2561125860962712
18.29999999999999 -0.255455897816221
18.39999999999999 -0.2548308301366945
18.49999999999999 -0.2542345374333967
18.59999999999999 -0.253664887311229
18.7 -0.2531201880428172
18.8 -0.252598973106285
18.9 -0.2520998254882152
19 -0.2516212075109895
19.1 -0.2511612644396428
19.2 -0.2507175909666131
19.3 -0.2502870040303687
19.40000000000001 -0.2498654755676872
19.50000000000001 -0.2494485343206596
19.60000000000001 -0.2490325074408726
19.70000000000001 -0.2486166031796521
19.80000000000001 -0.2482048171882599
19.90000000000001 -0.2478057600509226
20.00000000000001 -0.2474294909246414
20.10000000000002 -0.2470832181945896
20.20000000000002 -0.2467689652802285
20.30000000000002 -0.2464842406341845
20.40000000000002 -0.2462242531556084
20.50000000000002 -0.2459838961725532
20.60000000000002 -0.2457588010907018
20.70000000000002 -0.245545620180326
20.80000000000003 -0.2453419180371823
20.90000000000003 -0.245145945971015
21.00000000000003 -0.244956428717847
21.10000000000003 -0.2447724025458188
21.20000000000003 -0.2445931043440871
21.30000000000003 -0.2444178995969285
21.40000000000003 -0.2442462367905281
21.50000000000004 -0.2440776187044799
21.60000000000004 -0.2439115841031787
21.70000000000004 -0.2437476957024441
21.80000000000004 -0.2435855319009976
21.90000000000004 -0.2434246808124227
22.00000000000004 -0.2432647357990111
22.10000000000004 -0.2431052921375493
22.20000000000005 -0.2429459447337269
22.30000000000005 -0.2427862870029913
22.40000000000005 -0.2426259111787872
22.50000000000005 -0.2424644103989118
22.60000000000005 -0.2423013829434959
22.70000000000005 -0.2421364389262622
22.80000000000005 -0.2419692095403596
22.90000000000006 -0.2417993586045422
23.00000000000006 -0.2416265956457402
23.10000000000006 -0.2414506891425843
23.20000000000006 -0.241271477963226
23.30000000000006 -0.2410888786476534
23.40000000000006 -0.2409028862230552
23.50000000000006 -0.2407135668594499
23.60000000000007 -0.2405210418794514
23.70000000000007 -0.2403254642225821
23.80000000000007 -0.2401269900286213
23.90000000000007 -0.2399257490761761
24.00000000000007 -0.2397218180425555
24.10000000000007 -0.2395151998652475
24.20000000000007 -0.2393058111197408
24.30000000000008 -0.2390934777217824
24.40000000000008 -0.2388779378699378
24.50000000000008 -0.2386588502741318
24.60000000000008 -0.2384358054559243
24.70000000000008 -0.2382083381558044
24.80000000000008 -0.2379759394405958
24.90000000000008 -0.23773806775947
25.00000000000009 -0.2374941587855727
25.10000000000009 -0.2372436342940162
25.20000000000009 -0.2369859104873015
25.30000000000009 -0.2367204059794358
25.40000000000009 -0.2364465488653925
25.50000000000009 -0.2361637804435798
25.60000000000009 -0.2358715492206312
25.7000000000001 -0.2355692808793213
25.8000000000001 -0.2352562945433048
25.9000000000001 -0.2349316079982896
26.0000000000001 -0.2345935310513471
26.1000000000001 -0.2342388998944371
26.2000000000001 -0.2338618352453613
26.3000000000001 -0.2334522695265117
26.40000000000011 -0.2329956783673051
26.50000000000011 -0.2324774631691608
26.60000000000011 -0.2318949758303841
26.70000000000011 -0.2312704501324134
26.80000000000011 -0.2306462341402515
26.90000000000011 -0.230059400069036
27.00000000000011 -0.2295230956724866
27.10000000000012 -0.229030801340154
27.20000000000012 -0.2285697358676904
27.30000000000012 -0.2281291856549764
27.40000000000012 -0.2277024631267018
27.50000000000012 -0.2272860303774151
27.60000000000012 -0.2268781664091985
27.70000000000012 -0.2264779322296233
27.80000000000013 -0.2260844539818888
27.90000000000013 -0.2256963556056222
28.00000000000013 -0.2253111656181302
28.10000000000013 -0.224924557739148
28.20000000000013 -0.2245293610306567
28.30000000000013 -0.2241144804807335
28.40000000000013 -0.2236643625459864
28.50000000000014 -0.2231605071196137
28.60000000000014 -0.2225872274717061
28.70000000000014 -0.2219424146855558
28.80000000000014 -0.2212482891602938
28.90000000000014 -0.2205509417722196
29.00000000000014 -0.2199029729853494
29.10000000000014 -0.2193409958920866
29.20000000000014 -0.218875767346273
29.30000000000015 -0.2184980069368101
29.40000000000015 -0.2181898320094063
29.50000000000015 -0.2179332130543011
29.60000000000015 -0.2177136442906838
29.70000000000015 -0.2175207145241288
29.80000000000015 -0.2173474245903865
29.90000000000015 -0.2171892770245968
30.00000000000016 -0.2170435198466371
30.10000000000016 -0.2169086128635881
30.20000000000016 -0.2167838680186331
30.30000000000016 -0.216669168618566
30.40000000000016 -0.2165646090682457
30.50000000000016 -0.2164697226941998
30.60000000000016 -0.2163814964323207
30.70000000000017 -0.216289226164754
30.80000000000017 -0.2161620372077717
30.90000000000017 -0.2159238386377356
31.00000000000017 -0.2154287248055183
31.10000000000017 -0.2145311167267878
31.20000000000017 -0.2133565637401837
31.30000000000017 -0.2123489818557759
31.40000000000018 -0.2117564153530236
31.50000000000018 -0.2114826811232067
31.60000000000018 -0.2113654886963236
31.70000000000018 -0.2113074495338003
31.80000000000018 -0.2112661956370775
31.90000000000018 -0.2112262219153924
32.00000000000018 -0.2111828520892482
32.10000000000019 -0.2111353285383028
32.20000000000019 -0.2110841311876543
32.30000000000019 -0.2110300015556591
32.40000000000019 -0.2109736174986388
32.50000000000019 -0.2109155068294189
32.60000000000019 -0.2108560430964673
32.70000000000019 -0.2107954651356397
32.8000000000002 -0.2107338995367668
32.9000000000002 -0.2106713793356164
33.0000000000002 -0.2106078574430215
33.1000000000002 -0.2105432151137215
33.2000000000002 -0.2104772663028132
33.3000000000002 -0.2104097589119015
33.4000000000002 -0.2103403740351135
33.50000000000021 -0.2102687245232974
33.60000000000021 -0.210194354555969
33.70000000000021 -0.2101167424565396
33.80000000000021 -0.2100353096559664
33.90000000000021 -0.2099494393508185
34.00000000000021 -0.2098585087093335
34.10000000000021 -0.2097619379643048
34.20000000000022 -0.2096592577669899
34.30000000000022 -0.2095501922038363
34.40000000000022 -0.2094347488411029
34.50000000000022 -0.20931330008498
34.60000000000022 -0.2091866345172812
34.70000000000022 -0.2090559562552023
34.80000000000022 -0.2089228178179891
34.90000000000023 -0.2087889875409491
35.00000000000023 -0.2086562717915949
35.10000000000023 -0.2085263272619115
35.20000000000023 -0.2084005023058211
35.30000000000023 -0.2082797367370474
35.40000000000023 -0.2081645312953098
35.50000000000023 -0.2080549792677343
35.60000000000024 -0.207950840380406
35.70000000000024 -0.2078516335469164
35.80000000000024 -0.2077567286620793
35.90000000000024 -0.2076654246863843
36.00000000000024 -0.207577008429805
36.10000000000024 -0.2074907938050768
36.20000000000024 -0.2074061443973042
36.30000000000025 -0.2073224833699004
36.40000000000025 -0.2072392946713322
36.50000000000025 -0.2071561188390662
36.60000000000025 -0.2070725458400609
36.70000000000025 -0.2069882065710354
36.80000000000025 -0.2069027639533341
36.90000000000025 -0.2068159039931752
37.00000000000026 -0.2067273266813157
37.10000000000026 -0.2066367360803669
37.20000000000026 -0.2065438282520998
37.30000000000026 -0.2064482746004423
37.40000000000026 -0.2063496964269748
37.50000000000026 -0.2062476235375884
37.60000000000026 -0.2061414249788827
37.70000000000027 -0.2060301929093613
37.80000000000027 -0.2059125518776446
37.90000000000027 -0.2057863603903205
38.00000000000027 -0.2056482867120863
38.10000000000027 -0.205493319391214
38.20000000000027 -0.205314491493887
38.30000000000027 -0.2051035020992069
38.40000000000028 -0.2048532483994994
38.50000000000028 -0.2045625547712718
38.60000000000028 -0.2042405828170851
38.70000000000028 -0.2039057519083569
38.80000000000028 -0.2035774078066441
38.90000000000028 -0.2032666926951611
39.00000000000028 -0.2029741375638575
39.10000000000029 -0.2026936112578117
39.20000000000029 -0.2024173821727141
39.30000000000029 -0.2021390679276037
39.40000000000029 -0.2018544380561915
39.50000000000029 -0.2015611343319462
39.60000000000029 -0.2012581144693631
39.70000000000029 -0.2009451665943172
39.8000000000003 -0.2006225733943488
39.9000000000003 -0.2002909040885478
40.0000000000003 -0.1999508921232558
40.1000000000003 -0.199603363199234
40.2000000000003 -0.1992491898672268
40.3000000000003 -0.1988892590915678
40.4000000000003 -0.1985244472082429
40.50000000000031 -0.1981556033520662
40.60000000000031 -0.1977835481891136
40.70000000000031 -0.1974090991014247
40.80000000000031 -0.1970331337704927
40.90000000000031 -0.1966566980340132
41.00000000000031 -0.1962811479651644
41.10000000000031 -0.1959082914557715
41.20000000000032 -0.1955404706183123
41.30000000000032 -0.1951805207021995
41.40000000000032 -0.1948315699056239
41.50000000000032 -0.1944967048650521
41.60000000000032 -0.1941785896017122
41.70000000000032 -0.1938791519324135
41.80000000000032 -0.1935994228270404
41.90000000000033 -0.193339550079341
42.00000000000033 -0.1930989470694123
42.10000000000033 -0.1928765083972077
42.20000000000033 -0.1926708289955343
42.30000000000033 -0.1924803866874734
42.40000000000033 -0.1923036731616566
42.50000000000033 -0.1921392757123813
42.60000000000034 -0.1919859203328079
42.70000000000034 -0.1918424883819991
42.80000000000034 -0.1917080172701086
42.90000000000034 -0.1915816927398789
43.00000000000034 -0.1914628375732166
43.10000000000034 -0.1913508993156343
43.20000000000034 -0.1912454378239811
43.30000000000035 -0.1911461117919096
43.40000000000035 -0.1910526613897244
43.50000000000035 -0.1909648809871727
43.60000000000035 -0.1908825703057704
43.70000000000035 -0.1908054420392172
43.80000000000035 -0.190732945329666
43.90000000000035 -0.1906639324559975
44.00000000000036 -0.1905960475192827
44.10000000000036 -0.1905246649573019
44.20000000000036 -0.190441234878726
44.30000000000036 -0.1903312736131127
44.40000000000036 -0.1901735521799976
44.50000000000036 -0.1899445927831005
44.60000000000036 -0.1896334429143651
44.70000000000037 -0.1892619463713954
44.80000000000037 -0.1888866685940942
44.90000000000037 -0.1885673369741215
45.00000000000037 -0.1883322123533464
45.10000000000037 -0.1881751914890956
45.20000000000037 -0.1880746012990357
45.30000000000037 -0.1880090568523662
45.40000000000038 -0.1879632318026562
45.50000000000038 -0.1879277093311669
45.60000000000038 -0.1878971872035095
45.70000000000038 -0.1878688475743578
45.80000000000038 -0.1878412654535063
45.90000000000038 -0.187813762129075
46.00000000000038 -0.1877860443885332
46.10000000000039 -0.1877580095755393
46.20000000000039 -0.1877296422675703
46.30000000000039 -0.1877009602165005
46.40000000000039 -0.187671986231899
46.50000000000039 -0.1876427333389461
46.60000000000039 -0.1876131963070527
46.70000000000039 -0.1875833456902785
46.8000000000004 -0.1875531220727798
46.9000000000004 -0.1875224289336324
47.0000000000004 -0.187491122780468
47.1000000000004 -0.1874589991222129
47.2000000000004 -0.1874257725375401
47.3000000000004 -0.1873910485850813
47.4000000000004 -0.1873542846316336
47.50000000000041 -0.1873147359388259
47.60000000000041 -0.1872713827921287
47.70000000000041 -0.187222834649378
47.80000000000041 -0.1871672094195722
47.90000000000041 -0.187101992292311
48.00000000000041 -0.1870238927157278
48.10000000000041 -0.1869287450950467
48.20000000000041 -0.1868115422437986
48.30000000000042 -0.186666745298841
48.40000000000042 -0.1864890501062617
48.50000000000042 -0.1862747376990544
48.60000000000042 -0.1860234989560811
48.70000000000042 -0.1857401784063382
48.80000000000042 -0.1854354568653205
48.90000000000042 -0.1851245853149517
49.00000000000043 -0.1848242066010742
49.10000000000043 -0.1845485446896939
49.20000000000043 -0.184306696380011
49.30000000000043 -0.184101972506545
49.40000000000043 -0.1839329833137548
49.50000000000043 -0.1837954768241282
49.60000000000043 -0.1836840504457969
49.70000000000044 -0.1835933256669455
49.80000000000044 -0.1835185663456066
49.90000000000044 -0.183455895541609
50.00000000000044 -0.1834022835559528
