0 -0.717761898771664
0.1 -0.6745183051922807
0.2 -0.6767354742631141
0.3 -0.6785215137145781
0.4 -0.682017161817557
0.5 -0.6838781755051305
0.6 -0.6796132814231055
0.7 -0.6771806155595919
0.7999999999999999 -0.6765660325737827
0.8999999999999999 -0.6764121077659653
0.9999999999999999 -0.6771632392495097
1.1 -0.6824645617260998
1.2 -0.6806105388267196
1.3 -0.6772040162710005
1.4 -0.6772292481319728
1.5 -0.6777718302468188
1.6 -0.6787517691898712
1.7 -0.680550884466386
1.8 -0.6823863486167985
1.900000000000001 -0.6820680079543684
2 -0.6805465581766167
2.100000000000001 -0.6793349626057295
2.200000000000001 -0.6780988400561829
2.300000000000001 -0.680238350117692
2.400000000000001 -0.69475419502549
2.500000000000001 -0.6786009838254579
2.600000000000001 -0.67860510892482
2.700000000000001 -0.67929641719167
2.800000000000001 -0.6836198306239615
2.900000000000001 -0.6909139827226044
3.000000000000001 -0.6825161134438061
3.100000000000001 -0.6786830432680825
3.200000000000002 -0.6779753006318601
3.300000000000002 -0.6772644718154264
3.400000000000002 -0.6866120861831713
3.500000000000002 -0.6847972637321559
3.600000000000002 -0.6779621410217552
3.700000000000002 -0.6793152055401197
3.800000000000002 -0.6805266834717585
3.900000000000002 -0.6823561408575375
4.000000000000002 -0.6847796730944735
4.100000000000001 -0.6852396421828826
4.200000000000001 -0.6836909867183412
4.300000000000001 -0.6824619145906665
4.4 -0.6817228358071572
4.5 -0.681548184206641
4.6 -0.6864055015391091
4.699999999999999 -0.6852478155626047
4.799999999999999 -0.6794462556969185
4.899999999999999 -0.67891141678728
4.999999999999998 -0.6790411581594682
5.099999999999998 -0.6800156645433392
5.199999999999998 -0.6833419579036977
5.299999999999997 -0.6850866271830367
5.399999999999997 -0.681142178880386
5.499999999999996 -0.6786881055138748
5.599999999999996 -0.6772580922903076
5.699999999999996 -0.674590662790584
5.799999999999995 -0.7128202053465416
5.899999999999995 -0.6642512926958384
5.999999999999995 -0.6671226691211543
6.099999999999994 -0.6693376356448741
6.199999999999994 -0.6729597693284115
6.299999999999994 -0.6766494210051557
6.399999999999993 -0.673190664238984
6.499999999999993 -0.6703832116182202
6.599999999999993 -0.6696572625942234
6.699999999999992 -0.6696156830012697
6.799999999999992 -0.671083749832402
6.899999999999991 -0.6752446163994933
6.999999999999991 -0.6713225767221631
7.099999999999991 -0.6692192635144819
7.19999999999999 -0.6690619854128851
7.29999999999999 -0.6692461668823898
7.39999999999999 -0.6696804244477689
7.499999999999989 -0.6704441653657834
7.599999999999989 -0.6712008374843259
7.699999999999989 -0.6711845822063218
7.799999999999988 -0.6705028145177732
7.899999999999988 -0.6698838746482029
7.999999999999988 -0.6695006321361789
8.099999999999987 -0.6692446941448638
8.199999999999987 -0.671138798011309
8.299999999999986 -0.680890436866214
8.399999999999986 -0.6705815931619712
8.499999999999986 -0.6689704366349484
8.599999999999985 -0.6692209742383601
8.699999999999985 -0.6717276623618215
8.799999999999985 -0.6794910212151373
8.899999999999984 -0.6744107712169978
8.999999999999984 -0.6686865210718681
9.099999999999984 -0.6672725658355436
9.199999999999983 -0.6662342531287622
9.299999999999983 -0.6819000162733091
9.399999999999983 -0.6652309921940941
9.499999999999982 -0.6622473842485155
9.599999999999982 -0.6634882885511062
9.699999999999982 -0.6643252893174729
9.799999999999981 -0.6654374062298282
9.899999999999981 -0.666806761508391
9.99999999999998 -0.6671783224847525
10.09999999999998 -0.6663746167824937
10.19999999999998 -0.6657169013094855
10.29999999999998 -0.6655591337231799
10.39999999999998 -0.6657654262468573
10.49999999999998 -0.6667638183393945
10.59999999999998 -0.6703012413750764
10.69999999999998 -0.6699833840111669
10.79999999999998 -0.6667875149357377
10.89999999999998 -0.6659730712232246
10.99999999999998 -0.665843300103323
11.09999999999998 -0.6662101229216221
11.19999999999998 -0.6673952918622034
11.29999999999998 -0.6682733695638121
11.39999999999998 -0.6667823514693116
11.49999999999998 -0.6648037810396233
11.59999999999997 -0.6635163230591461
11.69999999999997 -0.661869582715036
11.79999999999997 -0.6606882818125843
11.89999999999997 -0.6985482650609851
11.99999999999997 -0.6695795722138344
12.09999999999997 -0.6715147583425576
12.19999999999997 -0.6728864553893634
12.29999999999997 -0.6774324112843949
12.39999999999997 -0.6844433071487068
12.49999999999997 -0.6774037590620533
12.59999999999997 -0.6741176578963717
12.69999999999997 -0.6739096320837896
12.79999999999997 -0.6747150872769349
12.89999999999997 -0.6823691531336956
12.99999999999997 -0.6801435471300978
13.09999999999997 -0.6756240389966034
13.19999999999997 -0.6756679243754048
13.29999999999997 -0.675990053050431
13.39999999999997 -0.6765145220386654
13.49999999999997 -0.6771032825571075
13.59999999999997 -0.6769271069791784
13.69999999999997 -0.6758188519485832
13.79999999999997 -0.6747355233252804
13.89999999999997 -0.6740732301381361
13.99999999999997 -0.6736728316235115
14.09999999999997 -0.6735209315255198
14.19999999999997 -0.6756197522910895
14.29999999999997 -0.6810171984929981
14.39999999999996 -0.6749245623349982
14.49999999999996 -0.673417310525332
14.59999999999996 -0.673543762129978
14.69999999999996 -0.6744750156259636
14.79999999999996 -0.6790820194780561
14.89999999999996 -0.6840311452477993
14.99999999999996 -0.6775065985678236
15.09999999999996 -0.6740335211378694
15.19999999999996 -0.6717185031335781
15.29999999999996 -0.68345918359444
15.39999999999996 -0.6652586280159145
15.49999999999996 -0.6630341671670767
15.59999999999996 -0.6648433209830481
15.69999999999996 -0.6660244544227588
15.79999999999996 -0.6674901656178827
15.89999999999996 -0.6679491799862918
15.99999999999996 -0.6666172165609342
16.09999999999996 -0.6653736300136271
16.19999999999996 -0.6648565454540901
16.29999999999996 -0.6647460683016199
16.39999999999996 -0.6649212144400034
16.49999999999996 -0.6658819731411667
16.59999999999997 -0.6685614173390001
16.69999999999997 -0.6687342302065529
16.79999999999997 -0.6671024144592055
16.89999999999997 -0.666971899537815
16.99999999999997 -0.6674089025350314
17.09999999999997 -0.6681523268681213
17.19999999999997 -0.6692649881914161
17.29999999999998 -0.670120785443434
17.39999999999998 -0.6692758654056117
17.49999999999998 -0.6673914839297733
17.59999999999998 -0.665818950191267
17.69999999999998 -0.6642142122144316
17.79999999999998 -0.6619607075972315
17.89999999999998 -0.6914236681499428
17.99999999999999 -0.6554836467209101
18.09999999999999 -0.6559223612454196
18.19999999999999 -0.656992125117452
18.29999999999999 -0.6616673482508217
18.39999999999999 -0.6738770013371733
18.49999999999999 -0.6615777972893563
18.59999999999999 -0.6576068220680151
18.7 -0.6576859820656179
18.8 -0.6581615518788791
18.9 -0.6614649753716861
19 -0.6668736545124407
19.1 -0.6615863324761306
19.2 -0.6614607086141614
19.3 -0.6624261330764465
19.40000000000001 -0.6634720327994761
19.50000000000001 -0.6644713780619222
19.60000000000001 -0.6649299117328065
19.70000000000001 -0.6642752527965849
19.80000000000001 -0.662898893980244
19.90000000000001 -0.6616317307446075
20.00000000000001 -0.6607539864608187
20.10000000000002 -0.6601982505295327
20.20000000000002 -0.6600168141804679
20.30000000000002 -0.6609743636420777
20.40000000000002 -0.6627360270552679
20.50000000000002 -0.6607317733856142
20.60000000000002 -0.659132997613639
20.70000000000002 -0.6587875506174344
20.80000000000003 -0.6587898118328592
20.90000000000003 -0.6592920264596192
21.00000000000003 -0.6619421446742755
21.10000000000003 -0.6669109621640423
21.20000000000003 -0.6642815597578029
21.30000000000003 -0.6603151990251946
21.40000000000003 -0.6573781930760465
21.50000000000004 -0.6598361402059076
21.60000000000004 -0.6554375856462321
21.70000000000004 -0.6552796070855487
21.80000000000004 -0.6578730747080237
21.90000000000004 -0.6594760461300189
22.00000000000004 -0.6605985565825915
22.10000000000004 -0.6594653609885139
22.20000000000005 -0.6575817883501602
22.30000000000005 -0.6565857795938381
22.40000000000005 -0.6562286242669245
22.50000000000005 -0.6561624259041601
22.60000000000005 -0.6563592940722122
22.70000000000005 -0.6571302915024028
22.80000000000005 -0.6584427038907756
22.90000000000006 -0.6584086126586151
23.00000000000006 -0.6576507483722778
23.10000000000006 -0.6575894403232847
23.20000000000006 -0.6579971870747073
23.30000000000006 -0.6587065737340312
23.40000000000006 -0.6597142516591054
23.50000000000006 -0.6608695719073201
23.60000000000007 -0.6615548980033352
23.70000000000007 -0.6611422907227402
23.80000000000007 -0.6599912206790042
23.90000000000007 -0.6587763300568574
24.00000000000007 -0.6576038206542187
24.10000000000007 -0.6564685720874806
24.20000000000007 -0.6621572404208316
24.30000000000008 -0.6623737991204864
24.40000000000008 -0.6542057532441736
24.50000000000008 -0.6538566702176168
24.60000000000008 -0.653949110421102
24.70000000000008 -0.6640141655911647
24.80000000000008 -0.6721955089348136
24.90000000000008 -0.6555292092644087
25.00000000000009 -0.6544849326822652
25.10000000000009 -0.6546531659533326
25.20000000000009 -0.6581392426362203
25.30000000000009 -0.6699025121500501
25.40000000000009 -0.6584439822344712
25.50000000000009 -0.6589930844598921
25.60000000000009 -0.6601881384110417
25.7000000000001 -0.6614015881211693
25.8000000000001 -0.6627470762796964
25.9000000000001 -0.6637038971984466
26.0000000000001 -0.6635295060884624
26.1000000000001 -0.6624999330319649
26.2000000000001 -0.6613967583798354
26.3000000000001 -0.6605470562897989
26.40000000000011 -0.6599911969578001
26.50000000000011 -0.6598803607884161
26.60000000000011 -0.6606206391373142
26.70000000000011 -0.6609700763614244
26.80000000000011 -0.6594321234335857
26.90000000000011 -0.6584166815641723
27.00000000000011 -0.658132677668759
27.10000000000012 -0.6581411661954591
27.20000000000012 -0.6584328831967516
27.30000000000012 -0.6594150690525284
27.40000000000012 -0.6615043570338478
27.50000000000012 -0.6627294470882656
27.60000000000012 -0.6611915683879502
27.70000000000012 -0.6593203050722006
27.80000000000013 -0.6564483695203263
27.90000000000013 -0.6582394453077376
28.00000000000013 -0.6456207548853082
28.10000000000013 -0.6479027951382057
28.20000000000013 -0.6510252165511858
28.30000000000013 -0.6543454433166581
28.40000000000013 -0.6554876742737524
28.50000000000014 -0.651762821329151
28.60000000000014 -0.6495990072937068
28.70000000000014 -0.6490409812780431
28.80000000000014 -0.6489708929941745
28.90000000000014 -0.6491683545001735
29.00000000000014 -0.6499706013453315
29.10000000000014 -0.6513813068156838
29.20000000000014 -0.651168959330974
29.30000000000015 -0.6502095368888272
29.40000000000015 -0.65006890640922
29.50000000000015 -0.6503925361140235
29.60000000000015 -0.650983243282022
29.70000000000015 -0.651855845488909
29.80000000000015 -0.6529735011134352
29.90000000000015 -0.6540001086239924
30.00000000000016 -0.6543699628226747
30.10000000000016 -0.6539315714907501
30.20000000000016 -0.6530794583095504
30.30000000000016 -0.6521775037111562
30.40000000000016 -0.6513823891623683
30.50000000000016 -0.651128542080554
30.60000000000016 -0.6532024229710733
30.70000000000017 -0.6529807241219067
30.80000000000017 -0.6493448676996089
30.90000000000017 -0.6482884155258601
31.00000000000017 -0.6479005804193022
31.10000000000017 -0.648101091543227
31.20000000000017 -0.6538287497662543
31.30000000000017 -0.6619146982000534
31.40000000000018 -0.6504255667853858
31.50000000000018 -0.6470767175710423
31.60000000000018 -0.645077320824418
31.70000000000018 -0.6559830802319498
31.80000000000018 -0.6411375852294277
31.90000000000018 -0.6398478099164937
32.00000000000018 -0.6423149922019817
32.10000000000019 -0.6436889150335002
32.20000000000019 -0.6449395477835935
32.30000000000019 -0.6456286788788195
32.40000000000019 -0.6452256782336069
32.50000000000019 -0.6443514080453996
32.60000000000019 -0.6436489030246075
32.70000000000019 -0.6432108320840947
32.8000000000002 -0.6429937207064416
32.9000000000002 -0.6430376664287114
33.0000000000002 -0.6434238632253817
33.1000000000002 -0.6437083236363581
33.2000000000002 -0.6431778173376014
33.3000000000002 -0.6425048536417808
33.4000000000002 -0.6422015140950326
33.50000000000021 -0.6421677560183002
33.60000000000021 -0.6423087124582365
33.70000000000021 -0.6426165044192469
33.80000000000021 -0.643100078547462
33.90000000000021 -0.6436815358290818
34.00000000000021 -0.6441291079958582
34.10000000000021 -0.6442430792524296
34.20000000000022 -0.6440972454009372
34.30000000000022 -0.6438714364744863
34.40000000000022 -0.6436191399657054
34.50000000000022 -0.6434397520006961
34.60000000000022 -0.6454558513413307
34.70000000000022 -0.6498068297105252
34.80000000000022 -0.6429252638444928
34.90000000000023 -0.6410922773956782
35.00000000000023 -0.6406969991933831
35.10000000000023 -0.6432074633645208
35.20000000000023 -0.6560440065276412
35.30000000000023 -0.6456355028796796
35.40000000000023 -0.6396034977813934
35.50000000000023 -0.6389486696771486
35.60000000000024 -0.6390107959605794
35.70000000000024 -0.6552505132432205
35.80000000000024 -0.6395589811032985
35.90000000000024 -0.6376474134868345
36.00000000000024 -0.6386974002997831
36.10000000000024 -0.6394144607330627
36.20000000000024 -0.6401583676010032
36.30000000000025 -0.6410352413969701
36.40000000000025 -0.6417661475941767
36.50000000000025 -0.6420283388315011
36.60000000000025 -0.64197238439329
36.70000000000025 -0.6418947951869096
36.80000000000025 -0.641881959792833
36.90000000000025 -0.6419386346718923
37.00000000000026 -0.6421687392467503
37.10000000000026 -0.6426966625487952
37.20000000000026 -0.6426407019098012
37.30000000000026 -0.6413662838240634
37.40000000000026 -0.6403169707085686
37.50000000000026 -0.6398171054539414
37.60000000000026 -0.6396208556080132
37.70000000000027 -0.6396300393991794
37.80000000000027 -0.6398635981164323
37.90000000000027 -0.6403187126955557
38.00000000000027 -0.6407281233096409
38.10000000000027 -0.6406475274923018
38.20000000000027 -0.640129933490418
38.30000000000027 -0.6395641450130752
38.40000000000028 -0.6389625136544341
38.50000000000028 -0.6378959611900528
38.60000000000028 -0.6427433003606935
38.70000000000028 -0.6522725120379058
38.80000000000028 -0.6405437863531982
38.90000000000028 -0.6416387167935058
39.00000000000028 -0.6445527898433805
39.10000000000029 -0.653293996200254
39.20000000000029 -0.6480790933719334
39.30000000000029 -0.642365090237819
39.40000000000029 -0.6415815346517407
39.50000000000029 -0.6417202589130335
39.60000000000029 -0.6434979632418542
39.70000000000029 -0.6475801280305804
39.8000000000003 -0.6436223781081895
39.9000000000003 -0.6419741220514241
40.0000000000003 -0.6420130715850296
40.1000000000003 -0.6422657292992515
40.2000000000003 -0.6426185615078089
40.3000000000003 -0.6431078151818006
40.4000000000003 -0.6436749324095427
40.50000000000031 -0.6441188813532953
40.60000000000031 -0.6442938461460218
40.70000000000031 -0.6442976131689045
40.80000000000031 -0.6442980279505677
40.90000000000031 -0.644365236353259
41.00000000000031 -0.6445278462927601
41.10000000000031 -0.6449300779737355
41.20000000000032 -0.6457909785105336
41.30000000000032 -0.6459160881848487
41.40000000000032 -0.6444245077896392
41.50000000000032 -0.6432918518655635
41.60000000000032 -0.6427806462635204
41.70000000000032 -0.6425980149842118
41.80000000000032 -0.6427606123507211
41.90000000000033 -0.643552855869592
42.00000000000033 -0.6447756798408342
42.10000000000033 -0.6446241670976287
42.20000000000033 -0.642980174070197
42.30000000000033 -0.6414167152806458
42.40000000000033 -0.6391221572870733
42.50000000000033 -0.6335608162313006
42.60000000000034 -0.6978788632867202
42.70000000000034 -0.6682309144979869
42.80000000000034 -0.6718040166559818
42.90000000000034 -0.6743398611869782
43.00000000000034 -0.6814391916288873
43.10000000000034 -0.6818674886911613
43.20000000000034 -0.6755345276316667
43.30000000000035 -0.6742527390226126
43.40000000000035 -0.6744228772426796
43.50000000000035 -0.6757907879140884
43.60000000000035 -0.6815602573672905
43.70000000000035 -0.6785816894222221
43.80000000000035 -0.6756538560243317
43.90000000000035 -0.6754578799340463
44.00000000000036 -0.6756198047337374
44.10000000000036 -0.6759809440458354
44.20000000000036 -0.6765035563791242
44.30000000000036 -0.6767221347457177
44.40000000000036 -0.6761821754490868
44.50000000000036 -0.6753094385800459
44.60000000000036 -0.6746421235961908
44.70000000000037 -0.6742233801067401
44.80000000000037 -0.6739582470764628
44.90000000000037 -0.6747191239599362
45.00000000000037 -0.6809951679797881
45.10000000000037 -0.6770232482963031
45.20000000000037 -0.6736190115198231
45.30000000000037 -0.6734291061487562
45.40000000000038 -0.6740703736234022
45.50000000000038 -0.6791417601819729
45.60000000000038 -0.6860316402162049
45.70000000000038 -0.6768026287654665
45.80000000000038 -0.6729926575238659
45.90000000000038 -0.6706588044250704
46.00000000000038 -0.6855675102264389
46.10000000000039 -0.6599852340492226
46.20000000000039 -0.659274047655623
46.30000000000039 -0.6611228963408005
46.40000000000039 -0.6621808015126012
46.50000000000039 -0.6633718301440388
46.60000000000039 -0.6640228828030482
46.70000000000039 -0.6633255379253457
46.8000000000004 -0.6623361822484766
46.9000000000004 -0.6618415553093354
47.0000000000004 -0.6617481022508802
47.1000000000004 -0.6619398310704963
47.2000000000004 -0.6626576905470154
47.3000000000004 -0.6646082046363376
47.4000000000004 -0.6659616863984328
47.50000000000041 -0.6646591692009722
47.60000000000041 -0.6640480018610816
47.70000000000041 -0.6640731381633086
47.80000000000041 -0.6643181989092592
47.90000000000041 -0.6647892251047145
48.00000000000041 -0.6653770502859561
48.10000000000041 -0.6652597927386174
48.20000000000041 -0.6639950698586262
48.30000000000042 -0.6625579067027303
48.40000000000042 -0.6613747962551519
48.50000000000042 -0.6597119476446931
48.60000000000042 -0.6582621352192982
48.70000000000042 -0.6942903667711807
48.80000000000042 -0.6635693498787383
48.90000000000042 -0.6648337494649055
49.00000000000043 -0.6657984360263869
49.10000000000043 -0.6760356795271385
49.20000000000043 -0.6829813512486815
49.30000000000043 -0.6678835880271184
49.40000000000043 -0.6669211246549591
49.50000000000043 -0.6674755921332934
49.60000000000043 -0.6702966723870163
49.70000000000044 -0.6789727574282118
49.80000000000044 -0.6716557663129253
49.90000000000044 -0.6711079792283449
50.00000000000044 -0.6719004244384996
