0 -0.717761898771664
0.1 -0.720184962757467
0.2 -0.7201388446682904
0.3 -0.7201648930289328
0.4 -0.720184871542723
0.5 -0.7201575803816957
0.6 -0.7204401456364375
0.7 -0.7204822968574131
0.7999999999999999 -0.7204981215766108
0.8999999999999999 -0.7206182297370085
0.9999999999999999 -0.7199843362855387
1.1 -0.7224424696915323
1.2 -0.7224097573163006
1.3 -0.7224371313363627
1.4 -0.7224610688313049
1.5 -0.7224359772430571
1.6 -0.7227877651223554
1.7 -0.7228263967669178
1.8 -0.7228466397183935
1.900000000000001 -0.723103600947864
2 -0.7210020698465669
2.100000000000001 -0.7212133766004907
2.200000000000001 -0.7212247430150018
2.300000000000001 -0.7212553778510771
2.400000000000001 -0.7212536165236774
2.500000000000001 -0.721354729975905
2.600000000000001 -0.7215801278393941
2.700000000000001 -0.7215988798127029
2.800000000000001 -0.7216215005512279
2.900000000000001 -0.7219691735213686
3.000000000000001 -0.7209922743662512
3.100000000000001 -0.7208622499295978
3.200000000000002 -0.7208724401804147
3.300000000000002 -0.7209002680039065
3.400000000000002 -0.7209032548442205
3.500000000000002 -0.7209892139540544
3.600000000000002 -0.721240029881993
3.700000000000002 -0.7212610801958568
3.800000000000002 -0.7212880572963084
3.900000000000002 -0.7219334752345921
4.000000000000002 -0.7236982191049443
4.100000000000001 -0.7232751026947966
4.200000000000001 -0.7233030888973007
4.300000000000001 -0.7233388900604384
4.4 -0.7233013570985833
4.5 -0.7236491529863656
4.6 -0.7237929029559591
4.699999999999999 -0.7238084876137867
4.799999999999999 -0.7238596658292415
4.899999999999999 -0.7248663421544637
4.999999999999998 -0.7314991892853935
5.099999999999998 -0.7313392673634924
5.199999999999998 -0.7313670666846829
5.299999999999997 -0.7314020131180785
5.399999999999997 -0.7313466476362327
5.499999999999996 -0.7317673766492914
5.599999999999996 -0.7318633896710484
5.699999999999996 -0.7318836093431955
5.799999999999995 -0.7320710139071204
5.899999999999995 -0.7296888502244663
5.999999999999995 -0.7301751067656086
6.099999999999994 -0.7302218897937011
6.199999999999994 -0.7302693747272895
6.299999999999994 -0.7302442233942232
6.399999999999993 -0.7307174025363939
6.499999999999993 -0.7309133901072167
6.599999999999993 -0.730930581262818
6.699999999999992 -0.7309763414727368
6.799999999999992 -0.7320733050473821
6.899999999999991 -0.7391276576986935
6.999999999999991 -0.7389378413305513
7.099999999999991 -0.7389663745612762
7.19999999999999 -0.7390079366306455
7.29999999999999 -0.7389560026321955
7.39999999999999 -0.7395087117437538
7.499999999999989 -0.7396441217138571
7.599999999999989 -0.7396699178743481
7.699999999999989 -0.7401840262072157
7.799999999999988 -0.735471549974045
7.899999999999988 -0.73416386150848
7.999999999999988 -0.7342666222422151
8.099999999999987 -0.7343788544347547
8.199999999999987 -0.7345016367480297
8.299999999999986 -0.735493524679521
8.399999999999986 -0.7355305900275019
8.499999999999986 -0.7355609899097526
8.599999999999985 -0.7360679941477973
8.699999999999985 -0.7357968501116487
8.799999999999985 -0.735492098597839
8.899999999999984 -0.7355168342495157
8.999999999999984 -0.7355439834572867
9.099999999999984 -0.7355656985481258
9.199999999999983 -0.7356154196621689
9.299999999999983 -0.735991962754669
9.399999999999983 -0.7360269726218991
9.499999999999982 -0.7360659972926551
9.599999999999982 -0.7400237151073987
9.699999999999982 -0.7574520637717663
9.799999999999981 -0.7574520167188512
9.899999999999981 -0.7575328877059955
9.99999999999998 -0.7576483050052627
10.09999999999998 -0.7590664818954791
10.19999999999998 -0.7595282569269408
10.29999999999998 -0.7595731274283479
10.39999999999998 -0.7597726643793054
10.49999999999998 -0.7421125933257118
10.59999999999998 -0.7416826465187388
10.69999999999998 -0.7418715608434183
10.79999999999998 -0.7423048169871691
10.89999999999998 -0.7445668994552437
10.99999999999998 -0.7462551966119422
11.09999999999998 -0.7463411762311933
11.19999999999998 -0.7463931216904651
11.29999999999998 -0.7509902063669124
11.39999999999998 -0.7686408882188052
11.49999999999998 -0.7687001187426779
11.59999999999997 -0.7687462938429391
11.69999999999997 -0.7688616882996213
11.79999999999997 -0.7688119952058836
11.89999999999997 -0.7706190834645946
11.99999999999997 -0.7707575877904429
12.09999999999997 -0.7703368951256688
12.19999999999997 -0.7785370060746929
12.29999999999997 -0.7850787791905532
12.39999999999997 -0.7990506019683861
12.49999999999997 -0.9382869515765508
12.59999999999997 -0.9419148978791311
12.69999999999997 -0.940811594624532
12.79999999999997 -0.09787636559310342
12.89999999999997 -0.1523274223774183
12.99999999999997 -0.1524985003037789
13.09999999999997 -0.1525680529214879
13.19999999999997 -0.1527147141792153
13.29999999999997 -0.1529052108513258
13.39999999999997 -0.1530438192883838
13.49999999999997 -0.1531148185915767
13.59999999999997 -0.1531471137180245
13.69999999999997 -0.1531619918646157
13.79999999999997 -0.1531692860965589
13.89999999999997 -0.153173136478006
13.99999999999997 -0.1531753244972417
14.09999999999997 -0.1531766595518291
14.19999999999997 -0.1531775315281321
14.29999999999997 -0.1531781383597433
14.39999999999996 -0.1531785846000215
14.49999999999996 -0.1531789264121163
14.59999999999996 -0.1531791937966862
14.69999999999996 -0.1531794054991372
14.79999999999996 -0.1531795916243539
14.89999999999996 -0.1531798557787496
14.99999999999996 -0.1531805584509666
15.09999999999996 -0.1531828029157146
15.19999999999996 -0.1531895672710004
15.29999999999996 -0.153208940132346
15.39999999999996 -0.1532655695257985
15.49999999999996 -0.1534013596792561
15.59999999999996 -0.1535887855033438
15.69999999999996 -0.153732702069985
15.79999999999996 -0.1538089943392312
15.89999999999996 -0.1538441995579982
15.99999999999996 -0.1538604410149768
16.09999999999996 -0.1538683649098052
16.19999999999996 -0.1538725172038997
16.29999999999996 -0.1538748577588057
16.39999999999996 -0.1538762741413815
16.49999999999996 -0.1538771918150388
16.59999999999997 -0.1538778257745049
16.69999999999997 -0.1538782892682136
16.79999999999997 -0.1538786432262246
16.89999999999997 -0.153878920480236
16.99999999999997 -0.1538791414109208
17.09999999999997 -0.1538793360878917
17.19999999999997 -0.1538796033744448
17.29999999999998 -0.1538802849011632
17.39999999999998 -0.1538824288281079
17.49999999999998 -0.1538888749742697
17.59999999999998 -0.1539072806012816
17.69999999999998 -0.153960925745924
17.79999999999998 -0.1540918651439207
17.89999999999998 -0.154278727913272
17.99999999999999 -0.1544264524414489
18.09999999999999 -0.1545060353545056
18.19999999999999 -0.1545429547440336
18.29999999999999 -0.1545599816267799
18.39999999999999 -0.1545682686115809
18.49999999999999 -0.1545725983654337
18.59999999999999 -0.1545750318206166
18.7 -0.1545765004395427
18.8 -0.1545774497038547
18.9 -0.1545781042795782
19 -0.1545785823914034
19.1 -0.1545789477358781
19.2 -0.1545792348720675
19.3 -0.1545794654784104
19.40000000000001 -0.1545796708466122
19.50000000000001 -0.1545799511353837
19.60000000000001 -0.1545806490554207
19.70000000000001 -0.1545828125884421
19.80000000000001 -0.1545892793282848
19.90000000000001 -0.1546076904803675
20.00000000000001 -0.1546611750763858
20.10000000000002 -0.1547915721219149
20.20000000000002 -0.1549781988211829
20.30000000000002 -0.1551264005987782
20.40000000000002 -0.1552065404969821
20.50000000000002 -0.1552438050949656
20.60000000000002 -0.155261013025206
20.70000000000002 -0.1552693942751329
20.80000000000003 -0.1552737757303163
20.90000000000003 -0.1552762396870686
21.00000000000003 -0.1552777277962308
21.10000000000003 -0.1552786905698329
21.20000000000003 -0.1552793552880964
21.30000000000003 -0.1552798416246906
21.40000000000003 -0.1552802141751871
21.50000000000004 -0.1552805082474213
21.60000000000004 -0.155280746632629
21.70000000000004 -0.1552809633043165
21.80000000000004 -0.1552812659823622
21.90000000000004 -0.1552820184663433
22.00000000000004 -0.1552843229440818
22.10000000000004 -0.155291148859164
22.20000000000005 -0.1553105252630071
22.30000000000005 -0.155366594247718
22.40000000000005 -0.1555006330334634
22.50000000000005 -0.155687347207524
22.60000000000005 -0.1558327053493023
22.70000000000005 -0.1559106436243789
22.80000000000005 -0.1559468631475939
22.90000000000006 -0.1559636369866025
23.00000000000006 -0.155971838863164
23.10000000000006 -0.1559761440715327
23.20000000000006 -0.155978575057759
23.30000000000006 -0.1559800493288817
23.40000000000006 -0.1559810071788138
23.50000000000006 -0.1559816713330991
23.60000000000007 -0.1559821593406296
23.70000000000007 -0.1559825348197722
23.80000000000007 -0.1559828328843166
23.90000000000007 -0.155983077390955
24.00000000000007 -0.155983306875239
24.10000000000007 -0.1559836440784664
24.20000000000007 -0.155984496985578
24.30000000000008 -0.1559870834238409
24.40000000000008 -0.1559946568114767
24.50000000000008 -0.1560161058968774
24.60000000000008 -0.1560777932271964
24.70000000000008 -0.1562194416394145
24.80000000000008 -0.1564058795646459
24.90000000000008 -0.1565449899172973
25.00000000000009 -0.1566181614412547
25.10000000000009 -0.156652074002824
25.20000000000009 -0.1566678550917268
25.30000000000009 -0.1566756269836879
25.40000000000009 -0.1566797376045975
25.50000000000009 -0.1566820763643307
25.60000000000009 -0.1566835054221019
25.7000000000001 -0.1566844408669459
25.8000000000001 -0.1566850942364175
25.9000000000001 -0.1566855776240643
26.0000000000001 -0.1566859519281345
26.1000000000001 -0.156686251263225
26.2000000000001 -0.156686500816365
26.3000000000001 -0.1566867464836759
26.40000000000011 -0.1566871361537264
26.50000000000011 -0.1566881520764767
26.60000000000011 -0.1566912051671844
26.70000000000011 -0.1567000278335713
26.80000000000011 -0.1567250039852564
26.90000000000011 -0.1567959689709848
27.00000000000011 -0.1569486182567468
27.10000000000012 -0.1571330412848808
27.20000000000012 -0.1572624158261082
27.30000000000012 -0.1573286609112541
27.40000000000012 -0.1573592637405032
27.50000000000012 -0.1573736086026892
27.60000000000012 -0.1573807479639943
27.70000000000012 -0.1573845662615394
27.80000000000013 -0.1573867628462721
27.90000000000013 -0.157388119761555
28.00000000000013 -0.1573890175578641
28.10000000000013 -0.1573896511010907
28.20000000000013 -0.1573901242294028
28.30000000000013 -0.1573904936657429
28.40000000000013 -0.157390791995057
28.50000000000014 -0.1573910465851338
28.60000000000014 -0.1573913151855763
28.70000000000014 -0.1573917858204352
28.80000000000014 -0.1573930575608598
28.90000000000014 -0.1573968402150346
29.00000000000014 -0.15740762307286
29.10000000000014 -0.1574382197886417
29.20000000000014 -0.1575229908299265
29.30000000000015 -0.1576886564008975
29.40000000000015 -0.1578674850444131
29.50000000000015 -0.1579837841822451
29.60000000000015 -0.1580415474326025
29.70000000000015 -0.1580681852945062
29.80000000000015 -0.1580808026222802
29.90000000000015 -0.1580871710761806
30.00000000000016 -0.1580906273176299
30.10000000000016 -0.1580926446740281
30.20000000000016 -0.1580939087947326
30.30000000000016 -0.1580947569143889
30.40000000000016 -0.158095363310536
30.50000000000016 -0.1580958215044955
30.60000000000016 -0.1580961830108029
30.70000000000017 -0.1580964788065276
30.80000000000017 -0.1580967403225395
30.90000000000017 -0.1580970446496854
31.00000000000017 -0.1580976433557398
31.10000000000017 -0.1580993157645965
31.20000000000017 -0.1581042239620268
31.30000000000017 -0.1581180497421821
31.40000000000018 -0.1581574443541565
31.50000000000018 -0.1582613219904458
31.60000000000018 -0.1584393305219707
31.70000000000018 -0.1586072023003648
31.80000000000018 -0.1587076971605292
31.90000000000018 -0.1587561715455039
32.00000000000018 -0.1587785677366028
32.10000000000019 -0.1587893283761457
32.20000000000019 -0.1587948566893826
32.30000000000019 -0.1587979119360148
32.40000000000019 -0.1587997275015313
32.50000000000019 -0.1588008853752035
32.60000000000019 -0.1588016755458395
32.70000000000019 -0.1588022495163264
32.8000000000002 -0.1588026892734625
32.9000000000002 -0.1588030406295582
33.0000000000002 -0.1588033335944475
33.1000000000002 -0.1588036073619654
33.2000000000002 -0.1588039711386698
33.3000000000002 -0.1588047778649339
33.4000000000002 -0.1588070847968066
33.50000000000021 -0.1588137411640123
33.60000000000021 -0.1588323640501641
33.70000000000021 -0.1588854209216675
33.80000000000021 -0.1590135080074562
33.90000000000021 -0.159199019495198
34.00000000000021 -0.1593496611700151
34.10000000000021 -0.159432770958565
34.20000000000022 -0.1594719345036993
34.30000000000022 -0.159490161514048
34.40000000000022 -0.1594990831644265
34.50000000000022 -0.1595037658650895
34.60000000000022 -0.1595064103644788
34.70000000000022 -0.1595080156974711
34.80000000000022 -0.1595090610676462
34.90000000000023 -0.1595097888538429
35.00000000000023 -0.1595103272498447
35.10000000000023 -0.1595107463480168
35.20000000000023 -0.1595110864393416
35.30000000000023 -0.1595113783952413
35.40000000000023 -0.159511676150744
35.50000000000023 -0.159512143247511
35.60000000000024 -0.1595132965244537
35.70000000000024 -0.1595166250942964
35.80000000000024 -0.159526050848122
35.90000000000024 -0.159552461009639
36.00000000000024 -0.1596262284703538
36.10000000000024 -0.1597809243982193
36.20000000000024 -0.1599643415341916
36.30000000000025 -0.1600922040244104
36.40000000000025 -0.1601578517642657
36.50000000000025 -0.160188369474406
36.60000000000025 -0.1602027713540699
36.70000000000025 -0.1602099853363662
36.80000000000025 -0.1602138679255796
36.90000000000025 -0.1602161162069686
37.00000000000026 -0.1602175150644476
37.10000000000026 -0.1602184480988277
37.20000000000026 -0.1602191125868948
37.30000000000026 -0.1602196142761497
37.40000000000026 -0.1602200118320755
37.50000000000026 -0.1602203411210416
37.60000000000026 -0.1602206378085063
37.70000000000027 -0.1602209836396384
37.80000000000027 -0.160221635808106
37.90000000000027 -0.1602233798850783
38.00000000000027 -0.1602283857854637
38.10000000000027 -0.1602423444067349
38.20000000000027 -0.1602817520756321
38.30000000000027 -0.1603848576743108
38.40000000000028 -0.1605619435000569
38.50000000000028 -0.1607305772835461
38.60000000000028 -0.1608325861801223
38.70000000000028 -0.1608821664443878
38.80000000000028 -0.1609051809876957
38.90000000000028 -0.1609162710255653
39.00000000000028 -0.1609219812081024
39.10000000000029 -0.1609251438673077
39.20000000000029 -0.1609270280654453
39.30000000000029 -0.1609282335469688
39.40000000000029 -0.1609290595593129
39.50000000000029 -0.160929662765812
39.60000000000029 -0.1609301283974039
39.70000000000029 -0.1609305050025992
39.8000000000003 -0.1609308265695881
39.9000000000003 -0.1609311414714281
40.0000000000003 -0.1609315839465556
40.1000000000003 -0.1609325753483422
40.2000000000003 -0.1609353473035151
40.3000000000003 -0.1609431744368999
40.4000000000003 -0.1609649007488652
40.50000000000031 -0.1610259774140483
40.60000000000031 -0.1611649835683142
40.70000000000031 -0.1613507626761832
40.80000000000031 -0.1614929510285739
40.90000000000031 -0.1615694103316255
41.00000000000031 -0.1616053652321282
41.10000000000031 -0.1616222429609586
41.20000000000032 -0.161630602883617
41.30000000000032 -0.1616350462006436
41.40000000000032 -0.1616375876173211
41.50000000000032 -0.1616391505035557
41.60000000000032 -0.1616401818964073
41.70000000000032 -0.161640909850051
41.80000000000032 -0.1616414560039281
41.90000000000033 -0.1616418877850395
42.00000000000033 -0.1616422459994762
42.10000000000033 -0.1616425679812513
42.20000000000033 -0.161642930644757
42.30000000000033 -0.1616435679407255
42.40000000000033 -0.1616451927039939
42.50000000000033 -0.1616497864107715
42.60000000000034 -0.1616625300575738
42.70000000000034 -0.1616982005436711
42.80000000000034 -0.1617929643179543
42.90000000000034 -0.1619647889738409
43.00000000000034 -0.1621386226039172
43.10000000000034 -0.162248110272472
43.20000000000034 -0.1623022549215891
43.30000000000035 -0.1623274616460932
43.40000000000035 -0.1623395674561766
43.50000000000035 -0.162345767606431
43.60000000000035 -0.1623491825267342
43.70000000000035 -0.1623512063626925
43.80000000000035 -0.1623524951880483
43.90000000000035 -0.1623533750246984
44.00000000000036 -0.1623540160725203
44.10000000000036 -0.1623545109401301
44.20000000000036 -0.1623549126667151
44.30000000000036 -0.1623552585097668
44.40000000000036 -0.1623555998592923
44.50000000000036 -0.1623560742636009
44.60000000000036 -0.1623571065519771
44.70000000000037 -0.162359931028211
44.80000000000037 -0.1623678243978888
44.90000000000037 -0.1623896051797329
45.00000000000037 -0.1624504421588393
45.10000000000037 -0.1625886114903881
45.20000000000037 -0.1627742045013567
45.30000000000037 -0.162917374986483
45.40000000000038 -0.1629948798931609
45.50000000000038 -0.1630314845772793
45.60000000000038 -0.1630487108906126
45.70000000000038 -0.1630572573797975
45.80000000000038 -0.1630618060405867
45.90000000000038 -0.1630644115298978
46.00000000000038 -0.1630660167104652
46.10000000000039 -0.1630670784666255
46.20000000000039 -0.1630678301179349
46.30000000000039 -0.1630683963803943
46.40000000000039 -0.1630688468575365
46.50000000000039 -0.1630692247146064
46.60000000000039 -0.1630695716847267
46.70000000000039 -0.1630699757979066
46.8000000000004 -0.1630707011707879
46.9000000000004 -0.1630725395108021
47.0000000000004 -0.1630776648624397
47.1000000000004 -0.1630917612043181
47.2000000000004 -0.1631310654874958
47.3000000000004 -0.1632329104481187
47.4000000000004 -0.163408639216448
47.50000000000041 -0.1635784569423526
47.60000000000041 -0.1636827436017485
47.70000000000041 -0.1637339759157499
47.80000000000041 -0.1637579094627495
47.90000000000041 -0.1637694866024583
48.00000000000041 -0.1637754644360389
48.10000000000041 -0.1637787844960211
48.20000000000041 -0.163780768927802
48.30000000000042 -0.1637820437977011
48.40000000000042 -0.1637829220511868
48.50000000000042 -0.1637835680053288
48.60000000000042 -0.1637840717736677
48.70000000000042 -0.1637844861670973
48.80000000000042 -0.1637848515505912
48.90000000000042 -0.1637852309659922
49.00000000000043 -0.1637857979754449
49.10000000000043 -0.1637870792715496
49.20000000000043 -0.163790570433647
49.30000000000043 -0.1638001957450756
49.40000000000043 -0.1638266925160778
49.50000000000043 -0.1638993413747227
49.60000000000043 -0.164051434307414
49.70000000000044 -0.1642351009281036
49.80000000000044 -0.1643662392772083
49.90000000000044 -0.1644348548183052
50.00000000000044 -0.1644671301636164
