0 -0.717761898771664
0.1 -0.6820818025216946
0.2 -0.6576232830149982
0.3 -0.6337703832857028
0.4 -0.607493542942282
0.5 -0.5748814112017572
0.6 -0.5477762605056048
0.7 -0.5307460427275127
0.7999999999999999 -0.5185000336525711
0.8999999999999999 -0.5086652296791184
0.9999999999999999 -0.5002068899653985
1.1 -0.4882911516011358
1.2 -0.4716867912415672
1.3 -0.4647843779406918
1.4 -0.4609807431496287
1.5 -0.4576323565004752
1.6 -0.45450586881075
1.7 -0.4515616269240876
1.8 -0.4487425854859369
1.900000000000001 -0.44597705028376
2 -0.4431918057829385
2.100000000000001 -0.4403357326678566
2.200000000000001 -0.4374156970590115
2.300000000000001 -0.4345149529939957
2.400000000000001 -0.4317535098335037
2.500000000000001 -0.4292125982156564
2.600000000000001 -0.4268979279701848
2.700000000000001 -0.4247618295045837
2.800000000000001 -0.4227413752383058
2.900000000000001 -0.4207804809958656
3.000000000000001 -0.4188352521028312
3.100000000000001 -0.4168717845808331
3.200000000000002 -0.4148620593296934
3.300000000000002 -0.4127776578625728
3.400000000000002 -0.4105715323842805
3.500000000000002 -0.4081136562465258
3.600000000000002 -0.4050304265848889
3.700000000000002 -0.4007643427933604
3.800000000000002 -0.3958043195343021
3.900000000000002 -0.3914504665863546
4.000000000000002 -0.387694153022441
4.100000000000001 -0.3840619873189051
4.200000000000001 -0.3803564654930591
4.300000000000001 -0.3765435300297384
4.4 -0.3726238905084285
4.5 -0.368581015599295
4.6 -0.3643492996062507
4.699999999999999 -0.3598057956005902
4.799999999999999 -0.3548767650148474
4.899999999999999 -0.3497942036908681
4.999999999999998 -0.3451079163632779
5.099999999999998 -0.3412131890416812
5.199999999999998 -0.3381048747356697
5.299999999999997 -0.3355911546405889
5.399999999999997 -0.3334984696447683
5.499999999999996 -0.3317223362793434
5.599999999999996 -0.3302173794364056
5.699999999999996 -0.3289816487954855
5.799999999999995 -0.3280077801112135
5.899999999999995 -0.3269072388560192
5.999999999999995 -0.3230028570464173
6.099999999999994 -0.3136481395739012
6.199999999999994 -0.3086567611143612
6.299999999999994 -0.3076227316550475
6.399999999999993 -0.3073105863959841
6.499999999999993 -0.3069997969016693
6.599999999999993 -0.3066325386890543
6.699999999999992 -0.3062286594384071
6.799999999999992 -0.305803238650581
6.899999999999991 -0.3053607366896824
6.999999999999991 -0.3048966480783523
7.099999999999991 -0.3043978188438703
7.19999999999999 -0.3038409560914683
7.29999999999999 -0.3031904633027567
7.39999999999999 -0.3023987703310513
7.499999999999989 -0.3014158597983987
7.599999999999989 -0.3002159163695028
7.699999999999989 -0.2988364452882432
7.799999999999988 -0.2973956191520328
7.899999999999988 -0.2960493619275797
7.999999999999988 -0.2949126042924716
8.099999999999987 -0.2940179392602603
8.199999999999987 -0.2933345751618159
8.299999999999986 -0.2928083800354386
8.399999999999986 -0.2923887833748959
8.499999999999986 -0.2920379994457462
8.599999999999985 -0.2917306575053294
8.699999999999985 -0.291450578322468
8.799999999999985 -0.2911876579972297
8.899999999999984 -0.2909356112329428
8.999999999999984 -0.2906905126900446
9.099999999999984 -0.290449894615177
9.199999999999983 -0.2902121707699707
9.299999999999983 -0.2899761790689139
9.399999999999983 -0.2897405839650821
9.499999999999982 -0.2895026577209662
9.599999999999982 -0.2892553741930497
9.699999999999982 -0.2889805087222479
9.799999999999981 -0.2886338996004669
9.899999999999981 -0.2881226550161333
9.99999999999998 -0.2873047573694217
10.09999999999998 -0.2861064589093158
10.19999999999998 -0.2847358110281356
10.29999999999998 -0.2835679239756208
10.39999999999998 -0.2827428072757757
10.49999999999998 -0.2821505193127914
10.59999999999998 -0.2816502139765685
10.69999999999998 -0.2811584458848371
10.79999999999998 -0.2806377197303311
10.89999999999998 -0.2800725974121492
10.99999999999998 -0.2794557584317711
11.09999999999998 -0.278781785117087
11.19999999999998 -0.2780446466999251
11.29999999999998 -0.2772367005139004
11.39999999999998 -0.2763483001049142
11.49999999999998 -0.2753677266858765
11.59999999999997 -0.2742814873630528
11.69999999999997 -0.2730752438188691
11.79999999999997 -0.2717357715163291
11.89999999999997 -0.2702542473530124
11.99999999999997 -0.268630546866097
12.09999999999997 -0.2668770686670012
12.19999999999997 -0.265019728012359
12.29999999999997 -0.2630946500692497
12.39999999999997 -0.2611418313446245
12.49999999999997 -0.2591990644803824
12.59999999999997 -0.2572985231680351
12.69999999999997 -0.2554659456660983
12.79999999999997 -0.2537210493568192
12.89999999999997 -0.2520781471354008
12.99999999999997 -0.2505466957846709
13.09999999999997 -0.2491318540474701
13.19999999999997 -0.247835078682064
13.29999999999997 -0.2466546003858785
13.39999999999997 -0.2455854211940958
13.49999999999997 -0.2446182608505694
13.59999999999997 -0.2437367494746767
13.69999999999997 -0.2429128123781733
13.79999999999997 -0.2421036837656616
13.89999999999997 -0.2412620584689854
13.99999999999997 -0.2403722163291044
14.09999999999997 -0.2394878141211074
14.19999999999997 -0.2387046435639741
14.29999999999997 -0.2380810262993132
14.39999999999996 -0.2376084321372097
14.49999999999996 -0.2372453426670734
14.59999999999996 -0.236951918894149
14.69999999999996 -0.2367012607467996
14.79999999999996 -0.236477668880667
14.89999999999996 -0.2362724179945288
14.99999999999996 -0.2360805924717969
15.09999999999996 -0.2358992471218805
15.19999999999996 -0.2357264369341661
15.29999999999996 -0.2355607210932832
15.39999999999996 -0.2354009060298183
15.49999999999996 -0.2352459034001457
15.59999999999996 -0.2350946402519492
15.69999999999996 -0.2349459896969657
15.79999999999996 -0.2347987056782904
15.89999999999996 -0.2346513531844282
15.99999999999996 -0.2345022300892302
16.09999999999996 -0.234349281488157
16.19999999999996 -0.2341900141249751
16.29999999999996 -0.2340214292085859
16.39999999999996 -0.2338400079405887
16.49999999999996 -0.2336418044876979
16.59999999999997 -0.2334227194557477
16.69999999999997 -0.2331790269142348
16.79999999999997 -0.2329081829243034
16.89999999999997 -0.2326098281676568
16.99999999999997 -0.2322867213601096
17.09999999999997 -0.2319451884910293
17.19999999999997 -0.2315946963629091
17.29999999999998 -0.2312464585949931
17.39999999999998 -0.2309114505714208
17.49999999999998 -0.2305985352335848
17.59999999999998 -0.2303133304900256
17.69999999999998 -0.2300580430982546
17.79999999999998 -0.22983206211426
17.89999999999998 -0.2296329010334703
17.99999999999999 -0.2294571240653965
18.09999999999999 -0.2293010568503009
18.19999999999999 -0.2291612356700019
18.29999999999999 -0.229034637364806
18.39999999999999 -0.2289187602866412
18.49999999999999 -0.2288116208338382
18.59999999999999 -0.2287117127239084
18.7 -0.2286179593347985
18.8 -0.2285296776171833
18.9 -0.228446565825582
19 -0.2283687260775558
19.1 -0.2282967363033684
19.2 -0.2282317953829782
19.3 -0.2281759827648601
19.40000000000001 -0.2281327041457961
19.50000000000001 -0.2281074416502904
19.60000000000001 -0.2281089728520651
19.70000000000001 -0.228151110133005
19.80000000000001 -0.2282537770468637
19.90000000000001 -0.228434248899129
20.00000000000001 -0.2286311303182385
20.10000000000002 -0.2282363996792337
20.20000000000002 -0.2243185227045645
20.30000000000002 -0.2147930739597499
20.40000000000002 -0.2094112595066086
20.50000000000002 -0.2084642904304745
20.60000000000002 -0.2085576995559965
20.70000000000002 -0.2087185655976994
20.80000000000003 -0.2088079596451508
20.90000000000003 -0.2088305430748116
21.00000000000003 -0.2088046887138678
21.10000000000003 -0.2087437063632368
21.20000000000003 -0.2086549562613536
21.30000000000003 -0.2085409069804677
21.40000000000003 -0.2083996400829034
21.50000000000004 -0.2082245638965814
21.60000000000004 -0.2080035305706522
21.70000000000004 -0.2077179512465079
21.80000000000004 -0.2073433896434806
21.90000000000004 -0.2068544257144252
22.00000000000004 -0.2062367401798189
22.10000000000004 -0.2055045724014923
22.20000000000005 -0.2047109093492291
22.30000000000005 -0.2039337990851606
22.40000000000005 -0.2032418456225379
22.50000000000005 -0.2026666433153952
22.60000000000005 -0.2022018463887432
22.70000000000005 -0.2018203024984763
22.80000000000005 -0.201491157857881
22.90000000000006 -0.2011887956777488
23.00000000000006 -0.200894943003359
23.10000000000006 -0.200597588918589
23.20000000000006 -0.2002891440546749
23.30000000000006 -0.1999648420747328
23.40000000000006 -0.1996216081238198
23.50000000000006 -0.1992573350570492
23.60000000000007 -0.1988704503330895
23.70000000000007 -0.1984596736044683
23.80000000000007 -0.1980238959208024
23.90000000000007 -0.1975621374287877
24.00000000000007 -0.1970735585535584
24.10000000000007 -0.1965575112920804
24.20000000000007 -0.1960136242317792
24.30000000000008 -0.1954419181826715
24.40000000000008 -0.194842948708188
24.50000000000008 -0.1942179663090607
24.60000000000008 -0.1935690737810153
24.70000000000008 -0.1928993452473238
24.80000000000008 -0.1922128598329524
24.90000000000008 -0.1915146069013379
25.00000000000009 -0.1908102482150339
25.10000000000009 -0.1901057693231488
25.20000000000009 -0.1894070937771425
25.30000000000009 -0.1887197430606947
25.40000000000009 -0.1880485971883207
25.50000000000009 -0.1873977667147665
25.60000000000009 -0.1867705537137185
25.7000000000001 -0.1861694691516859
25.8000000000001 -0.1855962809189557
25.9000000000001 -0.1850520782346858
26.0000000000001 -0.1845373461983604
26.1000000000001 -0.1840520473801534
26.2000000000001 -0.1835957074563828
26.3000000000001 -0.1831675012433271
26.40000000000011 -0.1827663352885993
26.50000000000011 -0.1823909236968211
26.60000000000011 -0.1820398548553571
26.70000000000011 -0.1817116478460759
26.80000000000011 -0.1814047983278037
26.90000000000011 -0.1811178144262904
27.00000000000011 -0.1808492436496549
27.10000000000012 -0.1805976920912352
27.20000000000012 -0.1803618372458985
27.30000000000012 -0.1801404357093465
27.40000000000012 -0.179932326902972
27.50000000000012 -0.1797364338070614
27.60000000000012 -0.1795517615183035
27.70000000000012 -0.1793773942893894
27.80000000000013 -0.179212491567462
27.90000000000013 -0.1790562834277368
28.00000000000013 -0.1789080656990751
28.10000000000013 -0.178767194998168
28.20000000000013 -0.1786330838259134
28.30000000000013 -0.1785051958308869
28.40000000000013 -0.1783830413079343
28.50000000000014 -0.1782661729724901
28.60000000000014 -0.1781541820312194
28.70000000000014 -0.1780466945553071
28.80000000000014 -0.1779433681527879
28.90000000000014 -0.177843888929635
29.00000000000014 -0.1777479687250517
29.10000000000014 -0.1776553426038756
29.20000000000014 -0.1775657665877148
29.30000000000015 -0.1774790156060183
29.40000000000015 -0.1773948816484671
29.50000000000015 -0.1773131721006495
29.60000000000015 -0.1772337082458237
29.70000000000015 -0.1771563239165689
29.80000000000015 -0.1770808642811905
29.90000000000015 -0.1770071847508735
30.00000000000016 -0.1769351499946716
30.10000000000016 -0.1768646330505194
30.20000000000016 -0.1767955145214939
30.30000000000016 -0.1767276818475471
30.40000000000016 -0.1766610286438716
30.50000000000016 -0.1765954540979247
30.60000000000016 -0.176530862417949
30.70000000000017 -0.1764671623265569
30.80000000000017 -0.1764042665936199
30.90000000000017 -0.1763420916033005
31.00000000000017 -0.1762805569506017
31.10000000000017 -0.1762195850632795
31.20000000000017 -0.1761591008453784
31.30000000000017 -0.1760990313390023
31.40000000000018 -0.1760393054012383
31.50000000000018 -0.1759798533934022
31.60000000000018 -0.1759206068799816
31.70000000000018 -0.1758614983348197
31.80000000000018 -0.175802460852206
31.90000000000018 -0.1757434278606305
32.00000000000018 -0.1756843328370166
32.10000000000019 -0.1756251090192719
32.20000000000019 -0.1755656891149895
32.30000000000019 -0.175506005004107
32.40000000000019 -0.1754459874332677
32.50000000000019 -0.1753855656995464
32.60000000000019 -0.1753246673210983
32.70000000000019 -0.1752632176921522
32.8000000000002 -0.1752011397196213
32.9000000000002 -0.1751383534384221
33.0000000000002 -0.175074775602397
33.1000000000002 -0.1750103192475179
33.2000000000002 -0.1749448932238055
33.3000000000002 -0.1748784016921574
33.4000000000002 -0.1748107435820037
33.50000000000021 -0.1747418120054515
33.60000000000021 -0.1746714936233114
33.70000000000021 -0.1745996679581569
33.80000000000021 -0.1745262066493522
33.90000000000021 -0.1744509726448277
34.00000000000021 -0.1743738193243077
34.10000000000021 -0.1742945895487426
34.20000000000022 -0.174213114630914
34.30000000000022 -0.1741292132226339
34.40000000000022 -0.1740426901147207
34.50000000000022 -0.1739533349471091
34.60000000000022 -0.173860920828165
34.70000000000022 -0.1737652028646814
34.80000000000022 -0.1736659166073135
34.90000000000023 -0.1735627764206047
35.00000000000023 -0.1734554737925278
35.10000000000023 -0.1733436756059247
35.20000000000023 -0.1732270224037495
35.30000000000023 -0.173105126691994
35.40000000000023 -0.1729775713390214
35.50000000000023 -0.1728439081481996
35.60000000000024 -0.1727036567025718
35.70000000000024 -0.1725563036061349
35.80000000000024 -0.1724013022761771
35.90000000000024 -0.1722380734748166
36.00000000000024 -0.1720660068046277
36.10000000000024 -0.1718844634315309
36.20000000000024 -0.1716927803354712
36.30000000000025 -0.171490276421999
36.40000000000025 -0.1712762608502859
36.50000000000025 -0.171050043938102
36.60000000000025 -0.1708109509827376
36.70000000000025 -0.1705583392779789
36.80000000000025 -0.170291618499409
36.90000000000025 -0.1700102744623329
37.00000000000026 -0.1697138960200933
37.10000000000026 -0.1694022045627853
37.20000000000026 -0.1690750852041818
37.30000000000026 -0.1687326183280523
37.40000000000026 -0.1683751097401953
37.50000000000026 -0.1680031172925885
37.60000000000026 -0.1676174715784795
37.70000000000027 -0.1672192882160636
37.80000000000027 -0.1668099694117595
37.90000000000027 -0.1663911929678553
38.00000000000027 -0.1659648876799581
38.10000000000027 -0.1655331951113736
38.20000000000027 -0.1650984189323149
38.30000000000027 -0.1646629642229257
38.40000000000028 -0.1642292701880809
38.50000000000028 -0.1637997404555294
38.60000000000028 -0.1633766754080376
38.70000000000028 -0.1629622107869084
38.80000000000028 -0.1625582661333925
38.90000000000028 -0.1621665056154744
39.00000000000028 -0.1617883125794123
39.10000000000029 -0.1614247779426281
39.20000000000029 -0.1610767014626772
39.30000000000029 -0.1607446040875359
39.40000000000029 -0.1604287490706641
39.50000000000029 -0.1601291693212796
39.60000000000029 -0.1598456985145575
39.70000000000029 -0.1595780037411443
39.8000000000003 -0.1593256178550042
39.9000000000003 -0.1590879701128514
40.0000000000003 -0.1588644141304787
40.1000000000003 -0.1586542525715754
40.2000000000003 -0.1584567583103339
40.3000000000003 -0.1582711920616028
40.4000000000003 -0.1580968166531201
40.50000000000031 -0.1579329082315409
40.60000000000031 -0.1577787647588387
40.70000000000031 -0.1576337121803296
40.80000000000031 -0.1574971086414067
40.90000000000031 -0.1573683471068433
41.00000000000031 -0.1572468567020439
41.10000000000031 -0.1571321030557968
41.20000000000032 -0.1570235878830746
41.30000000000032 -0.1569208480070229
41.40000000000032 -0.1568234539831154
41.50000000000032 -0.1567310084564112
41.60000000000032 -0.1566431443551877
41.70000000000032 -0.1565595230008878
41.80000000000032 -0.1564798321949819
41.90000000000033 -0.1564037843275915
42.00000000000033 -0.1563311145400896
42.10000000000033 -0.1562615789638936
42.20000000000033 -0.1561949530498866
42.30000000000033 -0.1561310299969248
42.40000000000033 -0.1560696192833854
42.50000000000033 -0.1560105453023732
42.60000000000034 -0.1559536460988003
42.70000000000034 -0.1558987722048671
42.80000000000034 -0.1558457855693529
42.90000000000034 -0.1557945585754246
43.00000000000034 -0.1557449731412947
43.10000000000034 -0.1556969198979157
43.20000000000034 -0.1556502974379332
43.30000000000035 -0.1556050116302614
43.40000000000035 -0.1555609749948832
43.50000000000035 -0.1555181061327562
43.60000000000035 -0.1554763292060218
43.70000000000035 -0.1554355734640414
43.80000000000035 -0.1553957728111137
43.90000000000035 -0.1553568654120519
44.00000000000036 -0.1553187933321094
44.10000000000036 -0.1552815022080426
44.20000000000036 -0.1552449409473741
44.30000000000036 -0.1552090614531807
44.40000000000036 -0.1551738183719741
44.50000000000036 -0.1551391688624557
44.60000000000036 -0.1551050723831371
44.70000000000037 -0.1550714904969979
44.80000000000037 -0.155038386691521
44.90000000000037 -0.1550057262125989
45.00000000000037 -0.1549734759109404
45.10000000000037 -0.1549416040997315
45.20000000000037 -0.1549100804224164
45.30000000000037 -0.1548788757295636
45.40000000000038 -0.1548479619638706
45.50000000000038 -0.1548173120524446
45.60000000000038 -0.1547868998055618
45.70000000000038 -0.1547566998211757
45.80000000000038 -0.1547266873944989
45.90000000000038 -0.1546968384320315
46.00000000000038 -0.1546671293694518
46.10000000000039 -0.1546375370928237
46.20000000000039 -0.154608038862605
46.30000000000039 -0.1545786122399697
46.40000000000039 -0.1545492350149774
46.50000000000039 -0.1545198851361432
46.60000000000039 -0.1544905406409742
46.70000000000039 -0.154461179587049
46.8000000000004 -0.1544317799832239
46.9000000000004 -0.154402319720549
47.0000000000004 -0.1543727765024825
47.1000000000004 -0.15434312777398
47.2000000000004 -0.1543133506490344
47.3000000000004 -0.1542834218362249
47.4000000000004 -0.1542533175618244
47.50000000000041 -0.1542230134899913
47.60000000000041 -0.1541924846395515
47.70000000000041 -0.1541617052968518
47.80000000000041 -0.1541306489241329
47.90000000000041 -0.1540992880628398
48.00000000000041 -0.1540675942312449
48.10000000000041 -0.1540355378157218
48.20000000000041 -0.1540030879549548
48.30000000000042 -0.153970212416323
48.40000000000042 -0.1539368774636374
48.50000000000042 -0.1539030477153497
48.60000000000042 -0.153868685992286
48.70000000000042 -0.1538337531538863
48.80000000000042 -0.1537982079218563
48.90000000000042 -0.1537620066900605
49.00000000000043 -0.1537251033193984
49.10000000000043 -0.1536874489163245
49.20000000000043 -0.1536489915935839
49.30000000000043 -0.1536096762116501
49.40000000000043 -0.1535694440992655
49.50000000000043 -0.1535282327514101
49.60000000000043 -0.1534859755029547
49.70000000000044 -0.1534426011761991
49.80000000000044 -0.1533980337004705
49.90000000000044 -0.1533521917019509
50.00000000000044 -0.1533049880619474
