0 -0.717761898771664
0.1 -0.681818319817073
0.2 -0.6530894974438076
0.3 -0.625241617132817
0.4 -0.5949624592298967
0.5 -0.5572558692329778
0.6 -0.5255170654005819
0.7 -0.5051025372137747
0.7999999999999999 -0.490235974626783
0.8999999999999999 -0.478391733139131
0.9999999999999999 -0.4680322360849787
1.1 -0.4514065665423826
1.2 -0.4367047252606212
1.3 -0.4311902719603163
1.4 -0.4274637695671855
1.5 -0.4241238128806327
1.6 -0.4210787388403406
1.7 -0.4182826188702629
1.8 -0.4156735679071262
1.900000000000001 -0.4131881195675969
2 -0.41077253173498
2.100000000000001 -0.4083950592919772
2.200000000000001 -0.4060582181477392
2.300000000000001 -0.4037999732890323
2.400000000000001 -0.4016743987423859
2.500000000000001 -0.3997214095938782
2.600000000000001 -0.3979484954764044
2.700000000000001 -0.3963341822851123
2.800000000000001 -0.3948428629272546
2.900000000000001 -0.3934377016133654
3.000000000000001 -0.3920868727755754
3.100000000000001 -0.3907647257115699
3.200000000000002 -0.3894506388668386
3.300000000000002 -0.3881272853865986
3.400000000000002 -0.386778908362144
3.500000000000002 -0.3853894138447803
3.600000000000002 -0.3839392314699006
3.700000000000002 -0.3823982015452673
3.800000000000002 -0.3807087275992231
3.900000000000002 -0.3787545313633576
4.000000000000002 -0.3763484394172359
4.100000000000001 -0.3733778192538401
4.200000000000001 -0.3700817892703824
4.300000000000001 -0.3668453302741281
4.4 -0.3637283747606533
4.5 -0.3605765430242744
4.6 -0.3572700669759518
4.699999999999999 -0.353763609275532
4.799999999999999 -0.3500520813515957
4.899999999999999 -0.3461460351076259
4.999999999999998 -0.3420584859558413
5.099999999999998 -0.3377925881090671
5.199999999999998 -0.3333300399958616
5.299999999999997 -0.3286458190847997
5.399999999999997 -0.3237933101196248
5.499999999999996 -0.3190120493261643
5.599999999999996 -0.3146563980983675
5.699999999999996 -0.3109535432656971
5.799999999999995 -0.3079088237503248
5.899999999999995 -0.3054111785409909
5.999999999999995 -0.303345726118213
6.099999999999994 -0.3016403339892215
6.199999999999994 -0.3002808744783984
6.299999999999994 -0.2993333574242831
6.399999999999993 -0.2989684465107664
6.499999999999993 -0.2989519104934791
6.599999999999993 -0.2914599512440618
6.699999999999992 -0.271388004141799
6.799999999999992 -0.2675665706737053
6.899999999999991 -0.2678834668840149
6.999999999999991 -0.2681455339363468
7.099999999999991 -0.2681585262487077
7.19999999999999 -0.2680283950722935
7.29999999999999 -0.2678168263886683
7.39999999999999 -0.2675431436457029
7.499999999999989 -0.2671915176219549
7.599999999999989 -0.2666985223524742
7.699999999999989 -0.2659126004193392
7.799999999999988 -0.2645208307785161
7.899999999999988 -0.2620137479206393
7.999999999999988 -0.2580024181346692
8.099999999999987 -0.2530770045390098
8.199999999999987 -0.2487922093428531
8.299999999999986 -0.2460468448085465
8.399999999999986 -0.2445952633319176
8.499999999999986 -0.243883086270285
8.599999999999985 -0.2435267232377024
8.699999999999985 -0.2433300761733223
8.799999999999985 -0.2432032802040383
8.899999999999984 -0.243106565290799
8.999999999999984 -0.2430224748643185
9.099999999999984 -0.2429433866043749
9.199999999999983 -0.242866031117413
9.299999999999983 -0.2427890713910869
9.399999999999983 -0.242712017138513
9.499999999999982 -0.2426347270741621
9.599999999999982 -0.2425571709258102
9.699999999999982 -0.2424793015617106
9.799999999999981 -0.2424009632241095
9.899999999999981 -0.2423217916101544
9.99999999999998 -0.242241068864146
10.09999999999998 -0.2421574911071905
10.19999999999998 -0.2420687936332099
10.29999999999998 -0.2419711698169076
10.39999999999998 -0.2418584442982692
10.49999999999998 -0.2417210957136122
10.59999999999998 -0.2415456157368927
10.69999999999998 -0.2413154740504113
10.79999999999998 -0.2410157913438521
10.89999999999998 -0.240642963856117
10.99999999999998 -0.2402153421497399
11.09999999999998 -0.2397741941644317
11.19999999999998 -0.2393678193416779
11.29999999999998 -0.2390292619462513
11.39999999999998 -0.2387662529621918
11.49999999999998 -0.2385674343229839
11.59999999999997 -0.2384142770594695
11.69999999999997 -0.238289455706587
11.79999999999997 -0.238180002523699
11.89999999999997 -0.2380773205536766
11.99999999999997 -0.2379761076789718
12.09999999999997 -0.2378732293264152
12.19999999999997 -0.2377668632663376
12.29999999999997 -0.2376559310169175
12.39999999999997 -0.2375397437711826
12.49999999999997 -0.2374177887034718
12.59999999999997 -0.2372896007563808
12.69999999999997 -0.2371546838895952
12.79999999999997 -0.2370124593790292
12.89999999999997 -0.2368622274482445
12.99999999999997 -0.2367031337102314
13.09999999999997 -0.2365341348385532
13.19999999999997 -0.2363539594287306
13.29999999999997 -0.236161060689009
13.39999999999997 -0.2359535577345916
13.49999999999997 -0.2357291620421437
13.59999999999997 -0.2354850851751152
13.69999999999997 -0.2352179233157692
13.79999999999997 -0.2349235135537361
13.89999999999997 -0.2345967564604985
13.99999999999997 -0.2342313995226055
14.09999999999997 -0.233819777030644
14.19999999999997 -0.2333525049277941
14.29999999999997 -0.232818135472649
14.39999999999996 -0.2322027889992919
14.49999999999996 -0.2314898027391727
14.59999999999996 -0.2306594754500222
14.69999999999996 -0.2296890476984039
14.79999999999996 -0.228553142912548
14.89999999999996 -0.2272249905949603
14.99999999999996 -0.2256788155165043
15.09999999999996 -0.2238937142153973
15.19999999999996 -0.2218590262409982
15.29999999999996 -0.2195805527035183
15.39999999999996 -0.2170860743374751
15.49999999999996 -0.2144279008997902
15.59999999999996 -0.2116803247578735
15.69999999999996 -0.2089313130956723
15.79999999999996 -0.2062701454968389
15.89999999999996 -0.2037746401743363
15.99999999999996 -0.201501783722451
16.09999999999996 -0.1994838687604163
16.19999999999996 -0.1977298524354338
16.29999999999996 -0.1962299977089934
16.39999999999996 -0.1949615397214978
16.49999999999996 -0.1938938197668568
16.59999999999997 -0.1929924144296857
16.69999999999997 -0.1922227254856996
16.79999999999997 -0.1915538218857869
16.89999999999997 -0.1909625579209228
16.99999999999997 -0.1904362980605849
17.09999999999997 -0.1899718093200278
17.19999999999997 -0.1895701299329345
17.29999999999998 -0.1892307707513949
17.39999999999998 -0.1889489443308106
17.49999999999998 -0.1887163338609479
17.59999999999998 -0.1885233780142281
17.69999999999998 -0.1883611766457538
17.79999999999998 -0.1882224017939961
17.89999999999998 -0.1881014361331918
17.99999999999999 -0.187994135197151
18.09999999999999 -0.1878974884522285
18.19999999999999 -0.1878093082091782
18.29999999999999 -0.187727985330625
18.39999999999999 -0.1876523103992032
18.49999999999999 -0.1875813461819418
18.59999999999999 -0.1875143360165399
18.7 -0.1874506351164461
18.8 -0.1873896544077898
18.9 -0.1873308082152449
19 -0.1872734575551034
19.1 -0.1872168397933788
19.2 -0.1871599727042979
19.3 -0.1871015160280414
19.40000000000001 -0.1870395657821253
19.50000000000001 -0.1869713451855809
19.60000000000001 -0.1868927414309779
19.70000000000001 -0.1867976235699318
19.80000000000001 -0.18667687732364
19.90000000000001 -0.1865171451467525
20.00000000000001 -0.1862994476537135
20.10000000000002 -0.1859983286577433
20.20000000000002 -0.1855830367912239
20.30000000000002 -0.1850232704722349
20.40000000000002 -0.1843017364712168
20.50000000000002 -0.1834314711078612
20.60000000000002 -0.1824672648386814
20.70000000000002 -0.1814966880689557
20.80000000000003 -0.1806095729471505
20.90000000000003 -0.1798661227836039
21.00000000000003 -0.1792851241176462
21.10000000000003 -0.1788533536655126
21.20000000000003 -0.1785424887848062
21.30000000000003 -0.1783222323539076
21.40000000000003 -0.1781667861804174
21.50000000000004 -0.1780565494281964
21.60000000000004 -0.1779775388733197
21.70000000000004 -0.1779201265955149
21.80000000000004 -0.1778778154060455
21.90000000000004 -0.1778462758991418
22.00000000000004 -0.1778226576268254
22.10000000000004 -0.1778051212744762
22.20000000000005 -0.1777925322385318
22.30000000000005 -0.1777842680544549
22.40000000000005 -0.1777801070795381
22.50000000000005 -0.1777801792304391
22.60000000000005 -0.1777849714028177
22.70000000000005 -0.1777953924284081
22.80000000000005 -0.1778129188186484
22.90000000000006 -0.177839870465779
23.00000000000006 -0.17787992131896
23.10000000000006 -0.1779390746931604
23.20000000000006 -0.1780276391716744
23.30000000000006 -0.1781645779320788
23.40000000000006 -0.1783882102648425
23.50000000000006 -0.1787868880330346
23.60000000000007 -0.1796088296780036
23.70000000000007 -0.1818262845913031
23.80000000000007 -0.1931862728197181
23.90000000000007 -6.284575632540931
24.00000000000007 2054.301181420127
24.10000000000007 2056.358884277649
24.20000000000007 2056.354335801763
24.30000000000008 2056.352705590095
24.40000000000008 2056.351981391836
24.50000000000008 2056.351604370337
24.60000000000008 2056.35138497816
24.70000000000008 2056.351246635717
24.80000000000008 2056.351153994463
24.90000000000008 2056.351089002799
25.00000000000009 2056.351041690486
25.10000000000009 2056.351006196707
25.20000000000009 2056.350978897397
25.30000000000009 2056.350957455722
25.40000000000009 2056.350940310854
25.50000000000009 2056.350926388505
25.60000000000009 2056.350914929884
25.7000000000001 2056.350905386826
25.8000000000001 2056.350897355404
25.9000000000001 2056.350890532713
26.0000000000001 2056.350884688027
26.1000000000001 2056.350879643114
26.2000000000001 2056.35087525854
26.3000000000001 2056.350871423967
26.40000000000011 2056.350868051161
26.50000000000011 2056.35086506889
26.60000000000011 2056.350862419137
26.70000000000011 2056.350860054267
26.80000000000011 2056.350857934877
26.90000000000011 2056.350856028145
27.00000000000011 2056.350854306553
27.10000000000012 2056.350852746895
27.20000000000012 2056.350851329487
27.30000000000012 2056.350850037548
27.40000000000012 2056.350848856699
27.50000000000012 2056.350847774562
27.60000000000012 2056.350846780438
27.70000000000012 2056.350845865036
27.80000000000013 2056.350845020261
27.90000000000013 2056.350844239032
28.00000000000013 2056.350843515133
28.10000000000013 2056.350842843089
28.20000000000013 2056.350842218064
28.30000000000013 2056.350841635775
28.40000000000013 2056.350841092412
28.50000000000014 2056.350840584581
28.60000000000014 2056.350840109253
28.70000000000014 2056.350839663709
28.80000000000014 2056.350839245516
28.90000000000014 2056.350838852478
29.00000000000014 2056.350838482618
29.10000000000014 2056.350838134149
29.20000000000014 2056.350837805455
29.30000000000015 2056.350837495064
29.40000000000015 2056.350837201645
29.50000000000015 2056.350836923983
29.60000000000015 2056.350836660968
29.70000000000015 2056.350836411588
29.80000000000015 2056.350836174918
29.90000000000015 2056.350835950107
30.00000000000016 2056.350835736378
30.10000000000016 2056.350835533012
30.20000000000016 2056.350835339352
30.30000000000016 2056.350835154788
30.40000000000016 2056.350834978762
30.50000000000016 2056.350834810753
30.60000000000016 2056.350834650282
30.70000000000017 2056.350834496905
30.80000000000017 2056.350834350211
30.90000000000017 2056.350834209815
31.00000000000017 2056.350834075365
31.10000000000017 2056.350833946526
31.20000000000017 2056.350833822993
31.30000000000017 2056.350833704477
31.40000000000018 2056.350833590711
31.50000000000018 2056.350833481442
31.60000000000018 2056.350833376441
31.70000000000018 2056.350833275485
31.80000000000018 2056.350833178369
31.90000000000018 2056.350833084901
32.00000000000018 2056.350832994902
32.10000000000019 2056.350832908201
32.20000000000019 2056.350832824639
32.30000000000019 2056.350832744068
32.40000000000019 2056.350832666343
32.50000000000019 2056.350832591335
32.60000000000019 2056.350832518918
32.70000000000019 2056.350832448973
32.8000000000002 2056.35083238139
32.9000000000002 2056.350832316063
33.0000000000002 2056.350832252894
33.1000000000002 2056.350832191787
33.2000000000002 2056.350832132655
33.3000000000002 2056.350832075414
33.4000000000002 2056.350832019982
33.50000000000021 2056.350831966285
33.60000000000021 2056.350831914252
33.70000000000021 2056.350831863813
33.80000000000021 2056.350831814907
33.90000000000021 2056.350831767468
34.00000000000021 2056.35083172144
34.10000000000021 2056.35083167677
34.20000000000022 2056.350831633401
34.30000000000022 2056.350831591286
34.40000000000022 2056.350831550376
34.50000000000022 2056.350831510624
34.60000000000022 2056.350831471989
34.70000000000022 2056.350831434429
34.80000000000022 2056.350831397904
34.90000000000023 2056.350831362376
35.00000000000023 2056.35083132781
35.10000000000023 2056.350831294171
35.20000000000023 2056.350831261426
35.30000000000023 2056.350831229544
35.40000000000023 2056.350831198495
35.50000000000023 2056.35083116825
35.60000000000024 2056.350831138781
35.70000000000024 2056.350831110063
35.80000000000024 2056.350831082069
35.90000000000024 2056.350831054776
36.00000000000024 2056.350831028161
36.10000000000024 2056.350831002201
36.20000000000024 2056.350830976875
36.30000000000025 2056.350830952163
36.40000000000025 2056.350830928044
36.50000000000025 2056.3508309045
36.60000000000025 2056.350830881513
36.70000000000025 2056.350830859065
36.80000000000025 2056.35083083714
36.90000000000025 2056.350830815722
37.00000000000026 2056.350830794794
37.10000000000026 2056.350830774342
37.20000000000026 2056.350830754353
37.30000000000026 2056.350830734811
37.40000000000026 2056.350830715705
37.50000000000026 2056.35083069702
37.60000000000026 2056.350830678745
37.70000000000027 2056.350830660868
37.80000000000027 2056.350830643376
37.90000000000027 2056.350830626261
38.00000000000027 2056.35083060951
38.10000000000027 2056.350830593112
38.20000000000027 2056.350830577059
38.30000000000027 2056.350830561341
38.40000000000028 2056.350830545949
38.50000000000028 2056.350830530874
38.60000000000028 2056.350830516106
38.70000000000028 2056.350830501638
38.80000000000028 2056.350830487461
38.90000000000028 2056.350830473568
39.00000000000028 2056.350830459952
39.10000000000029 2056.350830446605
39.20000000000029 2056.350830433519
39.30000000000029 2056.350830420689
39.40000000000029 2056.350830408108
39.50000000000029 2056.350830395769
39.60000000000029 2056.350830383665
39.70000000000029 2056.350830371791
39.8000000000003 2056.350830360142
39.9000000000003 2056.350830348711
40.0000000000003 2056.350830337495
40.1000000000003 2056.350830326485
40.2000000000003 2056.350830315679
40.3000000000003 2056.35083030507
40.4000000000003 2056.350830294654
40.50000000000031 2056.350830284427
40.60000000000031 2056.350830274384
40.70000000000031 2056.35083026452
40.80000000000031 2056.350830254832
40.90000000000031 2056.350830245314
41.00000000000031 2056.350830235964
41.10000000000031 2056.350830226777
41.20000000000032 2056.350830217749
41.30000000000032 2056.350830208878
41.40000000000032 2056.350830200157
41.50000000000032 2056.350830191587
41.60000000000032 2056.350830183162
41.70000000000032 2056.350830174878
41.80000000000032 2056.350830166733
41.90000000000033 2056.350830158724
42.00000000000033 2056.350830150848
42.10000000000033 2056.350830143102
42.20000000000033 2056.350830135484
42.30000000000033 2056.35083012799
42.40000000000033 2056.350830120617
42.50000000000033 2056.350830113363
42.60000000000034 2056.350830106226
42.70000000000034 2056.350830099203
42.80000000000034 2056.35083009229
42.90000000000034 2056.350830085488
43.00000000000034 2056.350830078793
43.10000000000034 2056.350830072202
43.20000000000034 2056.350830065714
43.30000000000035 2056.350830059326
43.40000000000035 2056.350830053036
43.50000000000035 2056.350830046843
43.60000000000035 2056.350830040744
43.70000000000035 2056.350830034737
43.80000000000035 2056.350830028822
43.90000000000035 2056.350830022995
44.00000000000036 2056.350830017255
44.10000000000036 2056.3508300116
44.20000000000036 2056.350830006029
44.30000000000036 2056.35083000054
44.40000000000036 2056.350829995131
44.50000000000036 2056.350829989802
44.60000000000036 2056.350829984549
44.70000000000037 2056.350829979373
44.80000000000037 2056.350829974271
44.90000000000037 2056.350829969242
45.00000000000037 2056.350829964284
45.10000000000037 2056.350829959396
45.20000000000037 2056.350829954577
45.30000000000037 2056.350829949826
45.40000000000038 2056.350829945141
45.50000000000038 2056.350829940522
45.60000000000038 2056.350829935966
45.70000000000038 2056.350829931473
45.80000000000038 2056.350829927042
45.90000000000038 2056.350829922671
46.00000000000038 2056.35082991836
46.10000000000039 2056.350829914106
46.20000000000039 2056.35082990991
46.30000000000039 2056.35082990577
46.40000000000039 2056.350829901686
46.50000000000039 2056.350829897656
46.60000000000039 2056.350829893679
46.70000000000039 2056.350829889755
46.8000000000004 2056.350829885881
46.9000000000004 2056.350829882059
47.0000000000004 2056.350829878286
47.1000000000004 2056.350829874562
47.2000000000004 2056.350829870886
47.3000000000004 2056.350829867257
47.4000000000004 2056.350829863675
47.50000000000041 2056.350829860139
47.60000000000041 2056.350829856646
47.70000000000041 2056.350829853197
47.80000000000041 2056.350829849793
47.90000000000041 2056.350829846431
48.00000000000041 2056.350829843111
48.10000000000041 2056.350829839831
48.20000000000041 2056.350829836593
48.30000000000042 2056.350829833395
48.40000000000042 2056.350829830235
48.50000000000042 2056.350829827114
48.60000000000042 2056.350829824031
48.70000000000042 2056.350829820985
48.80000000000042 2056.350829817977
48.90000000000042 2056.350829815004
49.00000000000043 2056.350829812066
49.10000000000043 2056.350829809163
49.20000000000043 2056.350829806295
49.30000000000043 2056.350829803462
49.40000000000043 2056.35082980066
49.50000000000043 2056.350829797893
49.60000000000043 2056.350829795157
49.70000000000044 2056.350829792453
49.80000000000044 2056.350829789781
49.90000000000044 2056.350829787139
50.00000000000044 2056.350829784528
