0 -0.717761898771664
0.1 -0.7122022906099212
0.2 -0.6850251675765325
0.3 -0.6702939947222488
0.4 -0.6621571615489342
0.5 -0.6593324859277698
0.6 -0.660225266343861
0.7 -0.6610912525047583
0.7999999999999999 -0.6589705485676347
0.8999999999999999 -0.6537084463387518
0.9999999999999999 -0.6462112189118627
1.1 -0.6370282119677355
1.2 -0.626461914911435
1.3 -0.6159411609037346
1.4 -0.6113951844454701
1.5 -0.6191653061040929
1.6 -0.6270530740932585
1.7 -0.6311894381467066
1.8 -0.6370084534569089
1.900000000000001 -0.6457668006839241
2 -0.6579230406643868
2.100000000000001 -0.6725364159650957
2.200000000000001 -0.6803980739686022
2.300000000000001 -0.6750527659629022
2.400000000000001 -0.6583861782818921
2.500000000000001 -0.618990834654457
2.600000000000001 -0.4194937188064721
2.700000000000001 -0.5883735749497776
2.800000000000001 -0.5240430734667215
2.900000000000001 -0.5098474631512078
3.000000000000001 -0.5073232422263887
3.100000000000001 -0.5083992692296244
3.200000000000002 -0.5083124533800873
3.300000000000002 -0.5059631399816991
3.400000000000002 -0.502263343548726
3.500000000000002 -0.4980604803900004
3.600000000000002 -0.4937234365652043
3.700000000000002 -0.4893555194303116
3.800000000000002 -0.4849960560613628
3.900000000000002 -0.4807495291541645
4.000000000000002 -0.4768890016780561
4.100000000000001 -0.4739456698682882
4.200000000000001 -0.4727290557668582
4.300000000000001 -0.4741611286443862
4.4 -0.4788394845746705
4.5 -0.4864480413549068
4.6 -0.49547891319367
4.699999999999999 -0.5038034144665648
4.799999999999999 -0.5098055664010974
4.899999999999999 -0.5130194012157427
4.999999999999998 -0.5138771318560011
5.099999999999998 -0.5131246023450283
5.199999999999998 -0.5114265981397242
5.299999999999997 -0.5092398345564851
5.399999999999997 -0.5068307154550309
5.499999999999996 -0.5043326294184008
5.599999999999996 -0.5017970458762903
5.699999999999996 -0.4992282058527068
5.799999999999995 -0.4966041424584366
5.899999999999995 -0.4938892896666492
5.999999999999995 -0.4910433968060009
6.099999999999994 -0.4880308370681591
6.199999999999994 -0.484834620431939
6.299999999999994 -0.4814806227251721
6.399999999999993 -0.4780790666646463
6.499999999999993 -0.4748893342808665
6.599999999999993 -0.4724025527311702
6.699999999999992 -0.4713976532111714
6.799999999999992 -0.4728501212517805
6.899999999999991 -0.4775224205345918
6.999999999999991 -0.4852618493069724
7.099999999999991 -0.4945763936810116
7.19999999999999 -0.5032164583254328
7.29999999999999 -0.5094423316124898
7.39999999999999 -0.5127470063620194
7.499999999999989 -0.5135894604402733
7.599999999999989 -0.512762691910807
7.699999999999989 -0.5109709503566857
7.799999999999988 -0.5086960797320378
7.899999999999988 -0.50621752209044
7.999999999999988 -0.5036733598111482
8.099999999999987 -0.5011145496261131
8.199999999999987 -0.498541941186892
8.299999999999986 -0.4959289338036266
8.399999999999986 -0.4932351467297206
8.499999999999986 -0.4904159559159953
8.599999999999985 -0.4874321712769123
8.699999999999985 -0.4842644190741875
8.799999999999985 -0.4809380959921656
8.899999999999984 -0.4775663939789138
8.999999999999984 -0.4744178082643566
9.099999999999984 -0.4720017370267827
9.199999999999983 -0.4711235373531382
9.299999999999983 -0.47277905785859
9.399999999999983 -0.4777129855072748
9.499999999999982 -0.4856927468365072
9.599999999999982 -0.4951217104705339
9.699999999999982 -0.5037084949219514
9.799999999999981 -0.5097657879341861
9.899999999999981 -0.5128732532626478
9.99999999999998 -0.5135479051715739
10.09999999999998 -0.5126007174781702
10.19999999999998 -0.5107310513321581
10.29999999999998 -0.508409223141983
10.39999999999998 -0.5059040737528531
10.49999999999998 -0.5033458837116109
10.59999999999998 -0.5007802838845814
10.69999999999998 -0.4982045115558568
10.79999999999998 -0.4955894507893908
10.89999999999998 -0.4928929433030222
10.99999999999998 -0.490069219105482
11.09999999999998 -0.4870787457948309
11.19999999999998 -0.4839031696250364
11.29999999999998 -0.4805714190316003
11.39999999999998 -0.4772046813672186
11.49999999999998 -0.4740864696995943
11.59999999999997 -0.4717496061172273
11.69999999999997 -0.4710261400145392
11.79999999999997 -0.472921768652816
11.89999999999997 -0.4781402975290133
11.99999999999997 -0.4863455389224819
12.09999999999997 -0.4958343441926294
12.19999999999997 -0.5042990528940989
12.29999999999997 -0.5101342115727906
12.39999999999997 -0.5130179157847157
12.49999999999997 -0.5135206501040644
12.59999999999997 -0.5124616482816495
12.69999999999997 -0.5105273686432985
12.79999999999997 -0.5081717454206622
12.89999999999997 -0.5056506126615232
12.99999999999997 -0.5030855390714906
13.09999999999997 -0.5005167392287476
13.19999999999997 -0.4979381642298579
13.29999999999997 -0.4953187040372234
13.39999999999997 -0.4926150318921862
13.49999999999997 -0.4897809005142211
13.59999999999997 -0.4867771966500244
13.69999999999997 -0.4835875249084064
13.79999999999997 -0.480245574890078
13.89999999999997 -0.4768821286650131
13.99999999999997 -0.4737975513519228
14.09999999999997 -0.4715494312144433
14.19999999999997 -0.4709955609803997
14.29999999999997 -0.4731457100958287
14.39999999999996 -0.4786521050148755
14.49999999999996 -0.4870666563038474
14.59999999999996 -0.4965845412266502
14.69999999999996 -0.504897737343545
14.79999999999996 -0.5104944760270759
14.89999999999996 -0.5131516517345938
14.99999999999996 -0.5134875789948095
15.09999999999996 -0.5123245114199081
15.19999999999996 -0.5103330844031201
15.29999999999996 -0.5079496849174286
15.39999999999996 -0.5054168648340122
15.49999999999996 -0.5028475669582588
15.59999999999996 -0.5002767965295856
15.69999999999996 -0.4976954550811726
15.79999999999996 -0.4950706781811546
15.89999999999996 -0.4923582157936485
15.99999999999996 -0.4895116146420793
16.09999999999996 -0.4864925166236531
16.19999999999996 -0.483286944510105
16.29999999999996 -0.4799340075137322
16.39999999999996 -0.4765749939124033
16.49999999999996 -0.4735281956511399
16.59999999999997 -0.4713766786113658
16.69999999999997 -0.4710029728804828
16.79999999999997 -0.4734163380161711
16.89999999999997 -0.4792096524438247
16.99999999999997 -0.4878183533418029
17.09999999999997 -0.4973421453631497
17.19999999999997 -0.5054853711125294
17.29999999999998 -0.510836744852473
17.39999999999998 -0.5132696595591388
17.49999999999998 -0.513444955170801
17.59999999999998 -0.5121842384394567
17.69999999999998 -0.5101408398366332
17.79999999999998 -0.5077333442378893
17.89999999999998 -0.505191208731757
17.99999999999999 -0.5026190174303712
18.09999999999999 -0.5000467991522195
18.19999999999999 -0.4974625895093939
18.29999999999999 -0.4948319191600375
18.39999999999999 -0.4921097529478062
18.49999999999999 -0.4892495862005014
18.59999999999999 -0.4862140241414368
18.7 -0.4829918218074069
18.8 -0.4796279950675487
18.9 -0.4762750507916108
19 -0.4732700703252865
19.1 -0.4712221305422067
19.2 -0.4710374591462101
19.3 -0.4737205675158397
19.40000000000001 -0.4797982613756672
19.50000000000001 -0.4885864981072946
19.60000000000001 -0.4980963502416618
19.70000000000001 -0.5060557548544136
19.80000000000001 -0.5111584413425961
19.90000000000001 -0.5133710040576696
20.00000000000001 -0.5133918680832507
20.10000000000002 -0.5120390985395705
20.20000000000002 -0.5099478346290003
20.30000000000002 -0.5075189301243043
20.40000000000002 -0.5049690731739485
20.50000000000002 -0.5023947932913266
20.60000000000002 -0.4998213639669644
20.70000000000002 -0.497234105201893
20.80000000000003 -0.4945970501179284
20.90000000000003 -0.4918644709363108
21.00000000000003 -0.4889899182944587
21.10000000000003 -0.4859371180794578
21.20000000000003 -0.4826978165742173
21.30000000000003 -0.4793233633825689
21.40000000000003 -0.4759781328460446
21.50000000000004 -0.4730187935646225
21.60000000000004 -0.471080901658635
21.70000000000004 -0.4710932918954039
21.80000000000004 -0.4740515661897005
21.90000000000004 -0.4804102276224496
22.00000000000004 -0.4893636973369814
22.10000000000004 -0.4988416964286185
22.20000000000005 -0.5066060294251307
22.30000000000005 -0.5114585929303239
22.40000000000005 -0.5134554046622122
22.50000000000005 -0.5133278695404699
22.60000000000005 -0.511888103955903
22.70000000000005 -0.5097524882088375
22.80000000000005 -0.5073043591231908
22.90000000000006 -0.5047480029678777
23.00000000000006 -0.5021721938706416
23.10000000000006 -0.4995976487716112
23.20000000000006 -0.4970070948789991
23.30000000000006 -0.4943631470285579
23.40000000000006 -0.491619449906507
23.50000000000006 -0.488729689720886
23.60000000000007 -0.4856588452072909
23.70000000000007 -0.482401890342749
23.80000000000007 -0.4790169186463273
23.90000000000007 -0.4756808134180293
24.00000000000007 -0.4727706297610416
24.10000000000007 -0.4709488654946453
24.20000000000007 -0.4711658352780628
24.30000000000008 -0.4744040642002607
24.40000000000008 -0.4810398086604505
24.50000000000008 -0.4901445658931483
24.60000000000008 -0.4995742663364502
24.70000000000008 -0.5071340779511501
24.80000000000008 -0.5117362367656481
24.90000000000008 -0.5135221853348799
25.00000000000009 -0.5132520421335549
25.10000000000009 -0.5117299347389488
25.20000000000009 -0.509553114256997
25.30000000000009 -0.5070876759341301
25.40000000000009 -0.5045258660011607
25.50000000000009 -0.5019489737852754
25.60000000000009 -0.4993733251556419
25.7000000000001 -0.4967791457321964
25.8000000000001 -0.4941276828472967
25.9000000000001 -0.491371993502298
26.0000000000001 -0.4884659581191886
26.1000000000001 -0.4853759243441407
26.2000000000001 -0.4821003242401752
26.3000000000001 -0.478704417579395
26.40000000000011 -0.4753782786218859
26.50000000000011 -0.4725202202198258
26.60000000000011 -0.4708202241540019
26.70000000000011 -0.4712489887979191
26.80000000000011 -0.4747717753455564
26.90000000000011 -0.4816807759462849
27.00000000000011 -0.4909235527626559
27.10000000000012 -0.5002898525175479
27.20000000000012 -0.5076370034820473
27.30000000000012 -0.5119890923469756
27.40000000000012 -0.5135690099046321
27.50000000000012 -0.5131617054166883
27.60000000000012 -0.5115615785579682
27.70000000000012 -0.5093464942988053
27.80000000000013 -0.5068655755542741
27.90000000000013 -0.5042993369881592
28.00000000000013 -0.5017217906795246
28.10000000000013 -0.4991449779925337
28.20000000000013 -0.4965466625904502
28.30000000000013 -0.4938867307105115
28.40000000000013 -0.4911176542072124
28.50000000000014 -0.4881935380474089
28.60000000000014 -0.4850822017001659
28.70000000000014 -0.4817857807603793
28.80000000000014 -0.4783771888956853
28.90000000000014 -0.4750605171412725
29.00000000000014 -0.4722564459559228
29.10000000000014 -0.470683275916329
29.20000000000014 -0.4713311945311747
29.30000000000015 -0.4751439484097272
29.40000000000015 -0.4823235710432543
29.50000000000015 -0.4916924209291555
29.60000000000015 -0.5009813296335781
29.70000000000015 -0.5081081087217569
29.80000000000015 -0.5122101120607955
29.90000000000015 -0.5135881256499298
30.00000000000016 -0.5130485208926689
30.10000000000016 -0.5113744426418594
30.20000000000016 -0.50912408913808
30.30000000000016 -0.5066297446761664
30.40000000000016 -0.504060337548804
30.50000000000016 -0.5014826547538613
30.60000000000016 -0.498904422070685
30.70000000000017 -0.496300861247105
30.80000000000017 -0.4936304010732466
30.90000000000017 -0.4908448467094649
31.00000000000017 -0.4878985022245694
31.10000000000017 -0.4847607583824137
31.20000000000017 -0.4814377954260262
31.30000000000017 -0.4780109385260567
31.40000000000018 -0.4746996566487772
31.50000000000018 -0.4719489503519821
31.60000000000018 -0.4705072596192221
31.70000000000018 -0.4713839360848853
31.80000000000018 -0.4754962975880804
31.90000000000018 -0.4829480443101638
32.00000000000018 -0.4924328199262005
32.10000000000019 -0.5016290287419158
32.20000000000019 -0.5085242574468303
32.30000000000019 -0.5123723097453738
32.40000000000019 -0.5135497272426045
32.50000000000019 -0.5128814254024661
32.60000000000019 -0.5111375806962106
32.70000000000019 -0.5088559169313331
32.8000000000002 -0.5063514026624946
32.9000000000002 -0.5037809390091275
33.0000000000002 -0.5012036084457542
33.1000000000002 -0.4986223140758296
33.2000000000002 -0.4960092308074092
33.3000000000002 -0.4933208608764145
33.4000000000002 -0.49050796098761
33.50000000000021 -0.4875248435320897
33.60000000000021 -0.4843426796225132
33.70000000000021 -0.4809726804401284
33.80000000000021 -0.4775069174214254
33.90000000000021 -0.4741845207337773
34.00000000000021 -0.4714809989452834
34.10000000000021 -0.4701808754561937
34.20000000000022 -0.4713127327931637
34.30000000000022 -0.475755065386353
34.40000000000022 -0.4834909575296356
34.50000000000022 -0.4930714191443847
34.60000000000022 -0.5021320030935832
34.70000000000022 -0.5087523566560289
34.80000000000022 -0.5123174315474961
34.90000000000023 -0.5132817553355902
35.00000000000023 -0.5124847262013524
35.10000000000023 -0.510678333931096
35.20000000000023 -0.5083750440503534
35.30000000000023 -0.5058681532219342
35.40000000000023 -0.5032983695545692
35.50000000000023 -0.5007129856514616
35.60000000000024 -0.4981060643490625
35.70000000000024 -0.4954428035197476
35.80000000000024 -0.4926740157498174
35.90000000000024 -0.4897461310295756
36.00000000000024 -0.4866116261764128
36.10000000000024 -0.4832453106963613
36.20000000000024 -0.4796734825690488
36.30000000000025 -0.4760242474072563
36.40000000000025 -0.4726031937139062
36.50000000000025 -0.4699772775039821
36.60000000000025 -0.4689984044718853
36.70000000000025 -0.4706369348480693
36.80000000000025 -0.4755183156350842
36.90000000000025 -0.4832887751212751
37.00000000000026 -0.4923474616637897
37.10000000000026 -0.5005065620502811
37.20000000000026 -0.5061855240046453
37.30000000000026 -0.5090166119725182
37.40000000000026 -0.5095311044310357
37.50000000000026 -0.5085351243952418
37.60000000000026 -0.5066848770789066
37.70000000000027 -0.5043220295517947
37.80000000000027 -0.50145783504081
37.90000000000027 -0.4978015966179379
38.00000000000027 -0.4926836239788278
38.10000000000027 -0.4844132442099508
38.20000000000027 -0.466465536142356
38.30000000000027 -0.3877156611692397
38.40000000000028 -0.4097483694843738
38.50000000000028 -0.2509825263587024
38.60000000000028 0.03661173775734916
38.70000000000028 -0.3049103949665332
38.80000000000028 -0.2023837367205248
38.90000000000028 -0.175630892604058
39.00000000000028 -0.1633756260439526
39.10000000000029 -0.1553037393395412
39.20000000000029 -0.1485430013235169
39.30000000000029 -0.1418811708327627
39.40000000000029 -0.1345774022847641
39.50000000000029 -0.1260520351258702
39.60000000000029 -0.1159100484748039
39.70000000000029 -0.1043948766467352
39.8000000000003 -0.09376397389951219
39.9000000000003 -0.09086782507620406
40.0000000000003 -0.1070317056715793
40.1000000000003 -0.1441014628013433
40.2000000000003 -0.1808332574742426
40.3000000000003 -0.1985878462444826
40.4000000000003 -0.2001247027260445
40.50000000000031 -0.1945665266772139
40.60000000000031 -0.1873780943313863
40.70000000000031 -0.1806168079164459
40.80000000000031 -0.1747789886889157
40.90000000000031 -0.1698154690366916
41.00000000000031 -0.1655291973594116
41.10000000000031 -0.16170572634494
41.20000000000032 -0.1581457313103988
41.30000000000032 -0.1546642645244997
41.40000000000032 -0.1510790434644466
41.50000000000032 -0.1471945743413065
41.60000000000032 -0.1427838246448913
41.70000000000032 -0.1375690007242681
41.80000000000032 -0.1312085451702801
41.90000000000033 -0.1233173545852968
42.00000000000033 -0.1136076377709079
42.10000000000033 -0.102398597117314
42.20000000000033 -0.09203647566373752
42.30000000000033 -0.08950785734228872
42.40000000000033 -0.1062226280962197
42.50000000000033 -0.1437508977949058
42.60000000000034 -0.1805011729682502
42.70000000000034 -0.198060334413702
42.80000000000034 -0.199474679305508
42.90000000000034 -0.193895654496247
43.00000000000034 -0.1867380989614347
43.10000000000034 -0.1800249913661626
43.20000000000034 -0.1742375041806656
43.30000000000035 -0.1693209261937421
43.40000000000035 -0.1650764881323215
43.50000000000035 -0.1612893703170335
43.60000000000035 -0.157760251772239
43.70000000000035 -0.1543041846482828
43.80000000000035 -0.1507387126645602
43.90000000000035 -0.1468678909392178
44.00000000000036 -0.1424638794675062
44.10000000000036 -0.1372477037096541
44.20000000000036 -0.1308764949278698
44.30000000000036 -0.1229648680982409
44.40000000000036 -0.1132297976156784
44.50000000000036 -0.1020119553160594
44.60000000000036 -0.09172092135356791
44.70000000000037 -0.08946046055345813
44.80000000000037 -0.1066522552721207
44.90000000000037 -0.1444529281815756
45.00000000000037 -0.1809500312001919
45.10000000000037 -0.1981191133545734
45.20000000000037 -0.1993163560107001
45.30000000000037 -0.1936696977868637
45.40000000000038 -0.1865107789990416
45.50000000000038 -0.1798166085054795
45.60000000000038 -0.1740506069807272
45.70000000000038 -0.1691525336021649
45.80000000000038 -0.1649224215200855
45.90000000000038 -0.1611455335429001
46.00000000000038 -0.1576228387243651
46.10000000000039 -0.1541695271023269
46.20000000000039 -0.1506030013310495
46.30000000000039 -0.146726832847661
46.40000000000039 -0.1423123104284629
46.50000000000039 -0.1370792179200376
46.60000000000039 -0.1306833665594426
46.70000000000039 -0.1227392315163685
46.8000000000004 -0.1129690685866509
46.9000000000004 -0.101736357237578
47.0000000000004 -0.09151652345470929
47.1000000000004 -0.08953149342877476
47.2000000000004 -0.1072031387147052
47.3000000000004 -0.1452549895088588
47.4000000000004 -0.1814703231117054
47.50000000000041 -0.1982368049738117
47.60000000000041 -0.1992146660890457
47.70000000000041 -0.1935000207101373
47.80000000000041 -0.186338882682453
47.90000000000041 -0.1796621235474392
48.00000000000041 -0.1739156300358623
48.10000000000041 -0.1690338228818459
48.20000000000041 -0.1648156635089965
48.30000000000042 -0.1610465764018824
48.40000000000042 -0.1575278706706061
48.50000000000042 -0.1540749059706724
48.60000000000042 -0.1505049637268331
48.70000000000042 -0.1466211438540846
48.80000000000042 -0.142193872504597
48.90000000000042 -0.1369417042185737
49.00000000000043 -0.1305191645413171
49.10000000000043 -0.1225406955212427
49.20000000000043 -0.1127341469447232
49.30000000000043 -0.1014866197915462
49.40000000000043 -0.09134096391638669
49.50000000000043 -0.08963781152502981
49.60000000000043 -0.1077914694926432
49.70000000000044 -0.1460817857080992
49.80000000000044 -0.1820026450429078
49.90000000000044 -0.1983653919641173
50.00000000000044 -0.1991265006648877
