0 -0.717761898771664
0.1 -0.66546301594702
0.2 -0.6400292173701937
0.3 -0.6155040348822635
0.4 -0.588895517498401
0.5 -0.557248772979153
0.6 -0.5308701067351337
0.7 -0.5149046517288216
0.7999999999999999 -0.5042001734155186
0.8999999999999999 -0.4958680669267356
0.9999999999999999 -0.4889358336428796
1.1 -0.482575498379508
1.2 -0.4740874099261284
1.3 -0.4623625799831546
1.4 -0.4551277733859311
1.5 -0.4514966380889125
1.6 -0.44873294527964
1.7 -0.4461859257680393
1.8 -0.4437572824559833
1.900000000000001 -0.4414158562134728
2 -0.4391291246370151
2.100000000000001 -0.4368572153334404
2.200000000000001 -0.4345535524710216
2.300000000000001 -0.4321683234635478
2.400000000000001 -0.4296590225110739
2.500000000000001 -0.4270103097051822
2.600000000000001 -0.4242534485720585
2.700000000000001 -0.421462531870378
2.800000000000001 -0.4187178262332591
2.900000000000001 -0.4160638024759347
3.000000000000001 -0.4134964215309843
3.100000000000001 -0.4109792085078109
3.200000000000002 -0.4084649765423646
3.300000000000002 -0.4059089609682507
3.400000000000002 -0.4032733802136365
3.500000000000002 -0.4005277062393179
3.600000000000002 -0.3976443877886591
3.700000000000002 -0.3945704098929869
3.800000000000002 -0.3910841040845874
3.900000000000002 -0.3863845584222922
4.000000000000002 -0.3795902428123228
4.100000000000001 -0.3727669557750052
4.200000000000001 -0.3676304289810406
4.300000000000001 -0.3633575206283456
4.4 -0.3593280573556902
4.5 -0.3554062219150462
4.6 -0.3515725503292863
4.699999999999999 -0.3477777265722659
4.799999999999999 -0.3438764917927798
4.899999999999999 -0.3396059745713872
4.999999999999998 -0.3347632717394483
5.099999999999998 -0.329657391961776
5.199999999999998 -0.3251132849621359
5.299999999999997 -0.3216485541217107
5.399999999999997 -0.3191503699855616
5.499999999999996 -0.3172885943467003
5.599999999999996 -0.3158103390713392
5.699999999999996 -0.3145736368066424
5.799999999999995 -0.3135071909929052
5.899999999999995 -0.3125776332061871
5.999999999999995 -0.311769886688403
6.099999999999994 -0.3110640607601636
6.199999999999994 -0.3103610896055017
6.299999999999994 -0.3092147136662604
6.399999999999993 -0.3063559870092729
6.499999999999993 -0.3012558561599548
6.599999999999993 -0.2972089281156075
6.699999999999992 -0.2955836294914289
6.799999999999992 -0.2950390383618721
6.899999999999991 -0.2947500470965989
6.999999999999991 -0.2944877295527126
7.099999999999991 -0.2942100072912752
7.19999999999999 -0.2939161550779988
7.29999999999999 -0.2936113664245719
7.39999999999999 -0.2932995876340041
7.499999999999989 -0.2929826472680459
7.599999999999989 -0.2926605202926971
7.699999999999989 -0.2923315992140251
7.799999999999988 -0.2919927728372047
7.899999999999988 -0.2916393197501845
7.999999999999988 -0.2912646834562865
8.099999999999987 -0.2908602609875154
8.199999999999987 -0.2904154566578533
8.299999999999986 -0.2899184268716137
8.399999999999986 -0.2893580736545089
8.499999999999986 -0.2887276636108246
8.599999999999985 -0.2880295751572116
8.699999999999985 -0.2872791164590382
8.799999999999985 -0.286504282296787
8.899999999999984 -0.2857397017861415
8.999999999999984 -0.2850169737467441
9.099999999999984 -0.284356587395565
9.199999999999983 -0.2837653053787695
9.299999999999983 -0.2832387584116253
9.399999999999983 -0.2827662775715365
9.499999999999982 -0.282335220665494
9.599999999999982 -0.2819336571515171
9.699999999999982 -0.2815515287891092
9.799999999999981 -0.2811808481901248
9.899999999999981 -0.280815445101651
9.99999999999998 -0.2804505750752227
10.09999999999998 -0.2800825352838917
10.19999999999998 -0.2797083167535757
10.29999999999998 -0.2793252277313378
10.39999999999998 -0.2789302788833557
10.49999999999998 -0.278518789057648
10.59999999999998 -0.2780808631601482
10.69999999999998 -0.2775926832492023
10.79999999999998 -0.2769975805928468
10.89999999999998 -0.2761785343062836
10.99999999999998 -0.2749712804489569
11.09999999999998 -0.2733387419914407
11.19999999999998 -0.2715802462421009
11.29999999999998 -0.2700610378488981
11.39999999999998 -0.2688242359681733
11.49999999999998 -0.2677147822987405
11.59999999999997 -0.2666011648189566
11.69999999999997 -0.2654201594484699
11.79999999999997 -0.2641495599694532
11.89999999999997 -0.2627845090523642
11.99999999999997 -0.2613265058933185
12.09999999999997 -0.2597794789806005
12.19999999999997 -0.2581487758768281
12.29999999999997 -0.2564412501447585
12.39999999999997 -0.2546659091638882
12.49999999999997 -0.2528352104453528
12.59999999999997 -0.2509671996607348
12.69999999999997 -0.2490880309753296
12.79999999999997 -0.2472330457723427
12.89999999999997 -0.2454438513127927
12.99999999999997 -0.2437607640748811
13.09999999999997 -0.2422139335442315
13.19999999999997 -0.2408181569091329
13.29999999999997 -0.2395735259565654
13.39999999999997 -0.2384699747981885
13.49999999999997 -0.2374924707635577
13.59999999999997 -0.2366248580683123
13.69999999999997 -0.2358519945055598
13.79999999999997 -0.2351606313091165
13.89999999999997 -0.2345395880061096
13.99999999999997 -0.2339796044244203
14.09999999999997 -0.2334730685742451
14.19999999999997 -0.2330136914378714
14.29999999999997 -0.2325961148868
14.39999999999996 -0.2322153648367019
14.49999999999996 -0.231865967962189
14.59999999999996 -0.2315404226528288
14.69999999999996 -0.2312266124711269
14.79999999999996 -0.230903995271083
14.89999999999996 -0.2305399635254935
14.99999999999996 -0.2300921485122989
15.09999999999996 -0.2295275955994674
15.19999999999996 -0.2288603528544654
15.29999999999996 -0.2281713722946288
15.39999999999996 -0.2275652872356473
15.49999999999996 -0.2271006849971977
15.59999999999996 -0.2267724415651729
15.69999999999996 -0.2265434786809954
15.79999999999996 -0.2263760253224801
15.89999999999996 -0.2262433514369354
15.99999999999996 -0.226129458721967
16.09999999999996 -0.2260255822561957
16.19999999999996 -0.2259271503184415
16.29999999999996 -0.2258318429566273
16.39999999999996 -0.2257384954406956
16.49999999999996 -0.2256465139945117
16.59999999999997 -0.2255555733651892
16.69999999999997 -0.2254654621605561
16.79999999999997 -0.2253760032884071
16.89999999999997 -0.2252870111896718
16.99999999999997 -0.225198265674948
17.09999999999997 -0.2251094913702085
17.19999999999997 -0.2250203362186648
17.29999999999998 -0.2249303443758175
17.39999999999998 -0.2248389192997189
17.49999999999998 -0.2247452724583563
17.59999999999998 -0.2246483522060607
17.69999999999998 -0.2245467463939199
17.79999999999998 -0.2244385518378617
17.89999999999998 -0.2243212052242248
17.99999999999999 -0.2241912760290554
18.09999999999999 -0.2240442372403122
18.19999999999999 -0.2238742611668605
18.29999999999999 -0.2236741431157896
18.39999999999999 -0.2234355360068035
18.49999999999999 -0.2231497593518968
18.59999999999999 -0.2228094479704605
18.7 -0.2224110880805178
18.8 -0.2219579329689013
18.9 -0.221462041718216
19 -0.2209438577091928
19.1 -0.2204285831438569
19.2 -0.2199404735797987
19.3 -0.2194976179919737
19.40000000000001 -0.2191093993721899
19.50000000000001 -0.2187770328931768
19.60000000000001 -0.2184960034591327
19.70000000000001 -0.2182588716338834
19.80000000000001 -0.2180574753370828
19.90000000000001 -0.2178842563511562
20.00000000000001 -0.2177328595110602
20.10000000000002 -0.2175982732964596
20.20000000000002 -0.2174767429081455
20.30000000000002 -0.2173656074188686
20.40000000000002 -0.217263145755515
20.50000000000002 -0.217168475320943
20.60000000000002 -0.2170815287368769
20.70000000000002 -0.2170031322912336
20.80000000000003 -0.2169352193586643
20.90000000000003 -0.2168812274754026
21.00000000000003 -0.2168467271785122
21.10000000000003 -0.2168402130203419
21.20000000000003 -0.216873291860612
21.30000000000003 -0.2169561320767794
21.40000000000003 -0.2170683831989883
21.50000000000004 -0.2170180253124708
21.60000000000004 -0.2159148881545928
21.70000000000004 -0.2116978073594902
21.80000000000004 -0.2055798406318644
21.90000000000004 -0.2024452514296991
22.00000000000004 -0.2017478885655852
22.10000000000004 -0.2017153708343579
22.20000000000005 -0.2017432413453018
22.30000000000005 -0.2017153870052731
22.40000000000005 -0.2016265706316788
22.50000000000005 -0.2014887114496866
22.60000000000005 -0.2013124335638282
22.70000000000005 -0.2011046888549
22.80000000000005 -0.2008693199486388
22.90000000000006 -0.200607878185623
23.00000000000006 -0.2003202610397696
23.10000000000006 -0.2000051960011604
23.20000000000006 -0.199660676647636
23.30000000000006 -0.199284452790324
23.40000000000006 -0.1988746412129333
23.50000000000006 -0.1984304498752016
23.60000000000007 -0.197952891669179
23.70000000000007 -0.1974452395683563
23.80000000000007 -0.1969129354058076
23.90000000000007 -0.1963628084981982
24.00000000000007 -0.1958017767844018
24.10000000000007 -0.1952355044883753
24.20000000000007 -0.1946675378168476
24.30000000000008 -0.1940991808593842
24.40000000000008 -0.1935300057875152
24.50000000000008 -0.1929586646439659
24.60000000000008 -0.1923836701697166
24.70000000000008 -0.1918039525299161
24.80000000000008 -0.1912191491511949
24.90000000000008 -0.1906296764637585
25.00000000000009 -0.19003666122303
25.10000000000009 -0.1894418005415832
25.20000000000009 -0.1888471984564887
25.30000000000009 -0.188255206696654
25.40000000000009 -0.1876682830218478
25.50000000000009 -0.1870888719977428
25.60000000000009 -0.186519308702033
25.7000000000001 -0.1859617439810109
25.8000000000001 -0.1854180893375961
25.9000000000001 -0.1848899796553268
26.0000000000001 -0.1843787523923706
26.1000000000001 -0.1838854424048771
26.2000000000001 -0.1834107919757786
26.3000000000001 -0.1829552756520382
26.40000000000011 -0.1825191387766186
26.50000000000011 -0.1821024468527523
26.60000000000011 -0.1817051401578938
26.70000000000011 -0.1813270850688109
26.80000000000011 -0.1809681118687019
26.90000000000011 -0.1806280301509298
27.00000000000011 -0.1803066182062969
27.10000000000012 -0.1800035908358667
27.20000000000012 -0.1797185576150752
27.30000000000012 -0.179450987013712
27.40000000000012 -0.1792001891578259
27.50000000000012 -0.178965322824282
27.60000000000012 -0.1787454241225259
27.70000000000012 -0.1785394487093209
27.80000000000013 -0.178346317776694
27.90000000000013 -0.1781649597749657
28.00000000000013 -0.1779943431297554
28.10000000000013 -0.1778334984566745
28.20000000000013 -0.1776815310738377
28.30000000000013 -0.1775376257844836
28.40000000000013 -0.1774010461917714
28.50000000000014 -0.1772711305755331
28.60000000000014 -0.1771472859113172
28.70000000000014 -0.1770289811395794
28.80000000000014 -0.1769157403921467
28.90000000000014 -0.1768071365829809
29.00000000000014 -0.176702785564913
29.10000000000014 -0.1766023409240308
29.20000000000014 -0.176505489407502
29.30000000000015 -0.1764119469407141
29.40000000000015 -0.17632145517215
29.50000000000015 -0.1762337784800437
29.60000000000015 -0.1761487013775251
29.70000000000015 -0.1760660262589308
29.80000000000015 -0.1759855714370985
29.90000000000015 -0.1759071694285881
30.00000000000016 -0.1758306654503289
30.10000000000016 -0.1757559160969442
30.20000000000016 -0.1756827881729176
30.30000000000016 -0.1756111576578888
30.40000000000016 -0.1755409087867991
30.50000000000016 -0.1754719332294386
30.60000000000016 -0.1754041293562915
30.70000000000017 -0.1753374015795026
30.80000000000017 -0.175271659759386
30.90000000000017 -0.1752068186682177
31.00000000000017 -0.1751427975041503
31.10000000000017 -0.1750795194490056
31.20000000000017 -0.1750169112644622
31.30000000000017 -0.1749549029218033
31.40000000000018 -0.1748934272609252
31.50000000000018 -0.1748324196747725
31.60000000000018 -0.174771817815749
31.70000000000018 -0.1747115613209909
31.80000000000018 -0.1746515915536734
31.90000000000018 -0.1745918513577699
32.00000000000018 -0.1745322848238981
32.10000000000019 -0.1744728370640792
32.20000000000019 -0.1744134539934032
32.30000000000019 -0.1743540821167464
32.40000000000019 -0.1742946683188205
32.50000000000019 -0.1742351596559603
32.60000000000019 -0.174175503148167
32.70000000000019 -0.1741156455700238
32.8000000000002 -0.1740555332391971
32.9000000000002 -0.1739951118013112
33.0000000000002 -0.173934326010055
33.1000000000002 -0.173873119501434
33.2000000000002 -0.1738114345611219
33.3000000000002 -0.1737492118838899
33.4000000000002 -0.1736863903240995
33.50000000000021 -0.1736229066362395
33.60000000000021 -0.1735586952044531
33.70000000000021 -0.1734936877599623
33.80000000000021 -0.1734278130852335
33.90000000000021 -0.1733609967036525
34.00000000000021 -0.1732931605533919
34.10000000000021 -0.1732242226440645
34.20000000000022 -0.1731540966946574
34.30000000000022 -0.1730826917511685
34.40000000000022 -0.1730099117822859
34.50000000000022 -0.1729356552514205
34.60000000000022 -0.1728598146633923
34.70000000000022 -0.1727822760841315
34.80000000000022 -0.1727029186318784
34.90000000000023 -0.1726216139385893
35.00000000000023 -0.1725382255805969
35.10000000000023 -0.1724526084780666
35.20000000000023 -0.172364608263464
35.30000000000023 -0.1722740606201555
35.40000000000023 -0.1721807905934451
35.50000000000023 -0.1720846118778643
35.60000000000024 -0.1719853260864525
35.70000000000024 -0.1718827220101626
35.80000000000024 -0.171776574878488
35.90000000000024 -0.1716666456360332
36.00000000000024 -0.1715526802541429
36.10000000000024 -0.1714344091019567
36.20000000000024 -0.171311546407502
36.30000000000025 -0.1711837898467234
36.40000000000025 -0.1710508203067794
36.50000000000025 -0.1709123018795025
36.60000000000025 -0.1707678821515799
36.70000000000025 -0.1706171928695981
36.80000000000025 -0.1704598510703064
36.90000000000025 -0.1702954607787717
37.00000000000026 -0.1701236153887649
37.10000000000026 -0.1699439008496497
37.20000000000026 -0.1697558997907789
37.30000000000026 -0.1695591967160623
37.40000000000026 -0.1693533843956441
37.50000000000026 -0.1691380715658133
37.60000000000026 -0.1689128920193701
37.70000000000027 -0.1686775151236711
37.80000000000027 -0.1684316577397199
37.90000000000027 -0.1681750974310672
38.00000000000027 -0.1679076867455062
38.10000000000027 -0.167629368227429
38.20000000000027 -0.1673401896791665
38.30000000000027 -0.1670403190442855
38.40000000000028 -0.1667300581474049
38.50000000000028 -0.166409854410198
38.60000000000028 -0.1660803095912646
38.70000000000028 -0.1657421845887566
38.80000000000028 -0.1653963994171668
38.90000000000028 -0.1650440276360249
39.00000000000028 -0.1646862847713774
39.10000000000029 -0.1643245106213335
39.20000000000029 -0.1639601457509783
39.30000000000029 -0.163594702922598
39.40000000000029 -0.1632297346277068
39.50000000000029 -0.1628667982374294
39.60000000000029 -0.1625074205212818
39.70000000000029 -0.1621530633676547
39.8000000000003 -0.1618050924576001
39.9000000000003 -0.1614647504046657
40.0000000000003 -0.1611331355068517
40.1000000000003 -0.1608111868083635
40.2000000000003 -0.1604996756933264
40.3000000000003 -0.1601992037848191
40.4000000000003 -0.159910206545065
40.50000000000031 -0.1596329616959178
40.60000000000031 -0.1593676014151444
40.70000000000031 -0.1591141272096437
40.80000000000031 -0.1588724264055961
40.90000000000031 -0.1586422893042663
41.00000000000031 -0.1584234262051532
41.10000000000031 -0.1582154836714247
41.20000000000032 -0.1580180595864072
41.30000000000032 -0.1578307167100326
41.40000000000032 -0.1576529945818074
41.50000000000032 -0.1574844197279573
41.60000000000032 -0.1573245142145019
41.70000000000032 -0.1571728026471473
41.80000000000032 -0.1570288177565098
41.90000000000033 -0.1568921047273466
42.00000000000033 -0.1567622244372372
42.10000000000033 -0.1566387557672292
42.20000000000033 -0.1565212971374991
42.30000000000033 -0.1564094674076303
42.40000000000033 -0.1563029062656199
42.50000000000033 -0.1562012742136304
42.60000000000034 -0.1561042522427812
42.70000000000034 -0.1560115412745489
42.80000000000034 -0.1559228614329959
42.90000000000034 -0.1558379512002166
43.00000000000034 -0.1557565664971384
43.10000000000034 -0.1556784797230532
43.20000000000034 -0.1556034787798974
43.30000000000035 -0.1555313661011847
43.40000000000035 -0.1554619577004869
43.50000000000035 -0.1553950822502929
43.60000000000035 -0.1553305801988244
43.70000000000035 -0.1552683029298048
43.80000000000035 -0.1552081119681605
43.90000000000035 -0.155149878233077
44.00000000000036 -0.1550934813386524
44.10000000000036 -0.1550388089415037
44.20000000000036 -0.1549857561340467
44.30000000000036 -0.1549342248817177
44.40000000000036 -0.1548841235021019
44.50000000000036 -0.1548353661837472
44.60000000000036 -0.1547878725423426
44.70000000000037 -0.1547415672119052
44.80000000000037 -0.1546963794686328
44.90000000000037 -0.1546522428851302
45.00000000000037 -0.1546090950127847
45.10000000000037 -0.154566877090159
45.20000000000037 -0.1545255337753625
45.30000000000037 -0.1544850129004676
45.40000000000038 -0.1544452652461367
45.50000000000038 -0.154406244334733
45.60000000000038 -0.1543679062402836
45.70000000000038 -0.1543302094137657
45.80000000000038 -0.154293114522275
45.90000000000038 -0.15425658430073
46.00000000000038 -0.1542205834148504
46.10000000000039 -0.1541850783342317
46.20000000000039 -0.1541500372144229
46.30000000000039 -0.1541154297869875
46.40000000000039 -0.1540812272566151
46.50000000000039 -0.154047402204418
46.60000000000039 -0.1540139284966337
46.70000000000039 -0.1539807811980212
46.8000000000004 -0.1539479364893193
46.9000000000004 -0.1539153715882059
47.0000000000004 -0.1538830646732711
47.1000000000004 -0.153850994810586
47.2000000000004 -0.1538191418825166
47.3000000000004 -0.1537874865184976
47.4000000000004 -0.1537560100275392
47.50000000000041 -0.1537246943322951
47.60000000000041 -0.1536935219045708
47.70000000000041 -0.1536624757021916
47.80000000000041 -0.1536315391071875
47.90000000000041 -0.1536006958652814
48.00000000000041 -0.1535699300266866
48.10000000000041 -0.1535392258882362
48.20000000000041 -0.1535085679368738
48.30000000000042 -0.1534779407945353
48.40000000000042 -0.153447329164448
48.50000000000042 -0.1534167177788633
48.60000000000042 -0.1533860913482262
48.70000000000042 -0.1533554345117675
48.80000000000042 -0.1533247317894888
48.90000000000042 -0.1532939675354905
49.00000000000043 -0.1532631258925762
49.10000000000043 -0.1532321907480507
49.20000000000043 -0.153201145690618
49.30000000000043 -0.1531699739682771
49.40000000000043 -0.1531386584471088
49.50000000000043 -0.1531071815708548
49.60000000000043 -0.1530755253211985
49.70000000000044 -0.153043671178681
49.80000000000044 -0.1530116000842141
49.90000000000044 -0.1529792924011996
50.00000000000044 -0.1529467278783171
