0 -0.717761898771664
0.1 -0.7200482177378477
0.2 -0.7201951652856421
0.3 -0.7200663270744025
0.4 -0.7197927486237266
0.5 -0.7196467220428757
0.6 -0.719813114150569
0.7 -0.7200402192904254
0.7999999999999999 -0.7201460662271129
0.8999999999999999 -0.7199576480549299
0.9999999999999999 -0.7177506040757435
1.1 -0.7210395401062069
1.2 -0.7211099113296682
1.3 -0.72100155171151
1.4 -0.7207225972925316
1.5 -0.7206088824111663
1.6 -0.7208461128892958
1.7 -0.7211013906993724
1.8 -0.7212355241596741
1.900000000000001 -0.7206144738639678
2 -0.7219306409350612
2.100000000000001 -0.725425726605898
2.200000000000001 -0.7253712844193405
2.300000000000001 -0.7252298492489765
2.400000000000001 -0.7249238572991008
2.500000000000001 -0.7248711584419218
2.600000000000001 -0.725136526413191
2.700000000000001 -0.7253255274576745
2.800000000000001 -0.7254430203798169
2.900000000000001 -0.7244137921071703
3.000000000000001 -0.7264587701970621
3.100000000000001 -0.729473946138402
3.200000000000002 -0.7293728717997956
3.300000000000002 -0.7292235285985427
3.400000000000002 -0.728824909367095
3.500000000000002 -0.7288467456229863
3.600000000000002 -0.7292702688580885
3.700000000000002 -0.7294464791619537
3.800000000000002 -0.7295975442238096
3.900000000000002 -0.7236459287831297
4.000000000000002 -0.7236537414457854
4.100000000000001 -0.723929748646903
4.200000000000001 -0.7237604302440016
4.300000000000001 -0.7234275010645035
4.4 -0.7232755371468333
4.5 -0.7234991035250145
4.6 -0.723718783183388
4.699999999999999 -0.723805951693816
4.799999999999999 -0.7234820467629779
4.899999999999999 -0.7228122025760476
4.999999999999998 -0.7251338238509742
5.099999999999998 -0.725255931028807
5.199999999999998 -0.7251702509415063
5.299999999999997 -0.7249665960582872
5.399999999999997 -0.724812567995915
5.499999999999996 -0.7249626044352461
5.599999999999996 -0.7252468561326673
5.699999999999996 -0.7254095582462948
5.799999999999995 -0.7252577014836674
5.899999999999995 -0.7222751128184313
5.999999999999995 -0.7278756508241023
6.099999999999994 -0.7277714232467275
6.199999999999994 -0.7275905692056155
6.299999999999994 -0.7270550602880226
6.399999999999993 -0.7270393926226297
6.499999999999993 -0.727510722103517
6.599999999999993 -0.727626035808169
6.699999999999992 -0.7277206820832813
6.799999999999992 -0.7234057137169074
6.899999999999991 -0.721947086291354
6.999999999999991 -0.722516883936111
7.099999999999991 -0.7224049826529266
7.19999999999999 -0.7222365146135911
7.29999999999999 -0.7220248047450175
7.39999999999999 -0.7220839150127838
7.499999999999989 -0.7223762891753982
7.599999999999989 -0.722529201618649
7.699999999999989 -0.7225772476303318
7.799999999999988 -0.7202061753710839
7.899999999999988 -0.7190554348286898
7.999999999999988 -0.7199270147443626
8.099999999999987 -0.7198080983665576
8.199999999999987 -0.7195832759330363
8.299999999999986 -0.7193002004960616
8.399999999999986 -0.7193542891241973
8.499999999999986 -0.7196240029899997
8.599999999999985 -0.7197313333062074
8.699999999999985 -0.7198000735163358
8.799999999999985 -0.7157368065305545
8.899999999999984 -0.714028566086013
8.999999999999984 -0.7146087717351183
9.099999999999984 -0.7144889410182288
9.199999999999983 -0.7142852114321723
9.299999999999983 -0.7140522605005355
9.399999999999983 -0.7141292992806252
9.499999999999982 -0.7144381957509571
9.599999999999982 -0.7145618636302704
9.699999999999982 -0.7145312714119493
9.799999999999981 -0.7123249873711398
9.899999999999981 -0.7121865647565344
9.99999999999998 -0.7126780250241379
10.09999999999998 -0.7125909467579525
10.19999999999998 -0.7124270789545949
10.29999999999998 -0.7122368746961907
10.39999999999998 -0.7122523438836971
10.49999999999998 -0.7124317411454975
10.59999999999998 -0.7125318446093714
10.69999999999998 -0.7125767256722055
10.79999999999998 -0.711716887505372
10.89999999999998 -0.7127299157897192
10.99999999999998 -0.7147480709147855
11.09999999999998 -0.7147349250029676
11.19999999999998 -0.7146424386930007
11.29999999999998 -0.7143527533286256
11.39999999999998 -0.7143159489759348
11.49999999999998 -0.7146075628230193
11.59999999999997 -0.7148383094859317
11.69999999999997 -0.7149992117548929
11.79999999999997 -0.7134958238222318
11.89999999999997 -0.7146307914014517
11.99999999999997 -0.7171115598265611
12.09999999999997 -0.7169814548967373
12.19999999999997 -0.7168090454301395
12.29999999999997 -0.7165400764977246
12.39999999999997 -0.7165250438537069
12.49999999999997 -0.7167699775313567
12.59999999999997 -0.7168984319040274
12.69999999999997 -0.7169525556238598
12.79999999999997 -0.7162072552669242
12.89999999999997 -0.7168963435817519
12.99999999999997 -0.718615247450597
13.09999999999997 -0.7186475984845454
13.19999999999997 -0.7185594827895695
13.29999999999997 -0.7183454886125742
13.39999999999997 -0.7182355744049068
13.49999999999997 -0.7184021313417926
13.59999999999997 -0.7186517041393131
13.69999999999997 -0.7188066776241371
13.79999999999997 -0.7185698283080849
13.89999999999997 -0.7172000006523087
13.99999999999997 -0.7229484212239023
14.09999999999997 -0.7228228818342212
14.19999999999997 -0.7226507744417107
14.29999999999997 -0.7221684076049369
14.39999999999996 -0.7221375525362117
14.49999999999996 -0.7225780317727288
14.59999999999996 -0.7227008700858912
14.69999999999996 -0.7227652469757742
14.79999999999996 -0.719923231418012
14.89999999999996 -0.7182378087909123
14.99999999999996 -0.719139672649632
15.09999999999996 -0.7190527020662528
15.19999999999996 -0.7189225404785327
15.29999999999996 -0.7187233146309917
15.39999999999996 -0.7187258726957488
15.49999999999996 -0.718948624494258
15.59999999999996 -0.7191072044053648
15.69999999999996 -0.7191975988635274
15.79999999999996 -0.718384630813419
15.89999999999996 -0.7194660551472475
15.99999999999996 -0.721723255867426
16.09999999999996 -0.7216936355241026
16.19999999999996 -0.7215530730285985
16.29999999999996 -0.7211791172966822
16.39999999999996 -0.7211772160522443
16.49999999999996 -0.7215252610596096
16.59999999999997 -0.7217018232799799
16.69999999999997 -0.7218641509148815
16.79999999999997 -0.7184630439587607
16.89999999999997 -0.714976673311968
16.99999999999997 -0.7160797857457294
17.09999999999997 -0.7159127959002092
17.19999999999997 -0.7156983041690722
17.29999999999998 -0.7154523094115174
17.39999999999998 -0.7154980387360211
17.49999999999998 -0.7157816665393647
17.59999999999998 -0.715892351241783
17.69999999999998 -0.7159091512715381
17.79999999999998 -0.7144129393248226
17.89999999999998 -0.7137516139867841
17.99999999999999 -0.7146855209718747
18.09999999999999 -0.71465403970992
18.19999999999999 -0.7145420122001447
18.29999999999999 -0.7143434548568894
18.39999999999999 -0.7143044369368903
18.49999999999999 -0.714462413467102
18.59999999999999 -0.7146086517940246
18.7 -0.7146919114010841
18.8 -0.7143223013990231
18.9 -0.7134139044548132
19 -0.7165534285827402
19.1 -0.7165580612115183
19.2 -0.7164491777347132
19.3 -0.7160509810399348
19.40000000000001 -0.7160574847899388
19.50000000000001 -0.7164666742035044
19.60000000000001 -0.7166436061663732
19.70000000000001 -0.7167774545974085
19.80000000000001 -0.7144842494986038
19.90000000000001 -0.7128916030276586
20.00000000000001 -0.7144860014199702
20.10000000000002 -0.7143887687899847
20.20000000000002 -0.714259542450437
20.30000000000002 -0.7140651743205136
20.40000000000002 -0.7140496422728735
20.50000000000002 -0.7142444639929966
20.60000000000002 -0.7143872819643606
20.70000000000002 -0.7144486080086461
20.80000000000003 -0.7140858680742649
20.90000000000003 -0.7138333661993389
21.00000000000003 -0.7147334133197173
21.10000000000003 -0.7149031622160318
21.20000000000003 -0.7148159721132963
21.30000000000003 -0.7146221870034486
21.40000000000003 -0.7144208318604572
21.50000000000004 -0.714516635336923
21.60000000000004 -0.7147854562144403
21.70000000000004 -0.7149311460736354
21.80000000000004 -0.7150508077792737
21.90000000000004 -0.7074338022622086
22.00000000000004 -0.7124551358557334
22.10000000000004 -0.7124118304773981
22.20000000000005 -0.7122558884378267
22.30000000000005 -0.7118478613051931
22.40000000000005 -0.7117581391088816
22.50000000000005 -0.7121257397038452
22.60000000000005 -0.7122872292292809
22.70000000000005 -0.7123448722589018
22.80000000000005 -0.7117426995538626
22.90000000000006 -0.7121590021066778
23.00000000000006 -0.713606200603044
23.10000000000006 -0.7137153233296484
23.20000000000006 -0.7136615821274597
23.30000000000006 -0.7135525233359072
23.40000000000006 -0.7134456808571755
23.50000000000006 -0.7134759150175769
23.60000000000007 -0.7136197985387629
23.70000000000007 -0.7137255723919462
23.80000000000007 -0.7137811254122164
23.90000000000007 -0.7130473475247181
24.00000000000007 -0.7140049946208437
24.10000000000007 -0.7162665576409802
24.20000000000007 -0.7162464531235696
24.30000000000008 -0.7161293341556709
24.40000000000008 -0.7156016226319362
24.50000000000008 -0.7156844682778419
24.60000000000008 -0.7162191309623872
24.70000000000008 -0.7163489377926048
24.80000000000008 -0.7164952366913215
24.90000000000008 -0.7096831795178549
25.00000000000009 -0.7130198678063999
25.10000000000009 -0.7131507504805789
25.20000000000009 -0.7130234575900647
25.30000000000009 -0.7128425000243801
25.40000000000009 -0.712693949041693
25.50000000000009 -0.7127681678159494
25.60000000000009 -0.7129953381216976
25.7000000000001 -0.7131136087642599
25.8000000000001 -0.7131383200373711
25.9000000000001 -0.7122266879677273
26.0000000000001 -0.7122707973210506
26.1000000000001 -0.7132564798845291
26.2000000000001 -0.7132549866737352
26.3000000000001 -0.7131429261720194
26.40000000000011 -0.7129243582903173
26.50000000000011 -0.7128365812758717
26.60000000000011 -0.7129662552778587
26.70000000000011 -0.7131380983330048
26.80000000000011 -0.7132482021619613
26.90000000000011 -0.7131616657226822
27.00000000000011 -0.7083648423810177
27.10000000000012 -0.7139506821228665
27.20000000000012 -0.7138637752033701
27.30000000000012 -0.7137467411294889
27.40000000000012 -0.7132429585178353
27.50000000000012 -0.7132003060018622
27.60000000000012 -0.713721950473781
27.70000000000012 -0.7138453740973969
27.80000000000013 -0.7139073781892273
27.90000000000013 -0.7120358972773871
28.00000000000013 -0.7109028308886709
28.10000000000013 -0.712072919641885
28.20000000000013 -0.7120495313810061
28.30000000000013 -0.7119684679398339
28.40000000000013 -0.7118380995938152
28.50000000000014 -0.7117933439432034
28.60000000000014 -0.7118850116930504
28.70000000000014 -0.7120031790398512
28.80000000000014 -0.7120580291856985
28.90000000000014 -0.7119951764780945
29.00000000000014 -0.7108248246821084
29.10000000000014 -0.71071146354482
29.20000000000014 -0.7115698963485705
29.30000000000015 -0.7115310010118567
29.40000000000015 -0.7114188623094345
29.50000000000015 -0.7110615355750444
29.60000000000015 -0.7111319599370418
29.70000000000015 -0.7115184329543768
29.80000000000015 -0.7117004819637861
29.90000000000015 -0.7119398735110262
30.00000000000016 -0.7046446402924569
30.10000000000016 -0.7034489531760574
30.20000000000016 -0.70362812415639
30.30000000000016 -0.7034487424430547
30.40000000000016 -0.7031845073296451
30.50000000000016 -0.7030282673117971
30.60000000000016 -0.7031512898427179
30.70000000000017 -0.703348274324946
30.80000000000017 -0.7034168172451436
30.90000000000017 -0.703387089463261
31.00000000000017 -0.7028011638016776
31.10000000000017 -0.7027194827433889
31.20000000000017 -0.7033136889542471
31.30000000000017 -0.7033661287701132
31.40000000000018 -0.7033202367883303
31.50000000000018 -0.7032264041245464
31.60000000000018 -0.7031355706262858
31.70000000000018 -0.7031471992688885
31.80000000000018 -0.7032484833412176
31.90000000000018 -0.7033376744237264
32.00000000000018 -0.70339925630581
32.10000000000019 -0.7030178374636054
32.20000000000019 -0.702258489689071
32.30000000000019 -0.7046346664093839
32.40000000000019 -0.704686125106709
32.50000000000019 -0.7045917518893351
32.60000000000019 -0.7040655237054455
32.70000000000019 -0.7041183099756727
32.8000000000002 -0.7046784508121968
32.9000000000002 -0.7047922634658177
33.0000000000002 -0.7048506990872494
33.1000000000002 -0.7022285109078336
33.2000000000002 -0.7005273532367101
33.3000000000002 -0.7014430868788831
33.4000000000002 -0.7013894632783089
33.50000000000021 -0.7013156175034103
33.60000000000021 -0.701217819357544
33.70000000000021 -0.7011897632978552
33.80000000000021 -0.7012722088221308
33.90000000000021 -0.7013917915586749
34.00000000000021 -0.701462370906609
34.10000000000021 -0.701459356068222
34.20000000000022 -0.7010409295174362
34.30000000000022 -0.7012078590178035
34.40000000000022 -0.7016593882815053
34.50000000000022 -0.70175310720679
34.60000000000022 -0.7016884903424937
34.70000000000022 -0.701536039506349
34.80000000000022 -0.7013423193044865
34.90000000000023 -0.7014129278393275
35.00000000000023 -0.7016554670530606
35.10000000000023 -0.7018082148051962
35.20000000000023 -0.7020212809382644
35.30000000000023 -0.6939738659970597
35.40000000000023 -0.6939458056035585
35.50000000000023 -0.6939532731186834
35.60000000000024 -0.6937689117586935
35.70000000000024 -0.6934134808441756
35.80000000000024 -0.6932768661595886
35.90000000000024 -0.6935246518121532
36.00000000000024 -0.6936808003711494
36.10000000000024 -0.6937222593370969
36.20000000000024 -0.6936390697601762
36.30000000000025 -0.6932589766161685
36.40000000000025 -0.6931008376115148
36.50000000000025 -0.6935296214209595
36.60000000000025 -0.6935900274555795
36.70000000000025 -0.6935761854272198
36.80000000000025 -0.69352664228269
36.90000000000025 -0.6934738403957426
37.00000000000026 -0.6934654928087325
37.10000000000026 -0.6934995825221972
37.20000000000026 -0.6935303571315328
37.30000000000026 -0.6935353134882976
37.40000000000026 -0.6934582654874722
37.50000000000026 -0.6927687839385321
37.60000000000026 -0.6930185676120174
37.70000000000027 -0.6937446048161497
37.80000000000027 -0.6937765959089379
37.90000000000027 -0.6937297435356449
38.00000000000027 -0.6933965213836253
38.10000000000027 -0.6934634595000629
38.20000000000027 -0.6938670812798939
38.30000000000027 -0.6940853681642613
38.40000000000028 -0.6942708838853283
38.50000000000028 -0.6898703092585917
38.60000000000028 -0.6861189325519064
38.70000000000028 -0.6868753847348067
38.80000000000028 -0.6867414584516335
38.90000000000028 -0.686611535515512
39.00000000000028 -0.6864887078850621
39.10000000000029 -0.6864722021628988
39.20000000000029 -0.6865646868727868
39.30000000000029 -0.6866438565550805
39.40000000000029 -0.6866789926095612
39.50000000000029 -0.6866592998228531
39.60000000000029 -0.6864757552976262
39.70000000000029 -0.6865141438274045
39.8000000000003 -0.6866225063840145
39.9000000000003 -0.6867332129370574
40.0000000000003 -0.6867260496378074
40.1000000000003 -0.6866828105269027
40.2000000000003 -0.6866076508228136
40.3000000000003 -0.6865555452892157
40.4000000000003 -0.6865847860047545
40.50000000000031 -0.6866793577151631
40.60000000000031 -0.6867704084284117
40.70000000000031 -0.6868532403481825
40.80000000000031 -0.6860721241218167
40.90000000000031 -0.6880549524432853
41.00000000000031 -0.6913430753016462
41.10000000000031 -0.6912464301846997
41.20000000000032 -0.6910751812147022
41.30000000000032 -0.690565629607317
41.40000000000032 -0.6904612347856
41.50000000000032 -0.6908737317621552
41.60000000000032 -0.6909230422414288
41.70000000000032 -0.6908768148558995
41.80000000000032 -0.6898599101146944
41.90000000000033 -0.6893496233940288
42.00000000000033 -0.6900449961096757
42.10000000000033 -0.6900805218589627
42.20000000000033 -0.6900615790376867
42.30000000000033 -0.6900264736212641
42.40000000000033 -0.6900002527150872
42.50000000000033 -0.6900199960661617
42.60000000000034 -0.6900822199040114
42.70000000000034 -0.6901389475319624
42.80000000000034 -0.6901613405837908
42.90000000000034 -0.6901129703779406
43.00000000000034 -0.6898052890778134
43.10000000000034 -0.6898787769951281
43.20000000000034 -0.6900741851482378
43.30000000000035 -0.6901659833787548
43.40000000000035 -0.6901294683258756
43.50000000000035 -0.690024931067284
43.60000000000035 -0.6898028286659713
43.70000000000035 -0.6898741177130328
43.80000000000035 -0.6901498929337803
43.90000000000035 -0.6903427764899883
44.00000000000036 -0.6906285636701316
44.10000000000036 -0.6820596328771165
44.20000000000036 -0.6806899030478757
44.30000000000036 -0.6806486576745948
44.40000000000036 -0.6804374581675005
44.50000000000036 -0.6801568369340476
44.60000000000036 -0.6800144740599892
44.70000000000037 -0.6801351123960344
44.80000000000037 -0.6802776095459055
44.90000000000037 -0.680321057004727
45.00000000000037 -0.6803203907928275
45.10000000000037 -0.6801753732797146
45.20000000000037 -0.6802134307061184
45.30000000000037 -0.680313762684372
45.40000000000038 -0.6804778820331316
45.50000000000038 -0.6805115809611335
45.60000000000038 -0.6805022355856393
45.70000000000038 -0.6804673264694899
45.80000000000038 -0.6804275728878109
45.90000000000038 -0.6804087430228452
46.00000000000038 -0.6804134296611093
46.10000000000039 -0.6804229069970253
46.20000000000039 -0.6804218051457096
46.30000000000039 -0.680390947564611
46.40000000000039 -0.6801403869306891
46.50000000000039 -0.6800013099721126
46.60000000000039 -0.6800693485654965
46.70000000000039 -0.6803082226732485
46.8000000000004 -0.6803078600034618
46.9000000000004 -0.680210301872038
47.0000000000004 -0.6798039230506618
47.1000000000004 -0.6799092810728369
47.2000000000004 -0.6803948642295183
47.3000000000004 -0.6805442761485663
47.4000000000004 -0.6803907179636139
47.50000000000041 -0.6791705025684127
47.60000000000041 -0.6836635977636757
47.70000000000041 -0.6836917908351324
47.80000000000041 -0.6835917015768609
47.90000000000041 -0.6834859474066592
48.00000000000041 -0.6834084910420435
48.10000000000041 -0.6834124061150807
48.20000000000041 -0.6834852167232479
48.30000000000042 -0.6835477699641739
48.40000000000042 -0.6835807742014735
48.50000000000042 -0.6835685651535836
48.60000000000042 -0.6834215693460324
48.70000000000042 -0.6834506682536767
48.80000000000042 -0.6835158162460335
48.90000000000042 -0.6836332537619798
49.00000000000043 -0.6836332322592776
49.10000000000043 -0.6835923820079084
49.20000000000043 -0.6835121799944323
49.30000000000043 -0.6834491583040654
49.40000000000043 -0.6834781916775703
49.50000000000043 -0.683582015935798
49.60000000000043 -0.6836812529912331
49.70000000000044 -0.683780434054425
49.80000000000044 -0.682616260192496
49.90000000000044 -0.6857976024732518
50.00000000000044 -0.6888415786965245
