0 -0.8010850400053366
0.1 -0.805206226254921
0.2 -0.7864900070261679
0.3 -0.7685947639857504
0.4 -0.755014364018277
0.5 -0.7460011663984065
0.6 -0.740886711869117
0.7 -0.736143664035501
0.7999999999999999 -0.7270479820602629
0.8999999999999999 -0.7114824065611861
0.9999999999999999 -0.6897326955957241
1.1 -0.6659670585498161
1.2 -0.6598047775673338
1.3 -0.6967082392903463
1.4 -0.7453708909488894
1.5 -0.7758385220597579
1.6 -0.7854214239051983
1.7 -0.7860771999950915
1.8 -0.783597755824292
1.900000000000001 -0.7760441452723418
2 -0.7634234598645172
2.100000000000001 -0.7473311463233168
2.200000000000001 -0.7277932946029453
2.300000000000001 -0.708112745191251
2.400000000000001 -0.7221046730110032
2.500000000000001 -0.7291440004540386
2.600000000000001 -0.7022541274589367
2.700000000000001 -0.6729006260362268
2.800000000000001 -0.6594148634138968
2.900000000000001 -0.6900429980622735
3.000000000000001 -0.7378736387134095
3.100000000000001 -0.7640886703962035
3.200000000000002 -0.7714751962624453
3.300000000000002 -0.793201740276591
3.400000000000002 -0.8020461029218174
3.500000000000002 -0.7830177334013035
3.600000000000002 -0.7645546438925812
3.700000000000002 -0.7502894088036167
3.800000000000002 -0.7400836936965798
3.900000000000002 -0.7334848985643224
4.000000000000002 -0.7276320879357299
4.100000000000001 -0.7178448439718081
4.200000000000001 -0.7018237872278296
4.300000000000001 -0.6812150674066977
4.4 -0.6646784969036504
4.5 -0.6766177121526449
4.6 -0.7288892922542858
4.699999999999999 -0.7718136202757541
4.799999999999999 -0.7854757493303846
4.899999999999999 -0.7830403514480869
4.999999999999998 -0.7771629845764451
5.099999999999998 -0.7723774293712614
5.199999999999998 -0.7668851782080255
5.299999999999997 -0.7580471348118178
5.399999999999997 -0.7454065070518455
5.499999999999996 -0.7289423183661264
5.599999999999996 -0.7083226091429841
5.699999999999996 -0.690921629637903
5.799999999999995 -0.7021868974462978
5.899999999999995 -0.6947296949645732
5.999999999999995 -0.6727028696652327
6.099999999999994 -0.6706626488001564
6.199999999999994 -0.7175841071636326
6.299999999999994 -0.7760843125579201
6.399999999999993 -0.7886204596826873
6.499999999999993 -0.7743482075735322
6.599999999999993 -0.7626841046291859
6.699999999999992 -0.7926242796538887
6.799999999999992 -0.7860087342233012
6.899999999999991 -0.7648517132448605
6.999999999999991 -0.7471284052710252
7.099999999999991 -0.7328617733371526
7.19999999999999 -0.7222869661350988
7.29999999999999 -0.7148838895577633
7.39999999999999 -0.7057784430687107
7.499999999999989 -0.6905033414391636
7.599999999999989 -0.6730378886168116
7.699999999999989 -0.669585018198104
7.799999999999988 -0.7065344540669278
7.899999999999988 -0.7681728347539394
7.999999999999988 -0.7933014041884581
8.099999999999987 -0.7900194191202626
8.199999999999987 -0.7793830467216437
8.299999999999986 -0.7702530545997894
8.399999999999986 -0.7646414302048137
8.499999999999986 -0.7601317495256665
8.599999999999985 -0.7529767672545876
8.699999999999985 -0.7415655345828022
8.799999999999985 -0.725621729623716
8.899999999999984 -0.7046947213959909
8.999999999999984 -0.682053533946702
9.099999999999984 -0.6789450501255493
9.199999999999983 -0.6819844067466331
9.299999999999983 -0.6777944545954044
9.399999999999983 -0.699541516579401
9.499999999999982 -0.7517889192859155
9.599999999999982 -0.7954289106385661
9.699999999999982 -0.7980442697808321
9.799999999999981 -0.7789447314207006
9.899999999999981 -0.7547500796801206
9.99999999999998 -0.7515791034851711
10.09999999999998 -0.7850222887344529
10.19999999999998 -0.7685411607859729
10.29999999999998 -0.7468531321822027
10.39999999999998 -0.7280550951481917
10.49999999999998 -0.7121955613144219
10.59999999999998 -0.7015758522290838
10.69999999999998 -0.6941164332682745
10.79999999999998 -0.6816805029685313
10.89999999999998 -0.6691108381498678
10.99999999999998 -0.6789864288888345
11.09999999999998 -0.7333270840136896
11.19999999999998 -0.7928977285417027
11.29999999999998 -0.8016327378431949
11.39999999999998 -0.7892949710977432
11.49999999999998 -0.7756943236453909
11.59999999999997 -0.7662866123690384
11.69999999999997 -0.761348692620159
11.79999999999997 -0.7573190484332358
11.89999999999997 -0.7500250864556767
11.99999999999997 -0.7380685131457945
12.09999999999997 -0.72133343356125
12.19999999999997 -0.6994946516676404
12.29999999999997 -0.6761506344672163
12.39999999999997 -0.6697964377776621
12.49999999999997 -0.6733798335553849
12.59999999999997 -0.6841282281277552
12.69999999999997 -0.7232152699268639
12.79999999999997 -0.7726341953527854
12.89999999999997 -0.8010161554138862
12.99999999999997 -0.7983666840292176
13.09999999999997 -0.7801105712146891
13.19999999999997 -0.757229845473673
13.29999999999997 -0.7363681250383202
13.39999999999997 -0.7624480379506191
13.49999999999997 -0.7716030021409415
13.59999999999997 -0.7485331501313658
13.69999999999997 -0.7258082966248265
13.79999999999997 -0.7049489020497102
13.89999999999997 -0.6903071368186082
13.99999999999997 -0.6856164710124382
14.09999999999997 -0.6778253475880894
14.19999999999997 -0.6688467805546852
14.29999999999997 -0.6862400493777798
14.39999999999996 -0.7520581126734069
14.49999999999996 -0.8061722547703368
14.59999999999996 -0.8032238103978407
14.69999999999996 -0.7871453463612738
14.79999999999996 -0.7736187498128801
14.89999999999996 -0.7656903255805866
14.99999999999996 -0.76168290249307
15.09999999999996 -0.7568671934149739
15.19999999999996 -0.7480574630884748
15.29999999999996 -0.734913873634481
15.39999999999996 -0.7174304200753248
15.49999999999996 -0.6954180881699684
15.59999999999996 -0.6730748994299467
15.69999999999996 -0.6644859163240813
15.79999999999996 -0.6672589508598075
15.89999999999996 -0.6906036611078341
15.99999999999996 -0.7406120455718928
16.09999999999996 -0.7843166100087769
16.19999999999996 -0.8016336349524096
16.29999999999996 -0.7961703961312573
16.39999999999996 -0.7798397676407007
16.49999999999996 -0.7599556044511463
16.59999999999997 -0.7379457488976007
16.69999999999997 -0.7293130370563464
16.79999999999997 -0.7658125388293731
16.89999999999997 -0.7525275916149907
16.99999999999997 -0.7263303440621626
17.09999999999997 -0.6998971785175101
17.19999999999997 -0.6784049221984645
17.29999999999998 -0.6761711384678166
17.39999999999998 -0.677451541382406
17.49999999999998 -0.6734167328264193
17.59999999999998 -0.6963698441796999
17.69999999999998 -0.7721326298963884
17.79999999999998 -0.815001135541352
17.89999999999998 -0.8028264941975732
17.99999999999999 -0.7851982961677204
18.09999999999999 -0.7726307881858436
18.19999999999999 -0.7658786248648946
18.29999999999999 -0.7616446750049823
18.39999999999999 -0.7554023102358989
18.49999999999999 -0.7452827659228317
18.59999999999999 -0.7313238502416226
18.7 -0.7133265405188383
18.8 -0.6911632941302905
18.9 -0.6689200749600045
19 -0.6584775485884208
19.1 -0.6672529861503111
19.2 -0.7072590568812966
19.3 -0.7617299336312984
19.40000000000001 -0.7934249175717415
19.50000000000001 -0.7998547291644655
19.60000000000001 -0.7921812791714909
19.70000000000001 -0.7782396571572152
19.80000000000001 -0.7619918346123851
19.90000000000001 -0.7440244099720779
20.00000000000001 -0.7245711459276296
20.10000000000002 -0.7233572959080139
20.20000000000002 -0.7474780180654874
20.30000000000002 -0.7285848810110878
20.40000000000002 -0.6974237895413733
20.50000000000002 -0.6646474109209386
20.60000000000002 -0.653051346047701
20.70000000000002 -0.6780363299482826
20.80000000000003 -0.6976480257734496
20.90000000000003 -0.7251829762937922
21.00000000000003 -0.7891741953312863
21.10000000000003 -0.8217905858037378
21.20000000000003 -0.8002068748495821
21.30000000000003 -0.7798905306469602
21.40000000000003 -0.7665523547800677
21.50000000000004 -0.7592579643994806
21.60000000000004 -0.754696056180019
21.70000000000004 -0.7484486014812582
21.80000000000004 -0.7382256424177644
21.90000000000004 -0.7236884303263789
22.00000000000004 -0.7045983236058585
22.10000000000004 -0.6812670517477266
22.20000000000005 -0.6594092719574989
22.30000000000005 -0.6567530093998007
22.40000000000005 -0.6891430287438776
22.50000000000005 -0.7448972314969482
22.60000000000005 -0.7841326213079136
22.70000000000005 -0.7949246095918491
22.80000000000005 -0.7912630548648953
22.90000000000006 -0.7825778971048358
23.00000000000006 -0.7716491747022693
23.10000000000006 -0.7592908623793819
23.20000000000006 -0.7455696976634154
23.30000000000006 -0.7298938707294684
23.40000000000006 -0.7124826710725564
23.50000000000006 -0.7022508460932168
23.60000000000007 -0.7077972725953484
23.70000000000007 -0.6923753751064794
23.80000000000007 -0.6622019992506036
23.90000000000007 -0.6422093061245231
24.00000000000007 -0.6797554287505205
24.10000000000007 -0.7563027465864309
24.20000000000007 -0.778918723626258
24.30000000000008 -0.7628512753338922
24.40000000000008 -0.8036820842670391
24.50000000000008 -0.8120396018473701
24.60000000000008 -0.7797458356676594
24.70000000000008 -0.7580244134736247
24.80000000000008 -0.744639004358238
24.90000000000008 -0.7385667911752619
25.00000000000009 -0.7360922633959084
25.10000000000009 -0.729525788767337
25.20000000000009 -0.7150534975019993
25.30000000000009 -0.6931108543800533
25.40000000000009 -0.6660127259420978
25.50000000000009 -0.6459259704485505
25.60000000000009 -0.6668300428370473
25.7000000000001 -0.730629001795907
25.8000000000001 -0.7807898552221463
25.9000000000001 -0.795308832897088
26.0000000000001 -0.7912370967738644
26.1000000000001 -0.783084695612982
26.2000000000001 -0.7746454464399249
26.3000000000001 -0.7653254836054184
26.40000000000011 -0.7544931978488396
26.50000000000011 -0.741887615418779
26.60000000000011 -0.7269378684553409
26.70000000000011 -0.7090521734912971
26.80000000000011 -0.6911591263153819
26.90000000000011 -0.6842379719168372
27.00000000000011 -0.6750342740897716
27.10000000000012 -0.6550665167083949
27.20000000000012 -0.6555656743611455
27.30000000000012 -0.7084394152171918
27.40000000000012 -0.7805686395172415
27.50000000000012 -0.7998706280101793
27.60000000000012 -0.7798876389625499
27.70000000000012 -0.7452255984547548
27.80000000000013 -0.7831693269100982
27.90000000000013 -0.7966179502752131
28.00000000000013 -0.7630871960757823
28.10000000000013 -0.7395909207695202
28.20000000000013 -0.723804239570272
28.30000000000013 -0.7192509303389742
28.40000000000013 -0.7224716873241025
28.50000000000014 -0.7149763791407748
28.60000000000014 -0.6923494614967879
28.70000000000014 -0.6601941041999906
28.80000000000014 -0.6328860170821704
28.90000000000014 -0.6588368925547188
29.00000000000014 -0.737896985520974
29.10000000000014 -0.7889130700724263
29.20000000000014 -0.7988326443910335
29.30000000000015 -0.792239534313897
29.40000000000015 -0.7835750417237609
29.50000000000015 -0.7748392853289024
29.60000000000015 -0.7648972025321229
29.70000000000015 -0.7535481501748093
29.80000000000015 -0.7408536981568048
29.90000000000015 -0.7263583197816632
30.00000000000016 -0.7095664509967308
30.10000000000016 -0.6926171523351849
30.20000000000016 -0.6820098975723345
30.30000000000016 -0.6685716565129267
30.40000000000016 -0.6465103595057202
30.50000000000016 -0.6448609717501705
30.60000000000016 -0.6989412794515433
30.70000000000017 -0.7753948931391681
30.80000000000017 -0.8034395297873622
30.90000000000017 -0.790729611017559
31.00000000000017 -0.7635108114029117
31.10000000000017 -0.7329643334778051
31.20000000000017 -0.789269415056926
31.30000000000017 -0.7825642298625072
31.40000000000018 -0.7511482065748207
31.50000000000018 -0.7255536036865908
31.60000000000018 -0.7066687242126406
31.70000000000018 -0.7111735410116996
31.80000000000018 -0.7249096853042418
31.90000000000018 -0.7074794062431633
32.00000000000018 -0.6700446183281801
32.10000000000019 -0.6280519341464166
32.20000000000019 -0.6374050435695828
32.30000000000019 -0.7188554307762973
32.40000000000019 -0.7858023845932978
32.50000000000019 -0.8072133828942183
32.60000000000019 -0.8042402026647415
32.70000000000019 -0.7952026021417464
32.8000000000002 -0.7837999501063628
32.9000000000002 -0.7710745349668298
33.0000000000002 -0.7580273748975087
33.1000000000002 -0.7447639400767754
33.2000000000002 -0.7307491515365245
33.3000000000002 -0.7158329542291071
33.4000000000002 -0.7020200683818238
33.50000000000021 -0.6905262639208961
33.60000000000021 -0.6718233053523209
33.70000000000021 -0.6445169434195048
33.80000000000021 -0.6327298249432345
33.90000000000021 -0.6808582802635992
34.00000000000021 -0.7683873379905541
34.10000000000021 -0.8081550128052026
34.20000000000022 -0.8008636824126654
34.30000000000022 -0.7780307517664458
34.40000000000022 -0.7505404900968751
34.50000000000022 -0.7419212020502913
34.60000000000022 -0.7858835547815848
34.70000000000022 -0.7612706941367902
34.80000000000022 -0.7307982882719203
34.90000000000023 -0.7002202071838157
35.00000000000023 -0.6853845503268596
35.10000000000023 -0.7262070890060013
35.20000000000023 -0.721938534231805
35.30000000000023 -0.6788307333059953
35.40000000000023 -0.6274882025840229
35.50000000000023 -0.6308363343280878
35.60000000000024 -0.7015934951059757
35.70000000000024 -0.7766493511959189
35.80000000000024 -0.8106136634396197
35.90000000000024 -0.8115549288328071
36.00000000000024 -0.8009484404373508
36.10000000000024 -0.7868050770786837
36.20000000000024 -0.7723721884136147
36.30000000000025 -0.7587499668805651
36.40000000000025 -0.7457001825036342
36.50000000000025 -0.7325534294528833
36.60000000000025 -0.7189526983232164
36.70000000000025 -0.7052009113545024
36.80000000000025 -0.6899337030267285
36.90000000000025 -0.6677295617284351
37.00000000000026 -0.6393556368252061
37.10000000000026 -0.6283990424079757
37.20000000000026 -0.6816492160288565
37.30000000000026 -0.7720352116925477
37.40000000000026 -0.8111151938412815
37.50000000000026 -0.8053839061967425
37.60000000000026 -0.7867293952920518
37.70000000000027 -0.7670590518604082
37.80000000000027 -0.7484741734656967
37.90000000000027 -0.7372220562263297
38.00000000000027 -0.7510380525001058
38.10000000000027 -0.7487757389730213
38.20000000000027 -0.7247612148876867
38.30000000000027 -0.6914453964810875
38.40000000000028 -0.6496963625488307
38.50000000000028 -0.6576332731219456
38.60000000000028 -0.688914146016441
38.70000000000028 -0.636641191992807
38.80000000000028 -0.6223564699019246
38.90000000000028 -0.768163854312399
39.00000000000028 -0.8084737671727755
39.10000000000029 -0.8099432883393437
39.20000000000029 -0.80150589640359
39.30000000000029 -0.7917767016813511
39.40000000000029 -0.7803818474806616
39.50000000000029 -0.7678018707106987
39.60000000000029 -0.7549399115313387
39.70000000000029 -0.7417741033668532
39.8000000000003 -0.7275339050281553
39.9000000000003 -0.7111196009316337
40.0000000000003 -0.6914440120764354
40.1000000000003 -0.6675712606707868
40.2000000000003 -0.6402572547894196
40.3000000000003 -0.6256251504518677
40.4000000000003 -0.6694409675369888
40.50000000000031 -0.7611823971319935
40.60000000000031 -0.8091589835772934
40.70000000000031 -0.8095688786317656
40.80000000000031 -0.794868753639134
40.90000000000031 -0.7789088065790464
41.00000000000031 -0.764571665297577
41.10000000000031 -0.7516219316472846
41.20000000000032 -0.7392425612867254
41.30000000000032 -0.7268481064143416
41.40000000000032 -0.7145483436690598
41.50000000000032 -0.7022531700724135
41.60000000000032 -0.6860482992167878
41.70000000000032 -0.6608271371852374
41.80000000000032 -0.6311327333107066
41.90000000000033 -0.6253712541563263
42.00000000000033 -0.6897855991779323
42.10000000000033 -0.7765933982556994
42.20000000000033 -0.7991664688768875
42.30000000000033 -0.7733179276703703
42.40000000000033 -0.6985832200194532
42.50000000000033 -0.8854935692916067
42.60000000000034 -0.8219175871047427
42.70000000000034 -0.746889311365776
42.80000000000034 -0.6639850644238254
42.90000000000034 -0.8703171432430001
43.00000000000034 -0.8289621088630992
43.10000000000034 -0.7826015245732481
43.20000000000034 -0.7405506111694113
43.30000000000035 -0.6997182735986525
43.40000000000035 -0.6698094880363017
43.50000000000035 -0.6232029676868143
43.60000000000035 -0.6817914764235335
43.70000000000035 -0.8552718930065062
43.80000000000035 -0.9053980498855851
43.90000000000035 -0.8837119334128137
44.00000000000036 -0.8545367729576725
44.10000000000036 -0.8304022304395874
44.20000000000036 -0.8105702053033009
44.30000000000036 -0.7929938327494329
44.40000000000036 -0.7785823822051392
44.50000000000036 -0.7755036935560201
44.60000000000036 -0.7751032302213934
44.70000000000037 -0.7534336549171864
44.80000000000037 -0.7117872416009782
44.90000000000037 -0.6465650227819519
45.00000000000037 -0.5816020572135583
45.10000000000037 -0.6574973128814063
45.20000000000037 -0.749025193458086
45.30000000000037 -0.9215170671915407
45.40000000000038 -0.8419525447484708
45.50000000000038 -0.769827943132983
45.60000000000038 -0.7996025028420968
45.70000000000038 -0.8053569079787228
45.80000000000038 -0.7809064312723262
45.90000000000038 -0.759815191860762
46.00000000000038 -0.7434359433791197
46.10000000000039 -0.7291766435951125
46.20000000000039 -0.715141454478478
46.30000000000039 -0.700384739848275
46.40000000000039 -0.6839236927679139
46.50000000000039 -0.6596877549544164
46.60000000000039 -0.6150788185951399
46.70000000000039 -0.5460207549375951
46.8000000000004 -0.5291990242721587
46.9000000000004 -0.739630382309
47.0000000000004 -0.8577539448588627
47.1000000000004 -0.8379716986958795
47.2000000000004 -0.8032784753474267
47.3000000000004 -0.7769234190172252
47.4000000000004 -0.7574516560501527
47.50000000000041 -0.7416864329439824
47.60000000000041 -0.7281505538764361
47.70000000000041 -0.7207845064890063
47.80000000000041 -0.726839841637936
47.90000000000041 -0.7250520594834567
48.00000000000041 -0.704723138069922
48.10000000000041 -0.6685020645014875
48.20000000000041 -0.5995265341730357
48.30000000000042 -0.5044882835861082
48.40000000000042 -0.6462792261449002
48.50000000000042 -0.5018558132884925
48.60000000000042 -0.7359871983831718
48.70000000000042 -0.8697876208148512
48.80000000000042 -0.8670935597917316
48.90000000000042 -0.8414053903142097
49.00000000000043 -0.819540417389367
49.10000000000043 -0.8008001361737225
49.20000000000043 -0.7846370907627042
49.30000000000043 -0.7705756072670857
49.40000000000043 -0.7575577478964555
49.50000000000043 -0.7441871114052778
49.60000000000043 -0.7287429609349674
49.70000000000044 -0.708877864954635
49.80000000000044 -0.6808184339277091
49.90000000000044 -0.6374958156324579
50.00000000000044 -0.5719574935076321
