0 -0.8010850400053366
0.1 -0.8011193042762745
0.2 -0.8012651800702344
0.3 -0.8011624849052279
0.4 -0.8009906427014033
0.5 -0.8008855170492648
0.6 -0.8009165287976971
0.7 -0.8010308784052143
0.7999999999999999 -0.8011081848750348
0.8999999999999999 -0.8010015924193324
0.9999999999999999 -0.800901995147375
1.1 -0.8009085611401761
1.2 -0.8011726237096282
1.3 -0.8011586415226637
1.4 -0.8010429325764241
1.5 -0.8009552495900414
1.6 -0.8009882130557948
1.7 -0.8010980518497858
1.8 -0.8011496004136899
1.900000000000001 -0.8010017509631109
2 -0.8007956721093171
2.100000000000001 -0.8007257154401296
2.200000000000001 -0.8009539596854363
2.300000000000001 -0.800928604543891
2.400000000000001 -0.8008278038407115
2.500000000000001 -0.8007628328638091
2.600000000000001 -0.8008279410520539
2.700000000000001 -0.8009962901710264
2.800000000000001 -0.801128288814831
2.900000000000001 -0.801078527618257
3.000000000000001 -0.8008456745669286
3.100000000000001 -0.800781057370717
3.200000000000002 -0.8010106614424267
3.300000000000002 -0.8009553162273683
3.400000000000002 -0.8007976281375386
3.500000000000002 -0.8006628491461838
3.600000000000002 -0.8006576413083153
3.700000000000002 -0.8007696813967531
3.800000000000002 -0.8008831342752722
3.900000000000002 -0.8008825498712875
4.000000000000002 -0.8006551146136853
4.100000000000001 -0.8006890269337306
4.200000000000001 -0.8009999008078355
4.300000000000001 -0.8010472105019397
4.4 -0.8009420363087867
4.5 -0.8008119241194021
4.6 -0.8007872730903522
4.699999999999999 -0.8008721780285193
4.799999999999999 -0.8009488960143917
4.899999999999999 -0.8009030601300127
4.999999999999998 -0.8005957454096259
5.099999999999998 -0.8006070133771124
5.199999999999998 -0.8008677070526875
5.299999999999997 -0.8009262862038968
5.399999999999997 -0.8008528058308406
5.499999999999996 -0.8007636258811976
5.599999999999996 -0.8007819085084293
5.699999999999996 -0.8009250475361808
5.799999999999995 -0.8010767478911542
5.899999999999995 -0.8011009981197976
5.999999999999995 -0.8008177154335709
6.099999999999994 -0.8008398385871267
6.199999999999994 -0.8010376724523131
6.299999999999994 -0.8010611953358973
6.399999999999993 -0.8009294945785366
6.499999999999993 -0.8007798440531335
6.599999999999993 -0.800738906810389
6.699999999999992 -0.8008334137453388
6.799999999999992 -0.8009741790183971
6.899999999999991 -0.8010448068802161
6.999999999999991 -0.8008642932994186
7.099999999999991 -0.8009372258000351
7.19999999999999 -0.8011161377588677
7.29999999999999 -0.8012526171410339
7.39999999999999 -0.8011671808984828
7.499999999999989 -0.8010141243063307
7.599999999999989 -0.800935429130035
7.699999999999989 -0.800980503244711
7.799999999999988 -0.8010708194157216
7.899999999999988 -0.8010898854128847
7.999999999999988 -0.8008709813224533
8.099999999999987 -0.8008616258202519
8.199999999999987 -0.8009491939523403
8.299999999999986 -0.8011264259346637
8.399999999999986 -0.8010913700345456
8.499999999999986 -0.8009960930516578
8.599999999999985 -0.8009653492241977
8.699999999999985 -0.8010635355651168
8.799999999999985 -0.80121965448765
8.899999999999984 -0.8012882676812821
8.999999999999984 -0.8010902684811827
9.099999999999984 -0.8010101365520682
9.199999999999983 -0.8010108130353594
9.299999999999983 -0.8011455341163491
9.399999999999983 -0.801051560305021
9.499999999999982 -0.8009053878652134
9.599999999999982 -0.8008310416739756
9.699999999999982 -0.8008970328764042
9.799999999999981 -0.8010530855251558
9.899999999999981 -0.8011697714008742
9.99999999999998 -0.8010935076543302
10.09999999999998 -0.8009931954362337
10.19999999999998 -0.8009873519571344
10.29999999999998 -0.8012203620526818
10.39999999999998 -0.8011647973378972
10.49999999999998 -0.8010072568586621
10.59999999999998 -0.8008828666455001
10.69999999999998 -0.8008836033646921
10.79999999999998 -0.800973793041688
10.89999999999998 -0.8010333951811301
10.99999999999998 -0.8009374784291048
11.09999999999998 -0.8007355760920433
11.19999999999998 -0.8007015266999039
11.29999999999998 -0.8009878447393848
11.39999999999998 -0.801007933270238
11.49999999999998 -0.8009237771284454
11.59999999999997 -0.8008490581229775
11.69999999999997 -0.8008916349546618
11.79999999999997 -0.8010300282877285
11.89999999999997 -0.8011236337212383
11.99999999999997 -0.8010331878599919
12.09999999999997 -0.8007402810176216
12.19999999999997 -0.8006559412966934
12.29999999999997 -0.8008921498456356
12.39999999999997 -0.8008590552988377
12.49999999999997 -0.8007339795641715
12.59999999999997 -0.8006323492346339
12.69999999999997 -0.8006623435458569
12.79999999999997 -0.800815750600397
12.89999999999997 -0.8009663929821558
12.99999999999997 -0.8009838062264639
13.09999999999997 -0.800745794171569
13.19999999999997 -0.8007573341903157
13.29999999999997 -0.8010317086121821
13.39999999999997 -0.8010293341689373
13.49999999999997 -0.8008820737430323
13.59999999999997 -0.8007246351133543
13.69999999999997 -0.8006820284864484
13.79999999999997 -0.8007583983235053
13.89999999999997 -0.8008480235573368
13.99999999999997 -0.800846285834633
14.09999999999997 -0.8006020301600038
14.19999999999997 -0.8006673111965801
14.29999999999997 -0.8009365085430799
14.39999999999996 -0.8010400491338631
14.49999999999996 -0.800978585133526
14.59999999999996 -0.800874348730128
14.69999999999996 -0.8008586378157148
14.79999999999996 -0.8009572697834428
14.89999999999996 -0.8010633740313277
14.99999999999996 -0.8010514241367532
15.09999999999996 -0.8007430406325949
15.19999999999996 -0.8007613216642724
15.29999999999996 -0.8009438267572521
15.39999999999996 -0.8010097005500024
15.49999999999996 -0.8009198833164073
15.59999999999996 -0.8008067339553135
15.69999999999996 -0.8007966807419116
15.79999999999996 -0.8009259084378206
15.89999999999996 -0.8011006253141313
15.99999999999996 -0.8011831213604937
16.09999999999996 -0.8009747541348919
16.19999999999996 -0.8010197434988727
16.29999999999996 -0.8011669708911342
16.39999999999996 -0.8012511253020479
16.49999999999996 -0.8011246593582608
16.59999999999997 -0.8009513698421341
16.69999999999997 -0.800868554633388
16.79999999999997 -0.80092019841999
16.89999999999997 -0.8010322775152884
16.99999999999997 -0.8010921544389101
17.09999999999997 -0.8009404254266724
17.19999999999997 -0.800947674622558
17.29999999999998 -0.8010384696122066
17.39999999999998 -0.8012467803111972
17.49999999999998 -0.8012139172537963
17.59999999999998 -0.801096897321568
17.69999999999998 -0.8010261025182943
17.79999999999998 -0.8010725313128551
17.89999999999998 -0.8011758186503084
17.99999999999999 -0.8012078987592823
18.09999999999999 -0.8010132591549225
18.19999999999999 -0.8008915231028155
18.29999999999999 -0.8008678051000344
18.39999999999999 -0.8010587575073074
18.49999999999999 -0.8010177272981599
18.59999999999999 -0.8009141087579599
18.7 -0.8008652297882191
18.8 -0.8009535901896195
18.9 -0.8011328006352849
19 -0.8012540068561932
19.1 -0.8011479557869088
19.2 -0.8009883156771693
19.3 -0.8009302650652995
19.40000000000001 -0.801122847093779
19.50000000000001 -0.8010332166693636
19.60000000000001 -0.8008637957226582
19.70000000000001 -0.8007457480028675
19.80000000000001 -0.8007657477274239
19.90000000000001 -0.8008888606567928
20.00000000000001 -0.8009926212904749
20.10000000000002 -0.8009507503874757
20.20000000000002 -0.8007820812473848
20.30000000000002 -0.800775981946243
20.40000000000002 -0.8010725325179645
20.50000000000002 -0.8010812374918417
20.60000000000002 -0.8009646705961373
20.70000000000002 -0.8008471313083978
20.80000000000003 -0.8008392264173374
20.90000000000003 -0.8009247116469029
21.00000000000003 -0.8009833329500626
21.10000000000003 -0.8009003529182291
21.20000000000003 -0.8006175132530213
21.30000000000003 -0.8005823824416198
21.40000000000003 -0.8008519321742352
21.50000000000004 -0.8008829801980493
21.60000000000004 -0.8008057433150102
21.70000000000004 -0.8007279792580702
21.80000000000004 -0.8007672973891286
21.90000000000004 -0.8009249057425829
22.00000000000004 -0.8010684783159466
22.10000000000004 -0.801056069702744
22.20000000000005 -0.8007441259131022
22.30000000000005 -0.8007184342378495
22.40000000000005 -0.800961338128056
22.50000000000005 -0.8009402515553141
22.60000000000005 -0.8007932210575566
22.70000000000005 -0.8006503741361768
22.80000000000005 -0.8006343137950607
22.90000000000006 -0.800751679601549
23.00000000000006 -0.8008919679588757
23.10000000000006 -0.8009385189024346
23.20000000000006 -0.8007224092740699
23.30000000000006 -0.8008042292394045
23.40000000000006 -0.8010764267600314
23.50000000000006 -0.8011534477301645
23.60000000000007 -0.8010465145458361
23.70000000000007 -0.8008951942464226
23.80000000000007 -0.8008352418551031
23.90000000000007 -0.8008910872075323
24.00000000000007 -0.8009684917201568
24.10000000000007 -0.8009620980424449
24.20000000000007 -0.8007109440779302
24.30000000000008 -0.8007530689265394
24.40000000000008 -0.8009289845552896
24.50000000000008 -0.8010621569806519
24.60000000000008 -0.8010203022659456
24.70000000000008 -0.8009314297290431
24.80000000000008 -0.8009202215457824
24.90000000000008 -0.8010333427622165
25.00000000000009 -0.8011826544919567
25.10000000000009 -0.8012268429959919
25.20000000000009 -0.8009705222105259
25.30000000000009 -0.8009580967161207
25.40000000000009 -0.801045690504634
25.50000000000009 -0.8011334585282603
25.60000000000009 -0.8010239013089904
25.7000000000001 -0.8008771456134264
25.8000000000001 -0.8008240385312015
25.9000000000001 -0.800916907644629
26.0000000000001 -0.8010832327807684
26.1000000000001 -0.8011901817850988
26.2000000000001 -0.8010570315961889
26.3000000000001 -0.8010617338191656
26.40000000000011 -0.8011412652654866
26.50000000000011 -0.8013150615228716
26.60000000000011 -0.8012264502469131
26.70000000000011 -0.8010577829497727
26.80000000000011 -0.8009502777424147
26.90000000000011 -0.8009699374901524
27.00000000000011 -0.8010585665853378
27.10000000000012 -0.8011016869966976
27.20000000000012 -0.8009619851145544
27.30000000000012 -0.8008658807259933
27.40000000000012 -0.800870074775731
27.50000000000012 -0.8011148050606955
27.60000000000012 -0.8011158278671645
27.70000000000012 -0.8010305161613515
27.80000000000013 -0.8009728523723781
27.90000000000013 -0.8010311050510466
28.00000000000013 -0.8011653402739147
28.10000000000013 -0.8012365451033707
28.20000000000013 -0.801095166380566
28.30000000000013 -0.8008648061274934
28.40000000000013 -0.8007734507135428
28.50000000000014 -0.8009797146449534
28.60000000000014 -0.8009262393113805
28.70000000000014 -0.8007986748656951
28.80000000000014 -0.8007137197060203
28.90000000000014 -0.8007695569842348
29.00000000000014 -0.8009410380777199
29.10000000000014 -0.8010886244806745
29.20000000000014 -0.8010637269704508
29.30000000000015 -0.8008508946497961
29.40000000000015 -0.8008088890750515
29.50000000000015 -0.801076674156546
29.60000000000015 -0.8010271688818127
29.70000000000015 -0.8008596442984701
29.80000000000015 -0.8007117400230382
29.90000000000015 -0.8006920080236855
30.00000000000016 -0.8007814250073828
30.10000000000016 -0.8008629996939768
30.20000000000016 -0.8008287401713231
30.30000000000016 -0.8006033295772194
30.40000000000016 -0.8006217151519799
30.50000000000016 -0.8009259073202419
30.60000000000016 -0.8009881808454749
30.70000000000017 -0.8009154140172019
30.80000000000017 -0.80082000884906
30.90000000000017 -0.8008210214369057
31.00000000000017 -0.8009221416184303
31.10000000000017 -0.801006472280954
31.20000000000017 -0.8009559329522657
31.30000000000017 -0.8006352915248833
31.40000000000018 -0.8006249462559387
31.50000000000018 -0.8008496823734848
31.60000000000018 -0.8008824400260418
31.70000000000018 -0.8007907744172762
31.80000000000018 -0.8006899423542517
31.90000000000018 -0.8007038388640035
32.00000000000018 -0.8008537057877458
32.10000000000019 -0.8010277462304503
32.20000000000019 -0.8010853368236377
32.30000000000019 -0.8008223195143898
32.40000000000019 -0.8008745357694383
32.50000000000019 -0.8011043062527499
32.60000000000019 -0.801132291031499
32.70000000000019 -0.8009834306190222
32.8000000000002 -0.8008099839371243
32.9000000000002 -0.8007496687314364
33.0000000000002 -0.8008252399503782
33.1000000000002 -0.8009404661959765
33.2000000000002 -0.8009853070880329
33.3000000000002 -0.8007893626949817
33.4000000000002 -0.8008706855100736
33.50000000000021 -0.8010771570413155
33.60000000000021 -0.8012286274449384
33.70000000000021 -0.8011727612969728
33.80000000000021 -0.801051154191748
33.90000000000021 -0.8009960755630523
34.00000000000021 -0.8010528947259052
34.10000000000021 -0.8011415123452891
34.20000000000022 -0.801145950766611
34.30000000000022 -0.8009062260117776
34.40000000000022 -0.8008769989498046
34.50000000000022 -0.8009405850748882
34.60000000000022 -0.8010863742041152
34.70000000000022 -0.8010393312187278
34.80000000000022 -0.800943586670336
34.90000000000023 -0.800917250150448
35.00000000000023 -0.8010258656754612
35.10000000000023 -0.8012055979474231
35.20000000000023 -0.8013080809679786
35.30000000000023 -0.801142139245025
35.40000000000023 -0.8010633035876836
35.50000000000023 -0.801063000288989
35.60000000000024 -0.8012038688418938
35.70000000000024 -0.8010905876189369
35.80000000000024 -0.8009157341773452
35.90000000000024 -0.800816939845524
36.00000000000024 -0.8008641688819037
36.10000000000024 -0.801001888171496
36.20000000000024 -0.801102502754593
36.30000000000025 -0.8010151678789461
36.40000000000025 -0.8009363285595743
36.50000000000025 -0.8009546589004695
36.60000000000025 -0.8012126765776522
36.70000000000025 -0.8011826844943576
36.80000000000025 -0.8010476987900526
36.90000000000025 -0.8009403155013275
37.00000000000026 -0.800948575047371
37.10000000000026 -0.8010323986720307
37.20000000000026 -0.8010717856634656
37.30000000000026 -0.800944480768587
37.40000000000026 -0.8007415120640009
37.50000000000026 -0.8006898680290074
37.60000000000026 -0.80093930884863
37.70000000000027 -0.8009492100634681
37.80000000000027 -0.8008728112856422
37.90000000000027 -0.8008137091206318
38.00000000000027 -0.8008734268099453
38.10000000000027 -0.801034136428426
38.20000000000027 -0.8011570448860167
38.30000000000027 -0.8010954359572673
38.40000000000028 -0.8008023250043224
38.50000000000028 -0.8007216983398759
38.60000000000028 -0.8009535073602501
38.70000000000028 -0.8009017952961512
38.80000000000028 -0.8007497372687313
38.90000000000028 -0.8006218876216804
39.00000000000028 -0.800632255020485
39.10000000000029 -0.8007718690601867
39.20000000000029 -0.8009150378536408
39.30000000000029 -0.8009346999357038
39.40000000000029 -0.8007032854420922
39.50000000000029 -0.800733490389427
39.60000000000029 -0.8010498017517345
39.70000000000029 -0.8010714643867454
39.8000000000003 -0.8009374332454422
39.9000000000003 -0.8007859170678669
40.0000000000003 -0.8007444699087337
40.1000000000003 -0.8008134225382622
40.2000000000003 -0.8008817639750986
40.3000000000003 -0.8008474341022874
40.4000000000003 -0.8005832744149119
40.50000000000031 -0.8006194075158808
40.60000000000031 -0.8008746698779624
40.70000000000031 -0.8009654752957299
40.80000000000031 -0.8009151492679318
40.90000000000031 -0.8008345358286559
41.00000000000031 -0.8008431068351761
41.10000000000031 -0.8009643890775632
41.20000000000032 -0.8010933241507592
41.30000000000032 -0.8010993907092357
41.40000000000032 -0.8008006116202682
41.50000000000032 -0.8008103636755597
41.60000000000032 -0.8009698713017958
41.70000000000032 -0.8010148063129148
41.80000000000032 -0.8009017382070595
41.90000000000033 -0.8007664155248748
42.00000000000033 -0.8007384597775488
42.10000000000033 -0.800855459153817
42.20000000000033 -0.8010280299945145
42.30000000000033 -0.8011220490617053
42.40000000000033 -0.8009320330616543
42.50000000000033 -0.8010013368576632
42.60000000000034 -0.8011778153286034
42.70000000000034 -0.8012906244240822
42.80000000000034 -0.8011716657335461
42.90000000000034 -0.8009933696154957
43.00000000000034 -0.8009033030677633
43.10000000000034 -0.8009454318872002
43.20000000000034 -0.8010382141024887
43.30000000000035 -0.8010699707709956
43.40000000000035 -0.8008843994169301
43.50000000000035 -0.8008960885394748
43.60000000000035 -0.8009990883585767
43.70000000000035 -0.8011963237101241
43.80000000000035 -0.8011757579391593
43.90000000000035 -0.8010844247968958
44.00000000000036 -0.8010421867756626
44.10000000000036 -0.8011130962334791
44.20000000000036 -0.8012345092677027
44.30000000000036 -0.8012753597458273
44.40000000000036 -0.8010785363734956
44.50000000000036 -0.8009533341898507
44.60000000000036 -0.8009171191671978
44.70000000000037 -0.8010767139624035
44.80000000000037 -0.8010135884906882
44.90000000000037 -0.8008937684198139
45.00000000000037 -0.8008330417019354
45.10000000000037 -0.8009130936225457
45.20000000000037 -0.8010928161300257
45.30000000000037 -0.8012295706957493
45.40000000000038 -0.8011543654750968
45.50000000000038 -0.8010007570939662
45.60000000000038 -0.8009568164526413
45.70000000000038 -0.8011803621970192
45.80000000000038 -0.8010958759894731
45.90000000000038 -0.8009151638748324
46.00000000000038 -0.8007813491163214
46.10000000000039 -0.8007869153446283
46.20000000000039 -0.8008925946644421
46.30000000000039 -0.8009733694454263
46.40000000000039 -0.8009035893692552
46.50000000000039 -0.8007319732554647
46.60000000000039 -0.8007192791358682
46.70000000000039 -0.8010213715510148
46.8000000000004 -0.8010437756278374
46.9000000000004 -0.8009512600431357
47.0000000000004 -0.8008610782259773
47.1000000000004 -0.8008769572591612
47.2000000000004 -0.8009781619974581
47.3000000000004 -0.8010395768362215
47.4000000000004 -0.800943157593451
47.50000000000041 -0.8006592048984095
47.60000000000041 -0.8005992204106124
47.70000000000041 -0.8008345608757246
47.80000000000041 -0.8008400590222349
47.90000000000041 -0.8007501616183783
48.00000000000041 -0.8006687533093044
48.10000000000041 -0.8007074447876412
48.20000000000041 -0.800868879351285
48.30000000000042 -0.8010288454836364
48.40000000000042 -0.8010468029570792
48.50000000000042 -0.8007606367744984
48.60000000000042 -0.800762370258173
48.70000000000042 -0.8010168531988682
48.80000000000042 -0.8010004112990349
48.90000000000042 -0.800840801713532
49.00000000000043 -0.8006775296018787
49.10000000000043 -0.8006420986682745
49.20000000000043 -0.8007410900288342
49.30000000000043 -0.8008621049610747
49.40000000000043 -0.8008912579372086
49.50000000000043 -0.8006592645866082
49.60000000000043 -0.800743774592847
49.70000000000044 -0.8010403936765296
49.80000000000044 -0.8011369144767736
49.90000000000044 -0.801052623056945
50.00000000000044 -0.8009229236014934
