0 -0.8010850400053366
0.1 -0.7403252089377421
0.2 -0.6866488948541878
0.3 -0.6390121538709114
0.4 -0.5979285174429252
0.5 -0.563731085275369
0.6 -0.5371540975845609
0.7 -0.5183688560862991
0.7999999999999999 -0.5054254182901109
0.8999999999999999 -0.4961770562526464
0.9999999999999999 -0.4893650187166201
1.1 -0.4844044648770554
1.2 -0.4796136417980443
1.3 -0.4634167735084711
1.4 -0.450939245736537
1.5 -0.4482109092980977
1.6 -0.4467572339424431
1.7 -0.4452919360112617
1.8 -0.4437706571688843
1.900000000000001 -0.4421484738342615
2 -0.4402359010544136
2.100000000000001 -0.4375301749134998
2.200000000000001 -0.4330216837629852
2.300000000000001 -0.425951313048718
2.400000000000001 -0.4181864600316138
2.500000000000001 -0.4126763954363167
2.600000000000001 -0.4095830210459198
2.700000000000001 -0.4077574775330561
2.800000000000001 -0.4064369579406976
2.900000000000001 -0.4052954929434316
3.000000000000001 -0.4042065187118657
3.100000000000001 -0.403114217030661
3.200000000000002 -0.4019737837642819
3.300000000000002 -0.4006946772484408
3.400000000000002 -0.399026572261788
3.500000000000002 -0.3964641394289311
3.600000000000002 -0.3929028749336574
3.700000000000002 -0.3895039246736181
3.800000000000002 -0.3868044175133946
3.900000000000002 -0.3842435922370868
4.000000000000002 -0.3813624613524287
4.100000000000001 -0.3779684128290576
4.200000000000001 -0.3739621391457189
4.300000000000001 -0.3692617905909308
4.4 -0.3638004731104946
4.5 -0.3575581791623675
4.6 -0.3506103134485588
4.699999999999999 -0.3431698404273622
4.799999999999999 -0.3355871982859673
4.899999999999999 -0.3282820774036208
4.999999999999998 -0.3216283855787232
5.099999999999998 -0.3158585244711414
5.199999999999998 -0.3110386498212973
5.299999999999997 -0.3071081403204515
5.399999999999997 -0.3039408738476084
5.499999999999996 -0.3013946593143191
5.599999999999996 -0.2993389647403901
5.699999999999996 -0.2976654635257487
5.799999999999995 -0.2962889238429904
5.899999999999995 -0.295143968158203
5.999999999999995 -0.2941806529977724
6.099999999999994 -0.2933600649895974
6.199999999999994 -0.2926502210457986
6.299999999999994 -0.2920222826652377
6.399999999999993 -0.2914474219817015
6.499999999999993 -0.2908957463031037
6.599999999999993 -0.2903400387900029
6.699999999999992 -0.2897660214190714
6.799999999999992 -0.2891835677867217
6.899999999999991 -0.2886251171594145
6.999999999999991 -0.2881262563061628
7.099999999999991 -0.2877052723864802
7.19999999999999 -0.2873591936774705
7.29999999999999 -0.2870730746986888
7.39999999999999 -0.2868300511034686
7.499999999999989 -0.2866163821782288
7.599999999999989 -0.2864224225635413
7.699999999999989 -0.2862418743478946
7.799999999999988 -0.2860707387550613
7.899999999999988 -0.2859064716194077
7.999999999999988 -0.2857474134378341
8.099999999999987 -0.2855924327817335
8.199999999999987 -0.2854407080221625
8.299999999999986 -0.2852915888938951
8.399999999999986 -0.2851444958864156
8.499999999999986 -0.2849988235859975
8.599999999999985 -0.2848538111501596
8.699999999999985 -0.2847083243840208
8.799999999999985 -0.2845604474289241
8.899999999999984 -0.2844066802159466
8.999999999999984 -0.2842403207853653
9.099999999999984 -0.2840481592040031
9.199999999999983 -0.2838037224385581
9.299999999999983 -0.2834538684040281
9.399999999999983 -0.2828946654375044
9.499999999999982 -0.2819394290529746
9.599999999999982 -0.2803193846536478
9.699999999999982 -0.277836490127617
9.799999999999981 -0.2747147874787378
9.899999999999981 -0.271680320821608
9.99999999999998 -0.2693663867018076
10.09999999999998 -0.2678710908864965
10.19999999999998 -0.2669704222395115
10.29999999999998 -0.266424627061263
10.39999999999998 -0.2660797521858291
10.49999999999998 -0.2658586756617172
10.59999999999998 -0.2657374901930408
10.69999999999998 -0.2657381671134131
10.79999999999998 -0.2659512796945069
10.89999999999998 -0.2666268327859724
10.99999999999998 -0.2683900045257431
11.09999999999998 -0.2694313184900824
11.19999999999998 -0.2182214850322326
11.29999999999998 -0.2105329846494592
11.39999999999998 -0.2123768505552182
11.49999999999998 -0.2130485379564873
11.59999999999997 -0.2130499982758053
11.69999999999997 -0.2127419499275208
11.79999999999997 -0.212267505221064
11.89999999999997 -0.2116870223151696
11.99999999999997 -0.2110288212948151
12.09999999999997 -0.2103084243252157
12.19999999999997 -0.2095364552677384
12.29999999999997 -0.2087217430666059
12.39999999999997 -0.2078719870470904
12.49999999999997 -0.2069932220808953
12.59999999999997 -0.2060890796995269
12.69999999999997 -0.2051605901552491
12.79999999999997 -0.2042067882288034
12.89999999999997 -0.2032258902487692
12.99999999999997 -0.2022165779997757
13.09999999999997 -0.2011789986060601
13.19999999999997 -0.2001153059368305
13.29999999999997 -0.1990297585862674
13.39999999999997 -0.1979284847025164
13.49999999999997 -0.1968190412799867
13.59999999999997 -0.1957098756732515
13.69999999999997 -0.1946097694238171
13.79999999999997 -0.1935273209946585
13.89999999999997 -0.1924705059665203
13.99999999999997 -0.1914463384884239
14.09999999999997 -0.1904606445617057
14.19999999999997 -0.1895179458041089
14.29999999999997 -0.1886214424230035
14.39999999999996 -0.1877730771335421
14.49999999999996 -0.1869736581613779
14.59999999999996 -0.1862230190978026
14.69999999999996 -0.1855201955283943
14.79999999999996 -0.1848636020855702
14.89999999999996 -0.1842511979566377
14.99999999999996 -0.1836806331894388
15.09999999999996 -0.183149371915122
15.19999999999996 -0.1826547916206062
15.29999999999996 -0.1821942597839412
15.39999999999996 -0.181765190565876
15.49999999999996 -0.1813650849227565
15.59999999999996 -0.1809915576040763
15.69999999999996 -0.1806423541879001
15.79999999999996 -0.18031536076647
15.89999999999996 -0.1800086082854132
15.99999999999996 -0.1797202729853032
16.09999999999996 -0.179448673961317
16.19999999999996 -0.1791922685608033
16.29999999999996 -0.1789496461587496
16.39999999999996 -0.1787195207502141
16.49999999999996 -0.1785007227400429
16.59999999999997 -0.1782921902666436
16.69999999999997 -0.1780929603533876
16.79999999999997 -0.1779021601333847
16.89999999999997 -0.177718998342019
16.99999999999997 -0.1775427572203647
17.09999999999997 -0.1773727849251428
17.19999999999997 -0.1772084884999148
17.29999999999998 -0.177049327429029
17.39999999999998 -0.1768948077705735
17.49999999999998 -0.1767444768465584
17.59999999999998 -0.1765979184566404
17.69999999999998 -0.1764547485746776
17.79999999999998 -0.1763146114840373
17.89999999999998 -0.1761771763068559
17.99999999999999 -0.1760421338834998
18.09999999999999 -0.17590919396063
18.19999999999999 -0.1757780826490621
18.29999999999999 -0.1756485401156598
18.39999999999999 -0.1755203184765891
18.49999999999999 -0.1753931798622184
18.59999999999999 -0.175266894626694
18.7 -0.1751412396776943
18.8 -0.1750159969040467
18.9 -0.1748909516807825
19 -0.1747658914328059
19.1 -0.1746406042396941
19.2 -0.1745148774652381
19.3 -0.1743884963962103
19.40000000000001 -0.1742612428755302
19.50000000000001 -0.1741328939155274
19.60000000000001 -0.1740032202773956
19.70000000000001 -0.1738719850032534
19.80000000000001 -0.173738941887488
19.90000000000001 -0.1736038338743507
20.00000000000001 -0.1734663913691353
20.10000000000002 -0.1733263304507994
20.20000000000002 -0.1731833509747041
20.30000000000002 -0.1730371345553572
20.40000000000002 -0.172887342420856
20.50000000000002 -0.1727336131333392
20.60000000000002 -0.1725755601734594
20.70000000000002 -0.1724127693920216
20.80000000000003 -0.1722447963389465
20.90000000000003 -0.1720711634891105
21.00000000000003 -0.1718913573970554
21.10000000000003 -0.1717048258287725
21.20000000000003 -0.1715109749396265
21.30000000000003 -0.171309166593947
21.40000000000003 -0.1710987159548962
21.50000000000004 -0.1708788895139024
21.60000000000004 -0.1706489037780734
21.70000000000004 -0.1704079248920334
21.80000000000004 -0.1701550695373799
21.90000000000004 -0.1698894075271281
22.00000000000004 -0.169609966591201
22.10000000000004 -0.1693157399268974
22.20000000000005 -0.1690056971569449
22.30000000000005 -0.168678799384755
22.40000000000005 -0.1683340190448526
22.50000000000005 -0.1679703651942636
22.60000000000005 -0.1675869147519232
22.70000000000005 -0.1671828499398505
22.80000000000005 -0.166757501785884
22.90000000000006 -0.1663103989956556
23.00000000000006 -0.1658413207911235
23.10000000000006 -0.1653503514722031
23.20000000000006 -0.1648379335526652
23.30000000000006 -0.164304915461492
23.40000000000006 -0.1637525891381866
23.50000000000006 -0.1631827125638572
23.60000000000007 -0.1625975125343054
23.70000000000007 -0.1619996639245037
23.80000000000007 -0.1613922433470494
23.90000000000007 -0.1607786573658668
24.00000000000007 -0.160162548036908
24.10000000000007 -0.159547681133552
24.20000000000007 -0.1589378245449284
24.30000000000008 -0.1583366256215052
24.40000000000008 -0.1577474964342207
24.50000000000008 -0.1571735149676141
24.60000000000008 -0.1566173483592356
24.70000000000008 -0.1560812017756132
24.80000000000008 -0.1555667938119733
24.90000000000008 -0.1550753568339072
25.00000000000009 -0.1546076587575528
25.10000000000009 -0.1541640415567025
25.20000000000009 -0.1537444713069058
25.30000000000009 -0.1533485947265052
25.40000000000009 -0.1529757977817618
25.50000000000009 -0.1526252627968635
25.60000000000009 -0.1522960214768184
25.7000000000001 -0.1519870021792928
25.8000000000001 -0.151697070575034
25.9000000000001 -0.1514250634738477
26.0000000000001 -0.1511698160563378
26.1000000000001 -0.1509301830553431
26.2000000000001 -0.1507050546019569
26.3000000000001 -0.1504933675199339
26.40000000000011 -0.1502941128487982
26.50000000000011 -0.1501063403255269
26.60000000000011 -0.149929160477495
26.70000000000011 -0.1497617448903367
26.80000000000011 -0.1496033251237626
26.90000000000011 -0.1494531906626557
27.00000000000011 -0.1493106862135912
27.10000000000012 -0.149175208589931
27.20000000000012 -0.1490462033721069
27.30000000000012 -0.1489231614831113
27.40000000000012 -0.1488056157815719
27.50000000000012 -0.1486931377449204
27.60000000000012 -0.1485853342918774
27.70000000000012 -0.1484818447755983
27.80000000000013 -0.1483823381653696
27.90000000000013 -0.1482865104247712
28.00000000000013 -0.1481940820870346
28.10000000000013 -0.1481047960232544
28.20000000000013 -0.1480184153956968
28.30000000000013 -0.1479347217862565
28.40000000000013 -0.1478535134888456
28.50000000000014 -0.147774603953905
28.60000000000014 -0.1476978203731058
28.70000000000014 -0.1476230023925311
28.80000000000014 -0.1475500009430682
28.90000000000014 -0.1474786771773274
29.00000000000014 -0.1474089015030691
29.10000000000014 -0.1473405527038254
29.20000000000014 -0.1472735171381156
29.30000000000015 -0.1472076880093501
29.40000000000015 -0.1471429646991851
29.50000000000015 -0.1470792521577205
29.60000000000015 -0.1470164603445206
29.70000000000015 -0.146954503714972
29.80000000000015 -0.1468933007469934
29.90000000000015 -0.1468327735035516
30.00000000000016 -0.1467728472268457
30.10000000000016 -0.1467134499603812
30.20000000000016 -0.1466545121954729
30.30000000000016 -0.1465959665390034
30.40000000000016 -0.1465377473995103
30.50000000000016 -0.1464797906888914
30.60000000000016 -0.1464220335372061
30.70000000000017 -0.1463644140182073
30.80000000000017 -0.1463068708833732
30.90000000000017 -0.1462493433023168
31.00000000000017 -0.1461917706075381
31.10000000000017 -0.1461340920415482
31.20000000000017 -0.1460762465044424
31.30000000000017 -0.146018172300024
31.40000000000018 -0.1459598068785914
31.50000000000018 -0.1459010865744924
31.60000000000018 -0.1458419463365255
31.70000000000018 -0.1457823194492293
31.80000000000018 -0.1457221372430471
31.90000000000018 -0.1456613287912864
32.00000000000018 -0.1455998205917136
32.10000000000019 -0.1455375362305363
32.20000000000019 -0.1454743960264243
32.30000000000019 -0.1454103166521198
32.40000000000019 -0.1453452107310788
32.50000000000019 -0.1452789864064827
32.60000000000019 -0.1452115468798663
32.70000000000019 -0.1451427899165266
32.8000000000002 -0.1450726073148298
32.9000000000002 -0.1450008843365215
33.0000000000002 -0.1449274990951913
33.1000000000002 -0.144852321900174
33.2000000000002 -0.1447752145533939
33.3000000000002 -0.1446960295970429
33.4000000000002 -0.14461460951053
33.50000000000021 -0.1445307858559379
33.60000000000021 -0.1444443783723102
33.70000000000021 -0.144355194020566
33.80000000000021 -0.1442630259827734
33.90000000000021 -0.1441676526220408
34.00000000000021 -0.1440688364125174
34.10000000000021 -0.1439663228530915
34.20000000000022 -0.1438598393835058
34.30000000000022 -0.1437490943279549
34.40000000000022 -0.1436337758989946
34.50000000000022 -0.1435135513039642
34.60000000000022 -0.1433880660072971
34.70000000000022 -0.1432569432151961
34.80000000000022 -0.143119783664257
34.90000000000023 -0.142976165812659
35.00000000000023 -0.1428256465512656
35.10000000000023 -0.1426677625718338
35.20000000000023 -0.1425020325496357
35.30000000000023 -0.1423279603167064
35.40000000000023 -0.1421450392176631
35.50000000000023 -0.141952757849799
35.60000000000024 -0.1417506073894126
35.70000000000024 -0.1415380906927206
35.80000000000024 -0.1413147333271762
35.90000000000024 -0.1410800966322058
36.00000000000024 -0.1408337928220855
36.10000000000024 -0.1405755020238484
36.20000000000024 -0.1403049909879158
36.30000000000025 -0.1400221330205634
36.40000000000025 -0.1397269284725928
36.50000000000025 -0.1394195248916415
36.60000000000025 -0.1391002357277845
36.70000000000025 -0.1387695563019113
36.80000000000025 -0.1384281756372364
36.90000000000025 -0.1380769827507735
37.00000000000026 -0.1377170661334209
37.10000000000026 -0.1373497054323983
37.20000000000026 -0.136976354787419
37.30000000000026 -0.1365986178377125
37.40000000000026 -0.1362182150616281
37.50000000000026 -0.1358369447640774
37.60000000000026 -0.1354566396082779
37.70000000000027 -0.1350791210181139
37.80000000000027 -0.1347061539938514
37.90000000000027 -0.1343394048542159
38.00000000000027 -0.1339804041454741
38.10000000000027 -0.1336305164822548
38.20000000000027 -0.1332909184722218
38.30000000000027 -0.132962585208717
38.40000000000028 -0.1326462851732425
38.50000000000028 -0.1323425828407062
38.60000000000028 -0.1320518478700886
38.70000000000028 -0.1317742695115346
38.80000000000028 -0.131509874764165
38.90000000000028 -0.1312585488555563
39.00000000000028 -0.1310200567514842
39.10000000000029 -0.1307940646071547
39.20000000000029 -0.1305801603048664
39.30000000000029 -0.1303778724597325
39.40000000000029 -0.1301866874942366
39.50000000000029 -0.1300060645711629
39.60000000000029 -0.1298354483267364
39.70000000000029 -0.1296742794607713
39.8000000000003 -0.1295220033209395
39.9000000000003 -0.1293780766687692
40.0000000000003 -0.1292419728413057
40.1000000000003 -0.1291131855302811
40.2000000000003 -0.1289912313953339
40.3000000000003 -0.1288756517137642
40.4000000000003 -0.128766013250046
40.50000000000031 -0.1286619085065611
40.60000000000031 -0.1285629554947249
40.70000000000031 -0.1284687971441498
40.80000000000031 -0.1283791004475719
40.90000000000031 -0.1282935554213992
41.00000000000031 -0.1282118739460912
41.10000000000031 -0.1281337885371672
41.20000000000032 -0.1280590510863282
41.30000000000032 -0.1279874316027855
41.40000000000032 -0.1279187169772025
41.50000000000032 -0.1278527097844371
41.60000000000032 -0.127789227136318
41.70000000000032 -0.1277280995917777
41.80000000000032 -0.1276691701286368
41.90000000000033 -0.1276122931790062
42.00000000000033 -0.1275573337285382
42.10000000000033 -0.1275041664784677
42.20000000000033 -0.1274526750684757
42.30000000000033 -0.1274027513577742
42.40000000000033 -0.1273542947614084
42.50000000000033 -0.1273072116385339
42.60000000000034 -0.1272614147293258
42.70000000000034 -0.1272168226371587
42.80000000000034 -0.1271733593527596
42.90000000000034 -0.1271309538171435
43.00000000000034 -0.1270895395202772
43.10000000000034 -0.1270490541325844
43.20000000000034 -0.1270094391665733
43.30000000000035 -0.1269706396660475
43.40000000000035 -0.1269326039205385
43.50000000000035 -0.1268952832027723
43.60000000000035 -0.126858631527146
43.70000000000035 -0.1268226054273562
43.80000000000035 -0.1267871637514622
43.90000000000035 -0.1267522674728157
44.00000000000036 -0.1267178795154121
44.10000000000036 -0.1266839645923424
44.20000000000036 -0.1266504890561351
44.30000000000036 -0.1266174207598781
44.40000000000036 -0.1265847289281041
44.50000000000036 -0.126552384036507
44.60000000000036 -0.1265203576996338
44.70000000000037 -0.1264886225657653
44.80000000000037 -0.1264571522182626
44.90000000000037 -0.1264259210827115
45.00000000000037 -0.1263949043392474
45.10000000000037 -0.1263640778394915
45.20000000000037 -0.1263334180275625
45.30000000000037 -0.126302901864672
45.40000000000038 -0.1262725067568364
45.50000000000038 -0.1262422104852677
45.60000000000038 -0.1262119911390306
45.70000000000038 -0.1261818270495703
45.80000000000038 -0.1261516967267352
45.90000000000038 -0.1261215787959298
46.00000000000038 -0.1260914519360454
46.10000000000039 -0.1260612948178242
46.20000000000039 -0.1260310860423166
46.30000000000039 -0.1260008040790939
46.40000000000039 -0.1259704272038816
46.50000000000039 -0.1259399334352703
46.60000000000039 -0.1259093004701629
46.70000000000039 -0.1258785056176028
46.8000000000004 -0.1258475257306243
46.9000000000004 -0.1258163371357464
47.0000000000004 -0.1257849155597234
47.1000000000004 -0.1257532360531423
47.2000000000004 -0.1257212729104408
47.3000000000004 -0.1256889995858931
47.4000000000004 -0.1256563886050879
47.50000000000041 -0.1256234114713922
47.60000000000041 -0.1255900385668653
47.70000000000041 -0.1255562390470529
47.80000000000041 -0.125521980729052
47.90000000000041 -0.1254872299722052
48.00000000000041 -0.1254519515507319
48.10000000000041 -0.125416108517572
48.20000000000041 -0.1253796620586639
48.30000000000042 -0.1253425713368381
48.40000000000042 -0.1253047933244628
48.50000000000042 -0.1252662826239322
48.60000000000042 -0.1252269912750482
48.70000000000042 -0.1251868685483111
48.80000000000042 -0.1251458607231034
48.90000000000042 -0.1251039108497369
49.00000000000043 -0.1250609584943239
49.10000000000043 -0.1250169394654544
49.20000000000043 -0.1249717855216983
49.30000000000043 -0.1249254240590272
49.40000000000043 -0.1248777777773694
49.50000000000043 -0.124828764325678
49.60000000000043 -0.1247782959251338
49.70000000000044 -0.1247262789704232
49.80000000000044 -0.1246726136094605
49.90000000000044 -0.12461719330247
50.00000000000044 -0.1245599043620527
