0 -0.8010850400053366
0.1 -0.7549582459556258
0.2 -0.7152330899356041
0.3 -0.6809091233030479
0.4 -0.6515259028550615
0.5 -0.6266337590017387
0.6 -0.6067744006282731
0.7 -0.5922107138553028
0.7999999999999999 -0.5815315010561917
0.8999999999999999 -0.5732788426842971
0.9999999999999999 -0.5666284925796338
1.1 -0.560992917372113
1.2 -0.5534409396143153
1.3 -0.5396032438109301
1.4 -0.5330061759757647
1.5 -0.5295667957561658
1.6 -0.5264853198419223
1.7 -0.5233957906193312
1.8 -0.5201799635118468
1.900000000000001 -0.5166216633548499
2 -0.5123507172258631
2.100000000000001 -0.5070639703222609
2.200000000000001 -0.5011920944383751
2.300000000000001 -0.4957521507385877
2.400000000000001 -0.4910740659893318
2.500000000000001 -0.486803871157102
2.600000000000001 -0.4825610725999411
2.700000000000001 -0.4781090478523348
2.800000000000001 -0.4732781684919708
2.900000000000001 -0.4678158269222032
3.000000000000001 -0.4610902526606738
3.100000000000001 -0.4526992066768813
3.200000000000002 -0.4445564938498359
3.300000000000002 -0.4373869046229232
3.400000000000002 -0.4307288754913874
3.500000000000002 -0.4244923618020084
3.600000000000002 -0.4187461303509521
3.700000000000002 -0.4135362403286955
3.800000000000002 -0.4088595068349343
3.900000000000002 -0.4046800677629361
4.000000000000002 -0.4009579453760788
4.100000000000001 -0.3976737955679128
4.200000000000001 -0.3948267786453632
4.300000000000001 -0.3924055420703977
4.4 -0.3903674791642777
4.5 -0.3886465622203827
4.6 -0.3871734917949026
4.699999999999999 -0.385889236163314
4.799999999999999 -0.3847488499119566
4.899999999999999 -0.383720118230015
4.999999999999998 -0.3827809139777916
5.099999999999998 -0.3819168329853934
5.199999999999998 -0.3811189218648315
5.299999999999997 -0.3803790773217333
5.399999999999997 -0.3796741631870201
5.499999999999996 -0.3789101762140445
5.599999999999996 -0.3777752173074903
5.699999999999996 -0.3756941487264231
5.799999999999995 -0.3728813599773645
5.899999999999995 -0.3707736186185842
5.999999999999995 -0.3696337117065538
6.099999999999994 -0.3689316186348067
6.199999999999994 -0.3683552243204134
6.299999999999994 -0.3678014235005624
6.399999999999993 -0.3672417386616577
6.499999999999993 -0.3666661593058981
6.599999999999993 -0.366063699761934
6.699999999999992 -0.3654094360592013
6.799999999999992 -0.3646402557152048
6.899999999999991 -0.363596852209513
6.999999999999991 -0.3619144872125673
7.099999999999991 -0.359006910862503
7.19999999999999 -0.3547536293883833
7.29999999999999 -0.3504779375384928
7.39999999999999 -0.3474639061543716
7.499999999999989 -0.3455636804550183
7.599999999999989 -0.3441985724497535
7.699999999999989 -0.3430139877090297
7.799999999999988 -0.3418554847726987
7.899999999999988 -0.3406550989661423
7.999999999999988 -0.3393532820683322
8.099999999999987 -0.3377931045415085
8.199999999999987 -0.3355178589015524
8.299999999999986 -0.3320861003056315
8.399999999999986 -0.328653099428754
8.499999999999986 -0.3261311708196332
8.599999999999985 -0.3239918833940658
8.699999999999985 -0.3218684086851715
8.799999999999985 -0.3196974400722864
8.899999999999984 -0.3175071847669531
8.999999999999984 -0.3153373428041428
9.099999999999984 -0.3132219437233862
9.199999999999983 -0.3111875571987054
9.299999999999983 -0.3092541919849858
9.399999999999983 -0.3074363740357609
9.499999999999982 -0.3057440454266249
9.599999999999982 -0.3041832030523394
9.699999999999982 -0.3027562057554555
9.799999999999981 -0.3014618099199807
9.899999999999981 -0.3002951972801784
9.99999999999998 -0.2992483132020409
10.09999999999998 -0.2983106437531128
10.19999999999998 -0.2974702844384276
10.29999999999998 -0.2967150138428243
10.39999999999998 -0.2960331378960074
10.49999999999998 -0.2954140138087844
10.59999999999998 -0.2948482832748278
10.69999999999998 -0.2943278992182679
10.79999999999998 -0.2938460327469228
10.89999999999998 -0.2933969256522918
10.99999999999998 -0.2929757291252195
11.09999999999998 -0.2925783500351142
11.19999999999998 -0.2922013136008071
11.29999999999998 -0.291841644147705
11.39999999999998 -0.2914967620268563
11.49999999999998 -0.2911643932319063
11.59999999999997 -0.2908424879652993
11.69999999999997 -0.2905291451127798
11.79999999999997 -0.2902225415128064
11.89999999999997 -0.289920868676937
11.99999999999997 -0.2896222859471991
12.09999999999997 -0.289324907917299
12.19999999999997 -0.2890268526500441
12.29999999999997 -0.2887263780943096
12.39999999999997 -0.2884221140500759
12.49999999999997 -0.2881133454664196
12.59999999999997 -0.2878002317293376
12.69999999999997 -0.2874838078397863
12.79999999999997 -0.2871656745686451
12.89999999999997 -0.2868474490734553
12.99999999999997 -0.2865302033882539
13.09999999999997 -0.2862141275369506
13.19999999999997 -0.2858985073671281
13.29999999999997 -0.2855819355748458
13.39999999999997 -0.2852626001965207
13.49999999999997 -0.2849385269748649
13.59999999999997 -0.2846077246106224
13.69999999999997 -0.2842682380346889
13.79999999999997 -0.2839181383409544
13.89999999999997 -0.2835554785221544
13.99999999999997 -0.283178235556497
14.09999999999997 -0.2827842503822209
14.19999999999997 -0.2823711710747394
14.29999999999997 -0.2819364013476027
14.39999999999996 -0.281477055626542
14.49999999999996 -0.2809899227058081
14.59999999999996 -0.2804714420020079
14.69999999999996 -0.2799176995713362
14.79999999999996 -0.279324455391034
14.89999999999996 -0.2786872188557892
14.99999999999996 -0.2780013953911094
15.09999999999996 -0.2772625316630895
15.19999999999996 -0.2764666860018941
15.29999999999996 -0.2756109375936858
15.39999999999996 -0.2746940148598643
15.49999999999996 -0.2737169672494758
15.59999999999996 -0.2726837377816228
15.69999999999996 -0.2716014510051266
15.79999999999996 -0.2704802582961531
15.89999999999996 -0.2693326987860059
15.99999999999996 -0.2681726973260051
16.09999999999996 -0.267014442435515
16.19999999999996 -0.2658714019636145
16.29999999999996 -0.2647556535186495
16.39999999999996 -0.2636775983651743
16.49999999999996 -0.2626460539684446
16.59999999999997 -0.2616687044336353
16.69999999999997 -0.2607529226428263
16.79999999999997 -0.2599070436464834
16.89999999999997 -0.2591422030614582
16.99999999999997 -0.2584745095684058
17.09999999999997 -0.2579246747522278
17.19999999999997 -0.2574970105271482
17.29999999999998 -0.2570438443747309
17.39999999999998 -0.255716050037762
17.49999999999998 -0.251944021324917
17.59999999999998 -0.2482984962371961
17.69999999999998 -0.2470568800333619
17.79999999999998 -0.2467751211047379
17.89999999999998 -0.2466672812208916
17.99999999999999 -0.2465662037925314
18.09999999999999 -0.2464552948920868
18.19999999999999 -0.2463404668096538
18.29999999999999 -0.2462211177110696
18.39999999999999 -0.2460675448643154
18.49999999999999 -0.2457516562253189
18.59999999999999 -0.2448080321493122
18.7 -0.2418177463445
18.8 -0.2346467943909255
18.9 -0.2260617581016023
19 -0.2215483386626176
19.1 -0.2201326594722602
19.2 -0.2197925766358775
19.3 -0.2197327141159714
19.40000000000001 -0.2197282154744374
19.50000000000001 -0.2197226892120072
19.60000000000001 -0.2197048575529006
19.70000000000001 -0.2196748501091897
19.80000000000001 -0.2196351059445293
19.90000000000001 -0.2195879987324001
20.00000000000001 -0.2195353140639635
20.10000000000002 -0.2194782114060662
20.20000000000002 -0.2194172785952745
20.30000000000002 -0.2193525683665178
20.40000000000002 -0.2192835907806994
20.50000000000002 -0.2192092659784926
20.60000000000002 -0.2191278655040791
20.70000000000002 -0.2190370070320993
20.80000000000003 -0.2189338219258685
20.90000000000003 -0.2188154655567767
21.00000000000003 -0.2186801102479286
21.10000000000003 -0.2185283245551304
21.20000000000003 -0.2183642644399577
21.30000000000003 -0.2181957068283165
21.40000000000003 -0.2180323021367736
21.50000000000004 -0.2178826611663064
21.60000000000004 -0.2177519273181307
21.70000000000004 -0.2176410999823207
21.80000000000004 -0.2175480019440111
21.90000000000004 -0.2174688815001963
22.00000000000004 -0.217399756161806
22.10000000000004 -0.2173371710989729
22.20000000000005 -0.2172784580937507
22.30000000000005 -0.2172217054746136
22.40000000000005 -0.2171656117563296
22.50000000000005 -0.2171093212947459
22.60000000000005 -0.2170522835859407
22.70000000000005 -0.2169941466552784
22.80000000000005 -0.2169346815878114
22.90000000000006 -0.2168737312633142
23.00000000000006 -0.216811176406216
23.10000000000006 -0.2167469134117055
23.20000000000006 -0.2166808399004752
23.30000000000006 -0.2166128451915731
23.40000000000006 -0.2165428037962282
23.50000000000006 -0.2164705706693217
23.60000000000007 -0.2163959773781301
23.70000000000007 -0.2163188286219963
23.80000000000007 -0.216238898708948
23.90000000000007 -0.2161559276993416
24.00000000000007 -0.216069616984878
24.10000000000007 -0.2159796240985964
24.20000000000007 -0.2158855565572241
24.30000000000008 -0.2157869645276735
24.40000000000008 -0.21568333208854
24.50000000000008 -0.2155740668280999
24.60000000000008 -0.2154584874851865
24.70000000000008 -0.2153358093016357
24.80000000000008 -0.2152051267194286
24.90000000000008 -0.2150653930296265
25.00000000000009 -0.2149153965755522
25.10000000000009 -0.2147537331480353
25.20000000000009 -0.2145787743146161
25.30000000000009 -0.2143886316402911
25.40000000000009 -0.2141811171470402
25.50000000000009 -0.2139537010101316
25.60000000000009 -0.2137034685169854
25.7000000000001 -0.2134270798628145
25.8000000000001 -0.2131207385842094
25.9000000000001 -0.2127801774722267
26.0000000000001 -0.2124006746934291
26.1000000000001 -0.2119771173709389
26.2000000000001 -0.2115041343673585
26.3000000000001 -0.210976323056782
26.40000000000011 -0.2103885940714304
26.50000000000011 -0.2097366499585044
26.60000000000011 -0.209017594599277
26.70000000000011 -0.2082306376263714
26.80000000000011 -0.207377813580599
26.90000000000011 -0.2064645882464143
27.00000000000011 -0.2055001923555996
27.10000000000012 -0.2044975285000941
27.20000000000012 -0.2034725577210699
27.30000000000012 -0.2024431848660788
27.40000000000012 -0.2014277953785765
27.50000000000012 -0.2004437000617398
27.60000000000012 -0.1995057732948057
27.70000000000012 -0.1986255108337811
27.80000000000013 -0.1978106125790603
27.90000000000013 -0.1970650641512748
28.00000000000013 -0.196389594743985
28.10000000000013 -0.1957823486331924
28.20000000000013 -0.1952396182712638
28.30000000000013 -0.1947565272780994
28.40000000000013 -0.1943275998238404
28.50000000000014 -0.1939471939731041
28.60000000000014 -0.1936098043884066
28.70000000000014 -0.1933102545801144
28.80000000000014 -0.1930438038868026
28.90000000000014 -0.1928061933726786
29.00000000000014 -0.1925936509342059
29.10000000000014 -0.192402871167093
29.20000000000014 -0.1922309810925551
29.30000000000015 -0.1920754991759924
29.40000000000015 -0.1919342923119549
29.50000000000015 -0.1918055335239033
29.60000000000015 -0.1916876618824192
29.70000000000015 -0.191579345406842
29.80000000000015 -0.1914794473174999
29.90000000000015 -0.1913869958082756
30.00000000000016 -0.1913011574055686
30.10000000000016 -0.1912212139011059
30.20000000000016 -0.1911465427599942
30.30000000000016 -0.1910766008079777
30.40000000000016 -0.1910109109060228
30.50000000000016 -0.1909490512438881
30.60000000000016 -0.1908906468406478
30.70000000000017 -0.1908353628338346
30.80000000000017 -0.1907828991659155
30.90000000000017 -0.190732986327446
31.00000000000017 -0.1906853818788499
31.10000000000017 -0.190639867536909
31.20000000000017 -0.1905962466702513
31.30000000000017 -0.1905543420962696
31.40000000000018 -0.1905139941087087
31.50000000000018 -0.1904750586913312
31.60000000000018 -0.1904374058903738
31.70000000000018 -0.1904009183290473
31.80000000000018 -0.190365489853146
31.90000000000018 -0.1903310242995686
32.00000000000018 -0.1902974343804946
32.10000000000019 -0.1902646406759798
32.20000000000019 -0.1902325707273736
32.30000000000019 -0.1902011582235736
32.40000000000019 -0.1901703422718434
32.50000000000019 -0.1901400667448091
32.60000000000019 -0.1901102796953031
32.70000000000019 -0.1900809328309075
32.8000000000002 -0.1900519810403194
32.9000000000002 -0.1900233819639633
33.0000000000002 -0.1899950956015741
33.1000000000002 -0.1899670839497136
33.2000000000002 -0.1899393106623405
33.3000000000002 -0.1899117407275858
33.4000000000002 -0.1898843401537599
33.50000000000021 -0.1898570756573018
33.60000000000021 -0.1898299143448319
33.70000000000021 -0.1898028233806445
33.80000000000021 -0.1897757696298155
33.90000000000021 -0.1897487192655418
34.00000000000021 -0.1897216373272929
34.10000000000021 -0.1896944872137367
34.20000000000022 -0.1896672300911129
34.30000000000022 -0.1896398241936263
34.40000000000022 -0.1896122239874119
34.50000000000022 -0.189584379163564
34.60000000000022 -0.1895562334185604
34.70000000000022 -0.1895277229721576
34.80000000000022 -0.1894987747636892
34.90000000000023 -0.1894693042581433
35.00000000000023 -0.18943921278442
35.10000000000023 -0.189408384321542
35.20000000000023 -0.1893766816472957
35.30000000000023 -0.1893439417725589
35.40000000000023 -0.1893099706106667
35.50000000000023 -0.1892745368850773
35.60000000000024 -0.1892373653748071
35.70000000000024 -0.189198129754119
35.80000000000024 -0.1891564455220626
35.90000000000024 -0.1891118638585425
36.00000000000024 -0.1890638676960925
36.10000000000024 -0.189011871843269
36.20000000000024 -0.1889552295680356
36.30000000000025 -0.1888932484972352
36.40000000000025 -0.188825218753232
36.50000000000025 -0.1887504555696763
36.60000000000025 -0.188668356813003
36.70000000000025 -0.1885784726414745
36.80000000000025 -0.1884805801509845
36.90000000000025 -0.1883747512069961
37.00000000000026 -0.1882613984681798
37.10000000000026 -0.1881412849707534
37.20000000000026 -0.1880154880326073
37.30000000000026 -0.1878853182868251
37.40000000000026 -0.1877522066207547
37.50000000000026 -0.1876175814292364
37.60000000000026 -0.1874827622626366
37.70000000000027 -0.1873488927810939
37.80000000000027 -0.1872169284419441
37.90000000000027 -0.1870876873459579
38.00000000000027 -0.186961971449833
38.10000000000027 -0.1868407751212744
38.20000000000027 -0.1867256260287504
38.30000000000027 -0.1866191658396353
38.40000000000028 -0.186526218117161
38.50000000000028 -0.186455928377197
38.60000000000028 -0.1864264558560662
38.70000000000028 -0.186476322105406
38.80000000000028 -0.1866950717006849
38.90000000000028 -0.1873152393755917
39.00000000000028 -0.1889543037276481
39.10000000000029 -0.1900490191336141
39.20000000000029 -0.1291960861400523
39.30000000000029 -0.123131217283971
39.40000000000029 -0.1247385532658191
39.50000000000029 -0.1253171017142848
39.60000000000029 -0.1254103943058493
39.70000000000029 -0.1252749039984501
39.8000000000003 -0.1249993780391772
39.9000000000003 -0.1246139821304156
40.0000000000003 -0.124132207389356
40.1000000000003 -0.1235731663631672
40.2000000000003 -0.1229729082772357
40.3000000000003 -0.1223802239806521
40.4000000000003 -0.1218388153189204
40.50000000000031 -0.1213711214963948
40.60000000000031 -0.1209766050801866
40.70000000000031 -0.1206413342638658
40.80000000000031 -0.1203484329949659
40.90000000000031 -0.1200838850940316
41.00000000000031 -0.1198380594007025
41.10000000000031 -0.1196051142643406
41.20000000000032 -0.1193818497665214
41.30000000000032 -0.1191666913162761
41.40000000000032 -0.1189589720106037
41.50000000000032 -0.1187584812599153
41.60000000000032 -0.1185652020798042
41.70000000000032 -0.1183791685075428
41.80000000000032 -0.1182003947684191
41.90000000000033 -0.1180288452711402
42.00000000000033 -0.1178644267181829
42.10000000000033 -0.1177069914064263
42.20000000000033 -0.117556345531875
42.30000000000033 -0.1174122591139354
42.40000000000033 -0.1172744757779988
42.50000000000033 -0.1171427215580688
42.60000000000034 -0.1170167123937158
42.70000000000034 -0.1168961602702107
42.80000000000034 -0.1167807780887711
42.90000000000034 -0.1166702834148756
43.00000000000034 -0.1165644012712199
43.10000000000034 -0.1164628661381855
43.20000000000034 -0.1163654233102069
43.30000000000035 -0.116271829737667
43.40000000000035 -0.1161818544644957
43.50000000000035 -0.11609527875331
43.60000000000035 -0.1160118959735821
43.70000000000035 -0.1159315113141955
43.80000000000035 -0.1158539413698454
43.90000000000035 -0.115779013640823
44.00000000000036 -0.1157065659775734
44.10000000000036 -0.1156364459947227
44.20000000000036 -0.1155685104737965
44.30000000000036 -0.115502624769357
44.40000000000036 -0.1154386622295923
44.50000000000036 -0.1153765036393326
44.60000000000036 -0.1153160366909488
44.70000000000037 -0.1152571554865064
44.80000000000037 -0.1151997600728503
44.90000000000037 -0.1151437560099314
45.00000000000037 -0.1150890539716305
45.10000000000037 -0.1150355693775328
45.20000000000037 -0.1149832220535623
45.30000000000037 -0.1149319359190356
45.40000000000038 -0.1148816386975307
45.50000000000038 -0.114832261648946
45.60000000000038 -0.1147837393202139
45.70000000000038 -0.1147360093123054
45.80000000000038 -0.1146890120613879
45.90000000000038 -0.1146426906322447
46.00000000000038 -0.1145969905223242
46.10000000000039 -0.1145518594750329
46.20000000000039 -0.1145072473011108
46.30000000000039 -0.1144631057071263
46.40000000000039 -0.114419388130293
46.50000000000039 -0.114376049578943
46.60000000000039 -0.1143330464780958
46.70000000000039 -0.1142903365196329
46.8000000000004 -0.1142478785166421
46.9000000000004 -0.1142056322615192
47.0000000000004 -0.1141635583874355
47.1000000000004 -0.1141216182327718
47.2000000000004 -0.1140797737081172
47.3000000000004 -0.1140379871654134
47.4000000000004 -0.1139962212688038
47.50000000000041 -0.1139544388667276
47.60000000000041 -0.1139126028647743
47.70000000000041 -0.1138706760987899
47.80000000000041 -0.1138286212077012
47.90000000000041 -0.1137864005055086
48.00000000000041 -0.1137439758518642
48.10000000000041 -0.1137013085206429
48.20000000000041 -0.1136583590658865
48.30000000000042 -0.1136150871844885
48.40000000000042 -0.1135714515749617
48.50000000000042 -0.113527409791629
48.60000000000042 -0.1134829180935491
48.70000000000042 -0.1134379312874949
48.80000000000042 -0.1133924025642843
48.90000000000042 -0.1133462833277702
49.00000000000043 -0.1132995230158
49.10000000000043 -0.1132520689124716
49.20000000000043 -0.1132038659510385
49.30000000000043 -0.1131548565068602
49.40000000000043 -0.1131049801798548
49.50000000000043 -0.1130541735659914
49.60000000000043 -0.1130023700174803
49.70000000000044 -0.1129494993914598
49.80000000000044 -0.1128954877871812
49.90000000000044 -0.1128402572719359
50.00000000000044 -0.1127837255962847
