0 -0.8010850400053366
0.1 -0.8014247021510664
0.2 -0.8015248833685262
0.3 -0.801632105732475
0.4 -0.8017384695700828
0.5 -0.8018574010165784
0.6 -0.8020254999824017
0.7 -0.8021637119420477
0.7999999999999999 -0.8022859559739476
0.8999999999999999 -0.8024123465100947
0.9999999999999999 -0.8024170809174315
1.1 -0.802758659824179
1.2 -0.8028620759498606
1.3 -0.8029730197878449
1.4 -0.8030816164816426
1.5 -0.8032046924678007
1.6 -0.8033743671212841
1.7 -0.8035110185438086
1.8 -0.8036333948355556
1.900000000000001 -0.8037582476475631
2 -0.8037696318533336
2.100000000000001 -0.8040988450373613
2.200000000000001 -0.8042041755240945
2.300000000000001 -0.8043192674798769
2.400000000000001 -0.8044319497900928
2.500000000000001 -0.8045641823077426
2.600000000000001 -0.8047391752826173
2.700000000000001 -0.8048778997567531
2.800000000000001 -0.8050041236923007
2.900000000000001 -0.8051273773081962
3.000000000000001 -0.8051603031159594
3.100000000000001 -0.8054624426114296
3.200000000000002 -0.8055678059051913
3.300000000000002 -0.8056836211900873
3.400000000000002 -0.8057966762404132
3.500000000000002 -0.8059345516427261
3.600000000000002 -0.8061113126992667
3.700000000000002 -0.8062514793728771
3.800000000000002 -0.8063827728083162
3.900000000000002 -0.8065047266049101
4.000000000000002 -0.8065758485301036
4.100000000000001 -0.8068509554307016
4.200000000000001 -0.8069603192932383
4.300000000000001 -0.8070794324658903
4.4 -0.8071941125429654
4.5 -0.8073396685747429
4.6 -0.8075152149343687
4.699999999999999 -0.8076527308548459
4.799999999999999 -0.8077854572448859
4.899999999999999 -0.8078971822673811
4.999999999999998 -0.8080283852020398
5.099999999999998 -0.8082652403741726
5.199999999999998 -0.8083794487604964
5.299999999999997 -0.8085033118147038
5.399999999999997 -0.8086231186568498
5.499999999999996 -0.8087830836756649
5.599999999999996 -0.8089597648055351
5.699999999999996 -0.809098016275257
5.799999999999995 -0.8092348206543013
5.899999999999995 -0.8093276620975673
5.999999999999995 -0.8095483942296851
6.099999999999994 -0.8097394381216954
6.199999999999994 -0.8098562234203743
6.299999999999994 -0.809981017875833
6.399999999999993 -0.8101038487679008
6.499999999999993 -0.8102753915038138
6.599999999999993 -0.8104507435046879
6.699999999999992 -0.8105917077828259
6.799999999999992 -0.8107353289003592
6.899999999999991 -0.8108049369966014
6.999999999999991 -0.8111203850773419
7.099999999999991 -0.811279279154101
7.19999999999999 -0.8114016130403743
7.29999999999999 -0.8115281857325508
7.39999999999999 -0.8116554319406152
7.499999999999989 -0.8118364226848862
7.599999999999989 -0.812005446778669
7.699999999999989 -0.8121457900067126
7.799999999999988 -0.8122920630521313
7.899999999999988 -0.8123306325837429
7.999999999999988 -0.8127106972193827
8.099999999999987 -0.8128489553919873
8.199999999999987 -0.8129785849329338
8.299999999999986 -0.8131093827556504
8.399999999999986 -0.8132486530132089
8.499999999999986 -0.8134420554843258
8.599999999999985 -0.8136064398847213
8.699999999999985 -0.8137489677877729
8.799999999999985 -0.8138947316584382
8.899999999999984 -0.8139205077334533
8.999999999999984 -0.8142906774592237
9.099999999999984 -0.8144171060492638
9.199999999999983 -0.8145502564631455
9.299999999999983 -0.8146822671205045
9.399999999999983 -0.814836327611886
9.499999999999982 -0.8150359672676539
9.599999999999982 -0.8151976001570688
9.699999999999982 -0.8153467725046958
9.799999999999981 -0.8154863786319917
9.899999999999981 -0.8155754574647897
9.99999999999998 -0.8158737664241107
10.09999999999998 -0.8160013066891524
10.19999999999998 -0.8161379502234285
10.29999999999998 -0.8162711177661991
10.39999999999998 -0.8164412853232258
10.49999999999998 -0.8166372677610847
10.59999999999998 -0.8167938434565176
10.69999999999998 -0.8169475978999796
10.79999999999998 -0.8170618075725737
10.89999999999998 -0.8172934222821597
10.99999999999998 -0.8175120446706557
11.09999999999998 -0.8176474517350899
11.19999999999998 -0.8177896778525937
11.29999999999998 -0.8179302517681691
11.39999999999998 -0.818122753162519
11.49999999999998 -0.8183125890797811
11.59999999999997 -0.818467222181117
11.69999999999997 -0.81862522031334
11.79999999999997 -0.8186890345413951
11.89999999999997 -0.8190662443846348
11.99999999999997 -0.8192262006513497
12.09999999999997 -0.8193675135188164
12.19999999999997 -0.8195118310195854
12.29999999999997 -0.8196651367664287
12.39999999999997 -0.8198759910238811
12.49999999999997 -0.8200589017451796
12.59999999999997 -0.8202181831299256
12.69999999999997 -0.8203790854958515
12.79999999999997 -0.8204252295946444
12.89999999999997 -0.8208071307961818
12.99999999999997 -0.8209479445426766
13.09999999999997 -0.8210945055662393
13.19999999999997 -0.821239167633377
13.29999999999997 -0.8214109203494391
13.39999999999997 -0.8216245380409651
13.49999999999997 -0.8217980893276472
13.59999999999997 -0.8219624049253172
13.69999999999997 -0.8221063694891475
13.79999999999997 -0.8222705667934851
13.89999999999997 -0.8225472111731098
13.99999999999997 -0.8226929835100273
14.09999999999997 -0.8228465723740865
14.19999999999997 -0.8229975555003691
14.29999999999997 -0.8231970392438679
14.39999999999996 -0.8234039931252779
14.49999999999996 -0.8235719521427711
14.59999999999996 -0.8237412667791917
14.69999999999996 -0.8238299297073477
14.79999999999996 -0.8241985659788122
14.89999999999996 -0.824382304786039
14.99999999999996 -0.8245356217743993
15.09999999999996 -0.8246926898227103
15.19999999999996 -0.8248582636061599
15.29999999999996 -0.8250831533795745
15.39999999999996 -0.8252803202318859
15.49999999999996 -0.8254519309658784
15.59999999999996 -0.825624188575467
15.69999999999996 -0.8256844949020929
15.79999999999996 -0.82607829303409
15.89999999999996 -0.8262314113267505
15.99999999999996 -0.8263904778603379
16.09999999999996 -0.8265478740161449
16.19999999999996 -0.826737874274708
16.29999999999996 -0.8269661482299117
16.39999999999996 -0.8271520602700757
16.49999999999996 -0.8273307420800086
16.59999999999997 -0.8274754471126662
16.69999999999997 -0.8277149753963671
16.79999999999997 -0.8279729809239083
16.89999999999997 -0.8281328029744326
16.99999999999997 -0.8282988415190131
17.09999999999997 -0.828465092420223
17.19999999999997 -0.8286874665599774
17.29999999999998 -0.8289028195941357
17.39999999999998 -0.8290829729768956
17.49999999999998 -0.8292664719696738
17.59999999999998 -0.8293415091172261
17.69999999999998 -0.8297711151579799
17.79999999999998 -0.8299486656429637
17.89999999999998 -0.8301185853724492
17.99999999999999 -0.830289153811526
18.09999999999999 -0.8304807249144852
18.19999999999999 -0.8307244564931244
18.29999999999999 -0.8309269088796754
18.39999999999999 -0.8311130140128868
18.49999999999999 -0.8312835604461905
18.59999999999999 -0.8314409139236469
18.7 -0.8317623122468587
18.8 -0.8319284736403816
18.9 -0.8321030749599387
19 -0.8322772627692641
19.1 -0.8325055014517543
19.2 -0.8327408441853819
19.3 -0.8329359548363517
19.40000000000001 -0.8331324017726522
19.50000000000001 -0.8332329367437274
19.60000000000001 -0.8336635053280764
19.70000000000001 -0.8338612437166411
19.80000000000001 -0.8340394121339159
19.90000000000001 -0.8342185062311057
20.00000000000001 -0.8344148998699068
20.10000000000002 -0.8346674581242917
20.20000000000002 -0.8348817966030271
20.30000000000002 -0.8350778202612432
20.40000000000002 -0.83526301376407
20.50000000000002 -0.8354167465885967
20.60000000000002 -0.8357689887800965
20.70000000000002 -0.8359500115668483
20.80000000000003 -0.8361386213251861
20.90000000000003 -0.8363265958559498
21.00000000000003 -0.8365679760602642
21.10000000000003 -0.8368155845352327
21.20000000000003 -0.8370206068978614
21.30000000000003 -0.8372256842786592
21.40000000000003 -0.8373331384587264
21.50000000000004 -0.8377773484572997
21.60000000000004 -0.8379840942029964
21.70000000000004 -0.8381734921636712
21.80000000000004 -0.8383648577443081
21.90000000000004 -0.8385786322645346
22.00000000000004 -0.8388489470038298
22.10000000000004 -0.8390771795375751
22.20000000000005 -0.8392883755834337
22.30000000000005 -0.8394790928615543
22.40000000000005 -0.839691526873338
22.50000000000005 -0.8400241098557721
22.60000000000005 -0.8402151477401494
22.70000000000005 -0.840412761346522
22.80000000000005 -0.8406120522709677
22.90000000000006 -0.8408721691131508
23.00000000000006 -0.8411265701097501
23.10000000000006 -0.8413431314789396
23.20000000000006 -0.8415617536707269
23.30000000000006 -0.8416694746046842
23.40000000000006 -0.8421444132882906
23.50000000000006 -0.8423548772599885
23.60000000000007 -0.8425611210030539
23.70000000000007 -0.8427667274340342
23.80000000000007 -0.8430067538594475
23.90000000000007 -0.8432874054970643
24.00000000000007 -0.8435197805782847
24.10000000000007 -0.8437424812094395
24.20000000000007 -0.8439170118876456
24.30000000000008 -0.8442645909590211
24.40000000000008 -0.8445469368245608
24.50000000000008 -0.8447549151573372
24.60000000000008 -0.84496834899774
24.70000000000008 -0.8451931432416163
24.80000000000008 -0.8454843907407659
24.90000000000008 -0.8457451204395428
25.00000000000009 -0.8459766872884493
25.10000000000009 -0.8462016271146758
25.20000000000009 -0.8463567462647256
25.30000000000009 -0.8467805014750538
25.40000000000009 -0.8469928505226404
25.50000000000009 -0.8472111363832209
25.60000000000009 -0.847430246227163
25.7000000000001 -0.8477075279078233
25.8000000000001 -0.8479936112632724
25.9000000000001 -0.8482354613089322
26.0000000000001 -0.8484774935320648
26.1000000000001 -0.8486148479331767
26.2000000000001 -0.849118857463624
26.3000000000001 -0.8493584273724857
26.40000000000011 -0.8495860160728801
26.50000000000011 -0.8498135246878982
26.60000000000011 -0.850075928835327
26.70000000000011 -0.850382541751699
26.80000000000011 -0.8506392640491529
26.90000000000011 -0.85088556973164
27.00000000000011 -0.851079781205029
27.10000000000012 -0.8514747634887511
27.20000000000012 -0.8517774312288773
27.30000000000012 -0.8520114503957212
27.40000000000012 -0.8522499842537203
27.50000000000012 -0.8525051780049486
27.60000000000012 -0.8528265105367223
27.70000000000012 -0.853108657387798
27.80000000000013 -0.8533645022758916
27.90000000000013 -0.853603871778669
28.00000000000013 -0.8538417740177935
28.10000000000013 -0.8542449277274449
28.20000000000013 -0.8544830222877197
28.30000000000013 -0.8547275266676646
28.40000000000013 -0.8549782659764915
28.50000000000014 -0.8552986954257653
28.60000000000014 -0.8556053622086212
28.70000000000014 -0.8558730859456664
28.80000000000014 -0.856138291129189
28.90000000000014 -0.8563076077486717
29.00000000000014 -0.8568125399078026
29.10000000000014 -0.8570653260365866
29.20000000000014 -0.8573197827495249
29.30000000000015 -0.8575753087002581
29.40000000000015 -0.8578898663003045
29.50000000000015 -0.8582160238256846
29.60000000000015 -0.8584938219175702
29.70000000000015 -0.8587701219278373
29.80000000000015 -0.8589432030149651
29.90000000000015 -0.8594912736730402
30.00000000000016 -0.8597685844903199
30.10000000000016 -0.8600355939379469
30.20000000000016 -0.860303877233445
30.30000000000016 -0.8606189060031179
30.40000000000016 -0.8609678883077948
30.50000000000016 -0.8612624882343473
30.60000000000016 -0.8615491313086314
30.70000000000017 -0.8617535342337986
30.80000000000017 -0.8622802219501752
30.90000000000017 -0.8625870478848989
31.00000000000017 -0.8628613639675846
31.10000000000017 -0.8631389352306316
31.20000000000017 -0.8634540014150689
31.30000000000017 -0.8638229083652176
31.40000000000018 -0.8641380818951889
31.50000000000018 -0.8644393523350792
31.60000000000018 -0.864678675734078
31.70000000000018 -0.8651704450503487
31.80000000000018 -0.8655144461626947
31.90000000000018 -0.86579836422644
32.00000000000018 -0.8660852100407388
32.10000000000019 -0.8664020827669909
32.20000000000019 -0.8667828717307255
32.30000000000019 -0.8671126185111061
32.40000000000019 -0.8674247469115262
32.50000000000019 -0.8676897287559903
32.60000000000019 -0.8681544364747444
32.70000000000019 -0.8685364103695059
32.8000000000002 -0.8688365614794422
32.9000000000002 -0.8691398099299457
33.0000000000002 -0.8694692487953275
33.1000000000002 -0.8698651366450064
33.2000000000002 -0.8702099442321182
33.3000000000002 -0.8705325741533192
33.4000000000002 -0.8708145634367177
33.50000000000021 -0.8712631862667319
33.60000000000021 -0.8716712854754136
33.70000000000021 -0.8719851082927191
33.80000000000021 -0.8723039224004698
33.90000000000021 -0.8726497026199382
34.00000000000021 -0.873065577366019
34.10000000000021 -0.8734307382313755
34.20000000000022 -0.8737709639621883
34.30000000000022 -0.8740696168101443
34.40000000000022 -0.8745337587640469
34.50000000000022 -0.8749565424301069
34.60000000000022 -0.8752819748206204
34.70000000000022 -0.8756121030536321
34.80000000000022 -0.8759718335685025
34.90000000000023 -0.876403876814291
35.00000000000023 -0.8767845410177972
35.10000000000023 -0.8771427275877414
35.20000000000023 -0.8774531184033658
35.30000000000023 -0.8779738751954126
35.40000000000023 -0.8784028068738198
35.50000000000023 -0.8787468295172735
35.60000000000024 -0.8790937898425215
35.70000000000024 -0.8794757834849772
35.80000000000024 -0.8799234910867397
35.90000000000024 -0.8803138419853834
36.00000000000024 -0.8806860060293011
36.10000000000024 -0.8809962351515422
36.20000000000024 -0.8815932606775632
36.30000000000025 -0.882017737366706
36.40000000000025 -0.8823837226757999
36.50000000000025 -0.8827535876191288
36.60000000000025 -0.8831702826175474
36.70000000000025 -0.8836389076943201
36.80000000000025 -0.8840441969969406
36.90000000000025 -0.8844348997913047
37.00000000000026 -0.8847424357598359
37.10000000000026 -0.8854106833354582
37.20000000000026 -0.8858260777202379
37.30000000000026 -0.8862101220763101
37.40000000000026 -0.8866004607210554
37.50000000000026 -0.8870546454513193
37.60000000000026 -0.8875417955402584
37.70000000000027 -0.8879661421927987
37.80000000000027 -0.8883808090628108
37.90000000000027 -0.8886993072914251
38.00000000000027 -0.8894106111294435
38.10000000000027 -0.889826189189839
38.20000000000027 -0.8902303295718251
38.30000000000027 -0.8906432829703125
38.40000000000028 -0.8911376030195275
38.50000000000028 -0.8916321275073508
38.60000000000028 -0.8920720101665227
38.70000000000028 -0.8925025264885312
38.80000000000028 -0.8928901635267147
38.90000000000028 -0.8935648141160194
39.00000000000028 -0.893996977819743
39.10000000000029 -0.8944291618674136
39.20000000000029 -0.8948811885611467
39.30000000000029 -0.8954215008897104
39.40000000000029 -0.8959192582827531
39.50000000000029 -0.8963775768200914
39.60000000000029 -0.8968029911775449
39.70000000000029 -0.8973864434349776
39.8000000000003 -0.8979641614337354
39.9000000000003 -0.8984213608822865
40.0000000000003 -0.898884364067088
40.1000000000003 -0.8993951860718735
40.2000000000003 -0.8999736782680099
40.3000000000003 -0.9004831959331261
40.4000000000003 -0.9009715622162777
40.50000000000031 -0.9013782382051803
40.60000000000031 -0.9021695535145949
40.70000000000031 -0.9026857505251262
40.80000000000031 -0.9031697237038914
40.90000000000031 -0.9036650720859963
41.00000000000031 -0.9042451929187385
41.10000000000031 -0.9048387695278033
41.20000000000032 -0.9053683007088676
41.30000000000032 -0.9058849799705679
41.40000000000032 -0.9063669478321216
41.50000000000032 -0.907138892975101
41.60000000000032 -0.9076578643820357
41.70000000000032 -0.9081756326358053
41.80000000000032 -0.908723985017835
41.90000000000033 -0.9093679925761734
42.00000000000033 -0.9099579925277402
42.10000000000033 -0.91051335133662
42.20000000000033 -0.9110153088475574
42.30000000000033 -0.9118274048723031
42.40000000000033 -0.9124595495567324
42.50000000000033 -0.9130172092307094
42.60000000000034 -0.9135831109744375
42.70000000000034 -0.9142287016249115
42.80000000000034 -0.9149036787870362
42.90000000000034 -0.9155036804220907
43.00000000000034 -0.9160894643703559
43.10000000000034 -0.9166321505014907
43.20000000000034 -0.9175088726550693
43.30000000000035 -0.9181114383593404
43.40000000000035 -0.9187138977608377
43.50000000000035 -0.9193555748484177
43.60000000000035 -0.9200979362578335
43.70000000000035 -0.9207771666838145
43.80000000000035 -0.9214178414048486
43.90000000000035 -0.9219945832164245
44.00000000000036 -0.9229379022107146
44.10000000000036 -0.9236370886195
44.20000000000036 -0.924278852268658
44.30000000000036 -0.92493773313213
44.40000000000036 -0.925699597880477
44.50000000000036 -0.9264688622429027
44.60000000000036 -0.9271685825461349
44.70000000000037 -0.9278475268988506
44.80000000000037 -0.9286104339632169
44.90000000000037 -0.9295087465966383
45.00000000000037 -0.9302077771256196
45.10000000000037 -0.9309112628593068
45.20000000000037 -0.9316859108974758
45.30000000000037 -0.9325349674936809
45.40000000000038 -0.9333005539579537
45.50000000000038 -0.9340472097569671
45.60000000000038 -0.9347382169201829
45.70000000000038 -0.9358423156976337
45.80000000000038 -0.9366201727155358
45.90000000000038 -0.9373895554452262
46.00000000000038 -0.9382073451227044
46.10000000000039 -0.9391365237184917
46.20000000000039 -0.9399898856505904
46.30000000000039 -0.9408038174408856
46.40000000000039 -0.9415506854429481
46.50000000000039 -0.9427526620000037
46.60000000000039 -0.9436258685422115
46.70000000000039 -0.9444662192337324
46.8000000000004 -0.9453467418063679
46.9000000000004 -0.9463575504935016
47.0000000000004 -0.9473181985661692
47.1000000000004 -0.948220976164611
47.2000000000004 -0.9490702810118168
47.3000000000004 -0.9503234224852539
47.4000000000004 -0.9513132697730338
47.50000000000041 -0.9522348546941475
47.60000000000041 -0.953191971207449
47.70000000000041 -0.9542882934354913
47.80000000000041 -0.9553571783866861
47.90000000000041 -0.956360220351141
48.00000000000041 -0.957320984898052
48.10000000000041 -0.9586701061601405
48.20000000000041 -0.9597895635214648
48.30000000000042 -0.9608190489864412
48.40000000000042 -0.9618841907534932
48.50000000000042 -0.9630960192955762
48.60000000000042 -0.964276915431444
48.70000000000042 -0.9653894443616187
48.80000000000042 -0.9664610575953608
48.90000000000042 -0.9679803213252807
49.00000000000043 -0.9692202806012162
49.10000000000043 -0.9703854289261136
49.20000000000043 -0.9716025270078086
49.30000000000043 -0.9729784529890647
49.40000000000043 -0.9742932129168511
49.50000000000043 -0.9755453432510726
49.60000000000043 -0.9767543851179983
49.70000000000044 -0.9784894914483699
49.80000000000044 -0.9798503778383227
49.90000000000044 -0.9811785364179182
50.00000000000044 -0.9825980688279969
