0 -0.8010850400053366
0.1 -0.6673562840036119
0.2 -0.5597844896244122
0.3 -0.476261491557868
0.4 -0.4153588572811941
0.5 -0.3718991488040703
0.6 -0.3399921913346828
0.7 -0.3182090601010212
0.7999999999999999 -0.3054479081477013
0.8999999999999999 -0.2983243532773127
0.9999999999999999 -0.2940958886144321
1.1 -0.2913855292358954
1.2 -0.2896148948749014
1.3 -0.2886252269841416
1.4 -0.2886057615795361
1.5 -0.2902797548695699
1.6 -0.2933478802856527
1.7 -0.2424830795283511
1.8 -0.1426700055894387
1.900000000000001 -0.1414913175364898
2 -0.1448658437778448
2.100000000000001 -0.1465530127167937
2.200000000000001 -0.1473587904309561
2.300000000000001 -0.147723843244959
2.400000000000001 -0.1478338908769322
2.500000000000001 -0.1477637164041416
2.600000000000001 -0.1475347050105533
2.700000000000001 -0.1471377169004381
2.800000000000001 -0.1465446218816804
2.900000000000001 -0.1457196101830377
3.000000000000001 -0.1446368860021501
3.100000000000001 -0.1433057707189768
3.200000000000002 -0.1417932994218567
3.300000000000002 -0.1402242694464334
3.400000000000002 -0.1387467408976029
3.500000000000002 -0.137480164779541
3.600000000000002 -0.1364815056801211
3.700000000000002 -0.135746650229331
3.800000000000002 -0.1352344301946758
3.900000000000002 -0.1348919825100682
4.000000000000002 -0.134670511104876
4.100000000000001 -0.1345314055819395
4.200000000000001 -0.1344466462374389
4.300000000000001 -0.134396919669016
4.4 -0.1343693243033299
4.5 -0.1343554079559581
4.6 -0.1343497038551366
4.699999999999999 -0.1343487104600701
4.799999999999999 -0.1343502061825346
4.899999999999999 -0.1343527981568298
4.999999999999998 -0.13435562816564
5.099999999999998 -0.1343581818768094
5.199999999999998 -0.1343601652757836
5.299999999999997 -0.1343614246112971
5.399999999999997 -0.1343618944985686
5.499999999999996 -0.1343615642689704
5.599999999999996 -0.1343604561729664
5.699999999999996 -0.1343586113046822
5.799999999999995 -0.1343560805693729
5.899999999999995 -0.1343529189502291
5.999999999999995 -0.1343491819349958
6.099999999999994 -0.134344923354753
6.199999999999994 -0.1343401941426632
6.299999999999994 -0.1343350416878303
6.399999999999993 -0.1343295095695564
6.499999999999993 -0.1343236375300819
6.599999999999993 -0.1343174615921953
6.699999999999992 -0.1343110142602375
6.799999999999992 -0.1343043247644513
6.899999999999991 -0.1342974193229216
6.999999999999991 -0.1342903214048816
7.099999999999991 -0.1342830519854933
7.19999999999999 -0.1342756297864002
7.29999999999999 -0.1342680714990959
7.39999999999999 -0.1342603919899219
7.499999999999989 -0.1342526044866354
7.599999999999989 -0.1342447207471681
7.699999999999989 -0.1342367512115961
7.799999999999988 -0.1342287051385433
7.899999999999988 -0.1342205907273214
7.999999999999988 -0.134212415227113
8.099999999999987 -0.1342041850344537
8.199999999999987 -0.1341959057802016
8.299999999999986 -0.1341875824070855
8.399999999999986 -0.1341792192388386
8.499999999999986 -0.1341708200418226
8.599999999999985 -0.1341623880799615
8.699999999999985 -0.1341539261637177
8.799999999999985 -0.1341454366937649
8.899999999999984 -0.1341369216999402
8.999999999999984 -0.1341283828759945
9.099999999999984 -0.1341198216105985
9.199999999999983 -0.134111239015015
9.299999999999983 -0.1341026359477954
9.399999999999983 -0.1340940130368227
9.499999999999982 -0.1340853706989819
9.599999999999982 -0.1340767091577101
9.699999999999982 -0.1340680284586469
9.799999999999981 -0.1340593284835819
9.899999999999981 -0.1340506089628732
9.99999999999998 -0.1340418694864906
10.09999999999998 -0.134033109513819
10.19999999999998 -0.1340243283823447
10.29999999999998 -0.1340155253153281
10.39999999999998 -0.1340066994285599
10.49999999999998 -0.1339978497362824
10.59999999999998 -0.1339889751563511
10.69999999999998 -0.133980074514699
10.79999999999998 -0.1339711465491629
10.89999999999998 -0.1339621899127209
10.99999999999998 -0.1339532031761838
11.09999999999998 -0.1339441848303793
11.19999999999998 -0.1339351332878617
11.29999999999998 -0.1339260468841733
11.39999999999998 -0.1339169238786834
11.49999999999998 -0.1339077624550213
11.59999999999997 -0.1338985607211215
11.69999999999997 -0.13388931670889
11.79999999999997 -0.1338800283735025
11.89999999999997 -0.1338706935923378
11.99999999999997 -0.1338613101635477
12.09999999999997 -0.1338518758042633
12.19999999999997 -0.1338423881484299
12.29999999999997 -0.1338328447442649
12.39999999999997 -0.1338232430513232
12.49999999999997 -0.1338135804371578
12.59999999999997 -0.1338038541735524
12.69999999999997 -0.1337940614323039
12.79999999999997 -0.1337841992805243
12.89999999999997 -0.1337742646754301
12.99999999999997 -0.1337642544585758
13.09999999999997 -0.1337541653494881
13.19999999999997 -0.1337439939386449
13.29999999999997 -0.1337337366797376
13.39999999999997 -0.1337233898811428
13.49999999999997 -0.133712949696522
13.59999999999997 -0.1337024121144497
13.69999999999997 -0.1336917729469592
13.79999999999997 -0.1336810278168731
13.89999999999997 -0.1336701721437675
13.99999999999997 -0.1336592011283885
14.09999999999997 -0.1336481097353125
14.19999999999997 -0.1336368926735995
14.29999999999997 -0.1336255443751485
14.39999999999996 -0.1336140589704024
14.49999999999996 -0.1336024302609866
14.59999999999996 -0.1335906516887806
14.69999999999996 -0.133578716300818
14.79999999999996 -0.1335666167092865
14.89999999999996 -0.1335543450457381
14.99999999999996 -0.1335418929084256
15.09999999999996 -0.1335292513014325
15.19999999999996 -0.1335164105639537
15.29999999999996 -0.1335033602876887
15.39999999999996 -0.1334900892198087
15.49999999999996 -0.133476585148321
15.59999999999996 -0.133462834765829
15.69999999999996 -0.1334488235066282
15.79999999999996 -0.1334345353507051
15.89999999999996 -0.1334199525864092
15.99999999999996 -0.1334050555212243
16.09999999999996 -0.1333898221269633
16.19999999999996 -0.1333742276016068
16.29999999999996 -0.1333582438245237
16.39999999999996 -0.1333418386744596
16.49999999999996 -0.1333249751697376
16.59999999999997 -0.1333076103765942
16.69999999999997 -0.1332896940130464
16.79999999999997 -0.133271166650115
16.89999999999997 -0.1332519573766549
16.99999999999997 -0.1332319807441666
17.09999999999997 -0.1332111327374246
17.19999999999997 -0.1331892854161205
17.29999999999998 -0.1331662797278102
17.39999999999998 -0.1331419157817404
17.49999999999998 -0.1331159395636152
17.59999999999998 -0.1330880246118266
17.69999999999998 -0.1330577464857156
17.79999999999998 -0.1330245468083131
17.89999999999998 -0.1329876820541644
17.99999999999999 -0.1329461497422236
18.09999999999999 -0.1328985807310569
18.19999999999999 -0.1328430799727122
18.29999999999999 -0.1327769877927998
18.39999999999999 -0.1326965168335327
18.49999999999999 -0.13259619154983
18.59999999999999 -0.1324679694103679
18.7 -0.13229984137291
18.8 -0.1320735686996345
18.9 -0.1317609708272834
19 -0.1313177651104358
19.1 -0.1306732748512769
19.2 -0.1297132790310189
19.3 -0.128252007506071
19.40000000000001 -0.1259888904620303
19.50000000000001 -0.1224503443343641
19.60000000000001 -0.1169380856183071
19.70000000000001 -0.108562712225769
19.80000000000001 -0.09652807456220813
19.90000000000001 -0.08079668329883338
20.00000000000001 -0.06279641181230167
20.10000000000002 -0.04520686705999077
20.20000000000002 -0.03052903302179211
20.30000000000002 -0.01982161389868253
20.40000000000002 -0.0127502573558933
20.50000000000002 -0.008380467970471317
20.60000000000002 -0.005794127389331827
20.70000000000002 -0.004311309318277945
20.80000000000003 -0.003488884824907834
20.90000000000003 -0.003055255901280862
21.00000000000003 -0.002848502254441776
21.10000000000003 -0.002773053819699112
21.20000000000003 -0.002772574671307648
21.30000000000003 -0.002813785319505713
21.40000000000003 -0.002876986108795221
21.50000000000004 -0.002950524928252207
21.60000000000004 -0.003027553709560427
21.70000000000004 -0.003104111437437829
21.80000000000004 -0.003177980289398252
21.90000000000004 -0.003247996484617377
22.00000000000004 -0.003313631417540319
22.10000000000004 -0.003374735223895364
22.20000000000005 -0.003431379001660129
22.30000000000005 -0.003483757533882692
22.40000000000005 -0.003532129427623043
22.50000000000005 -0.003576780548327552
22.60000000000005 -0.00361800202619969
22.70000000000005 -0.003656077397537816
22.80000000000005 -0.003691275466642385
22.90000000000006 -0.003723846731119307
23.00000000000006 -0.003754022001886542
23.10000000000006 -0.003782012347621377
23.20000000000006 -0.003808009810576884
23.30000000000006 -0.003832188543641951
23.40000000000006 -0.00385470614886832
23.50000000000006 -0.003875705081579278
23.60000000000007 -0.003895314038164677
23.70000000000007 -0.003913649280310766
23.80000000000007 -0.003930815870500953
23.90000000000007 -0.003946908807546556
24.00000000000007 -0.003962014059516517
24.10000000000007 -0.003976209496593913
24.20000000000007 -0.003989565729323852
24.30000000000008 -0.004002146859222483
24.40000000000008 -0.004014011149324315
24.50000000000008 -0.00402521162229913
24.60000000000008 -0.004035796593491597
24.70000000000008 -0.004045810145775874
24.80000000000008 -0.004055292552569367
24.90000000000008 -0.004064280654766106
25.00000000000009 -0.004072808196779187
25.10000000000009 -0.004080906126328415
25.20000000000009 -0.004088602862105661
25.30000000000009 -0.004095924532977774
25.40000000000009 -0.004102895191970324
25.50000000000009 -0.004109537007895542
25.60000000000009 -0.004115870437151364
25.7000000000001 -0.004121914377921587
25.8000000000001 -0.00412768630874244
25.9000000000001 -0.004133202413169834
26.0000000000001 -0.004138477692075551
26.1000000000001 -0.004143526064923075
26.2000000000001 -0.004148360461213779
26.3000000000001 -0.004152992903157987
26.40000000000011 -0.004157434580500552
26.50000000000011 -0.004161695918327629
26.60000000000011 -0.00416578663858333
26.70000000000011 -0.004169715815945566
26.80000000000011 -0.004173491928636072
26.90000000000011 -0.004177122904675881
27.00000000000011 -0.004180616164041473
27.10000000000012 -0.00418397865712683
27.20000000000012 -0.004187216899873461
27.30000000000012 -0.004190337005890069
27.40000000000012 -0.004193344715851269
27.50000000000012 -0.004196245424433101
27.60000000000012 -0.004199044205016572
27.70000000000012 -0.00420174583236621
27.80000000000013 -0.004204354803470478
27.90000000000013 -0.004206875356710979
28.00000000000013 -0.004209311489510287
28.10000000000013 -0.004211666974595435
28.20000000000013 -0.004213945374997807
28.30000000000013 -0.004216150057900561
28.40000000000013 -0.004218284207433115
28.50000000000014 -0.004220350836502684
28.60000000000014 -0.004222352797744466
28.70000000000014 -0.00422429279366475
28.80000000000014 -0.004226173386043475
28.90000000000014 -0.004227997004657702
29.00000000000014 -0.004229765955380993
29.10000000000014 -0.004231482427709155
29.20000000000014 -0.00423314850175821
29.30000000000015 -0.004234766154776415
29.40000000000015 -0.004236337267208318
29.50000000000015 -0.004237863628345717
29.60000000000015 -0.004239346941597583
29.70000000000015 -0.004240788829407274
29.80000000000015 -0.004242190837844551
29.90000000000015 -0.004243554440896288
30.00000000000016 -0.004244881044478038
30.10000000000016 -0.004246171990187717
30.20000000000016 -0.004247428558819141
30.30000000000016 -0.004248651973653844
30.40000000000016 -0.004249843403546269
30.50000000000016 -0.004251003965817374
30.60000000000016 -0.004252134728970056
30.70000000000017 -0.004253236715238584
30.80000000000017 -0.004254310902984171
30.90000000000017 -0.00425535822894639
31.00000000000017 -0.004256379590360779
31.10000000000017 -0.004257375846951739
31.20000000000017 -0.004258347822808484
31.30000000000017 -0.004259296308152513
31.40000000000018 -0.004260222061003127
31.50000000000018 -0.004261125808748226
31.60000000000018 -0.004262008249625832
31.70000000000018 -0.00426287005412275
31.80000000000018 -0.004263711866295206
31.90000000000018 -0.004264534305016596
32.00000000000018 -0.00426533796515674
32.10000000000019 -0.004266123418697101
32.20000000000019 -0.004266891215785884
32.30000000000019 -0.004267641885736431
32.40000000000019 -0.004268375937972899
32.50000000000019 -0.00426909386292576
32.60000000000019 -0.004269796132880616
32.70000000000019 -0.004270483202783018
32.8000000000002 -0.004271155511001531
32.9000000000002 -0.004271813480052122
33.0000000000002 -0.004272457517285305
33.1000000000002 -0.004273088015539189
33.2000000000002 -0.004273705353759358
33.3000000000002 -0.00427430989758823
33.4000000000002 -0.004274901999925293
33.50000000000021 -0.004275482001459899
33.60000000000021 -0.004276050231177969
33.70000000000021 -0.004276607006844582
33.80000000000021 -0.004277152635463147
33.90000000000021 -0.004277687413712761
34.00000000000021 -0.004278211628364989
34.10000000000021 -0.004278725556680893
34.20000000000022 -0.004279229466789727
34.30000000000022 -0.004279723618049916
34.40000000000022 -0.00428020826139365
34.50000000000022 -0.004280683639655322
34.60000000000022 -0.004281149987885619
34.70000000000022 -0.004281607533650811
34.80000000000022 -0.004282056497319151
34.90000000000023 -0.004282497092334303
35.00000000000023 -0.004282929525476542
35.10000000000023 -0.004283353997112757
35.20000000000023 -0.004283770701435347
35.30000000000023 -0.004284179826690729
35.40000000000023 -0.004284581555398195
35.50000000000023 -0.004284976064559076
35.60000000000024 -0.004285363525857365
35.70000000000024 -0.004285744105851454
35.80000000000024 -0.004286117966158187
35.90000000000024 -0.00428648526362891
36.00000000000024 -0.004286846150518428
36.10000000000024 -0.004287200774646824
36.20000000000024 -0.004287549279554756
36.30000000000025 -0.004287891804652319
36.40000000000025 -0.004288228485361964
36.50000000000025 -0.004288559453255542
36.60000000000025 -0.004288884836185961
36.70000000000025 -0.004289204758413531
36.80000000000025 -0.004289519340727355
36.90000000000025 -0.004289828700561861
37.00000000000026 -0.004290132952108852
37.10000000000026 -0.004290432206425103
37.20000000000026 -0.004290726571535945
37.30000000000026 -0.004291016152534646
37.40000000000026 -0.004291301051678215
37.50000000000026 -0.004291581368479333
37.60000000000026 -0.00429185719979501
37.70000000000027 -0.00429212863991172
37.80000000000027 -0.004292395780627609
37.90000000000027 -0.004292658711331263
38.00000000000027 -0.004292917519077899
38.10000000000027 -0.004293172288662578
38.20000000000027 -0.004293423102690749
38.30000000000027 -0.004293670041646422
38.40000000000028 -0.00429391318395738
38.50000000000028 -0.004294152606058713
38.60000000000028 -0.004294388382453454
38.70000000000028 -0.004294620585771479
38.80000000000028 -0.004294849286826032
38.90000000000028 -0.00429507455466846
39.00000000000028 -0.004295296456641
39.10000000000029 -0.004295515058427492
39.20000000000029 -0.004295730424102667
39.30000000000029 -0.004295942616179507
39.40000000000029 -0.004296151695655004
39.50000000000029 -0.004296357722054438
39.60000000000029 -0.00429656075347408
39.70000000000029 -0.004296760846622429
39.8000000000003 -0.004296958056860131
39.9000000000003 -0.0042971524382385
40.0000000000003 -0.004297344043536794
40.1000000000003 -0.004297532924298159
40.2000000000003 -0.00429771913086454
40.3000000000003 -0.004297902712410331
40.4000000000003 -0.004298083716974932
40.50000000000031 -0.004298262191494276
40.60000000000031 -0.004298438181831316
40.70000000000031 -0.004298611732805532
40.80000000000031 -0.004298782888221546
40.90000000000031 -0.004298951690896675
41.00000000000031 -0.004299118182687744
41.10000000000031 -0.004299282404517019
41.20000000000032 -0.004299444396397303
41.30000000000032 -0.004299604197456224
41.40000000000032 -0.004299761845959843
41.50000000000032 -0.004299917379335411
41.60000000000032 -0.004300070834193565
41.70000000000032 -0.004300222246349648
41.80000000000032 -0.004300371650844632
41.90000000000033 -0.004300519081965146
42.00000000000033 -0.004300664573263072
42.10000000000033 -0.004300808157574415
42.20000000000033 -0.004300949867037808
42.30000000000033 -0.004301089733112176
42.40000000000033 -0.004301227786594093
42.50000000000033 -0.004301364057634587
42.60000000000034 -0.004301498575755361
42.70000000000034 -0.004301631369864611
42.80000000000034 -0.004301762468272373
42.90000000000034 -0.00430189189870539
43.00000000000034 -0.004302019688321612
43.10000000000034 -0.004302145863724086
43.20000000000034 -0.004302270450974859
43.30000000000035 -0.004302393475607888
43.40000000000035 -0.004302514962642133
43.50000000000035 -0.004302634936593962
43.60000000000035 -0.004302753421489343
43.70000000000035 -0.004302870440875545
43.80000000000035 -0.004302986017832695
43.90000000000035 -0.004303100174984899
44.00000000000036 -0.004303212934511046
44.10000000000036 -0.004303324318155367
44.20000000000036 -0.004303434347237678
44.30000000000036 -0.004303543042663296
44.40000000000036 -0.004303650424932783
44.50000000000036 -0.004303756514151352
44.60000000000036 -0.004303861330038003
44.70000000000037 -0.004303964891934457
44.80000000000037 -0.004304067218813837
44.90000000000037 -0.004304168329289149
45.00000000000037 -0.004304268241621362
45.10000000000037 -0.004304366973727582
45.20000000000037 -0.004304464543188724
45.30000000000037 -0.004304560967257093
45.40000000000038 -0.004304656262863846
45.50000000000038 -0.004304750446626066
45.60000000000038 -0.004304843534853844
45.70000000000038 -0.004304935543557056
45.80000000000038 -0.004305026488452011
45.90000000000038 -0.004305116384967882
46.00000000000038 -0.004305205248253098
46.10000000000039 -0.004305293093181388
46.20000000000039 -0.004305379934357742
46.30000000000039 -0.004305465786124403
46.40000000000039 -0.004305550662566368
46.50000000000039 -0.004305634577516995
46.60000000000039 -0.004305717544563402
46.70000000000039 -0.004305799577051753
46.8000000000004 -0.004305880688092359
46.9000000000004 -0.004305960890564633
47.0000000000004 -0.004306040197122087
47.1000000000004 -0.004306118620196989
47.2000000000004 -0.004306196172005047
47.3000000000004 -0.004306272864549932
47.4000000000004 -0.004306348709627691
47.50000000000041 -0.004306423718831012
47.60000000000041 -0.004306497903553551
47.70000000000041 -0.004306571274993898
47.80000000000041 -0.004306643844159623
47.90000000000041 -0.004306715621871217
48.00000000000041 -0.004306786618765927
48.10000000000041 -0.004306856845301368
48.20000000000041 -0.00430692631175926
48.30000000000042 -0.004306995028248946
48.40000000000042 -0.004307063004710808
48.50000000000042 -0.004307130250919756
48.60000000000042 -0.004307196776488435
48.70000000000042 -0.004307262590870498
48.80000000000042 -0.004307327703363714
48.90000000000042 -0.004307392123113145
49.00000000000043 -0.004307455859113997
49.10000000000043 -0.00430751892021472
49.20000000000043 -0.004307581315119768
49.30000000000043 -0.004307643052392451
49.40000000000043 -0.004307704140457655
49.50000000000043 -0.004307764587604519
49.60000000000043 -0.00430782440198911
49.70000000000044 -0.004307883591636877
49.80000000000044 -0.004307942164445244
49.90000000000044 -0.004308000128186031
50.00000000000044 -0.004308057490507805
