0 -0.8010850400053366
0.1 -0.80111930427552
0.2 -0.8012651800693309
0.3 -0.8011624849044428
0.4 -0.8009906427008644
0.5 -0.8008855170489435
0.6 -0.8009165287972262
0.7 -0.8010308784045232
0.7999999999999999 -0.8011081848742299
0.8999999999999999 -0.8010015924185929
0.9999999999999999 -0.8009019951474259
1.1 -0.8009085611395645
1.2 -0.8011726237087211
1.3 -0.801158641521804
1.4 -0.8010429325757622
1.5 -0.8009552495896211
1.6 -0.8009882130552537
1.7 -0.8010980518490084
1.8 -0.801149600412802
1.900000000000001 -0.8010017509622902
2 -0.8007956721093267
2.100000000000001 -0.8007257154395805
2.200000000000001 -0.8009539596845761
2.300000000000001 -0.8009286045430775
2.400000000000001 -0.8008278038400702
2.500000000000001 -0.8007628328634044
2.600000000000001 -0.8008279410515606
2.700000000000001 -0.800996290170259
2.800000000000001 -0.8011282888138921
2.900000000000001 -0.8010785276172955
3.000000000000001 -0.8008456745666956
3.100000000000001 -0.8007810573700944
3.200000000000002 -0.8010106614414181
3.300000000000002 -0.8009553162264045
3.400000000000002 -0.8007976281367687
3.500000000000002 -0.8006628491456946
3.600000000000002 -0.8006576413078148
3.700000000000002 -0.800769681396017
3.800000000000002 -0.8008831342743711
3.900000000000002 -0.8008825498703128
4.000000000000002 -0.800655114613244
4.100000000000001 -0.800689026933175
4.200000000000001 -0.8009999008067529
4.300000000000001 -0.801047210500802
4.4 -0.8009420363077886
4.5 -0.800811924118688
4.6 -0.8007872730896879
4.699999999999999 -0.8008721780276264
4.799999999999999 -0.8009488960133391
4.899999999999999 -0.8009030601289016
4.999999999999998 -0.8005957454089987
5.099999999999998 -0.8006070133765835
5.199999999999998 -0.8008677070516187
5.299999999999997 -0.8009262862027524
5.399999999999997 -0.800852805829805
5.499999999999996 -0.8007636258804136
5.599999999999996 -0.800781908507725
5.699999999999996 -0.8009250475352248
5.799999999999995 -0.8010767478899767
5.899999999999995 -0.8011009981185064
5.999999999999995 -0.8008177154326311
6.099999999999994 -0.8008398385865239
6.199999999999994 -0.8010376724511705
6.299999999999994 -0.8010611953346729
6.399999999999993 -0.8009294945774483
6.499999999999993 -0.8007798440523209
6.599999999999993 -0.8007389068097182
6.699999999999992 -0.8008334137444677
6.799999999999992 -0.8009741790173138
6.899999999999991 -0.8010448068789957
6.999999999999991 -0.8008642932983422
7.099999999999991 -0.8009372257996504
7.19999999999999 -0.8011161377579221
7.29999999999999 -0.8012526171398711
7.39999999999999 -0.8011671808973997
7.499999999999989 -0.8010141243055077
7.599999999999989 -0.8009354291294182
7.699999999999989 -0.8009805032439363
7.799999999999988 -0.80107081941475
7.899999999999988 -0.8010898854118007
7.999999999999988 -0.8008709813214621
8.099999999999987 -0.8008616258201975
8.199999999999987 -0.8009491939517536
8.299999999999986 -0.8011264259338016
8.399999999999986 -0.8010913700337202
8.499999999999986 -0.8009960930510371
8.599999999999985 -0.8009653492238009
8.699999999999985 -0.8010635355645623
8.799999999999985 -0.8012196544868407
8.899999999999984 -0.8012882676803144
8.999999999999984 -0.8010902684802361
9.099999999999984 -0.8010101365521929
9.199999999999983 -0.8010108130349829
9.299999999999983 -0.8011455341156901
9.399999999999983 -0.8010515603044285
9.499999999999982 -0.8009053878648456
9.599999999999982 -0.8008310416738667
9.699999999999982 -0.8008970328761909
9.799999999999981 -0.8010530855247007
9.899999999999981 -0.8011697714002405
9.99999999999998 -0.8010935076536061
10.09999999999998 -0.8009931954365352
10.19999999999998 -0.8009873519569329
10.29999999999998 -0.8012203620520666
10.39999999999998 -0.8011647973372819
10.49999999999998 -0.8010072568582491
10.59999999999998 -0.8008828666453893
10.69999999999998 -0.8008836033645466
10.79999999999998 -0.8009737930413354
10.89999999999998 -0.8010333951806297
10.99999999999998 -0.8009374784285033
11.09999999999998 -0.8007355760923907
11.19999999999998 -0.8007015266997797
11.29999999999998 -0.800987844738787
11.39999999999998 -0.8010079332695668
11.49999999999998 -0.8009237771279032
11.59999999999997 -0.8008490581227243
11.69999999999997 -0.8008916349544067
11.79999999999997 -0.8010300282872257
11.89999999999997 -0.8011236337205383
11.99999999999997 -0.8010331878591519
12.09999999999997 -0.8007402810176875
12.19999999999997 -0.8006559412963238
12.29999999999997 -0.8008921498447983
12.39999999999997 -0.8008590552979502
12.49999999999997 -0.8007339795634345
12.59999999999997 -0.8006323492342016
12.69999999999997 -0.8006623435454709
12.79999999999997 -0.8008157505997761
12.89999999999997 -0.8009663929813108
12.99999999999997 -0.8009838062254253
13.09999999999997 -0.8007457941711124
13.19999999999997 -0.8007573341895924
13.29999999999997 -0.8010317086109759
13.39999999999997 -0.8010293341676006
13.49999999999997 -0.8008820737418317
13.59999999999997 -0.8007246351124778
13.69999999999997 -0.800682028485692
13.79999999999997 -0.8007583983225708
13.89999999999997 -0.8008480235562186
13.99999999999997 -0.800846285833355
14.09999999999997 -0.8006020301590532
14.19999999999997 -0.8006673111957857
14.29999999999997 -0.8009365085418778
14.39999999999996 -0.8010400491324114
14.49999999999996 -0.8009785851321256
14.59999999999996 -0.8008743487289948
14.69999999999996 -0.8008586378147522
14.79999999999996 -0.800957269782296
14.89999999999996 -0.8010633740299549
14.99999999999996 -0.8010514241352044
15.09999999999996 -0.800743040631263
15.19999999999996 -0.8007613216634274
15.29999999999996 -0.8009438267560635
15.39999999999996 -0.8010097005485677
15.49999999999996 -0.800919883315044
15.59999999999996 -0.800806733954214
15.69999999999996 -0.8007966807410225
15.79999999999996 -0.8009259084367615
15.89999999999996 -0.8011006253128109
15.99999999999996 -0.8011831213589519
16.09999999999996 -0.8009747541333675
16.19999999999996 -0.8010197434981874
16.29999999999996 -0.8011669708901518
16.39999999999996 -0.8012511253007425
16.49999999999996 -0.8011246593570254
16.59999999999997 -0.8009513698411802
16.69999999999997 -0.8008685546326971
16.79999999999997 -0.8009201984191954
16.89999999999997 -0.8010322775142862
16.99999999999997 -0.8010921544377319
17.09999999999997 -0.8009404254254069
17.19999999999997 -0.8009476746224439
17.29999999999998 -0.8010384696118146
17.39999999999998 -0.8012467803103498
17.49999999999998 -0.8012139172529157
17.59999999999998 -0.8010968973208845
17.69999999999998 -0.8010261025179055
17.79999999999998 -0.8010725313123971
17.89999999999998 -0.8011758186496264
17.99999999999999 -0.8012078987584189
18.09999999999999 -0.8010132591539179
18.19999999999999 -0.800891523103192
18.29999999999999 -0.8008678051001258
18.39999999999999 -0.8010587575069237
18.49999999999999 -0.8010177272977455
18.59999999999999 -0.8009141087577207
18.7 -0.8008652297882934
18.8 -0.8009535901896534
18.9 -0.8011328006350553
19 -0.8012540068557186
19.1 -0.8011479557861836
19.2 -0.8009883156778314
19.3 -0.8009302650655953
19.40000000000001 -0.8011228470935424
19.50000000000001 -0.8010332166690945
19.60000000000001 -0.8008637957225927
19.70000000000001 -0.8007457480031559
19.80000000000001 -0.8007657477277335
19.90000000000001 -0.8008888606568971
20.00000000000001 -0.8009926212903772
20.10000000000002 -0.80095075038713
20.20000000000002 -0.8007820812480897
20.30000000000002 -0.8007759819464471
20.40000000000002 -0.8010725325176093
20.50000000000002 -0.8010812374913184
20.60000000000002 -0.8009646705957263
20.70000000000002 -0.8008471313083267
20.80000000000003 -0.8008392264173481
20.90000000000003 -0.8009247116467271
21.00000000000003 -0.8009833329496916
21.10000000000003 -0.8009003529176234
21.20000000000003 -0.8006175132532583
21.30000000000003 -0.8005823824413886
21.40000000000003 -0.8008519321735342
21.50000000000004 -0.8008829801971404
21.60000000000004 -0.8008057433141746
21.70000000000004 -0.8007279792575479
21.80000000000004 -0.8007672973887384
21.90000000000004 -0.8009249057419823
22.00000000000004 -0.8010684783150699
22.10000000000004 -0.8010560697015571
22.20000000000005 -0.8007441259125107
22.30000000000005 -0.8007184342368729
22.40000000000005 -0.8009613381266482
22.50000000000005 -0.8009402515536868
22.60000000000005 -0.8007932210560451
22.70000000000005 -0.8006503741350195
22.80000000000005 -0.8006343137940893
22.90000000000006 -0.8007516796004175
23.00000000000006 -0.8008919679575047
23.10000000000006 -0.8009385189007885
23.20000000000006 -0.8007224092726526
23.30000000000006 -0.8008042292380735
23.40000000000006 -0.8010764267584338
23.50000000000006 -0.8011534477281932
23.60000000000007 -0.8010465145439032
23.70000000000007 -0.8008951942448006
23.80000000000007 -0.800835241853721
23.90000000000007 -0.8008910872060393
24.00000000000007 -0.8009684917184576
24.10000000000007 -0.800962098040529
24.20000000000007 -0.800710944076058
24.30000000000008 -0.800753068925391
24.40000000000008 -0.8009289845540682
24.50000000000008 -0.8010621569789871
24.60000000000008 -0.8010203022642615
24.70000000000008 -0.8009314297275886
24.80000000000008 -0.8009202215446094
24.90000000000008 -0.8010333427609394
25.00000000000009 -0.8011826544904026
25.10000000000009 -0.8012268429941583
25.20000000000009 -0.800970522208539
25.30000000000009 -0.8009580967153549
25.40000000000009 -0.8010456905038867
25.50000000000009 -0.8011334585270387
25.60000000000009 -0.8010239013077918
25.7000000000001 -0.8008771456124955
25.8000000000001 -0.8008240385306038
25.9000000000001 -0.8009169076439726
26.0000000000001 -0.8010832327798592
26.1000000000001 -0.8011901817839209
26.2000000000001 -0.8010570315947285
26.3000000000001 -0.8010617338191739
26.40000000000011 -0.8011412652654841
26.50000000000011 -0.8013150615222604
26.60000000000011 -0.8012264502462511
26.70000000000011 -0.801057782949346
26.80000000000011 -0.8009502777423494
26.90000000000011 -0.8009699374900874
27.00000000000011 -0.8010585665850772
27.10000000000012 -0.8011016869962352
27.20000000000012 -0.800961985113817
27.30000000000012 -0.800865880726771
27.40000000000012 -0.8008700747763314
27.50000000000012 -0.8011148050606716
27.60000000000012 -0.8011158278669944
27.70000000000012 -0.8010305161613036
27.80000000000013 -0.8009728523726801
27.90000000000013 -0.8010311050513862
28.00000000000013 -0.8011653402740204
28.10000000000013 -0.801236545103214
28.20000000000013 -0.8010951663800359
28.30000000000013 -0.8008648061285542
28.40000000000013 -0.8007734507142532
28.50000000000014 -0.8009797146450266
28.60000000000014 -0.8009262393113257
28.70000000000014 -0.800798674865787
28.80000000000014 -0.8007137197065048
28.90000000000014 -0.8007695569848161
29.00000000000014 -0.8009410380780824
29.10000000000014 -0.8010886244807466
29.20000000000014 -0.8010637269700879
29.30000000000015 -0.8008508946507013
29.40000000000015 -0.8008088890753517
29.50000000000015 -0.8010766741561697
29.60000000000015 -0.8010271688812195
29.70000000000015 -0.800859644298015
29.80000000000015 -0.8007117400229982
29.90000000000015 -0.800692008023796
30.00000000000016 -0.8007814250073397
30.10000000000016 -0.8008629996937178
30.20000000000016 -0.8008287401707279
30.30000000000016 -0.8006033295774195
30.40000000000016 -0.8006217151516145
30.50000000000016 -0.8009259073194401
30.60000000000016 -0.8009881808443157
30.70000000000017 -0.8009154140160604
30.80000000000017 -0.8008200088482456
30.90000000000017 -0.8008210214362891
31.00000000000017 -0.8009221416176653
31.10000000000017 -0.8010064722799275
31.20000000000017 -0.8009559329508897
31.30000000000017 -0.8006352915239633
31.40000000000018 -0.8006249462547484
31.50000000000018 -0.8008496823720838
31.60000000000018 -0.800882440024263
31.70000000000018 -0.8007907744155315
31.80000000000018 -0.8006899423528318
31.90000000000018 -0.8007038388628547
32.00000000000018 -0.800853705786474
32.10000000000019 -0.8010277462288664
32.20000000000019 -0.8010853368216502
32.30000000000019 -0.8008223195124524
32.40000000000019 -0.8008745357676708
32.50000000000019 -0.8011043062509243
32.60000000000019 -0.8011322910291885
32.70000000000019 -0.800983430616758
32.8000000000002 -0.8008099839352258
32.9000000000002 -0.8007496687298573
33.0000000000002 -0.8008252399487332
33.1000000000002 -0.8009404661940975
33.2000000000002 -0.800985307085857
33.3000000000002 -0.80078936269268
33.4000000000002 -0.8008706855086134
33.50000000000021 -0.8010771570400202
33.60000000000021 -0.80122862744302
33.70000000000021 -0.8011727612949808
33.80000000000021 -0.8010511541900012
33.90000000000021 -0.8009960755616417
34.00000000000021 -0.8010528947244607
34.10000000000021 -0.8011415123436093
34.20000000000022 -0.8011459507646577
34.30000000000022 -0.8009062260095641
34.40000000000022 -0.8008769989490777
34.50000000000022 -0.8009405850744268
34.60000000000022 -0.8010863742030196
34.70000000000022 -0.8010393312175523
34.80000000000022 -0.8009435866693543
34.90000000000023 -0.8009172501498476
35.00000000000023 -0.8010258656748699
35.10000000000023 -0.8012055979465513
35.20000000000023 -0.8013080809667553
35.30000000000023 -0.8011421392433049
35.40000000000023 -0.8010633035879309
35.50000000000023 -0.8010630002894923
35.60000000000024 -0.8012038688416376
35.70000000000024 -0.801090587618608
35.80000000000024 -0.8009157341772596
35.90000000000024 -0.8008169398458824
36.00000000000024 -0.8008641688823273
36.10000000000024 -0.8010018881717044
36.20000000000024 -0.8011025027545225
36.30000000000025 -0.8010151678783968
36.40000000000025 -0.8009363285608494
36.50000000000025 -0.8009546589016975
36.60000000000025 -0.8012126765780569
36.70000000000025 -0.8011826844945439
36.80000000000025 -0.8010476987903753
36.90000000000025 -0.8009403155020696
37.00000000000026 -0.8009485750482204
37.10000000000026 -0.8010323986726996
37.20000000000026 -0.8010717856638928
37.30000000000026 -0.8009444807685807
37.40000000000026 -0.8007415120655887
37.50000000000026 -0.8006898680301943
37.60000000000026 -0.8009393088491529
37.70000000000027 -0.8009492100637238
37.80000000000027 -0.8008728112859573
37.90000000000027 -0.8008137091213285
38.00000000000027 -0.8008734268108084
38.10000000000027 -0.8010341364290929
38.20000000000027 -0.8011570448863449
38.30000000000027 -0.8010954359570374
38.40000000000028 -0.8008023250053766
38.50000000000028 -0.8007216983401718
38.60000000000028 -0.8009535073599056
38.70000000000028 -0.8009017952955074
38.80000000000028 -0.8007497372681919
38.90000000000028 -0.8006218876215925
39.00000000000028 -0.800632255020638
39.10000000000029 -0.8007718690601997
39.20000000000029 -0.8009150378533537
39.30000000000029 -0.8009346999349074
39.40000000000029 -0.8007032854420303
39.50000000000029 -0.8007334903885619
39.60000000000029 -0.8010498017504019
39.70000000000029 -0.8010714643849315
39.8000000000003 -0.8009374332436565
39.9000000000003 -0.8007859170664963
40.0000000000003 -0.8007444699076391
40.1000000000003 -0.8008134225370763
40.2000000000003 -0.8008817639736721
40.3000000000003 -0.8008474341004731
40.4000000000003 -0.8005832744134624
40.50000000000031 -0.800619407514177
40.60000000000031 -0.8008746698762287
40.70000000000031 -0.8009654752934471
40.80000000000031 -0.8009151492655959
40.90000000000031 -0.8008345358266089
41.00000000000031 -0.8008431068334438
41.10000000000031 -0.8009643890757561
41.20000000000032 -0.8010933241486347
41.30000000000032 -0.8010993907066704
41.40000000000032 -0.8008006116176097
41.50000000000032 -0.8008103636734292
41.60000000000032 -0.8009698712999598
41.70000000000032 -0.8010148063104683
41.80000000000032 -0.8009017382046026
41.90000000000033 -0.8007664155227427
42.00000000000033 -0.8007384597758203
42.10000000000033 -0.8008554591520796
42.20000000000033 -0.8010280299924792
42.30000000000033 -0.8011220490592474
42.40000000000033 -0.8009320330587675
42.50000000000033 -0.8010013368560693
42.60000000000034 -0.8011778153275253
42.70000000000034 -0.801290624422189
42.80000000000034 -0.8011716657315782
42.90000000000034 -0.8009933696138445
43.00000000000034 -0.8009033030665469
43.10000000000034 -0.8009454318860197
43.20000000000034 -0.8010382141010857
43.30000000000035 -0.8010699707692868
43.40000000000035 -0.8008843994148136
43.50000000000035 -0.8008960885390437
43.60000000000035 -0.8009990883586423
43.70000000000035 -0.8011963237093657
43.80000000000035 -0.8011757579382228
43.90000000000035 -0.80108442479612
44.00000000000036 -0.8010421867752959
44.10000000000036 -0.8011130962331743
44.20000000000036 -0.8012345092671473
44.30000000000036 -0.8012753597449288
44.40000000000036 -0.8010785363720414
44.50000000000036 -0.8009533341905337
44.60000000000036 -0.8009171191682188
44.70000000000037 -0.8010767139626006
44.80000000000037 -0.8010135884907227
44.90000000000037 -0.8008937684200089
45.00000000000037 -0.8008330417025993
45.10000000000037 -0.8009130936233511
45.20000000000037 -0.8010928161306008
45.30000000000037 -0.8012295706959446
45.40000000000038 -0.8011543654745721
45.50000000000038 -0.8010007570956268
45.60000000000038 -0.8009568164542414
45.70000000000038 -0.8011803621976215
45.80000000000038 -0.8010958759898202
45.90000000000038 -0.80091516387535
46.00000000000038 -0.8007813491173644
46.10000000000039 -0.8007869153458678
46.20000000000039 -0.8008925946655184
46.30000000000039 -0.8009733694462181
46.40000000000039 -0.8009035893694558
46.50000000000039 -0.8007319732573928
46.60000000000039 -0.8007192791372872
46.70000000000039 -0.801021371551616
46.8000000000004 -0.8010437756280329
46.9000000000004 -0.8009512600433564
47.0000000000004 -0.8008610782266252
47.1000000000004 -0.8008769572600288
47.2000000000004 -0.8009781619981762
47.3000000000004 -0.801039576836633
47.4000000000004 -0.8009431575932913
47.50000000000041 -0.8006592048995097
47.60000000000041 -0.8005992204109265
47.70000000000041 -0.8008345608755466
47.80000000000041 -0.8008400590216309
47.90000000000041 -0.8007501616177887
48.00000000000041 -0.8006687533091152
48.10000000000041 -0.8007074447877576
48.20000000000041 -0.8008688793512977
48.30000000000042 -0.8010288454832766
48.40000000000042 -0.8010468029560742
48.50000000000042 -0.8007606367740068
48.60000000000042 -0.8007623702568446
48.70000000000042 -0.8010168531972859
48.80000000000042 -0.8010004112968732
48.90000000000042 -0.8008408017113996
49.00000000000043 -0.800677529600216
49.10000000000043 -0.8006420986669942
49.20000000000043 -0.8007410900275129
49.30000000000043 -0.8008621049594592
49.40000000000043 -0.8008912579350835
49.50000000000043 -0.8006592645845845
49.60000000000043 -0.8007437745905763
49.70000000000044 -0.8010403936744168
49.80000000000044 -0.8011369144738966
49.90000000000044 -0.8010526230539743
50.00000000000044 -0.8009229235988736
