0 -0.8010850400053366
0.1 -0.8009813637274659
0.2 -0.8009939098050776
0.3 -0.8009945883708993
0.4 -0.8010005975871908
0.5 -0.8010136102383074
0.6 -0.801000492523097
0.7 -0.8009945213575863
0.7999999999999999 -0.8009938106569933
0.8999999999999999 -0.8009811339797954
0.9999999999999999 -0.801085860079554
1.1 -0.8009823006193322
1.2 -0.8009949227545886
1.3 -0.8009956084365162
1.4 -0.8010017584603852
1.5 -0.8010147615398644
1.6 -0.8010014712956679
1.7 -0.8009955918670341
1.8 -0.8009948380992815
1.900000000000001 -0.8009820493228293
2 -0.8010879397926065
2.100000000000001 -0.8009853059449809
2.200000000000001 -0.8009978747836145
2.300000000000001 -0.8009985239531401
2.400000000000001 -0.8010047981197985
2.500000000000001 -0.801017632572811
2.600000000000001 -0.8010042954826611
2.700000000000001 -0.8009985770565555
2.800000000000001 -0.8009978248422296
2.900000000000001 -0.800985145011845
3.000000000000001 -0.8010910500193223
3.100000000000001 -0.8009899218491339
3.200000000000002 -0.8010023142159
3.300000000000002 -0.8010029281503283
3.400000000000002 -0.8010092465541616
3.500000000000002 -0.8010219054276204
3.600000000000002 -0.8010085091467298
3.700000000000002 -0.8010028450971003
3.800000000000002 -0.8010020621617011
3.900000000000002 -0.8009893349690168
4.000000000000002 -0.801095716132221
4.100000000000001 -0.800995087098559
4.200000000000001 -0.8010074874271513
4.300000000000001 -0.8010081129727185
4.4 -0.8010145478799178
4.5 -0.8010272062624828
4.6 -0.801013664670587
4.699999999999999 -0.8010080601044829
4.799999999999999 -0.8010072269341716
4.899999999999999 -0.8009943446459561
4.999999999999998 -0.8011019433885893
5.099999999999998 -0.8010019985963079
5.199999999999998 -0.8010143888351693
5.299999999999997 -0.8010149851508745
5.399999999999997 -0.8010215663809637
5.499999999999996 -0.8010340918249688
5.599999999999996 -0.8010204633274101
5.699999999999996 -0.801015026290345
5.799999999999995 -0.8010141878214564
5.899999999999995 -0.8010014027230182
5.999999999999995 -0.8011091521913307
6.099999999999994 -0.8010109572813148
6.199999999999994 -0.8010231655785744
6.299999999999994 -0.80102372210751
6.399999999999993 -0.8010303738280876
6.499999999999993 -0.8010426499502545
6.599999999999993 -0.8010289735448866
6.699999999999992 -0.8010236243831167
6.799999999999992 -0.8010227549173867
6.899999999999991 -0.8010100255828113
6.999999999999991 -0.8011176909971993
7.099999999999991 -0.8010205934377096
7.19999999999999 -0.801032728332816
7.29999999999999 -0.8010332995699958
7.39999999999999 -0.8010400517366885
7.499999999999989 -0.8010522910357092
7.599999999999989 -0.8010385124136558
7.699999999999989 -0.8010332024982421
7.799999999999988 -0.8010322739848772
7.899999999999988 -0.801019391032971
7.999999999999988 -0.8011280331815351
8.099999999999987 -0.8010315662143754
8.199999999999987 -0.8010436966924102
8.299999999999986 -0.8010442480022588
8.399999999999986 -0.8010511546165957
8.499999999999986 -0.8010633118422845
8.599999999999985 -0.8010494262045568
8.699999999999985 -0.8010442742031365
8.799999999999985 -0.8010433314227008
8.899999999999984 -0.8010304998869343
8.999999999999984 -0.8011395214338844
9.099999999999984 -0.8010448354909885
9.199999999999983 -0.8010568057451364
9.299999999999983 -0.8010573121401949
9.399999999999983 -0.8010643264054422
9.499999999999982 -0.8010761808330644
9.599999999999982 -0.8010622294040093
9.699999999999982 -0.8010572050464657
9.799999999999981 -0.8010562291518259
9.899999999999981 -0.80104355230125
9.99999999999998 -0.8011520464967481
10.09999999999998 -0.801059138247354
10.19999999999998 -0.8010709634915001
10.29999999999998 -0.8010714856533095
10.39999999999998 -0.8010786024033396
10.49999999999998 -0.8010903361320986
10.59999999999998 -0.801076321146974
10.69999999999998 -0.8010713356427343
10.79999999999998 -0.8010702895599147
10.89999999999998 -0.8010575217236454
10.99999999999998 -0.8011664435092758
11.09999999999998 -0.8010744238287136
11.19999999999998 -0.8010862081718996
11.29999999999998 -0.8010867225742961
11.39999999999998 -0.8010939923007143
11.49999999999998 -0.8011056821091744
11.59999999999997 -0.8010915704802648
11.69999999999997 -0.8010867226060367
11.79999999999997 -0.8010856499090936
11.89999999999997 -0.8010728835277366
11.99999999999997 -0.8011822997323769
12.09999999999997 -0.8010919840341563
12.19999999999997 -0.8011036330117403
12.29999999999997 -0.8011040985091005
12.39999999999997 -0.801111512253482
12.49999999999997 -0.8011228802706878
12.59999999999997 -0.8011086739549325
12.69999999999997 -0.8011039878227457
12.79999999999997 -0.8011028775328458
12.89999999999997 -0.8010903413849171
12.99999999999997 -0.8011989280318791
13.09999999999997 -0.8011110055787255
13.19999999999997 -0.8011224620073366
13.29999999999997 -0.8011229417154426
13.39999999999997 -0.8011304814323124
13.49999999999997 -0.8011416109272582
13.59999999999997 -0.8011273605498808
13.69999999999997 -0.8011227332632551
13.79999999999997 -0.801121538702066
13.89999999999997 -0.8011090378125516
13.99999999999997 -0.8012172422959278
14.09999999999997 -0.8011307939646222
14.19999999999997 -0.8011421425592593
14.29999999999997 -0.8011426297266525
14.39999999999996 -0.8011503216502489
14.49999999999996 -0.8011614045841182
14.59999999999996 -0.8011470940813383
14.69999999999996 -0.8011425836680115
14.79999999999996 -0.8011413453303676
14.89999999999996 -0.8011288324223158
14.99999999999996 -0.8012373313000165
15.09999999999996 -0.8011525705772198
15.19999999999996 -0.8011637878970213
15.29999999999996 -0.8011642257144416
15.39999999999996 -0.8011720884670472
15.49999999999996 -0.8011828622516599
15.59999999999996 -0.8011684399379382
15.69999999999996 -0.8011641116354681
15.79999999999996 -0.8011628279326479
15.89999999999996 -0.8011505948252419
15.99999999999996 -0.8012580250024033
16.09999999999996 -0.8011761064571807
16.19999999999996 -0.8011871085008111
16.29999999999996 -0.8011875563235386
16.39999999999996 -0.8011955855037113
16.49999999999996 -0.8012059929090718
16.59999999999997 -0.8011915243788539
16.69999999999997 -0.8011872886504134
16.79999999999997 -0.8011859028189089
16.89999999999997 -0.8011738872231353
16.99999999999997 -0.801279921534132
17.09999999999997 -0.8012002983458542
17.19999999999997 -0.8012111153387754
17.29999999999998 -0.8012115883897286
17.39999999999998 -0.8012197808007409
17.49999999999998 -0.8012300804055486
17.59999999999998 -0.8012156006069802
17.69999999999998 -0.8012114700457706
17.79999999999998 -0.8012100169345157
17.89999999999998 -0.8011980542742889
17.99999999999999 -0.8013037173731195
18.09999999999999 -0.801225979787731
18.19999999999999 -0.8012366359906684
18.29999999999999 -0.8012370654733985
18.39999999999999 -0.8012454439763206
18.49999999999999 -0.8012554589870106
18.59999999999999 -0.8012408795299188
18.7 -0.8012369363886155
18.8 -0.8012354255897074
18.9 -0.8012237872068797
19 -0.8013280407633557
19.1 -0.8012534074359696
19.2 -0.8012638390977181
19.3 -0.8012642727111651
19.40000000000001 -0.8012728644357987
19.50000000000001 -0.8012823999478857
19.60000000000001 -0.8012677608025977
19.70000000000001 -0.8012639468210465
19.80000000000001 -0.8012623112835731
19.90000000000001 -0.801251118875165
20.00000000000001 -0.8013527892944723
20.10000000000002 -0.8012813380132291
20.20000000000002 -0.801291516556099
20.30000000000002 -0.8012919946106782
20.40000000000002 -0.8013007791170081
20.50000000000002 -0.8013100856849387
20.60000000000002 -0.8012954823239211
20.70000000000002 -0.8012917751663451
20.80000000000003 -0.8012900407371703
20.90000000000003 -0.8012790825765702
21.00000000000003 -0.8013791619628515
21.10000000000003 -0.8013100710663348
21.20000000000003 -0.8013200288387123
21.30000000000003 -0.8013204777358438
21.40000000000003 -0.8013294568009806
21.50000000000004 -0.8013384867692908
21.60000000000004 -0.8013238309214449
21.70000000000004 -0.8013203059951799
21.80000000000004 -0.8013184955692887
21.90000000000004 -0.8013079448322213
22.00000000000004 -0.8014059732875958
22.10000000000004 -0.8013401157754541
22.20000000000005 -0.8013498371073469
22.30000000000005 -0.8013502848535323
22.40000000000005 -0.8013595175096349
22.50000000000005 -0.8013679856592479
22.60000000000005 -0.8013532633650913
22.70000000000005 -0.8013498963211806
22.80000000000005 -0.8013479332211194
22.90000000000006 -0.8013380995441864
23.00000000000006 -0.8014321934198594
23.10000000000006 -0.8013702682061179
23.20000000000006 -0.8013796899399861
23.30000000000006 -0.8013802012613727
23.40000000000006 -0.8013896736638846
23.50000000000006 -0.8013977482321706
23.60000000000007 -0.8013830993312636
23.70000000000007 -0.8013798515805999
23.80000000000007 -0.801377747862509
23.90000000000007 -0.801368478313402
24.00000000000007 -0.8014591873576993
24.10000000000007 -0.801400303464081
24.20000000000007 -0.801409430424231
24.30000000000008 -0.8014099370986252
24.40000000000008 -0.8014196135134379
24.50000000000008 -0.8014273777204826
24.60000000000008 -0.8014127525264538
24.70000000000008 -0.80140967794758
24.80000000000008 -0.8014074724323813
24.90000000000008 -0.8013987917892463
25.00000000000009 -0.8014863499870952
25.10000000000009 -0.8014307719614319
25.20000000000009 -0.8014396368613109
25.30000000000009 -0.8014401410688328
25.40000000000009 -0.8014500945183893
25.50000000000009 -0.8014572478641288
25.60000000000009 -0.8014425734209232
25.7000000000001 -0.8014396708578226
25.8000000000001 -0.8014372801088665
25.9000000000001 -0.801429637274562
26.0000000000001 -0.8015117832852676
26.1000000000001 -0.8014605735936381
26.2000000000001 -0.8014691174908537
26.3000000000001 -0.8014697027293922
26.40000000000011 -0.8014799504161365
26.50000000000011 -0.8014865327840432
26.60000000000011 -0.8014719600139667
26.70000000000011 -0.801469192112647
26.80000000000011 -0.8014666075039057
26.90000000000011 -0.8014600286776202
27.00000000000011 -0.8015365236078036
27.10000000000012 -0.80148904715055
27.20000000000012 -0.801497230701338
27.30000000000012 -0.801497845675619
27.40000000000012 -0.8015083134772667
27.50000000000012 -0.8015144994553688
27.60000000000012 -0.8015000425048626
27.70000000000012 -0.8014974393658792
27.80000000000013 -0.8014947182157894
27.90000000000013 -0.8014890721915604
28.00000000000013 -0.8015608247819166
28.10000000000013 -0.8015167046203098
28.20000000000013 -0.8015245873049929
28.30000000000013 -0.8015252061805181
28.40000000000013 -0.8015359518809684
28.50000000000014 -0.8015415024558288
28.60000000000014 -0.8015270458836095
28.70000000000014 -0.8015246131207023
28.80000000000014 -0.8015216723444178
28.90000000000014 -0.8015174473348121
29.00000000000014 -0.8015823228831201
29.10000000000014 -0.8015425922317845
29.20000000000014 -0.8015501539566813
29.30000000000015 -0.8015508683887274
29.40000000000015 -0.801561953784398
29.50000000000015 -0.801566780835406
29.60000000000015 -0.8015524491571504
29.70000000000015 -0.8015501597286566
29.80000000000015 -0.801546961596725
29.90000000000015 -0.8015444645904206
30.00000000000016 -0.8016012703881608
30.10000000000016 -0.8015657237891102
30.20000000000016 -0.8015728882150978
30.30000000000016 -0.8015736739821714
30.40000000000016 -0.8015850019399338
30.50000000000016 -0.801589305867477
30.60000000000016 -0.8015751823872819
30.70000000000017 -0.8015730503971857
30.80000000000017 -0.8015696710843159
30.90000000000017 -0.8015686621146151
31.00000000000017 -0.8016188181274901
31.10000000000017 -0.8015866196299788
31.20000000000017 -0.8015934428991737
31.30000000000017 -0.8015942493644703
31.40000000000018 -0.8016058327911826
31.50000000000018 -0.8016094888207042
31.60000000000018 -0.8015954438339434
31.70000000000018 -0.8015934681189506
31.80000000000018 -0.8015898380398039
31.90000000000018 -0.8015906988760726
32.00000000000018 -0.8016328006290083
32.10000000000019 -0.8016046074704981
32.20000000000019 -0.8016111244488222
32.30000000000019 -0.8016120374776357
32.40000000000019 -0.8016239788861113
32.50000000000019 -0.8016268176358539
32.60000000000019 -0.8016129191172457
32.70000000000019 -0.8016110816782412
32.8000000000002 -0.8016071270215734
32.9000000000002 -0.8016104822862744
33.0000000000002 -0.801642519209986
33.1000000000002 -0.8016185261174077
33.2000000000002 -0.8016246483846767
33.3000000000002 -0.8016256762083981
33.4000000000002 -0.8016378821813026
33.50000000000021 -0.8016400638129656
33.60000000000021 -0.8016264501561966
33.70000000000021 -0.8016247611494194
33.80000000000021 -0.8016205714683632
33.90000000000021 -0.8016261813339245
34.00000000000021 -0.8016497644204377
34.10000000000021 -0.8016289773902397
34.20000000000022 -0.8016347326918144
34.30000000000022 -0.801635808732878
34.40000000000022 -0.801648227740049
34.50000000000022 -0.8016497526742419
34.60000000000022 -0.8016363097552064
34.70000000000022 -0.8016347559335868
34.80000000000022 -0.8016302938852122
34.90000000000023 -0.8016382641683273
35.00000000000023 -0.8016532362662867
35.10000000000023 -0.8016357811674881
35.20000000000023 -0.8016412529746955
35.30000000000023 -0.8016424432263975
35.40000000000023 -0.8016551984098915
35.50000000000023 -0.801655889776279
35.60000000000024 -0.801642613303217
35.70000000000024 -0.8016411774199272
35.80000000000024 -0.8016363327270867
35.90000000000024 -0.8016475279193438
36.00000000000024 -0.8016515214125662
36.10000000000024 -0.8016378165594125
36.20000000000024 -0.801642933787059
36.30000000000025 -0.8016442768611158
36.40000000000025 -0.8016573082221801
36.50000000000025 -0.8016572455735926
36.60000000000025 -0.8016443006121052
36.70000000000025 -0.8016429990132961
36.80000000000025 -0.8016378602084934
36.90000000000025 -0.8016521990743963
37.00000000000026 -0.8016465872739323
37.10000000000026 -0.8016357688405858
37.20000000000026 -0.8016405192442793
37.30000000000026 -0.8016419456950233
37.40000000000026 -0.8016551347611869
37.50000000000026 -0.8016544096270189
37.60000000000026 -0.8016417228652128
37.70000000000027 -0.8016405339042411
37.80000000000027 -0.8016351154030882
37.90000000000027 -0.8016522948003773
38.00000000000027 -0.8016383363709844
38.10000000000027 -0.8016300637994678
38.20000000000027 -0.8016345569840251
38.30000000000027 -0.8016361027959955
38.40000000000028 -0.8016495640621991
38.50000000000028 -0.8016480616349411
38.60000000000028 -0.8016355580050856
38.70000000000028 -0.801634455562077
38.80000000000028 -0.8016286218535478
38.90000000000028 -0.8016495312472476
39.00000000000028 -0.8016251280201321
39.10000000000029 -0.8016198345982091
39.20000000000029 -0.8016240377957815
39.30000000000029 -0.8016257619125871
39.40000000000029 -0.8016394926863959
39.50000000000029 -0.8016372122955873
39.60000000000029 -0.8016250484180093
39.70000000000029 -0.8016240590700792
39.8000000000003 -0.801617875133479
39.9000000000003 -0.8016427516702913
40.0000000000003 -0.8016086445186839
40.1000000000003 -0.8016057709589547
40.2000000000003 -0.8016096351973884
40.3000000000003 -0.8016114792853404
40.4000000000003 -0.8016253106538835
40.50000000000031 -0.8016223706863457
40.60000000000031 -0.8016105306573825
40.70000000000031 -0.8016096341406741
40.80000000000031 -0.801603177204482
40.90000000000031 -0.8016313056549793
41.00000000000031 -0.8015898490597779
41.10000000000031 -0.8015887890956213
41.20000000000032 -0.8015924229795959
41.30000000000032 -0.8015943905923539
41.40000000000032 -0.8016083980238354
41.50000000000032 -0.801604782104988
41.60000000000032 -0.8015931384006423
41.70000000000032 -0.80159229351997
41.80000000000032 -0.8015854270925477
41.90000000000033 -0.8016174146603579
42.00000000000033 -0.8015673009322882
42.10000000000033 -0.8015683541682876
42.20000000000033 -0.8015717697322443
42.30000000000033 -0.8015739245797211
42.40000000000033 -0.8015881738912021
42.50000000000033 -0.8015838391814712
42.60000000000034 -0.8015725070721932
42.70000000000034 -0.8015717475632775
42.80000000000034 -0.8015644892900257
42.90000000000034 -0.8016009701066839
43.00000000000034 -0.8015421176912512
43.10000000000034 -0.801545060604575
43.20000000000034 -0.8015481857449914
43.30000000000035 -0.80155049078473
43.40000000000035 -0.8015647950248874
43.50000000000035 -0.8015598210777548
43.60000000000035 -0.8015488458038879
43.70000000000035 -0.8015481640592561
43.80000000000035 -0.801540646931419
43.90000000000035 -0.8015806852589228
44.00000000000036 -0.801515875980219
44.10000000000036 -0.8015200553003456
44.20000000000036 -0.8015229759056752
44.30000000000036 -0.8015254094033151
44.40000000000036 -0.8015397797903836
44.50000000000036 -0.8015342387144195
44.60000000000036 -0.8015234714895239
44.70000000000037 -0.801522810733694
44.80000000000037 -0.801514929897795
44.90000000000037 -0.8015585693953335
45.00000000000037 -0.8014875154109276
45.10000000000037 -0.80149303640349
45.20000000000037 -0.8014958032034863
45.30000000000037 -0.8014984175826183
45.40000000000038 -0.8015129827943467
45.50000000000038 -0.8015068460466603
45.60000000000038 -0.8014963385465673
45.70000000000038 -0.8014957313863958
45.80000000000038 -0.8014874433444064
45.90000000000038 -0.8015356348502669
46.00000000000038 -0.80145752344098
46.10000000000039 -0.8014644219095399
46.20000000000039 -0.8014669565539823
46.30000000000039 -0.8014697379554773
46.40000000000039 -0.8014843341171694
46.50000000000039 -0.8014776047415755
46.60000000000039 -0.8014674512053327
46.70000000000039 -0.8014669110575648
46.8000000000004 -0.8014583760053529
46.9000000000004 -0.8015103084524381
47.0000000000004 -0.8014276436978918
47.1000000000004 -0.8014353808282786
47.2000000000004 -0.8014377349504035
47.3000000000004 -0.8014406513230967
47.4000000000004 -0.8014552109979796
47.50000000000041 -0.8014480004800595
47.60000000000041 -0.8014380668329055
47.70000000000041 -0.8014375264656978
47.80000000000041 -0.8014287017057914
47.90000000000041 -0.8014837385848828
48.00000000000041 -0.8013971926247926
48.10000000000041 -0.8014056891857165
48.20000000000041 -0.8014079395232655
48.30000000000042 -0.8014110215197314
48.40000000000042 -0.8014257124578552
48.50000000000042 -0.8014180554796269
48.60000000000042 -0.8014083241226417
48.70000000000042 -0.8014078050023746
48.80000000000042 -0.8013985918278779
48.90000000000042 -0.8014577482298771
49.00000000000043 -0.8013660850551145
49.10000000000043 -0.8013755121320725
49.20000000000043 -0.8013775884469932
49.30000000000043 -0.8013808373207012
49.40000000000043 -0.8013955584471044
49.50000000000043 -0.8013873875316578
49.60000000000043 -0.8013779755920183
49.70000000000044 -0.8013775148697996
49.80000000000044 -0.8013680579318494
49.90000000000044 -0.8014309940879741
50.00000000000044 -0.8013359410616405
