0 -0.8010850400053366
0.1 -0.5362575895159762
0.2 -0.3398876035856857
0.3 -0.2021197743973788
0.4 -0.1163224507043965
0.5 -0.06490659647455987
0.6 -0.02860649269509796
0.7 -0.001073464567080129
0.7999999999999999 0.01441696793229696
0.8999999999999999 0.02031125531909772
0.9999999999999999 0.02165947127128698
1.1 0.02136286262666498
1.2 0.02058024625940624
1.3 0.01971429896670568
1.4 0.01888754946138249
1.5 0.01812138923460682
1.6 0.01739827321187898
1.7 0.01667997704687718
1.8 0.01590576983533887
1.900000000000001 0.01497263302669677
2 0.01367926275634451
2.100000000000001 0.01156013595299543
2.200000000000001 0.007288421299928294
2.300000000000001 -0.0042281562915783
2.400000000000001 -0.0522237605251914
2.500000000000001 0.3190264715528147
2.600000000000001 0.7307432726622352
2.700000000000001 0.7344243879699406
2.800000000000001 0.7256278885161263
2.900000000000001 0.7212584774495213
3.000000000000001 0.7189961209951066
3.100000000000001 0.7176981892302219
3.200000000000002 0.7169104878927514
3.300000000000002 0.7164388238583439
3.400000000000002 0.716191371670841
3.500000000000002 0.7161163658412344
3.600000000000002 0.716174011979664
3.700000000000002 0.7163239307123668
3.800000000000002 0.7165225780415335
3.900000000000002 0.7167275340386858
4.000000000000002 0.716904425697461
4.100000000000001 0.7170319341998235
4.200000000000001 0.7171024713324917
4.300000000000001 0.7171191314181099
4.4 0.7170911582367514
4.5 0.7170299133369257
4.6 0.7169462313653733
4.699999999999999 0.7168491371056638
4.799999999999999 0.7167455066021271
4.899999999999999 0.7166402361547658
4.999999999999998 0.7165366108049696
5.099999999999998 0.7164366996385604
5.199999999999998 0.7163417008457814
5.299999999999997 0.7162522137164004
5.399999999999997 0.7161684403681331
5.499999999999996 0.7160903294042887
5.599999999999996 0.7160176752149593
5.699999999999996 0.715950184966765
5.799999999999995 0.715887522779039
5.899999999999995 0.7158293381459193
5.999999999999995 0.7157752836647769
6.099999999999994 0.7157250256132346
6.199999999999994 0.7156782498135906
6.299999999999994 0.7156346644431526
6.399999999999993 0.7155940009069832
6.499999999999993 0.7155560135177049
6.599999999999993 0.7155204784741329
6.699999999999992 0.715487192459718
6.799999999999992 0.7154559710671398
6.899999999999991 0.7154266471788733
6.999999999999991 0.7153990693828424
7.099999999999991 0.7153731004689435
7.19999999999999 0.7153486160305591
7.29999999999999 0.7153255031813276
7.39999999999999 0.7153036593887806
7.499999999999989 0.7152829914212384
7.599999999999989 0.7152634144013899
7.699999999999989 0.7152448509584846
7.799999999999988 0.7152272304704884
7.899999999999988 0.7152104883875681
7.999999999999988 0.7151945656286066
8.099999999999987 0.7151794080430054
8.199999999999987 0.7151649659306496
8.299999999999986 0.7151511936135759
8.399999999999986 0.7151380490535358
8.499999999999986 0.7151254935102571
8.599999999999985 0.715113491235789
8.699999999999985 0.7151020092008303
8.799999999999985 0.7150910168494209
8.899999999999984 0.7150804858787921
8.999999999999984 0.7150703900415557
9.099999999999984 0.7150607049677355
9.199999999999983 0.715051408004449
9.299999999999983 0.7150424780712998
9.399999999999983 0.7150338955297696
9.499999999999982 0.715025642065104
9.599999999999982 0.7150177005793539
9.699999999999982 0.7150100550944
9.799999999999981 0.7150026906639096
9.899999999999981 0.7149955932933084
9.99999999999998 0.7149887498669415
10.09999999999998 0.7149821480817015
10.19999999999998 0.7149757763864717
10.29999999999998 0.7149696239268146
10.39999999999998 0.7149636804943847
10.49999999999998 0.7149579364806178
10.59999999999998 0.7149523828342823
10.69999999999998 0.7149470110225273
10.79999999999998 0.7149418129951046
10.89999999999998 0.7149367811514656
10.99999999999998 0.7149319083104774
11.09999999999998 0.7149271876825147
11.19999999999998 0.7149226128437206
11.29999999999998 0.7149181777122406
11.39999999999998 0.7149138765262619
11.49999999999998 0.7149097038236967
11.59999999999997 0.7149056544233738
11.69999999999997 0.7149017234076095
11.79999999999997 0.7148979061060408
11.89999999999997 0.7148941980806185
11.99999999999997 0.7148905951116649
12.09999999999997 0.7148870931849101
12.19999999999997 0.7148836884794277
12.29999999999997 0.714880377356399
12.39999999999997 0.7148771563486405
12.49999999999997 0.7148740221508378
12.59999999999997 0.7148709716104269
12.69999999999997 0.7148680017190779
12.79999999999997 0.7148651096047348
12.89999999999997 0.7148622925241664
12.99999999999997 0.7148595478559985
13.09999999999997 0.7148568730941809
13.19999999999997 0.714854265841871
13.29999999999997 0.7148517238056903
13.39999999999997 0.71484924479034
13.49999999999997 0.7148468266935406
13.59999999999997 0.7148444675012794
13.69999999999997 0.7148421652833411
13.79999999999997 0.7148399181891029
13.89999999999997 0.7148377244435775
13.99999999999997 0.714835582343686
14.09999999999997 0.7148334902547451
14.19999999999997 0.7148314466071554
14.29999999999997 0.7148294498932783
14.39999999999996 0.7148274986644871
14.49999999999996 0.7148255915283829
14.59999999999996 0.7148237271461627
14.69999999999996 0.7148219042301354
14.79999999999996 0.7148201215413673
14.89999999999996 0.7148183778874601
14.99999999999996 0.7148166721204418
15.09999999999996 0.7148150031347746
15.19999999999996 0.7148133698654633
15.29999999999996 0.7148117712862644
15.39999999999996 0.7148102064079879
15.49999999999996 0.7148086742768843
15.59999999999996 0.7148071739731167
15.69999999999996 0.7148057046093067
15.79999999999996 0.7148042653291553
15.89999999999996 0.7148028553061326
15.99999999999996 0.7148014737422306
16.09999999999996 0.7148001198667776
16.19999999999996 0.7147987929353117
16.29999999999996 0.7147974922285057
16.39999999999996 0.7147962170511473
16.49999999999996 0.7147949667311635
16.59999999999997 0.7147937406186958
16.69999999999997 0.7147925380852137
16.79999999999997 0.7147913585226738
16.89999999999997 0.714790201342715
16.99999999999997 0.7147890659758922
17.09999999999997 0.7147879518709432
17.19999999999997 0.7147868584940914
17.29999999999998 0.714785785328377
17.39999999999998 0.7147847318730193
17.49999999999998 0.7147836976428086
17.59999999999998 0.7147826821675223
17.69999999999998 0.714781684991368
17.79999999999998 0.7147807056724514
17.89999999999998 0.7147797437822654
17.99999999999999 0.7147787989052028
18.09999999999999 0.7147778706380886
18.19999999999999 0.7147769585897328
18.29999999999999 0.7147760623805018
18.39999999999999 0.7147751816419079
18.49999999999999 0.7147743160162149
18.59999999999999 0.7147734651560611
18.7 0.7147726287240981
18.8 0.7147718063926425
18.9 0.7147709978433431
19 0.7147702027668622
19.1 0.7147694208625675
19.2 0.7147686518382373
19.3 0.7147678954097793
19.40000000000001 0.7147671513009561
19.50000000000001 0.7147664192431266
19.60000000000001 0.714765698974992
19.70000000000001 0.7147649902423575
19.80000000000001 0.7147642927978979
19.90000000000001 0.7147636064009351
20.00000000000001 0.714762930817223
20.10000000000002 0.7147622658187418
20.20000000000002 0.7147616111834976
20.30000000000002 0.7147609666953317
20.40000000000002 0.7147603321437366
20.50000000000002 0.7147597073236774
20.60000000000002 0.7147590920354218
20.70000000000002 0.7147584860843742
20.80000000000003 0.7147578892809175
20.90000000000003 0.7147573014402604
21.00000000000003 0.7147567223822886
21.10000000000003 0.7147561519314237
21.20000000000003 0.7147555899164851
21.30000000000003 0.714755036170558
21.40000000000003 0.7147544905308655
21.50000000000004 0.7147539528386454
21.60000000000004 0.7147534229390309
21.70000000000004 0.714752900680936
21.80000000000004 0.7147523859169449
21.90000000000004 0.7147518785032039
22.00000000000004 0.7147513782993188
22.10000000000004 0.7147508851682547
22.20000000000005 0.7147503989762393
22.30000000000005 0.7147499195926694
22.40000000000005 0.7147494468900212
22.50000000000005 0.7147489807437627
22.60000000000005 0.7147485210322694
22.70000000000005 0.714748067636742
22.80000000000005 0.7147476204411298
22.90000000000006 0.7147471793320513
23.00000000000006 0.7147467441987229
23.10000000000006 0.7147463149328855
23.20000000000006 0.714745891428737
23.30000000000006 0.7147454735828643
23.40000000000006 0.7147450612941787
23.50000000000006 0.7147446544638533
23.60000000000007 0.7147442529952618
23.70000000000007 0.7147438567939204
23.80000000000007 0.71474346576743
23.90000000000007 0.7147430798254212
24.00000000000007 0.7147426988795006
24.10000000000007 0.7147423228431993
24.20000000000007 0.7147419516319219
24.30000000000008 0.7147415851628987
24.40000000000008 0.7147412233551368
24.50000000000008 0.7147408661293765
24.60000000000008 0.7147405134080452
24.70000000000008 0.7147401651152135
24.80000000000008 0.714739821176556
24.90000000000008 0.7147394815193079
25.00000000000009 0.7147391460722278
25.10000000000009 0.7147388147655576
25.20000000000009 0.7147384875309868
25.30000000000009 0.7147381643016155
25.40000000000009 0.7147378450119195
25.50000000000009 0.7147375295977174
25.60000000000009 0.7147372179961358
25.7000000000001 0.7147369101455791
25.8000000000001 0.7147366059856965
25.9000000000001 0.7147363054573532
26.0000000000001 0.7147360085026007
26.1000000000001 0.7147357150646475
26.2000000000001 0.7147354250878322
26.3000000000001 0.7147351385175958
26.40000000000011 0.714734855300456
26.50000000000011 0.714734575383982
26.60000000000011 0.7147342987167685
26.70000000000011 0.7147340252484122
26.80000000000011 0.714733754929489
26.90000000000011 0.7147334877115303
27.00000000000011 0.7147332235470015
27.10000000000012 0.7147329623892789
27.20000000000012 0.7147327041926312
27.30000000000012 0.714732448912197
27.40000000000012 0.714732196503965
27.50000000000012 0.7147319469247565
27.60000000000012 0.7147317001322039
27.70000000000012 0.7147314560847347
27.80000000000013 0.7147312147415518
27.90000000000013 0.7147309760626173
28.00000000000013 0.7147307400086353
28.10000000000013 0.714730506541035
28.20000000000013 0.7147302756219547
28.30000000000013 0.7147300472142269
28.40000000000013 0.7147298212813623
28.50000000000014 0.7147295977875339
28.60000000000014 0.7147293766975658
28.70000000000014 0.7147291579769153
28.80000000000014 0.7147289415916616
28.90000000000014 0.714728727508491
29.00000000000014 0.7147285156946859
29.10000000000014 0.7147283061181087
29.20000000000014 0.7147280987471922
29.30000000000015 0.7147278935509268
29.40000000000015 0.7147276904988483
29.50000000000015 0.7147274895610261
29.60000000000015 0.7147272907080526
29.70000000000015 0.7147270939110324
29.80000000000015 0.7147268991415707
29.90000000000015 0.7147267063717636
30.00000000000016 0.7147265155741879
30.10000000000016 0.7147263267218904
30.20000000000016 0.7147261397883798
30.30000000000016 0.7147259547476151
30.40000000000016 0.7147257715739982
30.50000000000016 0.7147255902423639
30.60000000000016 0.7147254107279714
30.70000000000017 0.7147252330064959
30.80000000000017 0.7147250570540195
30.90000000000017 0.7147248828470241
31.00000000000017 0.7147247103623822
31.10000000000017 0.71472453957735
31.20000000000017 0.7147243704695601
31.30000000000017 0.714724203017012
31.40000000000018 0.7147240371980674
31.50000000000018 0.7147238729914414
31.60000000000018 0.7147237103761962
31.70000000000018 0.714723549331734
31.80000000000018 0.714723389837791
31.90000000000018 0.7147232318744301
32.00000000000018 0.7147230754220347
32.10000000000019 0.7147229204613033
32.20000000000019 0.7147227669732422
32.30000000000019 0.714722614939161
32.40000000000019 0.7147224643406658
32.50000000000019 0.7147223151596536
32.60000000000019 0.7147221673783068
32.70000000000019 0.7147220209790887
32.8000000000002 0.714721875944737
32.9000000000002 0.7147217322582589
33.0000000000002 0.7147215899029268
33.1000000000002 0.7147214488622723
33.2000000000002 0.7147213091200826
33.3000000000002 0.7147211706603942
33.4000000000002 0.7147210334674895
33.50000000000021 0.7147208975258916
33.60000000000021 0.714720762820361
33.70000000000021 0.7147206293358892
33.80000000000021 0.7147204970576964
33.90000000000021 0.7147203659712262
34.00000000000021 0.7147202360621426
34.10000000000021 0.7147201073163245
34.20000000000022 0.714719979719863
34.30000000000022 0.7147198532590575
34.40000000000022 0.7147197279204113
34.50000000000022 0.7147196036906284
34.60000000000022 0.7147194805566101
34.70000000000022 0.7147193585054509
34.80000000000022 0.7147192375244358
34.90000000000023 0.7147191176010366
35.00000000000023 0.714718998722908
35.10000000000023 0.7147188808778855
35.20000000000023 0.7147187640539814
35.30000000000023 0.7147186482393821
35.40000000000023 0.7147185334224452
35.50000000000023 0.7147184195916957
35.60000000000024 0.714718306735824
35.70000000000024 0.714718194843683
35.80000000000024 0.7147180839042847
35.90000000000024 0.7147179739067977
36.00000000000024 0.7147178648405451
36.10000000000024 0.7147177566950009
36.20000000000024 0.7147176494597881
36.30000000000025 0.7147175431246761
36.40000000000025 0.7147174376795778
36.50000000000025 0.7147173331145479
36.60000000000025 0.7147172294197799
36.70000000000025 0.7147171265856038
36.80000000000025 0.7147170246024843
36.90000000000025 0.714716923461018
37.00000000000026 0.7147168231519317
37.10000000000026 0.7147167236660799
37.20000000000026 0.7147166249944424
37.30000000000026 0.7147165271281233
37.40000000000026 0.7147164300583477
37.50000000000026 0.7147163337764608
37.60000000000026 0.7147162382739248
37.70000000000027 0.714716143542318
37.80000000000027 0.7147160495733327
37.90000000000027 0.7147159563587728
38.00000000000027 0.7147158638905522
38.10000000000027 0.714715772160694
38.20000000000027 0.7147156811613271
38.30000000000027 0.7147155908846858
38.40000000000028 0.7147155013231077
38.50000000000028 0.7147154124690314
38.60000000000028 0.7147153243149963
38.70000000000028 0.7147152368536396
38.80000000000028 0.7147151500776957
38.90000000000028 0.7147150639799943
39.00000000000028 0.7147149785534587
39.10000000000029 0.7147148937911043
39.20000000000029 0.7147148096860384
39.30000000000029 0.7147147262314567
39.40000000000029 0.7147146434206437
39.50000000000029 0.71471456124697
39.60000000000029 0.7147144797038922
39.70000000000029 0.7147143987849505
39.8000000000003 0.714714318483768
39.9000000000003 0.7147142387940494
40.0000000000003 0.7147141597095794
40.1000000000003 0.7147140812242219
40.2000000000003 0.7147140033319185
40.3000000000003 0.7147139260266876
40.4000000000003 0.7147138493026226
40.50000000000031 0.714713773153892
40.60000000000031 0.7147136975747366
40.70000000000031 0.7147136225594696
40.80000000000031 0.714713548102476
40.90000000000031 0.7147134741982092
41.00000000000031 0.7147134008411929
41.10000000000031 0.7147133280260177
41.20000000000032 0.714713255747342
41.30000000000032 0.7147131839998894
41.40000000000032 0.7147131127784481
41.50000000000032 0.714713042077871
41.60000000000032 0.7147129718930737
41.70000000000032 0.7147129022190338
41.80000000000032 0.7147128330507899
41.90000000000033 0.7147127643834413
42.00000000000033 0.7147126962121462
42.10000000000033 0.7147126285321219
42.20000000000033 0.7147125613386428
42.30000000000033 0.7147124946270405
42.40000000000033 0.7147124283927025
42.50000000000033 0.7147123626310714
42.60000000000034 0.7147122973376442
42.70000000000034 0.714712232507972
42.80000000000034 0.7147121681376584
42.90000000000034 0.7147121042223588
43.00000000000034 0.7147120407577808
43.10000000000034 0.714711977739682
43.20000000000034 0.7147119151638701
43.30000000000035 0.7147118530262022
43.40000000000035 0.7147117913225836
43.50000000000035 0.7147117300489676
43.60000000000035 0.7147116692013548
43.70000000000035 0.7147116087757924
43.80000000000035 0.7147115487683731
43.90000000000035 0.714711489175235
44.00000000000036 0.7147114299925608
44.10000000000036 0.7147113712165772
44.20000000000036 0.7147113128435547
44.30000000000036 0.7147112548698058
44.40000000000036 0.7147111972916856
44.50000000000036 0.7147111401055908
44.60000000000036 0.7147110833079591
44.70000000000037 0.7147110268952687
44.80000000000037 0.7147109708640378
44.90000000000037 0.7147109152108236
45.00000000000037 0.7147108599322227
45.10000000000037 0.7147108050248697
45.20000000000037 0.7147107504854373
45.30000000000037 0.7147106963106349
45.40000000000038 0.7147106424972093
45.50000000000038 0.7147105890419433
45.60000000000038 0.7147105359416556
45.70000000000038 0.7147104831932002
45.80000000000038 0.7147104307934659
45.90000000000038 0.7147103787393759
46.00000000000038 0.7147103270278878
46.10000000000039 0.7147102756559919
46.20000000000039 0.7147102246207123
46.30000000000039 0.7147101739191053
46.40000000000039 0.7147101235482592
46.50000000000039 0.714710073505295
46.60000000000039 0.7147100237873637
46.70000000000039 0.7147099743916485
46.8000000000004 0.7147099253153617
46.9000000000004 0.7147098765557475
47.0000000000004 0.7147098281100785
47.1000000000004 0.7147097799756575
47.2000000000004 0.7147097321498154
47.3000000000004 0.7147096846299127
47.4000000000004 0.7147096374133373
47.50000000000041 0.7147095904975058
47.60000000000041 0.7147095438798613
47.70000000000041 0.7147094975578749
47.80000000000041 0.7147094515290443
47.90000000000041 0.7147094057908934
48.00000000000041 0.7147093603409725
48.10000000000041 0.7147093151768582
48.20000000000041 0.7147092702961515
48.30000000000042 0.7147092256964797
48.40000000000042 0.714709181375494
48.50000000000042 0.7147091373308704
48.60000000000042 0.7147090935603095
48.70000000000042 0.7147090500615356
48.80000000000042 0.7147090068322968
48.90000000000042 0.7147089638703642
49.00000000000043 0.7147089211735321
49.10000000000043 0.7147088787396174
49.20000000000043 0.7147088365664602
49.30000000000043 0.7147087946519215
49.40000000000043 0.7147087529938854
49.50000000000043 0.7147087115902572
49.60000000000043 0.7147086704389634
49.70000000000044 0.714708629537952
49.80000000000044 0.7147085888851917
49.90000000000044 0.7147085484786718
50.00000000000044 0.7147085083164021
