0 -0.8010850400053366
0.1 -0.7327240900066174
0.2 -0.6708508024550669
0.3 -0.6139236325690869
0.4 -0.5634545693911031
0.5 -0.5212216502166194
0.6 -0.4888912342085507
0.7 -0.4666264816407071
0.7999999999999999 -0.4518865396217135
0.8999999999999999 -0.441915585931244
0.9999999999999999 -0.4350896508442639
1.1 -0.4307536396964344
1.2 -0.4270534547319789
1.3 -0.4057006635943221
1.4 -0.3934204247348868
1.5 -0.3919968263189756
1.6 -0.3915000564916766
1.7 -0.3908554756276898
1.8 -0.3901158530861593
1.900000000000001 -0.3892956727158666
2 -0.3882192482782247
2.100000000000001 -0.3860065939601583
2.200000000000001 -0.3788555895414271
2.300000000000001 -0.3579615508094142
2.400000000000001 -0.3340301614357012
2.500000000000001 -0.324165480335622
2.600000000000001 -0.3216550239181636
2.700000000000001 -0.3210588896223821
2.800000000000001 -0.3208554754502483
2.900000000000001 -0.3207129152547977
3.000000000000001 -0.3205692562604691
3.100000000000001 -0.3204207098348933
3.200000000000002 -0.3202715559542667
3.300000000000002 -0.3201101287363924
3.400000000000002 -0.3198558166854637
3.500000000000002 -0.3191961258967629
3.600000000000002 -0.3173059590998634
3.700000000000002 -0.3135532439250736
3.800000000000002 -0.309870668075759
3.900000000000002 -0.3080868037752248
4.000000000000002 -0.3075173318158106
4.100000000000001 -0.3073082793566041
4.200000000000001 -0.3071374411596201
4.300000000000001 -0.3069274108119564
4.4 -0.3066698104545589
4.5 -0.306370497672202
4.6 -0.3060357586354998
4.699999999999999 -0.3056695556502885
4.799999999999999 -0.3052733987671059
4.899999999999999 -0.3048466583416529
4.999999999999998 -0.3043867953511244
5.099999999999998 -0.3038894041350954
5.199999999999998 -0.3033480499127346
5.299999999999997 -0.3027538830257123
5.399999999999997 -0.302094985746167
5.499999999999996 -0.3013553691774336
5.599999999999996 -0.3005134875687125
5.699999999999996 -0.2995400737884321
5.799999999999995 -0.2983950275874476
5.899999999999995 -0.2970230338527297
5.999999999999995 -0.2953476330802427
6.099999999999994 -0.2932638190778455
6.199999999999994 -0.2906303530889466
6.299999999999994 -0.2872656565836267
6.399999999999993 -0.2829562154929093
6.499999999999993 -0.2774929871496541
6.599999999999993 -0.270752155971292
6.699999999999992 -0.2628148074354435
6.799999999999992 -0.2540651177392241
6.899999999999991 -0.245161815509239
6.999999999999991 -0.2368387506016492
7.099999999999991 -0.2296485217706111
7.19999999999999 -0.2238260892744292
7.29999999999999 -0.2193255883526594
7.39999999999999 -0.2159447252209138
7.499999999999989 -0.2134383131068447
7.599999999999989 -0.2115829021323479
7.699999999999989 -0.2101999225803196
7.799999999999988 -0.2091562710012943
7.899999999999988 -0.2083563732436257
7.999999999999988 -0.2077328457966375
8.099999999999987 -0.207238454122103
8.199999999999987 -0.2068399803379202
8.299999999999986 -0.2065138309838032
8.399999999999986 -0.2062430065954239
8.499999999999986 -0.2060150577120453
8.599999999999985 -0.205820720149262
8.699999999999985 -0.2056530016104128
8.799999999999985 -0.2055065618500207
8.899999999999984 -0.2053772828185328
8.999999999999984 -0.2052619632069579
9.099999999999984 -0.2051580964894628
9.199999999999983 -0.2050637067649838
9.299999999999983 -0.2049772258095259
9.399999999999983 -0.2048974002132868
9.499999999999982 -0.2048232208424291
9.599999999999982 -0.2047538690364344
9.699999999999982 -0.2046886754257546
9.799999999999981 -0.2046270882994909
9.899999999999981 -0.2045686492166745
9.99999999999998 -0.2045129741230167
10.09999999999998 -0.204459738661437
10.19999999999998 -0.2044086666856751
10.29999999999998 -0.2043595212280187
10.39999999999998 -0.2043120973541304
10.49999999999998 -0.2042662164748314
10.59999999999998 -0.2042217217876651
10.69999999999998 -0.2041784745985776
10.79999999999998 -0.2041363513324767
10.89999999999998 -0.2040952410855627
10.99999999999998 -0.2040550436057509
11.09999999999998 -0.2040156676129028
11.19999999999998 -0.2039770293899554
11.29999999999998 -0.2039390515908759
11.39999999999998 -0.2039016622227963
11.49999999999998 -0.2038647937685184
11.59999999999997 -0.2038283824224753
11.69999999999997 -0.2037923674186406
11.79999999999997 -0.203756690433171
11.89999999999997 -0.2037212950480055
11.99999999999997 -0.2036861262644589
12.09999999999997 -0.203651130058182
12.19999999999997 -0.2036162529688492
12.29999999999997 -0.2035814417196935
12.39999999999997 -0.2035466428635862
12.49999999999997 -0.2035118024538515
12.59999999999997 -0.2034768657394327
12.69999999999997 -0.2034417768854357
12.79999999999997 -0.2034064787214803
12.89999999999997 -0.2033709125216819
12.99999999999997 -0.2033350178214538
13.09999999999997 -0.203298732277618
13.19999999999997 -0.2032619915794559
13.29999999999997 -0.2032247294192383
13.39999999999997 -0.2031868775312796
13.49999999999997 -0.2031483658085236
13.59999999999997 -0.2031091225048632
13.69999999999997 -0.2030690745296141
13.79999999999997 -0.2030281478375894
13.89999999999997 -0.2029862679138447
13.99999999999997 -0.2029433603462726
14.09999999999997 -0.2028993514717795
14.19999999999997 -0.2028541690729218
14.29999999999997 -0.202807743091943
14.39999999999996 -0.2027600063187199
14.49999999999996 -0.2027108949990043
14.59999999999996 -0.2026603493005817
14.69999999999996 -0.2026083135687038
14.79999999999996 -0.2025547362995573
14.89999999999996 -0.2024995697625531
14.99999999999996 -0.2024427692093971
15.09999999999996 -0.2023842916202032
15.19999999999996 -0.2023240939534523
15.29999999999996 -0.2022621308857825
15.39999999999996 -0.2021983520469988
15.49999999999996 -0.2021326987723869
15.59999999999996 -0.2020651004052964
15.69999999999996 -0.2019954701850259
15.79999999999996 -0.2019237007458456
15.89999999999996 -0.2018496592307436
15.99999999999996 -0.2017731819871465
16.09999999999996 -0.2016940687608383
16.19999999999996 -0.2016120762380326
16.29999999999996 -0.201526910702713
16.39999999999996 -0.2014382194740074
16.49999999999996 -0.2013455806607016
16.59999999999997 -0.2012484906068257
16.69999999999997 -0.2011463481866172
16.79999999999997 -0.2010384348116753
16.89999999999997 -0.2009238885931725
16.99999999999997 -0.2008016704832531
17.09999999999997 -0.2006705192732545
17.19999999999997 -0.2005288908172607
17.29999999999998 -0.2003748743274817
17.39999999999998 -0.2002060741460806
17.49999999999998 -0.2000194371282055
17.59999999999998 -0.1998109895209392
17.69999999999998 -0.1995754137886341
17.79999999999998 -0.1993053249533018
17.89999999999998 -0.1989899555790884
17.99999999999999 -0.1986126566050432
18.09999999999999 -0.1981461280898804
18.19999999999999 -0.1975440543234769
18.29999999999999 -0.1967304893291498
18.39999999999999 -0.1956010445391103
18.49999999999999 -0.1940694987398988
18.59999999999999 -0.1921519189653673
18.7 -0.1899528122306212
18.8 -0.1875276758597472
18.9 -0.1848471482070387
19 -0.1818848997971736
19.1 -0.1786775339726673
19.2 -0.1753241617115937
19.3 -0.171958668438736
19.40000000000001 -0.1687145800824378
19.50000000000001 -0.1656923235773813
19.60000000000001 -0.1629387296930235
19.70000000000001 -0.1604493105201555
19.80000000000001 -0.158199027281297
19.90000000000001 -0.156187149794258
20.00000000000001 -0.154454291866823
20.10000000000002 -0.1530467208285627
20.20000000000002 -0.151968991888363
20.30000000000002 -0.1511768938160617
20.40000000000002 -0.150603843357794
20.50000000000002 -0.1501866618720062
20.60000000000002 -0.1498765827259051
20.70000000000002 -0.149639662071603
20.80000000000003 -0.1494533768968099
20.90000000000003 -0.1493030161487293
21.00000000000003 -0.1491789456758004
21.10000000000003 -0.1490747722750648
21.20000000000003 -0.1489861647430699
21.30000000000003 -0.1489100948736466
21.40000000000003 -0.1488443213286393
21.50000000000004 -0.1487869870818356
21.60000000000004 -0.1487362219611412
21.70000000000004 -0.1486896334181096
21.80000000000004 -0.1486435302932593
21.90000000000004 -0.1485916634850827
22.00000000000004 -0.1485232350384424
22.10000000000004 -0.1484201177886736
22.20000000000005 -0.1482541670982873
22.30000000000005 -0.1479880452751716
22.40000000000005 -0.1475866775833732
22.50000000000005 -0.1470445509395054
22.60000000000005 -0.1464141375707906
22.70000000000005 -0.1457969138051328
22.80000000000005 -0.1452874664590593
22.90000000000006 -0.1449253076500429
23.00000000000006 -0.1446969313646251
23.10000000000006 -0.1445660475694614
23.20000000000006 -0.1444972948476298
23.30000000000006 -0.1444648518018352
23.40000000000006 -0.1444523115207782
23.50000000000006 -0.1444500128725137
23.60000000000007 -0.1444525233805191
23.70000000000007 -0.144456891455064
23.80000000000007 -0.1444615703549775
23.90000000000007 -0.1444657920139183
24.00000000000007 -0.144469212591837
24.10000000000007 -0.144471714626765
24.20000000000007 -0.1444732975169256
24.30000000000008 -0.1444740173742945
24.40000000000008 -0.1444739543818319
24.50000000000008 -0.1444731954481767
24.60000000000008 -0.1444718253478547
24.70000000000008 -0.1444699225380337
24.80000000000008 -0.1444675575178614
24.90000000000008 -0.1444647925345873
25.00000000000009 -0.1444616819685542
25.10000000000009 -0.1444582730273184
25.20000000000009 -0.1444546065479237
25.30000000000009 -0.144450717801777
25.40000000000009 -0.1444466372502381
25.50000000000009 -0.1444423912288514
25.60000000000009 -0.1444380025543416
25.7000000000001 -0.144433491056933
25.8000000000001 -0.1444288740446211
25.9000000000001 -0.1444241667076746
26.0000000000001 -0.1444193824719925
26.1000000000001 -0.1444145333096445
26.2000000000001 -0.1444096300143269
26.3000000000001 -0.144404682448786
26.40000000000011 -0.144399699770596
26.50000000000011 -0.1443946906420644
26.60000000000011 -0.1443896634295015
26.70000000000011 -0.1443846263965913
26.80000000000011 -0.1443795878961048
26.90000000000011 -0.1443745565636054
27.00000000000011 -0.1443695415159742
27.10000000000012 -0.1443645525562952
27.20000000000012 -0.1443596003844899
27.30000000000012 -0.1443546968094485
27.40000000000012 -0.1443498549521763
27.50000000000012 -0.1443450894188336
27.60000000000012 -0.1443404164043632
27.70000000000012 -0.1443358536562434
27.80000000000013 -0.1443314201742867
27.90000000000013 -0.1443271354294289
28.00000000000013 -0.1443230177216332
28.10000000000013 -0.1443190810083136
28.20000000000013 -0.1443153290150294
28.30000000000013 -0.1443117444884827
28.40000000000013 -0.1443082696739344
28.50000000000014 -0.1443047707026613
28.60000000000014 -0.1443009719228009
28.70000000000014 -0.1442963328148728
28.80000000000014 -0.1442898123533471
28.90000000000014 -0.1442794061725443
29.00000000000014 -0.1442612101245435
29.10000000000014 -0.1442274623253186
29.20000000000014 -0.1441623065939825
29.30000000000015 -0.1440323301691704
29.40000000000015 -0.1437650067506217
29.50000000000015 -0.1432003112637096
29.60000000000015 -0.141993791948208
29.70000000000015 -0.1394976306478378
29.80000000000015 -0.1349432444183322
29.90000000000015 -0.128579694892473
30.00000000000016 -0.1224941704958633
30.10000000000016 -0.1184589326157307
30.20000000000016 -0.1163825159883551
30.30000000000016 -0.1154554876132948
30.40000000000016 -0.1150774468464181
30.50000000000016 -0.1149416184601165
30.60000000000016 -0.1149094271472241
30.70000000000017 -0.1149203026357116
30.80000000000017 -0.1149478229763227
30.90000000000017 -0.1149804587579186
31.00000000000017 -0.115013263954561
31.10000000000017 -0.1150442446922121
31.20000000000017 -0.1150727377061783
31.30000000000017 -0.1150986709554727
31.40000000000018 -0.1151222214953069
31.50000000000018 -0.1151436565750533
31.60000000000018 -0.1151632608555213
31.70000000000018 -0.1151813045470398
31.80000000000018 -0.1151980309634043
31.90000000000018 -0.1152136530793252
32.00000000000018 -0.1152283539832606
32.10000000000019 -0.1152422886916583
32.20000000000019 -0.1152555860446177
32.30000000000019 -0.1152683500023548
32.40000000000019 -0.1152806599265742
32.50000000000019 -0.1152925695163485
32.60000000000019 -0.1153041040495775
32.70000000000019 -0.115315255494353
32.8000000000002 -0.1153259749170668
32.9000000000002 -0.1153361614382763
33.0000000000002 -0.1153456467924274
33.1000000000002 -0.1153541743754385
33.2000000000002 -0.1153613716043774
33.3000000000002 -0.115366714642373
33.4000000000002 -0.1153694853796413
33.50000000000021 -0.1153687225382046
33.60000000000021 -0.1153631726591189
33.70000000000021 -0.1153512534490236
33.80000000000021 -0.1153310520646731
33.90000000000021 -0.1153003933611211
34.00000000000021 -0.115257023056821
34.10000000000021 -0.1151989470080859
34.20000000000022 -0.1151249333830898
34.30000000000022 -0.115035106488838
34.40000000000022 -0.1149314529341335
34.50000000000022 -0.1148179847878646
34.60000000000022 -0.1147003532634073
34.70000000000022 -0.1145849204176606
34.80000000000022 -0.1144775758183827
34.90000000000023 -0.1143827311733687
35.00000000000023 -0.11430282089381
35.10000000000023 -0.1142383670758803
35.20000000000023 -0.1141884319143667
35.30000000000023 -0.1141512023910932
35.40000000000023 -0.1141245111704435
35.50000000000023 -0.1141062041928764
35.60000000000024 -0.1140943499637792
35.70000000000024 -0.1140873270027029
35.80000000000024 -0.1140838341560211
35.90000000000024 -0.1140828604054223
36.00000000000024 -0.1140836386337476
36.10000000000024 -0.1140855973334737
36.20000000000024 -0.11408831702614
36.30000000000025 -0.1140914938562543
36.40000000000025 -0.1140949105621281
36.50000000000025 -0.1140984140128306
36.60000000000025 -0.1141018981709799
36.70000000000025 -0.1141052913465393
36.80000000000025 -0.1141085467513051
36.90000000000025 -0.114111635546729
37.00000000000026 -0.114114541752759
37.10000000000026 -0.1141172585348128
37.20000000000026 -0.1141197855061136
37.30000000000026 -0.1141221267757757
37.40000000000026 -0.1141242895436782
37.50000000000026 -0.1141262830959783
37.60000000000026 -0.1141281180942321
37.70000000000027 -0.1141298060799015
37.80000000000027 -0.1141313591371706
37.90000000000027 -0.114132789672509
38.00000000000027 -0.1141341102807926
38.10000000000027 -0.1141353336761565
38.20000000000027 -0.1141364726719222
38.30000000000027 -0.1141375401985233
38.40000000000028 -0.1141385493517822
38.50000000000028 -0.1141395134664976
38.60000000000028 -0.1141404462123256
38.70000000000028 -0.1141413617105536
38.80000000000028 -0.1141422746717211
38.90000000000028 -0.1141432005552277
39.00000000000028 -0.1141441557531922
39.10000000000029 -0.1141451578019527
39.20000000000029 -0.1141462256257986
39.30000000000029 -0.1141473798188872
39.40000000000029 -0.1141486429728849
39.50000000000029 -0.1141500400597968
39.60000000000029 -0.1141515988818167
39.70000000000029 -0.1141533506029966
39.8000000000003 -0.1141553303812946
39.9000000000003 -0.1141575781243708
40.0000000000003 -0.1141601393987061
40.1000000000003 -0.1141630665296993
40.2000000000003 -0.1141664199409804
40.3000000000003 -0.114170269795174
40.4000000000003 -0.1141746980169893
40.50000000000031 -0.1141798008045728
40.60000000000031 -0.1141856917690425
40.70000000000031 -0.114192505888663
40.80000000000031 -0.1142004045285047
40.90000000000031 -0.1142095818664959
41.00000000000031 -0.1142202731942367
41.10000000000031 -0.1142327657436488
41.20000000000032 -0.1142474129559741
41.30000000000032 -0.1142646535010304
41.40000000000032 -0.1142850369409912
41.50000000000032 -0.1143092588267732
41.60000000000032 -0.1143382094036656
41.70000000000032 -0.1143730423052003
41.80000000000032 -0.1144152731882861
41.90000000000033 -0.1144669242114334
42.00000000000033 -0.114530740442862
42.10000000000033 -0.114610522283629
42.20000000000033 -0.1147116509538662
42.30000000000033 -0.1148419469681725
42.40000000000033 -0.1150131272175284
42.50000000000033 -0.1152433915974387
42.60000000000034 -0.1155622673738695
42.70000000000034 -0.1160202917024354
42.80000000000034 -0.1167099937527273
42.90000000000034 -0.1178163202717337
43.00000000000034 -0.1197557257175379
43.10000000000034 -0.1236420383666207
43.20000000000034 -0.1333901146573498
43.30000000000035 -0.172002975537028
43.40000000000035 -0.7724001824089521
43.50000000000035 -2.334193544424774
43.60000000000035 4.790050555673417
43.70000000000035 531.3504566346165
43.80000000000035 531.0383191719912
43.90000000000035 531.0324860875807
44.00000000000036 531.0310996096763
44.10000000000036 531.030533867704
44.20000000000036 531.0302401171132
44.30000000000036 531.0300661358178
44.40000000000036 531.0299539947476
44.50000000000036 531.0298772417096
44.60000000000036 531.0298222865138
44.70000000000037 531.0297815300935
44.80000000000037 531.0297504388036
44.90000000000037 531.0297261648336
45.00000000000037 531.0297068426474
45.10000000000037 531.0296912068453
45.20000000000037 531.0296783735217
45.30000000000037 531.0296677095649
45.40000000000038 531.0296587515588
45.50000000000038 531.0296511538152
45.60000000000038 531.0296446541264
45.70000000000038 531.0296390506363
45.80000000000038 531.0296341858749
45.90000000000038 531.0296299355223
46.00000000000038 531.0296262003632
46.10000000000039 531.0296229004333
46.20000000000039 531.029619970703
46.30000000000039 531.0296173578478
46.40000000000039 531.0296150178074
46.50000000000039 531.029612913919
46.60000000000039 531.0296110154753
46.70000000000039 531.0296092966004
46.8000000000004 531.0296077353651
46.9000000000004 531.0296063130861
47.0000000000004 531.0296050137666
47.1000000000004 531.0296038236461
47.2000000000004 531.0296027308347
47.3000000000004 531.0296017250166
47.4000000000004 531.0296007972073
47.50000000000041 531.0295999395514
47.60000000000041 531.0295991451575
47.70000000000041 531.0295984079594
47.80000000000041 531.0295977226006
47.90000000000041 531.0295970843367
48.00000000000041 531.0295964889538
48.10000000000041 531.029595932698
48.20000000000041 531.0295954122176
48.30000000000042 531.029594924512
48.40000000000042 531.0295944668885
48.50000000000042 531.0295940369248
48.60000000000042 531.0295936324377
48.70000000000042 531.0295932514551
48.80000000000042 531.0295928921922
48.90000000000042 531.0295925530297
49.00000000000043 531.0295922324971
49.10000000000043 531.029591929255
49.20000000000043 531.0295916420832
49.30000000000043 531.0295913698665
49.40000000000043 531.0295911115849
49.50000000000043 531.0295908663038
49.60000000000043 531.0295906331658
49.70000000000044 531.0295904113826
49.80000000000044 531.0295902002293
49.90000000000044 531.0295899990377
50.00000000000044 531.0295898071912
