0 -0.8010850400053366
0.1 -0.7986737427439007
0.2 -0.7979671570779109
0.3 -0.7978667181762527
0.4 -0.7973867918466723
0.5 -0.7964806000634568
0.6 -0.7963076663594345
0.7 -0.7966611529108593
0.7999999999999999 -0.7967626671356316
0.8999999999999999 -0.7961912618899494
0.9999999999999999 -0.7935746680548049
1.1 -0.7879889863121234
1.2 -0.7855054002945121
1.3 -0.7824361250054017
1.4 -0.7790505455633421
1.5 -0.7751498952491986
1.6 -0.7718330107739775
1.7 -0.7710217729958324
1.8 -0.7718366957490639
1.900000000000001 -0.7729524943725692
2 -0.7736252545716468
2.100000000000001 -0.7718127789596014
2.200000000000001 -0.7702949975870432
2.300000000000001 -0.7711285310768921
2.400000000000001 -0.7709544214838908
2.500000000000001 -0.770027353315818
2.600000000000001 -0.767785975017603
2.700000000000001 -0.763893222693828
2.800000000000001 -0.7594725283896375
2.900000000000001 -0.7555174198596458
3.000000000000001 -0.7522596752496314
3.100000000000001 -0.7498514742245128
3.200000000000002 -0.7467245513080306
3.300000000000002 -0.7453254957213672
3.400000000000002 -0.7474847363108668
3.500000000000002 -0.7489605785733138
3.600000000000002 -0.7498123778100609
3.700000000000002 -0.749836041269154
3.800000000000002 -0.7490725609863167
3.900000000000002 -0.7483379589008607
4.000000000000002 -0.7479555602739315
4.100000000000001 -0.7473478451162426
4.200000000000001 -0.7461404473733193
4.300000000000001 -0.7437495152550597
4.4 -0.7380607251361245
4.5 -0.7317627880202422
4.6 -0.7279252309654434
4.699999999999999 -0.7254770140456253
4.799999999999999 -0.7244124593696382
4.899999999999999 -0.7240071159865279
4.999999999999998 -0.7243750317659625
5.099999999999998 -0.7257631302029339
5.199999999999998 -0.7272156375564705
5.299999999999997 -0.7282858210695784
5.399999999999997 -0.7289519962872619
5.499999999999996 -0.7286725826725269
5.599999999999996 -0.7252150542314227
5.699999999999996 -0.7248921321220022
5.799999999999995 -0.7246992149336096
5.899999999999995 -0.7235792006606061
5.999999999999995 -0.7215109781168439
6.099999999999994 -0.7176863017257025
6.199999999999994 -0.711912412729476
6.299999999999994 -0.7063744546126922
6.399999999999993 -0.7030014847435897
6.499999999999993 -0.7020411203987211
6.599999999999993 -0.702594717209762
6.699999999999992 -0.7016513654178238
6.799999999999992 -0.7019140379906398
6.899999999999991 -0.7044356575587329
6.999999999999991 -0.7056592396735309
7.099999999999991 -0.7063203973085572
7.19999999999999 -0.7064701519810207
7.29999999999999 -0.7060063980264969
7.39999999999999 -0.7050887370434327
7.499999999999989 -0.7043194465326174
7.599999999999989 -0.7036701420458692
7.699999999999989 -0.7026189168751418
7.799999999999988 -0.7007914394888763
7.899999999999988 -0.69752360783169
7.999999999999988 -0.6909093210868914
8.099999999999987 -0.6830205744324458
8.199999999999987 -0.6790425337391131
8.299999999999986 -0.6779684249877216
8.399999999999986 -0.678822431887588
8.499999999999986 -0.6799628141191957
8.599999999999985 -0.6808957093836487
8.699999999999985 -0.6821280046214278
8.799999999999985 -0.6834115096065186
8.899999999999984 -0.6843658097904228
8.999999999999984 -0.6850146717256456
9.099999999999984 -0.6854342281168138
9.199999999999983 -0.6852700263799683
9.299999999999983 -0.6820259524839133
9.399999999999983 -0.680335660957702
9.499999999999982 -0.6807864937866018
9.599999999999982 -0.679933625012586
9.699999999999982 -0.6783537726877864
9.799999999999981 -0.6753019809128252
9.899999999999981 -0.6697649515925626
9.99999999999998 -0.6626708320414811
10.09999999999998 -0.6571501889486759
10.19999999999998 -0.654903143744443
10.29999999999998 -0.6555617800606959
10.39999999999998 -0.6565654999528368
10.49999999999998 -0.6552679210248334
10.59999999999998 -0.6582944890889169
10.69999999999998 -0.6599586142385779
10.79999999999998 -0.6607973029696321
10.89999999999998 -0.6612628750613937
10.99999999999998 -0.6614044542086934
11.09999999999998 -0.6611937787938537
11.19999999999998 -0.6607123743113326
11.29999999999998 -0.6602863746736352
11.39999999999998 -0.6600505081219625
11.49999999999998 -0.6597268597604323
11.59999999999997 -0.659059782018899
11.69999999999997 -0.6578054004983683
11.79999999999997 -0.6553820149049591
11.89999999999997 -0.6501227059399078
11.99999999999997 -0.6413002770581968
12.09999999999997 -0.6340436552778266
12.19999999999997 -0.6300235134855979
12.29999999999997 -0.6300588385825343
12.39999999999997 -0.6317704116708085
12.49999999999997 -0.6333033760463382
12.59999999999997 -0.6347481978035738
12.69999999999997 -0.6361974795008741
12.79999999999997 -0.6373021826670334
12.89999999999997 -0.6380626055544099
12.99999999999997 -0.6386296857610334
13.09999999999997 -0.6390935754774447
13.19999999999997 -0.6387183531968745
13.29999999999997 -0.6314971660580595
13.39999999999997 -0.6314620616443412
13.49999999999997 -0.6326721160755895
13.59999999999997 -0.6325763047158504
13.69999999999997 -0.6322556377827966
13.79999999999997 -0.6314577528394145
13.89999999999997 -0.6295592341662659
13.99999999999997 -0.6261710155939781
14.09999999999997 -0.6220372292758136
14.19999999999997 -0.6164228073534161
14.29999999999997 -0.6092984544239304
14.39999999999996 -0.6030874411823779
14.49999999999996 -0.5994805883676082
14.59999999999996 -0.6004677299236438
14.69999999999996 -0.6041386168783467
14.79999999999996 -0.6063806080292116
14.89999999999996 -0.6077273619581831
14.99999999999996 -0.6085292669434097
15.09999999999996 -0.608972336501062
15.19999999999996 -0.6091783234047388
15.29999999999996 -0.6092695762511258
15.39999999999996 -0.609361501242823
15.49999999999996 -0.6094885445816887
15.59999999999996 -0.6096052038653288
15.69999999999996 -0.6096636792791156
15.79999999999996 -0.6096419070047621
15.89999999999996 -0.6095213733777362
15.99999999999996 -0.6092561341202158
16.09999999999996 -0.608716148594252
16.19999999999996 -0.607507244504089
16.29999999999996 -0.6047098782510355
16.39999999999996 -0.6001831546928738
16.49999999999996 -0.5934509942779336
16.59999999999997 -0.5843255373556291
16.69999999999997 -0.5766606522209925
16.79999999999997 -0.5744100644467312
16.89999999999997 -0.5760236464670567
16.99999999999997 -0.5786536585400249
17.09999999999997 -0.5810319068478923
17.19999999999997 -0.5826882070636545
17.29999999999998 -0.583838888443071
17.39999999999998 -0.5848703572351573
17.49999999999998 -0.5859758507490885
17.59999999999998 -0.5731469509651049
17.69999999999998 -0.5562875290571703
17.79999999999998 -0.5588731416260624
17.89999999999998 -0.5586657705378306
17.99999999999999 -0.5585740666176068
18.09999999999999 -0.5583651477095672
18.19999999999999 -0.55765120215193
18.29999999999999 -0.555948720756833
18.39999999999999 -0.5542217921554693
18.49999999999999 -0.5544008532614486
18.59999999999999 -0.5550281868069589
18.7 -0.5551478325905697
18.8 -0.5549202555797933
18.9 -0.5544083525685599
19 -0.553412336061389
19.1 -0.55131514722254
19.2 -0.5467171814502751
19.3 -0.537673511086449
19.40000000000001 -0.5243162396018508
19.50000000000001 -0.5147033452010754
19.60000000000001 -0.5148798738445581
19.70000000000001 -0.5188705958805587
19.80000000000001 -0.5219796721951032
19.90000000000001 -0.5237754431133803
20.00000000000001 -0.5247824583994345
20.10000000000002 -0.5253783037854454
20.20000000000002 -0.5257542582162354
20.30000000000002 -0.5260033909884707
20.40000000000002 -0.5261740964875432
20.50000000000002 -0.5262937548210151
20.60000000000002 -0.5263787237702293
20.70000000000002 -0.5264389665535389
20.80000000000003 -0.5264804210439425
20.90000000000003 -0.5265061157184092
21.00000000000003 -0.5265161348678409
21.10000000000003 -0.5265056395122435
21.20000000000003 -0.5264586010136456
21.30000000000003 -0.5263347232795642
21.40000000000003 -0.5260674269503913
21.50000000000004 -0.5256597962284066
21.60000000000004 -0.5252878766024771
21.70000000000004 -0.5249073821508741
21.80000000000004 -0.5241827025363234
21.90000000000004 -0.5227695493246511
22.00000000000004 -0.5199475289132851
22.10000000000004 -0.5140525124178106
22.20000000000005 -0.5028497429398542
22.30000000000005 -0.4892465439655651
22.40000000000005 -0.4845841723642406
22.50000000000005 -0.4883405623185455
22.60000000000005 -0.4927721011231334
22.70000000000005 -0.4961512745242679
22.80000000000005 -0.4957476720512871
22.90000000000006 -0.4600451930699958
23.00000000000006 -0.4681441294097087
23.10000000000006 -0.4679242131445296
23.20000000000006 -0.4677865649347869
23.30000000000006 -0.4676721114301752
23.40000000000006 -0.4673860642898476
23.50000000000006 -0.4667310863439068
23.60000000000007 -0.465707939625165
23.70000000000007 -0.4650005929358481
23.80000000000007 -0.4651887873925504
23.90000000000007 -0.4657105024164573
24.00000000000007 -0.4660702736092436
24.10000000000007 -0.4662497184428457
24.20000000000007 -0.4663329646141278
24.30000000000008 -0.4663725685007693
24.40000000000008 -0.4663921677161379
24.50000000000008 -0.4664014494332397
24.60000000000008 -0.4664040438860108
24.70000000000008 -0.4664006188600329
24.80000000000008 -0.4663895124630143
24.90000000000008 -0.4663655153571953
25.00000000000009 -0.4663161806134301
25.10000000000009 -0.4662155925929124
25.20000000000009 -0.4660252875327976
25.30000000000009 -0.4657330521747136
25.40000000000009 -0.465376536702124
25.50000000000009 -0.4648137588280646
25.60000000000009 -0.4635063297273114
25.7000000000001 -0.4603340369034062
25.8000000000001 -0.4524788093325871
25.9000000000001 -0.435233106247634
26.0000000000001 -0.4148287625170144
26.1000000000001 -0.4120798805420942
26.2000000000001 -0.4182003168996433
26.3000000000001 -0.4221426904418099
26.40000000000011 -0.4239367582643364
26.50000000000011 -0.4247755009702366
26.60000000000011 -0.4252221737678122
26.70000000000011 -0.4255082005321414
26.80000000000011 -0.4257492381610905
26.90000000000011 -0.4260552651077877
27.00000000000011 -0.4266675400721417
27.10000000000012 -0.4276609749494767
27.20000000000012 -0.3585011760631497
27.30000000000012 -0.3665441262679669
27.40000000000012 -0.3643973149264607
27.50000000000012 -0.3637381106212737
27.60000000000012 -0.3635517527282836
27.70000000000012 -0.3635122562361518
27.80000000000013 -0.3634648866012047
27.90000000000013 -0.3624066821919057
28.00000000000013 -0.3471416906603744
28.10000000000013 -0.293801565847309
28.20000000000013 -0.3012141937708297
28.30000000000013 -0.3014321015810631
28.40000000000013 -0.3010961923080258
28.50000000000014 -0.3009211978155324
28.60000000000014 -0.3008349777041173
28.70000000000014 -0.3007897257354398
28.80000000000014 -0.3007642917283961
28.90000000000014 -0.3007490923407569
29.00000000000014 -0.300739484401105
29.10000000000014 -0.300733063515241
29.20000000000014 -0.3007285091402584
29.30000000000015 -0.3007250578085885
29.40000000000015 -0.3007222470341109
29.50000000000015 -0.3007197828000887
29.60000000000015 -0.3007174661035483
29.70000000000015 -0.3007151483676319
29.80000000000015 -0.3007127006539863
29.90000000000015 -0.3007099886047468
30.00000000000016 -0.3007068482843951
30.10000000000016 -0.3007030591654996
30.20000000000016 -0.3006983096324782
30.30000000000016 -0.3006921468162123
30.40000000000016 -0.3006838942893175
30.50000000000016 -0.3006725033355927
30.60000000000016 -0.3006562641463798
30.70000000000017 -0.300632210680095
30.80000000000017 -0.3005948186242973
30.90000000000017 -0.3005329569420737
31.00000000000017 -0.3004221665954111
31.10000000000017 -0.3002032730363751
31.20000000000017 -0.2997170942972837
31.30000000000017 -0.2984857414504506
31.40000000000018 -0.2949479348665521
31.50000000000018 -0.2842695317203747
31.60000000000018 -0.259234174270641
31.70000000000018 -0.2390525724448533
31.80000000000018 -0.2439700080347107
31.90000000000018 -0.2503310637581873
32.00000000000018 -0.2528811728393803
32.10000000000019 -0.2537861917772901
32.20000000000019 -0.254132874820055
32.30000000000019 -0.254282287525346
32.40000000000019 -0.2543548212851004
32.50000000000019 -0.2543941096520677
32.60000000000019 -0.2544175494859273
32.70000000000019 -0.2544327349528277
32.8000000000002 -0.2544432657398802
32.9000000000002 -0.254450979500253
33.0000000000002 -0.2544568791368613
33.1000000000002 -0.254461545881934
33.2000000000002 -0.2544653352480976
33.3000000000002 -0.2544684753960159
33.4000000000002 -0.2544711191140631
33.50000000000021 -0.2544733725990171
33.60000000000021 -0.2544753120868837
33.70000000000021 -0.2544769938462334
33.80000000000021 -0.2544784604020382
33.90000000000021 -0.2544797445407468
34.00000000000021 -0.2544808719654058
34.10000000000021 -0.2544818631038118
34.20000000000022 -0.2544827343699087
34.30000000000022 -0.2544834990627212
34.40000000000022 -0.254484168018966
34.50000000000022 -0.2544847500942919
34.60000000000022 -0.2544852525225925
34.70000000000022 -0.254485681186637
34.80000000000022 -0.2544860408227488
34.90000000000023 -0.2544863351752537
35.00000000000023 -0.2544865671116491
35.10000000000023 -0.2544867387060969
35.20000000000023 -0.2544868512964036
35.30000000000023 -0.2544869055177995
35.40000000000023 -0.254486901315324
35.50000000000023 -0.2544868379352881
35.60000000000024 -0.2544867138949798
35.70000000000024 -0.2544865269283598
35.80000000000024 -0.2544862739037725
35.90000000000024 -0.2544859507074849
36.00000000000024 -0.2544855520837956
36.10000000000024 -0.2544850714180741
36.20000000000024 -0.2544845004425745
36.30000000000025 -0.2544838288349456
36.40000000000025 -0.2544830436638669
36.50000000000025 -0.2544821286114424
36.60000000000025 -0.2544810628613737
36.70000000000025 -0.2544798194737032
36.80000000000025 -0.254478362949305
36.90000000000025 -0.2544766454788366
37.00000000000026 -0.2544746009903408
37.10000000000026 -0.2544721353926158
37.20000000000026 -0.2544691100129646
37.30000000000026 -0.2544653123962299
37.40000000000026 -0.2544604026579846
37.50000000000026 -0.2544538103966334
37.60000000000026 -0.2544445265513683
37.70000000000027 -0.254430659392516
37.80000000000027 -0.2544084270708259
37.90000000000027 -0.2543697063296635
38.00000000000027 -0.2542955745306907
38.10000000000027 -0.2541376902374968
38.20000000000027 -0.2537589879084912
38.30000000000027 -0.2527250251589152
38.40000000000028 -0.2495248697706817
38.50000000000028 -0.2390730735704474
38.60000000000028 -0.212548883959599
38.70000000000028 -0.1907347859358619
38.80000000000028 -0.1966744765938078
38.90000000000028 -0.2030847388614931
39.00000000000028 -0.2053822001821644
39.10000000000029 -0.2061138872265803
39.20000000000029 -0.2063619494190785
39.30000000000029 -0.2064542389687715
39.40000000000029 -0.2064918113824554
39.50000000000029 -0.2065084588073949
39.60000000000029 -0.2065164906288158
39.70000000000029 -0.2065207437450496
39.8000000000003 -0.2065232442424213
39.9000000000003 -0.2065248871897338
40.0000000000003 -0.2065260859926167
40.1000000000003 -0.2065270390018239
40.2000000000003 -0.20652784471167
40.3000000000003 -0.206528553722743
40.4000000000003 -0.206529193038507
40.50000000000031 -0.2065297777688815
40.60000000000031 -0.2065303169062443
40.70000000000031 -0.2065308162317203
40.80000000000031 -0.2065312797995671
40.90000000000031 -0.206531710703814
41.00000000000031 -0.2065321114774455
41.10000000000031 -0.2065324843016216
41.20000000000032 -0.2065328311161883
41.30000000000032 -0.2065331536788777
41.40000000000032 -0.206533453597967
41.50000000000032 -0.2065337323513553
41.60000000000032 -0.2065339912987994
41.70000000000032 -0.2065342316907758
41.80000000000032 -0.2065344546757033
41.90000000000033 -0.2065346613063617
42.00000000000033 -0.2065348525458802
42.10000000000033 -0.2065350292734343
42.20000000000033 -0.206535192289688
42.30000000000033 -0.2065353423219679
42.40000000000033 -0.2065354800291488
42.50000000000033 -0.2065356060062226
42.60000000000034 -0.2065357207885363
42.70000000000034 -0.2065358248556878
42.80000000000034 -0.2065359186350777
42.90000000000034 -0.2065360025051196
43.00000000000034 -0.2065360767981181
43.10000000000034 -0.2065361418028229
43.20000000000034 -0.2065361977666739
43.30000000000035 -0.2065362448977502
43.40000000000035 -0.2065362833664363
43.50000000000035 -0.2065363133068214
43.60000000000035 -0.2065363348178434
43.70000000000035 -0.2065363479641938
43.80000000000035 -0.2065363527769942
43.90000000000035 -0.2065363492542605
44.00000000000036 -0.2065363373611672
44.10000000000036 -0.206536317030127
44.20000000000036 -0.2065362881607032
44.30000000000036 -0.2065362506193757
44.40000000000036 -0.2065362042391825
44.50000000000036 -0.2065361488192697
44.60000000000036 -0.2065360841243876
44.70000000000037 -0.2065360098843809
44.80000000000037 -0.2065359257937407
44.90000000000037 -0.2065358315112953
45.00000000000037 -0.2065357266601502
45.10000000000037 -0.2065356108280062
45.20000000000037 -0.2065354835680245
45.30000000000037 -0.2065353444004405
45.40000000000038 -0.2065351928151683
45.50000000000038 -0.2065350282756614
45.60000000000038 -0.206534850224304
45.70000000000038 -0.2065346580895425
45.80000000000038 -0.2065344512947902
45.90000000000038 -0.2065342292686982
46.00000000000038 -0.2065339914554748
46.10000000000039 -0.2065337373221021
46.20000000000039 -0.2065334663557263
46.30000000000039 -0.2065331780376262
46.40000000000039 -0.2065328717669851
46.50000000000039 -0.2065325466823351
46.60000000000039 -0.2065322012793478
46.70000000000039 -0.2065318326269667
46.8000000000004 -0.2065314347906123
46.9000000000004 -0.2065309956767158
47.0000000000004 -0.2065304906871964
47.1000000000004 -0.2065298697931695
47.2000000000004 -0.2065290306698901
47.3000000000004 -0.2065277613357092
47.4000000000004 -0.2065256134218889
47.50000000000041 -0.206521610177884
47.60000000000041 -0.206513538627203
47.70000000000041 -0.2064961257201562
47.80000000000041 -0.2064559843550108
47.90000000000041 -0.2063563524157187
48.00000000000041 -0.2060862272692872
48.10000000000041 -0.2052721419343094
48.20000000000041 -0.2025256895208818
48.30000000000042 -0.1927098582355105
48.40000000000042 -0.1649608573899706
48.50000000000042 -0.1399828944102111
48.60000000000042 -0.1466864178361433
48.70000000000042 -0.1532937291218096
48.80000000000042 -0.1553971071932678
48.90000000000042 -0.1559779075373476
49.00000000000043 -0.1561381733536843
49.10000000000043 -0.1561796069026998
49.20000000000043 -0.1561862893242182
49.30000000000043 -0.1561831369376839
49.40000000000043 -0.1561778390262964
49.50000000000043 -0.1561727312634079
49.60000000000043 -0.1561684192166856
49.70000000000044 -0.1561649527893613
49.80000000000044 -0.1561622208101615
49.90000000000044 -0.1561600835688913
50.00000000000044 -0.1561584143646214
