0 -0.8010850400053366
0.1 -0.8040749430292811
0.2 -0.8048052135969432
0.3 -0.8041680991134995
0.4 -0.8029775253125301
0.5 -0.8018701541513722
0.6 -0.8022715050230154
0.7 -0.8032431714724314
0.7999999999999999 -0.8038423054504621
0.8999999999999999 -0.803847599999567
0.9999999999999999 -0.8013093430074398
1.1 -0.8021942794913992
1.2 -0.8046307949285473
1.3 -0.8047389779872023
1.4 -0.80406068917691
1.5 -0.8028550618611823
1.6 -0.8027802690026808
1.7 -0.803871975069387
1.8 -0.8044820398772131
1.900000000000001 -0.8043985904851869
2 -0.8021543153638044
2.100000000000001 -0.8008501088929078
2.200000000000001 -0.803679264050173
2.300000000000001 -0.8038442972524402
2.400000000000001 -0.8033586538719498
2.500000000000001 -0.8024433024736672
2.600000000000001 -0.8020250947214262
2.700000000000001 -0.8031720792915298
2.800000000000001 -0.8043778834413794
2.900000000000001 -0.8049410797329147
3.000000000000001 -0.8040388863980631
3.100000000000001 -0.8009588885979467
3.200000000000002 -0.8039047997021365
3.300000000000002 -0.8045045472472625
3.400000000000002 -0.8038477241086777
3.500000000000002 -0.8027189342686666
3.600000000000002 -0.8016819272630624
3.700000000000002 -0.8021088571108548
3.800000000000002 -0.8031651611033326
3.900000000000002 -0.8038768636374138
4.000000000000002 -0.8039994560312395
4.100000000000001 -0.8016547103575942
4.200000000000001 -0.8022737347042835
4.300000000000001 -0.8047494426295001
4.4 -0.8048116863025834
4.5 -0.8040382937972563
4.6 -0.8027422177786803
4.699999999999999 -0.8025292666539794
4.799999999999999 -0.8035135180377208
4.899999999999999 -0.8041042904959239
4.999999999999998 -0.8041099625450163
5.099999999999998 -0.8021950069208353
5.199999999999998 -0.800363846655469
5.299999999999997 -0.8035165494250885
5.399999999999997 -0.8038942928244928
5.499999999999996 -0.8035078846554572
5.599999999999996 -0.8026122480477365
5.699999999999996 -0.8021175696842396
5.799999999999995 -0.8032472708708067
5.899999999999995 -0.8044193901759763
5.999999999999995 -0.8048801194301618
6.099999999999994 -0.8038446157692309
6.199999999999994 -0.8006197591087918
6.299999999999994 -0.8035649013037591
6.399999999999993 -0.8041356314043355
6.499999999999993 -0.8035203029270671
6.599999999999993 -0.8024876352592362
6.699999999999992 -0.8015238025592446
6.799999999999992 -0.8019923176875108
6.899999999999991 -0.803149077283875
6.999999999999991 -0.8039580038451228
7.099999999999991 -0.8041387776953058
7.19999999999999 -0.8018703684233166
7.29999999999999 -0.8023326509292579
7.39999999999999 -0.8047307718886838
7.499999999999989 -0.8046956185712411
7.599999999999989 -0.8038323998359711
7.699999999999989 -0.8024909194302337
7.799999999999988 -0.8021712661109145
7.899999999999988 -0.8030800933151568
7.999999999999988 -0.8037050154488004
8.099999999999987 -0.8038406660995623
8.199999999999987 -0.8023228275088039
8.299999999999986 -0.8000056082445693
8.399999999999986 -0.8034064394456361
8.499999999999986 -0.804018418368655
8.599999999999985 -0.8037014230578123
8.699999999999985 -0.802786887675708
8.799999999999985 -0.8021580664828805
8.899999999999984 -0.803199366513571
8.999999999999984 -0.8043002529209184
9.099999999999984 -0.8046662238303799
9.199999999999983 -0.803606685235855
9.299999999999983 -0.8001916733993881
9.399999999999983 -0.8031544712981618
9.499999999999982 -0.8038295598924123
9.599999999999982 -0.8033091014794891
9.699999999999982 -0.8023913344842419
9.799999999999981 -0.8014807560752946
9.899999999999981 -0.8019791926429389
9.99999999999998 -0.8032369950565986
10.09999999999998 -0.8041145304218017
10.19999999999998 -0.8042930474968472
10.29999999999998 -0.8019911362462427
10.39999999999998 -0.8023424470797812
10.49999999999998 -0.8046101538062319
10.59999999999998 -0.8044627579913146
10.69999999999998 -0.8035426739267623
10.79999999999998 -0.8022066027753287
10.89999999999998 -0.8018243476907607
10.99999999999998 -0.8027032448897944
11.09999999999998 -0.8034062131902875
11.19999999999998 -0.8036861454018462
11.29999999999998 -0.8025420690587597
11.39999999999998 -0.7999251819033245
11.49999999999998 -0.803406087854005
11.59999999999997 -0.8042322143115481
11.69999999999997 -0.8039393332626819
11.79999999999997 -0.802971569413148
11.89999999999997 -0.8021778517584923
11.99999999999997 -0.8030685615306742
12.09999999999997 -0.804081511565067
12.19999999999997 -0.8043899358928117
12.29999999999997 -0.8034383386873364
12.39999999999997 -0.7998683928795486
12.49999999999997 -0.8027805829212535
12.59999999999997 -0.8036991828732413
12.69999999999997 -0.8033122005770685
12.79999999999997 -0.802512535222266
12.89999999999997 -0.8016217764045019
12.99999999999997 -0.8021153687713509
13.09999999999997 -0.8034564052672146
13.19999999999997 -0.8043621911747962
13.29999999999997 -0.8044841664914031
13.39999999999997 -0.8020639285501692
13.49999999999997 -0.8023126510929062
13.59999999999997 -0.8044622231205096
13.69999999999997 -0.804225009296353
13.79999999999997 -0.8032948505349674
13.89999999999997 -0.8020068737279209
13.99999999999997 -0.8016084972625775
14.09999999999997 -0.8025054355812845
14.19999999999997 -0.8033148962676837
14.29999999999997 -0.8037315587783331
14.39999999999996 -0.8028658981593698
14.49999999999996 -0.8001500304851006
14.59999999999996 -0.8035525860583567
14.69999999999996 -0.8045120529902329
14.79999999999996 -0.8041862128577992
14.89999999999996 -0.8031409276419098
14.99999999999996 -0.8021945794942751
15.09999999999996 -0.8029084607595041
15.19999999999996 -0.8038391228773849
15.29999999999996 -0.8041387635963795
15.39999999999996 -0.8033897489400625
15.49999999999996 -0.7998278911313336
15.59999999999996 -0.8024997421445785
15.69999999999996 -0.8037763465676291
15.79999999999996 -0.8035439746769865
15.89999999999996 -0.8028491440598475
15.99999999999996 -0.8019402443235517
16.09999999999996 -0.8023805166491529
16.19999999999996 -0.8037657221378252
16.29999999999996 -0.8046513337917687
16.39999999999996 -0.8046798590100466
16.49999999999996 -0.8021018412545275
16.59999999999997 -0.8022386043553499
16.69999999999997 -0.8043339563620839
16.79999999999997 -0.8040563850910429
16.89999999999997 -0.8031638805527866
16.99999999999997 -0.8019516032684441
17.09999999999997 -0.8015746601752221
17.19999999999997 -0.8025323206321989
17.29999999999998 -0.8034607441364299
17.39999999999998 -0.8039888250528187
17.49999999999998 -0.8032700777229709
17.59999999999998 -0.800557891742159
17.69999999999998 -0.8038236932322551
17.79999999999998 -0.8047872999304924
17.89999999999998 -0.8043729281045973
17.99999999999999 -0.803243540524997
18.09999999999999 -0.8021944203902117
18.19999999999999 -0.8027544104298467
18.29999999999999 -0.8036283777702397
18.39999999999999 -0.8039649561480546
18.49999999999999 -0.8034499847487298
18.59999999999999 -0.8001044217243185
18.7 -0.8023201056904128
18.8 -0.8040029730289552
18.9 -0.8039244118798263
19 -0.8033021603478914
19.1 -0.8023381990223399
19.2 -0.8026759365979534
19.3 -0.8040474907392664
19.40000000000001 -0.8048660682440931
19.50000000000001 -0.804795138097593
19.60000000000001 -0.8020882869479162
19.70000000000001 -0.8020714681352991
19.80000000000001 -0.8042128661053398
19.90000000000001 -0.8039590702189474
20.00000000000001 -0.8031451288809506
20.10000000000002 -0.802019952160564
20.20000000000002 -0.8016828899412101
20.30000000000002 -0.8027310385357209
20.40000000000002 -0.8037748424439146
20.50000000000002 -0.8043725876596205
20.60000000000002 -0.8036618077900639
20.70000000000002 -0.800960308358635
20.80000000000003 -0.8041122658548767
20.90000000000003 -0.8049527394524064
21.00000000000003 -0.8044177584194607
21.10000000000003 -0.8032223809788388
21.20000000000003 -0.8021369343991489
21.30000000000003 -0.8026030154808563
21.40000000000003 -0.8034610371347877
21.50000000000004 -0.8038709690129366
21.60000000000004 -0.8035744471477146
21.70000000000004 -0.8005640326802888
21.80000000000004 -0.8022491627176902
21.90000000000004 -0.8042894798006075
22.00000000000004 -0.8043347000516232
22.10000000000004 -0.8037344791367393
22.20000000000005 -0.802684659048967
22.30000000000005 -0.8028825538190988
22.40000000000005 -0.8041767302831193
22.50000000000005 -0.8048992369166479
22.60000000000005 -0.8047617120968767
22.70000000000005 -0.8020351382421771
22.80000000000005 -0.8017557982320346
22.90000000000006 -0.8040658184484276
23.00000000000006 -0.8039040641324188
23.10000000000006 -0.8031984065287743
23.20000000000006 -0.8021566220417344
23.30000000000006 -0.8018513926059565
23.40000000000006 -0.8029985515706746
23.50000000000006 -0.8041368771980286
23.60000000000007 -0.8047489538324233
23.70000000000007 -0.8039234561842812
23.80000000000007 -0.8011977500032329
23.90000000000007 -0.8042760829020309
24.00000000000007 -0.8049222305952526
24.10000000000007 -0.8042746225548965
24.20000000000007 -0.8030535690625613
24.30000000000008 -0.8019926810399561
24.40000000000008 -0.8024352450248797
24.50000000000008 -0.8033240482245284
24.60000000000008 -0.8038318866961552
24.70000000000008 -0.8037155917151499
24.80000000000008 -0.8010305697838813
24.90000000000008 -0.8022943010622863
25.00000000000009 -0.8045594947413802
25.10000000000009 -0.8046664258088888
25.20000000000009 -0.804029054080152
25.30000000000009 -0.8028777264544296
25.40000000000009 -0.8029193563138759
25.50000000000009 -0.804087709205406
25.60000000000009 -0.8047168712656559
25.7000000000001 -0.8045754769355201
25.8000000000001 -0.8019991227318136
25.9000000000001 -0.8012802798799625
26.0000000000001 -0.8038794160184436
26.1000000000001 -0.8038743756243607
26.2000000000001 -0.8032926521438915
26.3000000000001 -0.8023174773232902
26.40000000000011 -0.8020072397930329
26.50000000000011 -0.8032331575556313
26.60000000000011 -0.8044276277157516
26.70000000000011 -0.8049951996110931
26.80000000000011 -0.8039788202264406
26.90000000000011 -0.801179072643552
27.00000000000011 -0.8042207039559572
27.10000000000012 -0.804682504212528
27.20000000000012 -0.803968256359505
27.30000000000012 -0.802771013932582
27.40000000000012 -0.8017743061047231
27.50000000000012 -0.8022507463721649
27.60000000000012 -0.8032125396327009
27.70000000000012 -0.803829251477485
27.80000000000013 -0.8038447465627325
27.90000000000013 -0.8013921313550511
28.00000000000013 -0.8024182962579816
28.10000000000013 -0.8047453935588709
28.20000000000013 -0.8048320757734803
28.30000000000013 -0.804108566167079
28.40000000000013 -0.8028639197875144
28.50000000000014 -0.8027571926392179
28.60000000000014 -0.8037853728358859
28.70000000000014 -0.8043557583764631
28.80000000000014 -0.8042785839662814
28.90000000000014 -0.8020268584009853
29.00000000000014 -0.8007065461962313
29.10000000000014 -0.8036659851503188
29.20000000000014 -0.8038735327450844
29.30000000000015 -0.8034155015796156
29.40000000000015 -0.8024808823335569
29.50000000000015 -0.8021054651932904
29.60000000000015 -0.8033567734338487
29.70000000000015 -0.8045566318649959
29.80000000000015 -0.805035964881869
29.90000000000015 -0.8038343023812078
30.00000000000016 -0.8008817430068278
30.10000000000016 -0.8039374912389495
30.20000000000016 -0.8042989117508867
30.30000000000016 -0.8035844927302823
30.40000000000016 -0.8024555130953011
30.50000000000016 -0.8015334368610674
30.60000000000016 -0.8020746642480534
30.70000000000017 -0.803140571608647
30.80000000000017 -0.8038631667016836
30.90000000000017 -0.8039560929837799
31.00000000000017 -0.8016126446494941
31.10000000000017 -0.8025404478334834
31.20000000000017 -0.8047932295341523
31.30000000000017 -0.8047852674613379
31.40000000000018 -0.8039557493470273
31.50000000000018 -0.8026492332934858
31.60000000000018 -0.8024235795542938
31.70000000000018 -0.8033356763890088
31.80000000000018 -0.803899724360518
31.90000000000018 -0.8039376330112284
32.00000000000018 -0.8021203465475886
32.10000000000019 -0.8001861730233097
32.20000000000019 -0.8034681731395915
32.30000000000019 -0.8039276989825127
32.40000000000019 -0.8035756502344071
32.50000000000019 -0.8026511752973109
32.60000000000019 -0.8021434855940419
32.70000000000019 -0.8033381059034935
32.8000000000002 -0.8044926166934725
32.9000000000002 -0.804873223236594
33.0000000000002 -0.8035898208295373
33.1000000000002 -0.800369504385563
33.2000000000002 -0.8035039052096586
33.3000000000002 -0.803898905977691
33.4000000000002 -0.8032515073119756
33.50000000000021 -0.8022225745895533
33.60000000000021 -0.8013566794531151
33.70000000000021 -0.8019621430676847
33.80000000000021 -0.8031495766670695
33.90000000000021 -0.803961850731842
34.00000000000021 -0.8040750097958396
34.10000000000021 -0.8017158134520239
34.20000000000022 -0.80260163564908
34.30000000000022 -0.8047046060734697
34.40000000000022 -0.8045616695523118
34.50000000000022 -0.8036411676118007
34.60000000000022 -0.8023165869053536
34.70000000000022 -0.8020162643151401
34.80000000000022 -0.802863133782159
34.90000000000023 -0.8034735506358474
35.00000000000023 -0.8036518018438947
35.10000000000023 -0.8022750884715059
35.20000000000023 -0.799915875027133
35.30000000000023 -0.8033559501258849
35.40000000000023 -0.8040710570494519
35.50000000000023 -0.803787392376616
35.60000000000024 -0.8028414264393964
35.70000000000024 -0.802155020111882
35.80000000000024 -0.8032028135419655
35.90000000000024 -0.8042745606985071
36.00000000000024 -0.8045811358471102
36.10000000000024 -0.8033814887282081
36.20000000000024 -0.7998261322945432
36.30000000000025 -0.8030476838798328
36.40000000000025 -0.8036356257215639
36.50000000000025 -0.803110917718469
36.60000000000025 -0.8022003473721231
36.70000000000025 -0.8013525115887918
36.80000000000025 -0.8019904768563306
36.90000000000025 -0.8032998911482606
37.00000000000026 -0.8041728617284727
37.10000000000026 -0.8042508509864166
37.20000000000026 -0.8017630237396307
37.30000000000026 -0.8026099489744302
37.40000000000026 -0.8045556572598758
37.50000000000026 -0.8042810327442275
37.60000000000026 -0.8033097288994617
37.70000000000027 -0.8020096901255398
37.80000000000027 -0.8016849062210294
37.90000000000027 -0.80252740139124
38.00000000000027 -0.8032258153905217
38.10000000000027 -0.803547031752351
38.20000000000027 -0.8025254520361622
38.30000000000027 -0.8000073071606367
38.40000000000028 -0.8034046139180951
38.50000000000028 -0.8043149259096969
38.60000000000028 -0.804040813692289
38.70000000000028 -0.8030414247420604
38.80000000000028 -0.8021752868150427
38.90000000000028 -0.8030149306176735
39.00000000000028 -0.8039867108484197
39.10000000000029 -0.8042624482266397
39.20000000000029 -0.8032890602229765
39.30000000000029 -0.7995305810242044
39.40000000000029 -0.8026723891547781
39.50000000000029 -0.8036124001419661
39.60000000000029 -0.8032502204299905
39.70000000000029 -0.8024631987677107
39.8000000000003 -0.8015910595998563
39.9000000000003 -0.802204081116057
40.0000000000003 -0.8036121257809803
40.1000000000003 -0.804503980917555
40.2000000000003 -0.804501036205776
40.3000000000003 -0.8018024528543992
40.4000000000003 -0.8025981471451373
40.50000000000031 -0.8044371858810406
40.60000000000031 -0.8040710264368887
40.70000000000031 -0.8030994071365342
40.80000000000031 -0.8018561401505627
40.90000000000031 -0.8015528737512412
41.00000000000031 -0.8024496588898808
41.10000000000031 -0.8032631529629801
41.20000000000032 -0.8037122196693878
41.30000000000032 -0.8029084741468226
41.40000000000032 -0.8004065550238575
41.50000000000032 -0.8036589198817465
41.60000000000032 -0.8046332619153649
41.70000000000032 -0.8042959051644942
41.80000000000032 -0.803216405836247
41.90000000000033 -0.8022162351495261
42.00000000000033 -0.8028480897230218
42.10000000000033 -0.8037261873922279
42.20000000000033 -0.804014972259791
42.30000000000033 -0.8033229942007595
42.40000000000033 -0.7996766459271417
42.50000000000033 -0.8024086145475882
42.60000000000034 -0.8038109744758092
42.70000000000034 -0.8036314871958314
42.80000000000034 -0.802954984326529
42.90000000000034 -0.8020241025681152
43.00000000000034 -0.8025441260371107
43.10000000000034 -0.8039969924133481
43.20000000000034 -0.8048557343032949
43.30000000000035 -0.8047482221785363
43.40000000000035 -0.8018190381814558
43.50000000000035 -0.8025374122760909
43.60000000000035 -0.8043637301201582
43.70000000000035 -0.8039703039980637
43.80000000000035 -0.8030483587881331
43.90000000000035 -0.8018803962555587
44.00000000000036 -0.8016301379184538
44.10000000000036 -0.802629316112536
44.20000000000036 -0.8035696400927013
44.30000000000036 -0.8041146002266594
44.40000000000036 -0.8033718883792853
44.50000000000036 -0.8009332517140574
44.60000000000036 -0.8040547312841737
44.70000000000037 -0.8049323103048277
44.80000000000037 -0.8044678060519577
44.90000000000037 -0.8033011105884398
45.00000000000037 -0.8022385820591851
45.10000000000037 -0.8027238555326037
45.20000000000037 -0.8035404512237728
45.30000000000037 -0.8038805576224132
45.40000000000038 -0.8034502567078919
45.50000000000038 -0.8001724454960542
45.60000000000038 -0.8022661045760535
45.70000000000038 -0.804126680758273
45.80000000000038 -0.804120353709714
45.90000000000038 -0.8035156324702254
46.00000000000038 -0.8025010830776598
46.10000000000039 -0.8028709651317596
46.20000000000039 -0.8042887459918062
46.30000000000039 -0.8050643482924273
46.40000000000039 -0.8048660172784725
46.50000000000039 -0.8017838877521012
46.60000000000039 -0.8023368232856432
46.70000000000039 -0.804279245662998
46.8000000000004 -0.8039349421303188
46.9000000000004 -0.8031058816955392
47.0000000000004 -0.8020173035569402
47.1000000000004 -0.8018264485495019
47.2000000000004 -0.8029574416548804
47.3000000000004 -0.8040191985595452
47.4000000000004 -0.8046102978847153
47.50000000000041 -0.8037720579830328
47.60000000000041 -0.8013791287105158
47.70000000000041 -0.8044144815134872
47.80000000000041 -0.8050712210852553
47.90000000000041 -0.8044538273688516
48.00000000000041 -0.8032231058377355
48.10000000000041 -0.802172191792685
48.20000000000041 -0.8026008814547098
48.30000000000042 -0.8034078429534774
48.40000000000042 -0.8038306080956594
48.50000000000042 -0.803612484646015
48.60000000000042 -0.8007559233087153
48.70000000000042 -0.8022873545876603
48.80000000000042 -0.8044707622368159
48.90000000000042 -0.8045861871754542
49.00000000000043 -0.8039899197355413
49.10000000000043 -0.8028757324982656
49.20000000000043 -0.8030657215560483
49.30000000000043 -0.8043652897626452
49.40000000000043 -0.8050309383840792
49.50000000000043 -0.8047966904627619
49.60000000000043 -0.8017452902023399
49.70000000000044 -0.8019320826827729
49.80000000000044 -0.8041431870715569
49.90000000000044 -0.803925799793447
50.00000000000044 -0.8032210611185021
