0 -0.8010850400053366
0.1 -0.7955539824933542
0.2 -0.7930099724823354
0.3 -0.7926178318075243
0.4 -0.7932598342143464
0.5 -0.793725557212006
0.6 -0.7921561339658598
0.7 -0.7903090156130423
0.7999999999999999 -0.7895359988088047
0.8999999999999999 -0.7899672056817943
0.9999999999999999 -0.7937109734364445
1.1 -0.7959238506705032
1.2 -0.792881850991649
1.3 -0.7932389249569303
1.4 -0.7948534214895082
1.5 -0.7969948156557802
1.6 -0.7973667963248648
1.7 -0.7949338259415941
1.8 -0.7925792583416055
1.900000000000001 -0.7913675625037797
2 -0.7921238299180742
2.100000000000001 -0.7956244526805392
2.200000000000001 -0.7914656600146043
2.300000000000001 -0.7895871912412367
2.400000000000001 -0.7899227827848101
2.500000000000001 -0.7914019420107676
2.600000000000001 -0.7938895849980883
2.700000000000001 -0.7951722698729441
2.800000000000001 -0.794491731489146
2.900000000000001 -0.7940446491197204
3.000000000000001 -0.7945753594013294
3.100000000000001 -0.7983291955805798
3.200000000000002 -0.7981389223542792
3.300000000000002 -0.7925451858069588
3.400000000000002 -0.7912633394233743
3.500000000000002 -0.7914673113014551
3.600000000000002 -0.7926107322394182
3.700000000000002 -0.792955384496655
3.800000000000002 -0.7914508089861677
3.900000000000002 -0.790240658211803
4.000000000000002 -0.7901165123111263
4.100000000000001 -0.7917405500551722
4.200000000000001 -0.7974255885456473
4.300000000000001 -0.7958128088262927
4.4 -0.7940977406826465
4.5 -0.7946557798132275
4.6 -0.7958613362349674
4.699999999999999 -0.7966553396699383
4.799999999999999 -0.7949373755109932
4.899999999999999 -0.792236527009636
4.999999999999998 -0.7906039842659074
5.099999999999998 -0.7901846102623713
5.199999999999998 -0.792487369294993
5.299999999999997 -0.7946666035634731
5.399999999999997 -0.7907160835009664
5.499999999999996 -0.7901779247220846
5.599999999999996 -0.7912398682992443
5.699999999999996 -0.7935705436031423
5.799999999999995 -0.7962500943928181
5.899999999999995 -0.7964175572515899
5.999999999999995 -0.7951023688431824
6.099999999999994 -0.7942437176810422
6.199999999999994 -0.794795190362758
6.299999999999994 -0.7988699772176036
6.399999999999993 -0.7934878605565078
6.499999999999993 -0.7903333160559741
6.599999999999993 -0.790037799822576
6.699999999999992 -0.7909103582788565
6.799999999999992 -0.7925165739757454
6.899999999999991 -0.7927104737230757
6.999999999999991 -0.791430159766894
7.099999999999991 -0.7908463267909666
7.19999999999999 -0.7915029065624659
7.29999999999999 -0.7951354035725694
7.39999999999999 -0.7997052993391515
7.499999999999989 -0.7954545699296198
7.599999999999989 -0.7943685382359824
7.699999999999989 -0.794523034215047
7.799999999999988 -0.7951808391594697
7.899999999999988 -0.7947882578762884
7.999999999999988 -0.7924954922255856
8.099999999999987 -0.7905395435934692
8.199999999999987 -0.7897016235227509
8.299999999999986 -0.7901997501968823
8.399999999999986 -0.7940689528934968
8.499999999999986 -0.7937151662652225
8.599999999999985 -0.7911968067249678
8.699999999999985 -0.7916931011643189
8.799999999999985 -0.7935118465946682
8.899999999999984 -0.7963087069438838
8.999999999999984 -0.7976402860185797
9.099999999999984 -0.7959382996098281
9.199999999999983 -0.7939354141961574
9.299999999999983 -0.7928599929597712
9.399999999999983 -0.7944201399044046
9.499999999999982 -0.7966421611761465
9.599999999999982 -0.7909137018614689
9.699999999999982 -0.7895616663061475
9.799999999999981 -0.7899574382038724
9.899999999999981 -0.7914917063347808
9.99999999999998 -0.7934710614497648
10.09999999999998 -0.7934775514910886
10.19999999999998 -0.7925340629403336
10.29999999999998 -0.7925512879061091
10.39999999999998 -0.7941424947923678
10.49999999999998 -0.7998403184216625
10.59999999999998 -0.797776762956206
10.69999999999998 -0.7938677505352011
10.79999999999998 -0.7930152227844365
10.89999999999998 -0.7932409912906632
10.99999999999998 -0.7938401074747415
11.09999999999998 -0.7928982792449638
11.19999999999998 -0.7909170228277072
11.29999999999998 -0.78975333096286
11.39999999999998 -0.7896197766416957
11.49999999999998 -0.7914339759887431
11.59999999999997 -0.796042851872652
11.69999999999997 -0.7935410237959303
11.79999999999997 -0.7927228938601162
11.89999999999997 -0.7938957198627001
11.99999999999997 -0.7959606213315751
12.09999999999997 -0.7976629998169964
12.19999999999997 -0.7963806499507392
12.29999999999997 -0.793662907812
12.39999999999997 -0.7918336683888714
12.49999999999997 -0.7913623708442241
12.59999999999997 -0.7945114328168201
12.69999999999997 -0.7937196806697833
12.79999999999997 -0.7897292623951615
12.89999999999997 -0.7894274615354899
12.99999999999997 -0.7904434720721099
13.09999999999997 -0.7927294029575707
13.19999999999997 -0.7948719738790834
13.29999999999997 -0.7945543464079714
13.39999999999997 -0.7938322710227423
13.49999999999997 -0.7940580653095085
13.59999999999997 -0.7965384503519602
13.69999999999997 -0.8006948156337633
13.79999999999997 -0.794076937274279
13.89999999999997 -0.7917853296898085
13.99999999999997 -0.7915453970075297
14.09999999999997 -0.7923436169056988
14.19999999999997 -0.793041852915974
14.29999999999997 -0.7919150207423342
14.39999999999996 -0.7904509591474981
14.49999999999996 -0.7899574806366052
14.59999999999996 -0.7906713206901297
14.69999999999996 -0.7945334514618896
14.79999999999996 -0.7972245716248461
14.89999999999996 -0.7944677379238387
14.99999999999996 -0.7945379143150928
15.09999999999996 -0.7955633304343837
15.19999999999996 -0.7967868434174089
15.29999999999996 -0.796335828679229
15.39999999999996 -0.7937024910159507
15.49999999999996 -0.7914600901483491
15.59999999999996 -0.7903837529216488
15.69999999999996 -0.790998110031753
15.79999999999996 -0.795102985435191
15.89999999999996 -0.7920994622989694
15.99999999999996 -0.7899322691913275
16.09999999999996 -0.7904139346922648
16.19999999999996 -0.7922059833832125
16.29999999999996 -0.7952116477700685
16.39999999999996 -0.7967280400113622
16.49999999999996 -0.795606001434066
16.59999999999997 -0.7945343563141821
16.69999999999997 -0.7944427363417516
16.79999999999997 -0.7980856619632778
16.89999999999997 -0.7963683797964612
16.99999999999997 -0.7910670191543177
17.09999999999997 -0.7901972010042635
17.19999999999997 -0.7906919493151979
17.29999999999998 -0.7921191567740378
17.39999999999998 -0.7928097069980714
17.49999999999998 -0.7916642406188332
17.59999999999998 -0.7907658428200417
17.69999999999998 -0.7909825647978639
17.79999999999998 -0.7930888365867588
17.89999999999998 -0.7987863510163959
17.99999999999999 -0.7967630166341094
18.09999999999999 -0.7947725883012615
18.19999999999999 -0.7946401795700353
18.29999999999999 -0.7950790120570158
18.39999999999999 -0.7952587121572696
18.49999999999999 -0.7935731756102289
18.59999999999999 -0.7912534751144148
18.7 -0.7899080954483565
18.8 -0.7896189586226845
18.9 -0.7916149681211327
19 -0.7951406225330664
19.1 -0.7916574163973489
19.2 -0.7910360941808394
19.3 -0.7922959891402148
19.40000000000001 -0.7948718001457743
19.50000000000001 -0.7975980024021438
19.60000000000001 -0.7971172265333949
19.70000000000001 -0.7948839071942609
19.80000000000001 -0.7933138638200945
19.90000000000001 -0.7934417173593939
20.00000000000001 -0.7978881154289694
20.10000000000002 -0.7922969010688276
20.20000000000002 -0.7894022133507864
20.30000000000002 -0.7894067796618995
20.40000000000002 -0.7905642228316927
20.50000000000002 -0.7925882714622021
20.60000000000002 -0.7932037169571127
20.70000000000002 -0.7921795009253735
20.80000000000003 -0.7918667354770075
20.90000000000003 -0.7928789218874137
21.00000000000003 -0.797028898981524
21.10000000000003 -0.7999618999309647
21.20000000000003 -0.79513962146996
21.30000000000003 -0.7936343902705696
21.40000000000003 -0.7933951702786739
21.50000000000004 -0.7937944176707512
21.60000000000004 -0.7934514813483438
21.70000000000004 -0.7916217964829897
21.80000000000004 -0.7900649186860651
21.90000000000004 -0.7894766052013364
22.00000000000004 -0.7900728592646593
22.10000000000004 -0.7937563627750558
22.20000000000005 -0.7949056163470669
22.30000000000005 -0.7925506785112536
22.40000000000005 -0.7930819446558013
22.50000000000005 -0.7948553391125888
22.60000000000005 -0.7972401109591414
22.70000000000005 -0.7977217748188958
22.80000000000005 -0.7951764138429753
22.90000000000006 -0.7927015905143908
23.00000000000006 -0.7914094425422444
23.10000000000006 -0.792732642055593
23.20000000000006 -0.7963338787035614
23.30000000000006 -0.7905312230112662
23.40000000000006 -0.7891786793148112
23.50000000000006 -0.7897791959846312
23.60000000000007 -0.7916544612295255
23.70000000000007 -0.7942613839041683
23.80000000000007 -0.7946489693590824
23.90000000000007 -0.7937497055497076
24.00000000000007 -0.793779414814053
24.10000000000007 -0.7954084035299958
24.20000000000007 -0.8008888864040227
24.30000000000008 -0.7963361581232451
24.40000000000008 -0.7925445627923549
24.50000000000008 -0.7917473526326585
24.60000000000008 -0.7920648920419496
24.70000000000008 -0.7927816945016918
24.80000000000008 -0.7921575060823088
24.90000000000008 -0.7906057901637791
25.00000000000009 -0.7897587292095271
25.10000000000009 -0.7898987611249999
25.20000000000009 -0.7919192329867022
25.30000000000009 -0.7966735315122653
25.40000000000009 -0.7949983096547225
25.50000000000009 -0.7941735907415172
25.60000000000009 -0.7950014303808079
25.7000000000001 -0.7963253489324786
25.8000000000001 -0.7970058864946882
25.9000000000001 -0.7951223278759576
26.0000000000001 -0.7923371659861962
26.1000000000001 -0.7906014268769074
26.2000000000001 -0.7901110415811357
26.3000000000001 -0.7929056382388662
26.40000000000011 -0.7943479556673491
26.50000000000011 -0.7899600862044003
26.60000000000011 -0.7896180833543043
26.70000000000011 -0.7908490816210307
26.80000000000011 -0.793600381764286
26.90000000000011 -0.7963976608957907
27.00000000000011 -0.7960269911616931
27.10000000000012 -0.7948174693327571
27.20000000000012 -0.7944613345680102
27.30000000000012 -0.7966627112131508
27.40000000000012 -0.7997036623127316
27.50000000000012 -0.7924565038210224
27.60000000000012 -0.7906224145661506
27.70000000000012 -0.7906799866918918
27.80000000000013 -0.791737803333243
27.90000000000013 -0.7927138089080519
28.00000000000013 -0.7919315980286312
28.10000000000013 -0.7908024580272993
28.20000000000013 -0.7906343078406158
28.30000000000013 -0.7917699041043003
28.40000000000013 -0.7960433196519866
28.50000000000014 -0.7984299409255655
28.60000000000014 -0.7957168382730485
28.70000000000014 -0.7952418367678942
28.80000000000014 -0.7954655854492656
28.90000000000014 -0.795832588281705
29.00000000000014 -0.7949459384728912
29.10000000000014 -0.7925473890184255
29.20000000000014 -0.7906320897230831
29.30000000000015 -0.7897631196664703
29.40000000000015 -0.7902611384593358
29.50000000000015 -0.79431477628277
29.60000000000015 -0.7932409859156948
29.70000000000015 -0.790761146828221
29.80000000000015 -0.791346438747372
29.90000000000015 -0.7934118581627574
30.00000000000016 -0.7967700737040061
30.10000000000016 -0.7982010906522635
30.20000000000016 -0.7962209453179903
30.30000000000016 -0.7942614766445177
30.40000000000016 -0.7934975693915416
30.50000000000016 -0.7972236103313188
30.60000000000016 -0.7951247197243371
30.70000000000017 -0.7899332225311574
30.80000000000017 -0.7894269535948636
30.90000000000017 -0.7902058944241465
31.00000000000017 -0.7919879518852391
31.10000000000017 -0.7930956226798083
31.20000000000017 -0.7922448872380037
31.30000000000017 -0.791643553331886
31.40000000000018 -0.7922479941962042
31.50000000000018 -0.7949462120089295
31.60000000000018 -0.8003882876746284
31.70000000000018 -0.7970885277805748
31.80000000000018 -0.7946862955457045
31.90000000000018 -0.7939831893303724
32.00000000000018 -0.7939852843937566
32.10000000000019 -0.7939323747693505
32.20000000000019 -0.7924974048740426
32.30000000000019 -0.790633523391288
32.40000000000019 -0.7896010252824344
32.50000000000019 -0.789499559171794
32.60000000000019 -0.7913543475263849
32.70000000000019 -0.7955045044839367
32.8000000000002 -0.7930316336318971
32.9000000000002 -0.7924338158371746
33.0000000000002 -0.7938160337947811
33.1000000000002 -0.7963171548010883
33.2000000000002 -0.7984920004606597
33.3000000000002 -0.7970484489091466
33.4000000000002 -0.7940295782902624
33.50000000000021 -0.7920401352218424
33.60000000000021 -0.7918671232238539
33.70000000000021 -0.7969093800226554
33.80000000000021 -0.7918326490640846
33.90000000000021 -0.7887898437537137
34.00000000000021 -0.7890020657743402
34.10000000000021 -0.7904367554337708
34.20000000000022 -0.7930112690623716
34.30000000000022 -0.7941505820446964
34.40000000000022 -0.7932893603904188
34.50000000000022 -0.7931519506967698
34.60000000000022 -0.7943785409039834
34.70000000000022 -0.7989196425903127
34.80000000000022 -0.7992625524617639
34.90000000000023 -0.7939766050656254
35.00000000000023 -0.7924064213156273
35.10000000000023 -0.7921539758506587
35.20000000000023 -0.7925905397473667
35.30000000000023 -0.7923921123865316
35.40000000000023 -0.7909623331335599
35.50000000000023 -0.7897844222293466
35.60000000000024 -0.7894810850870742
35.70000000000024 -0.7903345097276402
35.80000000000024 -0.7940656279633922
35.90000000000024 -0.7959983909769441
36.00000000000024 -0.794124901507387
36.10000000000024 -0.794591986847662
36.20000000000024 -0.7959335492244093
36.30000000000025 -0.7973741265678871
36.40000000000025 -0.7968321039130521
36.50000000000025 -0.7938808677813118
36.60000000000025 -0.7913801179965031
36.70000000000025 -0.7901185122538313
36.80000000000025 -0.7910536453458833
36.90000000000025 -0.7959816263641512
37.00000000000026 -0.7906329475752403
37.10000000000026 -0.7889473085260426
37.20000000000026 -0.7896917603972128
37.30000000000026 -0.7919225418831224
37.40000000000026 -0.7953071469443039
37.50000000000026 -0.7960669175930314
37.60000000000026 -0.7949029309194666
37.70000000000027 -0.7945604195815597
37.80000000000027 -0.7958926973911892
37.90000000000027 -0.8010291320879446
38.00000000000027 -0.7942982102481332
38.10000000000027 -0.7909947679383516
38.20000000000027 -0.7905080386023826
38.30000000000027 -0.7910740699750625
38.40000000000028 -0.791990228279146
38.50000000000028 -0.7916256021678612
38.60000000000028 -0.7904299336362107
38.70000000000028 -0.7899149820690535
38.80000000000028 -0.7904196786005656
38.90000000000028 -0.7928975118001579
39.00000000000028 -0.7976851941105486
39.10000000000029 -0.7962984529053839
39.20000000000029 -0.7953041854289336
39.30000000000029 -0.7954366508447031
39.40000000000029 -0.7958021819462603
39.50000000000029 -0.7956071748660586
39.60000000000029 -0.7935908081092877
39.70000000000029 -0.7911177227399666
39.8000000000003 -0.7896374567773178
39.9000000000003 -0.7892066180386601
40.0000000000003 -0.7913773878508776
40.1000000000003 -0.7949082228665939
40.2000000000003 -0.7906081942749612
40.3000000000003 -0.7900698927408507
40.4000000000003 -0.7914983804383754
40.50000000000031 -0.7946618561512737
40.60000000000031 -0.7979998815328979
40.70000000000031 -0.797211892562117
40.80000000000031 -0.795048206935681
40.90000000000031 -0.7938308656294376
41.00000000000031 -0.7957289451259201
41.10000000000031 -0.7985820056385713
41.20000000000032 -0.7908897186829222
41.30000000000032 -0.7895213687609829
41.40000000000032 -0.7898941762252526
41.50000000000032 -0.7912515176658595
41.60000000000032 -0.7925746001117253
41.70000000000032 -0.7921039288935385
41.80000000000032 -0.7912841076535477
41.90000000000033 -0.791494996159212
42.00000000000033 -0.7931651161502418
42.10000000000033 -0.7979443092719793
42.20000000000033 -0.7992486583923281
42.30000000000033 -0.7961338594871501
42.40000000000033 -0.7949612994652577
42.50000000000033 -0.7945118386824337
42.60000000000034 -0.7943882752832471
42.70000000000034 -0.7934555445230491
42.80000000000034 -0.7914890056848488
42.90000000000034 -0.7899591131524349
43.00000000000034 -0.7893203193188665
43.10000000000034 -0.7898093610804439
43.20000000000034 -0.7934667437955372
43.30000000000035 -0.794454027170458
43.40000000000035 -0.7919924223133614
43.50000000000035 -0.7926607907549459
43.60000000000035 -0.7948621863676211
43.70000000000035 -0.7981211418569943
43.80000000000035 -0.7989612904882437
43.90000000000035 -0.7959471148547386
44.00000000000036 -0.7932044569222477
44.10000000000036 -0.7919341380096414
44.20000000000036 -0.7955877614695674
44.30000000000036 -0.7948624508347734
44.40000000000036 -0.7891476688495073
44.50000000000036 -0.7888517429561765
44.60000000000036 -0.7898676187347129
44.70000000000037 -0.792076691951109
44.80000000000037 -0.7937807908499476
44.90000000000037 -0.7932060779022676
45.00000000000037 -0.7928551619611715
45.10000000000037 -0.7938117345537937
45.20000000000037 -0.7970292761698123
45.30000000000037 -0.8015692404820982
45.40000000000038 -0.796582553222962
45.50000000000038 -0.7938826005601904
45.60000000000038 -0.7929582556778004
45.70000000000038 -0.7928903202426103
45.80000000000038 -0.7928657010360929
45.90000000000038 -0.7917330579936519
46.00000000000038 -0.7902864231754448
46.10000000000039 -0.7895579994140494
46.20000000000039 -0.7896956643965831
46.30000000000039 -0.7916331673854042
46.40000000000039 -0.796031358278623
46.50000000000039 -0.7947102751402535
46.60000000000039 -0.7942830651778358
46.70000000000039 -0.7955688167532077
46.8000000000004 -0.7974724838804919
46.9000000000004 -0.7985292447763747
47.0000000000004 -0.7962298235219045
47.1000000000004 -0.7928995855182275
47.2000000000004 -0.7908471740131922
47.3000000000004 -0.7904172724725584
47.4000000000004 -0.7954838411869037
47.50000000000041 -0.7924457872773911
47.60000000000041 -0.7886158722936875
47.70000000000041 -0.7889033385037733
47.80000000000041 -0.7905881871567075
47.90000000000041 -0.7938600306249382
48.00000000000041 -0.7957197966066719
48.10000000000041 -0.7948526017103756
48.20000000000041 -0.7946229674961767
48.30000000000042 -0.7957239303810412
48.40000000000042 -0.8004512845985532
48.50000000000042 -0.7976859771948708
48.60000000000042 -0.7924415448841231
48.70000000000042 -0.7911548959328061
48.80000000000042 -0.7911323105423381
48.90000000000042 -0.791744966766707
49.00000000000043 -0.7917048937922851
49.10000000000043 -0.7905936563836365
49.20000000000043 -0.7897630465157093
49.30000000000043 -0.7897847347438471
49.40000000000043 -0.7910420551083504
49.50000000000043 -0.7950852085814925
49.60000000000043 -0.7972541198132466
49.70000000000044 -0.7958018046309157
49.80000000000044 -0.7959164795013685
49.90000000000044 -0.7964027799229122
50.00000000000044 -0.7966863090383622
