1 0.040631484079597234 -0.21383758880010623 0.46342987320582446 -0.3455483598401227 -0.28966059517898995 0.09205450876086815
1 -0.7770190870764433 0.6253373169677001 0.5002561258848927 1.4160074383345713 -1.4567688373217826 0.8353903010865533
1 0.12215906262696015 0.41743529692545556 0.8500442793577665 0.3395369196628125 -0.08445242055300008 -0.09255613667268989
1 -0.2772973499820343 0.5560855632873312 0.33232868777560176 -2.526759810252603 1.194271271005548 -0.5551195443522611
1 0.19147974536350956 0.5054622057974633 -0.15457256381342357 -1.4070737667319793 -1.7858865697374238 -1.5177826518286657
1 -2.4776997559434717 -0.8419364795138693 -0.7717766571078795 1.0737455930089905 -0.1980864937286895 -0.6223992952426941
1 0.26389818869302833 0.9764628265614245 0.5508770368929704 0.4333093163074408 0.9342692818295805 -0.9687974557614669
1 1.0346368952750924 -0.767453729106451 -0.3135505120557748 -0.20948243477069747 -0.6800484605430073 0.4388368780387788
1 -1.8204330838546985 -1.2795224461049142 -0.633162134547945 -0.04282296251313308 0.007267403477889108 -0.5693514647131047
1 -0.5315371618740445 1.8665123525441156 0.5953909103235359 0.20049790297796208 0.7818115020600005 -0.1333955046656998
