1 -0.2462394904494596 0.2052321403465753 0.17009225829159633 -0.4139285090902085 0.522009488301873 0.5948459212091898
1 -0.7044382063250944 0.4798823914075546 -0.5282476165192536 -0.7401508661445992 -0.5910342979979095 -0.48690633474457834
1 0.7318762273885715 1.6690081940877242 -0.07457550810252564 -0.1696674504157164 1.3324899641275534 0.0797476413370931
1 -0.09563870779254796 -0.3337693720906165 0.6321736751489242 -0.47621074782355594 -1.5196004552051292 -2.0610755975021045
1 0.29150299581713984 -1.4034627876824235 1.237512344170745 -1.110508518944055 -0.2945900736766299 0.8466314925848981
1 0.5047972557756576 -1.1722999553806166 -0.48822855394422204 2.001351178051732 1.1268534925844922 -0.6964636224742257
1 0.21602562913410417 0.15011872842818003 1.7365425111435688 -0.5034823854637986 1.4976499189865564 -1.0247250861417054
1 0.25435354422333867 -1.871381956536589 -0.6204195833944796 -1.252594195020575 -0.39858120902588146 0.16514085568306108
1 -0.014157154018680963 0.10142877713534108 2.1073381861150104 0.6459822563908016 -1.9525101403562015 -1.1537442489566967
1 -0.1066704812298185 -1.3841125209749752 -0.2787638436113947 0.0930697322473326 -0.3772418530754073 0.459944671762712
1 -0.2916770774132282 -0.752941945462555 0.31459099670899604 2.137225712323909 -0.013985708846046335 -0.758610536414628
