1 0.5952972732767544 -0.17622977910058105 -0.5587919472803715 -0.7635473739132342 0.8585875503384585 -0.8563605788663539
1 -2.183732179464159 0.5492495723977583 0.8243489345030524 0.39068994089346304 -1.4886506433431215 1.4267672397643696
1 -0.5336831372066864 -1.962139092612787 0.5572045648213773 -1.4306444322403298 1.448141098616 0.20348329681208094
1 0.8861316382210612 0.31128871697465693 0.02872388768911085 0.979185529382215 -0.38723502622717326 -0.9272130950090898
1 0.49194926156151564 -1.1565121587537046 0.7940613491073872 -0.9060941614037551 -0.6948420014291494 -0.9006142653324474
1 -0.26728956143075644 1.9792690563568167 0.06503571339187528 0.5489562976384371 0.20242576974601442 0.4256995577262675
1 -0.6557283105654513 0.18521243600863585 -0.7365842845131734 -0.816745238755723 0.919991193572898 1.8129360944649129
1 -0.5309716007409858 -0.4011058807640089 1.723383808681742 -1.0842063798293116 1.046298018280563 0.21546373932939447
1 0.18288269857571401 0.1840926362293499 0.10431565212877392 -0.02081224105989054 -0.5949820324635843 -0.03495137467780683
1 0.890378832889015 -0.1613053268888834 -1.2274408145608375 -0.1902909041987365 -0.22290451236498218 -1.3269391856729804
1 1.2172233269339772 1.8860565010703931 0.1655645515028078 -0.19748659066753554 1.6718735522994073 0.187059960860718
1 0.13068208698592038 -0.5062545782327558 0.6187487365702292 -0.17560845997745422 -0.06252023129132489 0.06659825052497621
1 0.09756433155247059 -0.9626935163586327 -0.7634071657770901 0.20921466795254726 0.9396345376203556 0.8810074829362526
1 -0.07922163197508338 1.236828895579824 1.4631337272774092 0.29309746297293043 0.5980276954162348 0.25379341192195914
