1 0.6459897761004187 -0.7083682981006448 -0.41219564159528427 0.13752645708393596 0.5168196148624375 -0.7164516411950743
1 -0.6220500212288513 0.19808317332452746 -0.7091743783963304 0.08620727255503322 2.3896586485629654 -0.4385350184909227
1 -1.9110073735288107 -0.8145086117919842 1.06718258614249 0.9552787068789452 1.5279944776034526 -0.5293697556254199
1 0.15652424207330498 0.10855026892675934 -0.29147754677119647 -0.7347525751660847 -0.3015782131183121 -0.2495413377069355
1 -0.4049610609850268 0.4022589457362625 -0.6422981189850226 1.2469461790413943 1.3136408731916438 0.03647550010277851
1 -0.4125752835045791 -0.20407588702438315 0.5693040886485224 -1.0336221645882384 -1.4683041881300227 -2.0778932154284417
1 1.7970066559747653 -1.3067760570298739 0.6834599703147356 0.4024189027928618 -0.539734488836506 -1.0115326643999782
1 1.6103285075495264 0.5932221572406894 1.4739449221894834 -0.48069310233091794 -1.9350841508670016 -1.1339297353071982
1 -1.3707800458908792 -0.4216585266623428 -0.2209403188626838 0.1677821938181759 -0.2994170072144235 1.340790636522312
1 1.181350673462363 -1.7428414799797343 -0.060822372656781115 -1.0773537005461469 0.005722413421603522 0.24075820017168034
1 0.11708992738163253 0.33622180315702027 0.6948491281129834 -1.2839701308013374 -0.12426842853255676 0.11525959613626995
1 -1.006344745363693 0.22561939780161452 0.34977234046029737 -0.7963245637451375 -1.2303836279940994 0.04464425204150497
1 -0.29385330027344164 -0.1403830530957253 0.16513449316190854 0.09876971849294751 1.0715200173419086 0.8257113217772837
1 -2.1626988495401336 0.21348785377480942 0.3607952371993824 0.21742936357544898 -1.5732067621503378 -0.025058246898485424
1 -0.4734526639402653 0.52591401726569 -0.6505289635258801 0.425030919925409 0.5588233658263407 0.18170274365105252
1 0.7682006384957246 1.7059520234574406 2.2345086623501373 0.4721885025386721 -0.23999933188403913 0.11512572950584372
1 0.10355163708970533 0.7319571735582943 1.2166799906780126 -0.14460531004569419 1.2279563665885627 -0.04391487641300207
