1 0.7976077924840803 0.9734747470753558 0.8874269539211762 -0.1378438834415129 1.0194907131143742 -0.551358005120587
1 -0.514054594681729 1.4324802651592765 -0.04825746547281562 -0.6550795527888125 -0.15790303980044268 -1.3685866834631626
1 0.4449869169243136 0.3526551820638267 1.7761499643268424 -0.3677240287539786 1.441573345743918 1.4671271263245695
1 -1.57935990464877 -1.182247463906552 0.45937544614264136 -0.9249875457496637 -0.15434755117251023 -0.10580387604929557
1 0.9512125326188894 -0.16798100152644438 0.7356532712910072 -0.06371022201545369 0.20489038613747332 0.12803521239094148
1 -1.0133926511334246 0.414913052550163 -0.7636847623000663 -1.015278970892239 -0.4003685593239522 0.0033728325337256558
1 -0.5676838600607917 -0.354329763474536 -0.27902155070531937 0.1341101253316159 -3.4796927380625666 -1.635533505354955
1 0.4265016995530959 -0.7813300318260374 -0.008182745987335763 -0.33899314152341553 -0.9086100149187453 -0.08701697625530186
1 2.0162360414416627 -0.547403546307491 1.2190976135927196 0.4176331730312914 0.05305681081291489 2.5128469426707514
1 0.3611397699388991 -1.3732836598104945 0.05175197801873466 0.18752408435071896 1.1390838474209175 -1.6762949281345447
1 -0.8902301263154786 0.735623068057149 -0.730086285621793 0.9819421188094813 0.09738493372984083 -0.09744807739918875
1 -1.166394385950707 1.9433284342295318 -1.1923662699381494 -0.011428849434234355 0.7019529643919272 -0.5951304179639156
1 0.5231853342818401 1.1094900751793508 0.7597662676506052 -0.6105785168628545 -1.1886189337607154 -0.2884793803402268
1 -0.4304610463029162 1.5615412134260014 -0.27613034678585213 1.1149393963247636 1.6638434147569205 0.6752471553806338
1 0.08193949521947076 -0.9433223713064806 -0.665325109071726 0.656056054035617 -1.7747104197597958 0.27650005302106023
1 1.921588179832553 1.7618242403289517 -0.5911814296039418 -1.2080481180352123 0.4318704070039087 0.39732416222081907
1 -0.019040010276897102 1.7700650929670527 -0.7551168445683103 0.2967037268795928 -0.2952630923688823 -1.8062026875017336
1 0.7359158685943848 -0.019504045809489865 0.6993632080804796 -0.026737378882971244 0.6080162208128433 -0.3753624671041908
