1 0.5975079654065298 0.30118846191689586 -0.822769627568182 -0.07873704931004857 -0.11080970990933288 0.4911650007062052
1 1.403867298210849 -0.8742236967228406 -0.010139484333312751 -0.4674986475736764 0.1729975741901146 -0.8433355599799356
1 1.4070468592833691 -0.03782693182143341 -0.10213464125505413 -0.021156816767135322 2.279584088869691 -1.2069736046191373
1 0.2616237291746744 -0.8056741680703569 -0.18138160943340165 -1.3032736338882398 -0.6817297614317587 -0.507301735236381
1 -0.26888224642966824 0.502817472461743 0.39716417944276977 0.7093732071627786 -1.130497810948737 -0.8307533724870453
1 1.1443368751955787 1.8327583196155195 -1.5240680912115516 0.6585487201144696 -0.33765092393427965 1.2617292197122292
1 1.1768307096928636 -1.2122096017441646 -0.6549340816561622 -0.08277148955959814 -0.5284242756963933 -0.4625373072366014
1 -0.9517142680317655 -0.16898801866930768 0.31707225550741813 -0.49595380553340424 0.3170216950616308 0.7015637515523737
1 -1.9099703364742775 -0.16067591521331448 -0.6882545280679992 -0.27994515220814636 -0.20688804134462463 -0.2135870619922896
1 -1.827088231385031 -0.03197727006592947 -0.7523498160493753 -0.7088503225026407 -1.11347963012694 -0.4392131091288485
1 -0.8269278863470843 -0.18753021103708462 -1.8851858586000756 -0.37365722397485945 0.260015949481338 1.2184022834736252
1 0.34811148837515227 -0.6332918454553472 -1.3877247256701932 -0.5357233941913172 0.20207032010818174 0.22851694911894463
1 -0.6607365843719515 0.4732630647570256 -0.12054612287634078 -1.5137104684919487 1.0819755075822106 1.0132508240973437
1 -0.6636709521710862 -0.8163332045409943 0.3942424641791478 1.9454941954511291 0.4330597747886221 0.5595801762948045
1 -0.6934762137636044 -1.0721292510500906 -0.9419577908138523 0.9548529065226806 -0.3062021392204842 0.64063350806705
1 -1.2631772312361507 -1.0843203203138339 0.3649083750295247 -1.2787099078397879 0.6906107492879623 0.8324497689891461
1 -0.8857415579248857 0.9425761131459307 -0.009139312517823668 2.2092395869206034 2.4330283322255455 -0.10671663422425703
1 0.8143332504209876 -0.9800742350126417 -1.1581871536791346 -0.2929227519201367 1.8028744928556852 0.8853841471411097
1 0.33577167365892735 -1.6664388783123527 -0.726041336950132 -0.04380747507468807 -0.8557607823678224 -0.04155455355398686
1 -0.24657954421014036 0.6675500771830405 0.18797447657657892 0.7410150106004568 0.9270740336258282 -0.5303958605931245
