1 0.6765413846738496 0.803378777147798 -0.00877124089285402 0.4413006142576554 1.4873321367487846 0.6911400739797279
1 0.738273617079621 1.7901525668204252 0.5231279825392848 -0.1399317217806626 2.1169119157407303 0.44788039146374964
1 -0.1499772370933837 0.772158195857666 -1.2420687752265318 -3.2099732021497895 -0.14770354699246277 -1.0068494322865718
1 0.6153775513361734 1.208832643735008 -0.8113035025590988 1.0505473783706316 -0.7292809451202689 -1.0386320027309888
1 0.5409282041864499 0.9333766515094234 1.9440911656041264 -0.045410424639131496 -1.2417633695059993 0.4210911686477608
1 -1.137032027023114 1.7898564203979486 0.9310791910385869 1.3760736022118913 -2.4722469735415933 0.03127952457269832
1 -0.8334819651760811 -1.556316629882875 0.7159353700210379 -1.2082828783192052 -1.1889660934449562 -0.027505426528372793
1 -2.138380682494941 0.5234164804319925 0.6650120181766688 1.214817135868172 -1.5724681113180987 -1.3961991612548936
1 0.05455419169892986 1.1803915460629064 -0.5327186044738143 -1.2975438499118133 0.10930269684720395 0.4237773491889534
1 -0.4428073906689486 -0.4224408688528304 0.7649424225097278 1.1396290218737584 -0.3144831260427444 1.065039082988134
1 -0.23878861794300257 0.38933568934757407 -0.6469023055499749 0.962257162054439 -0.2806644866531617 0.2727993360205925
1 -1.3255788802315551 -0.6705078925865761 0.10625865460445919 -1.2163595263920426 0.6031956161285666 -0.5295850269093536
1 0.34087197399419916 1.2714511139462272 -0.15487480225061032 -0.8500309345871546 1.5157713754461606 -0.03759564406912005
1 -0.2745840157375722 0.6118859766003929 -0.43461664506604003 1.9256927654816847 1.1801146770313153 0.8325798049288876
1 -0.4078419612554208 0.1570496949163723 0.4144477343217538 0.1392100851468955 0.9289307174712474 -1.4090319807557306
1 0.7550297145454387 -0.9984311441605203 -1.737438385741552 1.3204338168847645 -1.7162715749143895 -0.14740183842950538
1 0.06402036639453468 -0.7209338699786837 -0.8095285282067327 0.9658705301356485 1.1480847389397908 0.8253078836993532
1 1.579259173772507 1.090923103744328 -1.587539468423056 0.3794217500493896 -0.5805344511502529 0.8404285058354226
1 0.7540467519603616 -0.22609359799347026 -0.8734707206367063 -0.16415786471980318 0.6659107569418835 1.7768096239612077
1 -1.6023633531864467 -0.12824935164293 -2.711826040889146 1.1812854848827203 0.22089329905552682 -1.0383064928951913
1 0.576135097697302 1.1154876798094766 1.8826431416096092 0.02402942183154147 0.6236154418918437 0.6722847284769355
1 1.0112168859650308 -1.7220295729473285 0.18033262635871639 -0.2663765274566849 -1.0012091923836868 -0.4729831393924034
