1 -1.1295797986684215 -1.1766656957660109 -0.533023886698694 -0.15107409772627386 0.3739399819097187 0.07371613687787937
1 1.0976706589338816 -1.349621542464868 0.07678459859974472 1.2234887470772584 -0.3330954201626477 0.4291808687181258
1 0.006619162185930804 0.7292680006304424 -2.391944234207919 0.046187334554940056 0.27643708257812893 0.8905420955736455
1 -1.1312229395599185 -1.8776692709140854 -1.1031607249369437 0.1705694028150804 0.3076019160840439 -0.48387552211529267
1 -0.07284198938343411 -1.295920102745821 -0.3085134559988591 0.6481045314868897 -1.224808617143412 0.23954982974526756
1 1.476253150054141 -1.119277021072898 0.6526235937650412 -0.08509981591965303 -0.7798303233539108 -0.490427301847421
1 -1.5715910950010197 -1.2176614324158526 1.2316348983814909 -0.5148564767404051 -1.2214911746237602 -0.7417533556712637
1 0.08453649154705138 -0.572257177519693 -0.7067147589753184 -1.4573995870274157 -0.4416568221912312 -1.455004073216277
1 0.3459382010428716 1.2127567375828612 1.0340882134357197 -0.8169471093706961 -0.350023844483332 0.7486112961068304
1 -0.1944162101030011 0.039309334735244256 -0.787049870615391 0.6601672224742798 0.40590368404817423 -0.6449704242782736
1 -0.08901414268528028 -1.88951896763719 0.07503129443178029 0.8419192017196425 1.7106412320485864 0.03921246612250733
1 0.40979177837526043 -2.1350564867609765 1.0638580223770362 -0.3686492107507443 1.433594690557236 1.1454019225144116
1 0.3640351012862283 -0.5641875193599116 0.2678362086781837 -0.7254162118733412 0.7181737284100542 0.1616179354815835
1 -0.07022411846737801 -1.329901570241792 0.48464406599686805 0.6385789925618072 0.8004394849513605 -0.22520810210836814
1 0.6490319468901788 0.16813469349075646 2.5265543451842856 1.1257509028185164 -0.17348406601736538 -1.2815703655374273
1 1.2224440193749508 0.4591359888162274 -0.11519256177692863 0.6740119460540172 -1.0027697305345773 -0.46074961712029205
1 -1.075715582113359 -1.5940870065476775 -0.4627277392034292 -1.674403252227509 -1.1337338623992488 0.4866720266076432
1 -0.6310547535017097 1.3167205731276737 -0.1789645753750229 0.6079157830341052 0.45536089006402475 -0.6328374917921196
1 2.5189333376023963 -0.41860035507312127 0.9457166677522897 -0.012764661676596494 1.1720599419419488 0.32369654559476396
1 -2.031115363151787 0.293388302446788 -1.6242330886808496 0.22966513566826968 -0.13101188700792477 1.0692758299745586
1 1.741683083650127 -0.4481707115118246 -0.40997642930103745 -0.6513613618664092 -0.41180347508328674 -1.5518539737020618
1 -0.23335773455861278 1.2786938760950788 -1.0184764572819425 -1.3917431677340246 -1.2573407705931945 0.7679532249563056
1 1.1643140482161352 -1.5393505982174818 0.670706529590771 0.20377955698288192 -0.7733133278467069 0.17094497899462274
1 0.04500647195871127 -0.25753348407678406 -0.3507097272366589 0.11957456620078333 -0.2490717222730921 1.0022523023742944
1 -0.020667247073193087 0.8528039886623382 1.4450582226548714 -0.036829371707899544 -1.5571129965884816 0.4382493923711523
1 -1.041148771448119 0.11178225660155516 0.938238698223199 -0.20869377706697267 -0.1577120787023075 -1.3319573976483448
