1 -0.4589256706845312 0.009571868741324405 1.1211732133614956 -1.2685087667734398 -0.9557867921957685 -0.42469112946153476
1 0.2356270770095819 0.3011407503454465 1.2312334721135394 -0.5851079333871226 0.3576811547716281 -0.22802917099866443
1 0.8817553285121383 -0.1404518443408023 -0.13298987312147378 -1.2815345723650249 0.6363802666414213 1.2689741322844128
1 -0.6301386799673541 1.3647797959724925 -0.31560630277882645 -0.34627837369542364 1.150900545204233 -1.1221462369310147
1 0.09728705528290095 -0.10229153647124899 1.3431992946981461 -0.6597718556315678 -1.7999075235872346 -0.34076149589192883
1 -1.0867270634298332 -0.9440084033232837 -1.175509522713478 1.19063485797851 -1.0529201013291907 1.792155768777264
1 2.530739753498962 0.34307527038271535 0.40519852303141274 -2.515190514796521 -0.9948454470721175 -1.024196454643941
1 -0.5102333098889607 0.39770419732163076 -0.3890937776656762 -1.1899650807455462 1.0495952341742076 -0.10322381069303398
1 0.21621394102512678 0.2747328360431886 -0.3460191020615021 0.2808908789867858 -0.48987193063043744 0.541445070426317
1 0.010378438958523153 1.8677344240289682 0.5986816092363811 -1.3055405853213387 -0.6322738514530732 1.1465304765845212
1 -0.5709196862660586 0.6358123156633317 -1.3899935320393142 0.11568742021840635 0.8727986646890352 -1.4595507702274901
1 -2.6935622615454076 -0.1516102504999864 -0.6650718410779863 -0.4558228785671645 -1.0037157881669658 0.5979982817180463
1 -0.3567565239829564 -0.11094789750912412 -1.2122487250875222 0.202963994776201 0.6230543700321618 0.5805534589023866
1 1.581437960710548 1.8891581360867826 1.1425654296980579 -0.08682625243617145 0.5761115289064441 1.2450014461271854
1 -2.6024459773136313 1.6570148109769471 0.8501072333925915 1.1334627265826343 -0.9745685656405374 0.0042719081069233856
1 0.08428453062416218 1.1286328233876426 -1.123513206335827 1.4279952695177214 -0.7390212129713344 -0.5115274221663734
1 -1.6579374824212325 1.098922095515893 -0.5203324242052405 -0.24272160764956363 -0.7738294746159399 0.34809613499335845
1 -1.8134209965327779 0.05552452245496763 -1.6443215415400105 -0.3423308480416694 0.8028483463113822 -0.7757618964681392
1 -0.3180724443327078 0.044528564981411715 1.5130699010803972 0.5025878792982866 0.659375699919003 1.4278948572903942
1 -2.6753219705989233 -0.06444317832477729 0.34922536840724483 -0.852083148260493 -1.851034450573412 -1.5761590631672384
1 1.5357744112254172 -0.13562564222819318 -1.4469199387650198 -0.2975172920469422 -1.7658678870946198 1.1250074383773203
1 -1.0849998417760434 0.005650644361650041 0.5226820956845134 1.38184911774398 0.9386387433961487 -1.3944695718409497
1 0.5553734880328074 -0.14870863774444346 -0.054256909284308166 2.3434200809618755 -0.9054892615875632 -0.17322973792492097
1 -1.094716255169746 0.7829984915303428 0.9342606247203433 -0.36196222297579933 -0.08181106437427668 0.8498835625769098
1 -0.1209372351218055 0.8881847052696208 0.48444874490944895 -1.2925387933943389 0.23155737340558927 -0.20874581382520854
1 -0.611699774690068 -0.12863043282806053 -0.9165355787014348 0.5954559896229046 0.34052605013370335 1.0128513601159226
1 0.3001871181677615 -1.0258433372431495 1.7390393408103835 2.5310306538845175 -0.014301064323413272 -1.2161472912657627
1 -0.20354962209253974 0.024587726698324625 -0.49751888410618533 1.0209650454641246 -0.22871541085201627 0.5528985114836408
1 0.7178107688888853 -0.2451379355186182 1.787684006742633 -1.0551094728454031 0.21372025895430732 -0.2769950836686909
1 1.1635682861120984 0.720268414086022 1.3704414506646458 1.1282752253002266 -2.2274450505524093 1.8734541239734226
