1 -0.7461749200235636 -1.0482380909716977 0.47938849428838926 0.7851019407267752 1.790704080447122 -0.19158772608660346
1 0.3943170200652452 0.1787466708977477 0.7730974565854637 -0.7377591509987489 0.4805424518170875 -1.2303334114242288
1 0.9186960599227946 -0.2676572855202731 -0.8523483598812044 -2.021127188570776 -1.7212852183607383 0.4322624960902717
1 -1.407336772786948 2.164946194653696 1.8414183367030865 -0.7146917279302294 -1.3277630055068694 -3.51218941954119
1 -0.5511418720669896 1.0168592939136514 -0.09107330422354146 -1.976702910992229 -2.012893865486311 0.3723221221479103
1 -0.6628330366584485 0.2848636399449875 0.941406771499423 0.7346021621088941 -1.3804736837089435 -0.6264503372110143
1 0.5806013971524556 -1.0475314574484174 1.3613806935147104 -0.6127797682950612 0.2777314796377399 -1.1110467809282913
1 0.5573982383259093 0.5188269119377409 -0.8454800891036443 0.9605174842488053 1.1576260764338684 -1.5611243980895355
1 -0.777500159290708 -2.50142233491161 -0.33980071560900627 -1.7330059214960516 -1.5119152958396882 -0.8915046415720496
1 0.8206222385292802 -1.613919994973532 -0.21136898706097101 -2.1520968633990205 -1.7823219419101577 0.8346776723556695
1 0.09555146268573232 -1.9783346280538525 -0.4410100917046298 -0.5438684796078378 0.6558217552501534 -0.061428385522133325
1 0.7094462260458868 -1.1698523187827177 2.2276434915498986 -1.5685026929821138 0.6882210633109244 1.4091560979919668
1 -1.0971020739400272 0.4775121977811309 0.3934103653532374 1.5737224156144776 -1.0256559716859732 -1.024952428332716
1 0.29361257561841153 -0.33808387196018524 -1.040537877429497 -1.7747612691239207 -0.854627926725402 -0.06368397479509937
1 0.7203628066442759 -0.08453686803665787 -0.22498981342130586 -2.8140482738546284 0.6080967072865006 1.0849683359382345
1 -0.9448424060097761 0.11713571680386267 -0.8608470674790345 0.9344975112842216 -0.5483538763255628 1.5300989403366763
1 0.16004584699318616 -2.7986790017981225 0.634574367312687 0.2406416259519357 -1.4013797259217655 0.7481755883211875
1 0.645803464715616 -0.4533709412430924 0.10578223121576548 0.07708921679195997 -0.32077920360383544 -1.1930491982047293
1 -0.568147465296734 -0.40522260524611536 -1.8378422301516157 0.20552490799705364 -0.43368223607660816 0.03713760665573243
1 0.253626365758003 -2.320195042445638 0.7820992059143972 1.4006754239860653 0.41284462678469086 -0.06477582072397808
1 -0.7979821182455721 1.9395646837713658 0.1144108904164034 -0.3727333085995049 0.6235502375651536 -0.5960271665029974
1 0.49774115468583163 0.34430271937675744 -0.42882667640258576 0.17874083098561705 0.9917787399430864 -0.3900192450528212
1 2.6683847482816008 -0.002925133775946438 0.7381977038159121 1.8091107733802005 -0.11788928387115975 -0.5820800932939134
1 -0.2737719346680528 -0.8451900299391608 -0.2501386697540934 -0.8802799060651745 1.0516610086119906 -1.2612587611279622
1 -0.14547014006249953 -0.23075888600079292 0.1546097346837909 0.7895913064941995 -0.08568994394547601 -0.4757697648891176
1 -0.31611391980676073 -1.6244356220487715 -0.6141961263394341 -1.2580840304327376 0.1740238872174586 1.1820074190332146
1 -0.6488851330952747 3.104603405209306 -0.2927742685150985 -1.2830260242561808 -0.18835421679850672 1.6433516412124023
1 1.0848622827097165 0.17189923378971617 0.8144156215878466 0.7171978391716902 0.9384160414120547 -0.04396531438949424
1 0.6164145032960812 -0.7384146905708201 -1.1326203369356425 -0.07100602908841568 -1.1050633827467775 -0.5520552199556887
1 -1.2392905272022117 0.10927285382748111 -0.10818572077378216 1.7725199876248934 0.24651646230168697 0.410767596507438
1 -0.4092799729231662 0.3719017389431507 -1.2424038720141675 1.791909714851697 0.3489338461857851 0.04592737311386255
