1 1.1880419990303672 -0.722288124086498 -1.2232337732125564 1.2105168374067448 0.06428537305250256 -0.358980311253127
1 1.4195626096141474 -0.08704268743448118 1.165435107966844 0.1575961626404663 -0.6721487724711758 1.948993090804793
1 -0.4995985622637807 0.7703270426820771 -0.5812892783614584 -1.0680300490295658 1.1017956324184253 1.7085995876110855
1 0.5304900047355343 -0.022259372935129848 1.1117454998956273 -0.41822150772016853 -0.18419056180048743 0.9582944261153072
1 0.9837508050584008 -0.8014429006887774 -0.4163128357615646 -0.3618042363650215 0.3469870298821699 -0.286898924114563
1 -0.7885994365434409 -0.981852565536665 -0.5642756558693223 -1.6509602598250923 0.31073534367599187 0.26012082733028113
1 -2.870793415545164 -2.1472906281362283 0.5158543715926008 0.2938935819382836 -3.4995982804226284 0.9546158683772936
1 1.2645649279590911 0.27448330759618944 -0.8714320407048795 0.15746876377489724 -1.4913351607784238 -0.6285304662237866
1 -0.840317325214539 -0.31729966345856125 1.4495228308083692 -1.3745483118676534 -0.529294405122949 -1.342388269118566
1 0.33356564377404374 0.7847618821410618 0.23800755749759547 0.6999116117339135 -1.9022086042044815 0.6745663128936894
1 -0.6232906263163391 -0.23377885034595372 1.533946082520001 0.08974161330420467 -0.2768737374888337 2.0994633101147815
1 0.9563404445267185 0.8131627201525138 0.4701917933296992 -0.42949142691805053 -0.01989078169319273 -0.17609271912269042
1 0.4816705237965881 0.14668807284836544 1.490226283926769 -2.1994929912917183 -0.34247465788575904 -1.6857073521061652
1 -1.5256751445454713 -1.2670084960645303 -0.5833687843023567 0.5334781326456401 0.8011052806271163 -0.5085229940814754
1 0.19665022430573748 -0.409550973345423 1.888442060907509 -1.2594597218709158 0.8502917949457433 -0.582141975409495
1 -0.8463583139452843 1.131996791349181 -1.5543770566665316 -0.5886443012779213 -0.8985426262318936 -1.2285371421751976
1 0.014210091278758637 -1.8095093891557354 -0.9827115538479376 -0.7218666004580203 -0.34817636276484465 0.12137039816459878
1 -1.8037310304741974 0.2857114446893575 -0.41282015330777566 -0.5213675091833532 -0.9510032725638884 3.3489233183124787
1 0.6798221339461747 0.07087956432435075 -0.040910754652494614 1.369988764502831 0.5287485981456632 0.4619968833603087
1 -0.8960336353171884 -0.4079317300501738 -0.4577460517272656 1.0446231364035288 -1.2721006217618587 -2.739499380815456
1 -0.05018700235472699 -0.5266184831544645 -0.7442456260986668 -1.2123839857868928 -0.7016167490377795 -0.30394962961957994
1 -0.10406678139899717 1.4795023399274103 -0.5676537281388249 -0.13276779248081105 -0.37379940704234615 0.07789251924632591
1 -0.4848681469099573 -0.3669681372376846 -2.023645437551543 0.46380937135389255 1.6396738664367174 1.4356658573707568
1 -0.07748151822229037 0.6008931901407819 1.6379136538658359 0.053553363263983515 -0.16221512756707757 0.7776533983345506
1 0.8433952228038201 -0.825926379698712 0.3708081404416013 -1.2673333171375545 0.26228830929104263 -1.935057096318121
1 -0.9583203733751758 0.06428753342120799 -0.20174123600767635 -2.726217228101049 1.3568393004237729 1.0442785640923795
1 -0.27930683169942916 2.3288635690253057 -0.055486123880156134 0.5568201045016135 -0.04992517452615784 0.3282912212847724
1 -0.8575506974988933 -1.0365253166305457 -1.022439340313604 -0.3509422577295499 0.19834503229321931 1.7338740842069362
1 -0.17095800924287682 0.22586449041755435 0.9701892319627764 -0.054384933462612015 -0.8240520255185966 0.22121342004191705
1 0.46299258531907056 -0.16945940566878162 1.8706218063634867 2.0149092018603083 0.37188375766266063 -0.9068131182837529
1 -1.3342043442929772 0.31243842674477484 0.41884153138406494 -0.8285688367568269 -1.542150198978392 -0.7905282173605465
1 1.263504228838846 0.7481556530328565 1.2315975951181048 -1.0127946698182315 1.892244072752864 -1.0582845996319095
1 0.055721114264898675 -0.370329177068933 0.5917066024950351 -1.1084328438751592 0.748478963246193 0.032828943928470675
1 -1.7212769265616343 0.5515796869682634 0.42732315310873226 -2.119938770288389 -2.1582092846772585 3.682547333354119
