1 -1.1567064824720332 -0.13743065589646566 0.45686476812386484 0.5492070257349742 0.18755944397706453 -0.7573864200393594
1 -0.7955204232226081 -0.359304354630556 -1.0237420219101896 -1.252578487924799 0.5795450255023322 -0.38488133026494414
1 -0.0936075838067242 -0.2427598371289485 -1.1794444926429655 1.8107854025507428 -1.0534579110336961 -2.037195994453095
1 -1.217179569185166 0.7679923224894917 -1.5133374962902602 0.7115149398828673 -1.6750209105670293 -0.5714477350738653
1 -2.3770450115142387 0.09391623147843577 -0.5609458951112436 -1.0314960763211414 0.3592151896226207 0.7310465089391706
1 0.6065785457892957 -0.3794825825181029 0.15890185051142183 0.1260036888583853 0.14375267826679622 1.5268314125502236
1 0.3278777178492131 -1.2628096268785576 -0.9358256745206909 1.8277121939096546 0.5349425317315871 -0.7256287843628927
1 0.2818575033000539 1.6667632495946594 -0.8811591828865887 -1.2885708763122639 -0.41848065745444707 0.831687848359045
1 1.5010277670700385 -0.02710350901521009 -0.16227572519410344 1.4295097777183157 0.7274550613237675 -0.4932418046231783
1 -0.6823034133965873 -1.4903077397917377 0.6482464388426955 0.403183094853062 0.009733484107670793 1.6788302447542611
1 -0.6952429625859016 -0.9003452510613718 -0.4987825346024652 0.023261890247106225 1.381320886047855 1.3319393001248876
1 -0.10610480488987394 -0.1649227374294744 1.2640637285204757 1.5341454441882003 0.026839144374660628 0.11882897292559198
1 -0.5629112759014843 -1.5513090288211981 -0.7887858726149459 -1.0760941802659687 -0.33059169790567944 0.6678797260663358
1 1.1269337983095786 -0.6744706939309392 1.1527412683387566 -0.7341036101344506 0.3879331715063512 0.9689125687274154
1 -1.9873256786431654 -0.18813477005420023 -1.359578929609856 0.21438471301189677 -2.483192966577055 0.42825665219427717
1 -0.6942475996469105 0.5522383880952806 -0.3724171267608329 -0.14227516340009824 -1.5779120098273824 -1.1098368359538833
1 0.8053012319542585 0.6029275390079116 -0.18453557899417028 -0.31927688009186583 1.7209363079665019 1.4405622345862599
1 -0.7594006525935316 -0.39166373688072487 -0.8546417136512313 0.10863142540006487 -1.3630615344351815 -1.3870721017054382
1 -0.5513784276599173 0.04847986114092058 -0.0359388803264225 1.2652710423427604 0.4677404686770565 1.0682775421291977
1 1.887272773319615 1.2235305242137318 0.44142183574680227 0.2959558276418827 -0.4574367034307115 -1.2254401703781244
1 -0.6299002516878923 -0.7415686229825453 -1.8634281170139533 1.5404827903214542 0.5439111408591297 -0.256963299095511
1 2.32820759947656 -1.901810059329259 0.12258462271463497 -1.0246290664852553 0.10757724599323436 1.0514959626554483
1 0.12204945752106773 -0.7905709192209842 -0.23604523365671334 -0.08222064296062874 -0.3017006269232799 0.0645355181290951
1 1.5430197916324724 0.167696377832419 0.6141331801345736 -0.6815459112320038 1.5797191824999144 0.30556837981579155
1 0.02371733882316757 0.4781991830078379 -0.0020351966375594605 -0.13175328132488198 1.5406734699343214 -1.311907256445976
1 1.2643509408870373 0.6709657331294638 0.40202810194778027 -0.8212541539570701 0.46041075722766556 1.5178372051749747
1 0.20616037013091834 0.6660979412909843 -1.2746932740375743 0.3596667257237798 -0.775424894299444 -0.8509875634269721
1 -0.833206312388222 0.6886666836819121 1.0256555453821712 -3.1832874310738957 0.23877364856987224 0.5651715125741179
1 0.784924019394909 -0.4621328087092623 0.6804766582641315 -0.7049663058829233 0.40959648293894435 1.4392074731886828
1 -0.11339698178585594 -0.9522572498131588 0.23415915421442346 1.2598211785678273 -0.34511464638643563 -0.42291016686887184
1 0.7562886975755174 0.9814588966320308 -0.4687266477970005 -0.06436180486039245 -3.5448973475283925 -0.44986560278974436
1 0.6153595986695208 -0.9465717647225028 -0.38918219713966257 0.12907764440613406 2.2939747955058762 -0.0004833067155292718
1 -0.20621425100292387 1.5769124123449745 -0.22122376660244816 -1.0173066646446438 -0.45813023121583635 -0.2754246160827783
1 0.38415572597619757 1.283506296561742 0.10554352134758421 0.19300154869824762 2.3748553700442026 -0.48919133033258827
1 -0.6440986852878722 0.48876975396630323 -1.0253754077618844 -0.035026661052822206 0.568174830235693 1.8703854202805055
