1 -0.46641660657395223 0.3647796377012039 -0.9600414900872991 -0.9312790859103083 0.4813239923475384 0.36170459519365233
1 -0.5390403071906293 -0.4100513332323011 2.0498425949 -0.7670318100183731 -1.6195091341192804 0.5817601657480178
1 -1.0813657011282198 -1.3131991201290598 -0.4928995694344216 -0.43630546437011036 -0.9626457828281902 0.43505565770615406
1 -1.7819848437101238 0.1056255383740999 -0.4031094369349228 -0.34997258026574185 -0.1466972658258419 3.3797803295390976
1 -0.3753967453588499 0.5793720294423613 -0.9321251645936443 0.3164105180822704 1.3512223058858452 -0.16562045544970774
1 0.503118830913189 0.6589192208162561 -0.041859635067845534 -0.8468241944309077 1.0414944847807064 0.37481237579692633
1 1.2585606273200272 -0.8582913667845128 -2.782822751585483 0.11696474431995292 -2.774944912429339 0.9555669364155814
1 0.4430345342345432 0.16257656064029938 -0.5323961446483971 -0.694579936596591 -1.6011474607699097 -0.35468191049823633
1 0.7716933938576721 1.4449842148482035 1.1508543578800225 -0.30263076876813194 -1.1985710455562726 -0.10683011285234487
1 1.3883836424039473 0.5408651031322944 0.8407456656956621 -0.8510865905007196 0.5456620300909302 1.4647481406158935
1 -1.2631343013848895 0.46118107973380473 -0.41831097487077 0.814034489814787 -1.119222895329855 -1.743817746954486
1 -0.8370051527871167 0.5666418095204754 -0.40285733221812314 0.5082810404034246 0.5946352024154835 0.2862987884355913
1 -0.6197867005138106 0.5390612251124839 1.9848021762341395 -0.698235773065923 -0.6204076947406428 1.2482317737983615
1 -1.3757836964605024 -0.650977147795262 0.3150390526765761 2.185023624421906 1.0028368590186245 -0.7318676336590497
1 -0.006871029807905604 0.5840007295913686 0.4477502284040647 1.5199177674956652 1.76420612639474 0.040976996209410345
1 1.6797721441055 1.0211426133526613 -0.3655566273495006 1.226629191319635 -0.04414326458462814 -0.4735018553776872
1 1.253250770270086 -0.4007022116187488 1.0834117267869157 1.9568762242936433 -0.5211143863922211 0.32865639215781295
1 -1.2542088665789326 0.9160488307771915 -1.059293226896112 1.028158173635988 -0.09672759386156136 -0.09075697547865834
1 1.2781542482018573 0.47200360418785553 -1.3203618347545256 1.7256247883836258 -0.24106162689955546 1.402373313109222
1 1.4258715916623477 0.7574864420435107 -0.5253289847699165 -0.1512631738908504 2.058775840981438 1.348319639642497
1 -0.12725769679217974 1.1970551680319157 -2.0085221988333153 -0.1774075942008691 1.5296421216704945 1.487476746909806
1 -0.2869606029975183 -0.3772783482473299 0.790857555049224 -1.6196273943306836 -0.7990103034941798 -0.6378490318900852
1 0.8742717980848693 0.24243158918305366 -2.1790338580026107 -0.41408743612403226 0.5690630845239949 0.32190219304493883
1 -2.7502500466054967 -0.5642309899590374 1.1969815760220162 0.46939180051820467 -0.828916590381449 -0.3362659422814474
1 -0.2636842674094994 0.5252060101625073 1.6346284800287254 -1.389474911354628 -0.9996592983435442 0.43240763232077867
1 -1.9682020982466775 -1.4112150266802612 -1.1505383437977175 -1.1852021122276564 -0.5403073814865041 0.3172823423752047
1 0.9860540395258812 -1.2159805722140227 0.7951807088220574 -0.288828758327082 -1.418319067821582 -0.6205019503195154
1 -0.21361434950730654 0.26024935199984534 0.1281314647691567 0.8884555458831933 0.5372586760514119 0.5755991530961635
1 0.6718652760926873 -0.6955425229069402 1.2098770082714894 1.321042319065006 -0.3859794189770093 0.5644152012523704
1 -0.336896505416134 0.12485658214933669 0.8271753125641241 -1.2454918600855813 0.8898581126295636 0.7791502603523839
1 -0.41735668386610497 0.3333972726835478 -0.5984369506317717 -0.9451576603274079 1.3112965340238187 0.24344438334639618
1 -1.3744196425088568 -0.1348960574240534 0.6744788045980474 -0.6070715159187553 1.8516922806600467 -0.12450449113177949
1 -0.4409761636123314 1.34661115373209 1.0730614083534107 0.43696782730982786 0.1530057836397669 -1.0334708692462387
1 -0.06715598107967223 1.9149235044818762 -0.5319009804097357 -0.6393103549030134 -0.7797524174481745 0.7173432370838282
1 -0.46363822501230595 -0.28490502237547366 1.2586951325535098 -0.2652760623086466 -0.2741698590390159 -1.134461276144515
1 0.6110010225589664 -0.6669839495854527 0.4874220450952057 -1.5793676757672268 -0.7970004463269926 -1.0054328346537993
