1 -0.22275125066072915 -0.6356715049623973 -0.7253190343531337 1.348221949641799 -1.1699598741074495 -0.13929279774163217
1 -0.2186108254251867 -0.29069552042415414 2.2928442811542276 0.43810413187160663 -1.2033408365271048 -1.7717226474790557
1 0.09160882745348971 -0.7799480033723537 0.7210866774336828 -0.5949567636693768 1.2831923891816406 0.6204241926711831
1 -0.2849607689581269 -0.30801690831718975 1.0498843721220732 -0.13528161640264286 0.8153334469163472 0.142909767089145
1 -0.4702118122978441 1.9020412947591288 1.6215606704996115 0.7704722187828561 -1.068814670491044 0.48805301389711386
1 0.974517517541245 -0.6467010706350137 1.5017426483357599 -0.2647397706021102 -1.4843956669113862 0.07643020094566208
1 -0.04423672349935541 1.8110312735801755 -1.2795061362907485 -0.7202973463480998 -0.8442627753833987 1.0443623961421011
1 -0.3874858672114409 -1.5254096569118458 -0.8135549996739496 1.5902265510880134 1.2453080277395137 -0.028657040367773532
1 -0.27627320870280353 -2.0607935599661595 0.19158571280573983 1.3574371064661668 -2.1232379192024466 -0.8240052516146572
1 -0.30654638351022234 1.7878892630665342 -1.0297217315280962 -1.6361772756002786 0.012567361493509059 0.24393023492393284
1 0.9965724971874983 0.44864108405370867 -0.05815368000391784 -0.5089905797510459 -1.0006669945750541 -0.11507589435516562
1 0.11518440483040265 -1.1944983734589993 -0.45273463918726997 -0.5815474115352626 0.3106575636514876 -0.16184569995440515
1 1.1631209686749413 0.11279087139718035 -1.5013714602704031 -0.7358290737752636 -1.7316997918739363 0.569611720045176
1 0.10408331715199262 -0.8770517937934305 -0.5263040738923097 -0.8009975120056839 0.38623376608655813 0.028790279400819376
1 0.596799965629364 1.5603164688617461 0.008516878228665464 1.5865187481701302 -0.0006342641323240614 0.14697427524340873
1 0.46424247320235723 -0.8338210699304691 0.636821017789138 0.24734155358243112 -1.460977494084289 1.2406427851201052
1 -0.4385046673800488 -0.523239309673872 0.6141118347250243 -1.773688350253088 1.0066267480284739 -0.23146623396202734
1 -1.009168512837416 -2.384150926976456 -0.7664133490227419 -0.8314720770677562 -1.1043925145417173 -0.7804176315798961
1 -0.32497196584580906 0.945478116244276 -1.372503096977678 -0.8381371154923746 0.06746277710471474 1.3268881955804064
1 0.0890683690370466 1.742532505197284 0.3162726123299838 0.2836779128097947 -1.3122127723864982 1.8857923381271253
1 0.512384549722319 -0.09208405770246073 0.07051072340595095 -0.028366880066580252 -0.04591264899358145 0.9564701521322784
1 1.3109258872375538 1.6345447163858402 1.1922012717955133 -0.8306679151804592 0.33349354846044255 2.144928637074599
1 -0.2084219665552809 0.1987763035315556 2.0156121335890598 1.7390348463628476 -0.4593364714879029 0.19146665321040301
1 0.29485465534003513 -0.05375519101023661 1.2753997519425244 0.6629924606842231 0.8057727115839374 -0.6752257901662276
1 -0.9729208287514257 1.2408899866933116 -1.269683471882628 0.7925884557068276 -0.1596228689745338 -0.9303428661162274
1 -0.05423774718704972 -0.8898748110148197 -0.9873950247289337 -0.7312704324717648 0.6106959264436367 -0.6499300380914179
1 0.46938557348456067 -0.5123802306757849 -0.028345184611217614 -1.2925751236607363 0.15089346865963646 -0.16224156605920778
1 -1.0034811695615058 0.6119218309805704 0.2929901604646772 -1.4772926914625155 -0.2970127947864678 1.0992928983131218
1 -0.008889201063190433 0.4129065697500043 -0.06186556643416488 -1.3715595743839046 0.5071378667023577 -0.3531801641601003
1 0.5898125936492842 0.26742479569807087 0.37979514512882434 -1.2797159930514064 0.5643091012565304 -0.6478038699458165
1 2.2020783067185503 -0.3415514869407488 0.5812972764780285 -0.7504911692362556 0.862706594171253 -0.13426243127300008
1 -1.4915138006803 1.7764228447469792 -0.1446093519029851 -1.3798276825490867 -1.054993411605243 -1.1405215986288648
1 -0.5663463965618257 0.5119096662953566 -0.20134777943421805 0.5947177822605085 -1.236568751693813 -1.1821046468828975
1 1.2866967321413425 -2.161630706562815 -0.1127126239237427 0.7607835047673442 1.0907367673352855 1.6744708659077883
1 -0.8660035192189436 0.26851218752070827 -0.7799863032936489 1.6060418373845435 -0.9094070335065689 -0.22880986025373248
1 0.41510361342722435 -2.098554744387215 -1.3745776594871209 -0.38347856686325704 0.6788161289259437 1.0560593335609287
1 -1.0301651766728954 0.8964549045823879 0.3760164372627999 0.258014771457929 -0.5010066611873815 -0.9959635642358289
