1 -1.024844958903235 0.06522354204405958 -0.35102069168592026 0.9727843060029099 0.9903592647159074 -0.2289795728032651
1 -1.3610214716948064 0.6188276163792645 0.005212067424891433 -0.915736438106638 1.5017848541566103 -0.40590827365622045
1 -1.5353624630349116 0.07042081542712975 -1.2099347537735192 0.01895907423946671 0.3067114638824364 -0.04788466312165077
1 0.5091708397656735 1.4190290685625364 0.33658137921646547 1.0414964683035435 -0.0003357870181205589 1.061533959625971
1 -0.030738166927709854 0.26524791877743525 -0.34562221944403226 -1.268356771829276 0.5869652996958661 -0.08197146620380807
1 0.24073105424851077 -0.7320664113714815 -0.6351404276889626 0.9622463894511082 -1.0341495530356841 -1.537313028702418
1 -2.0519494611603615 0.35217280577786286 -1.6550679176059455 -1.5647257336296576 -1.0400291674720419 0.35523976798536516
1 1.4958596542390843 0.22188802864302137 2.247294158417167 -1.8470188117738207 0.8958756583295949 -0.5769578743579419
1 0.8100023454794761 1.2231834233329988 -0.21611030563153616 -1.302372198185705 -0.6261875792491386 -0.8306553083692448
1 0.4215728791967705 -0.6098241917057869 -0.9856730777110636 0.7229958147314619 -1.1158792679306608 -0.29970943532350347
1 1.0647494130561341 -0.9745383326438626 1.5007016638643076 0.07930578720006039 -0.8392565815145269 -0.6904460852186954
1 1.1999273255724776 0.9628806944656843 -0.5809370478981452 -0.08453239693011906 -1.7022580303866957 -0.3110565076154908
1 -0.46832603989043164 1.2454602677020419 0.49179130033921076 0.3282746459710507 0.014709057851443134 -0.14199722899859324
1 0.24971491945601276 1.4331768456218703 1.1644185734823624 -0.484737054351009 0.854086675382887 0.708922581361069
1 -0.1476024609204522 0.21047273503931063 0.5297488120402791 -0.007356532632926089 -0.028476483930540402 -0.5640106923556656
1 -2.1993390805986017 0.18985105869479083 -0.6301283215223273 0.7742989556393536 -0.1656342503890519 0.5633801722462275
1 0.476147539117978 1.1475235365051701 0.1543484515970653 -1.6769392269941557 -0.5074295361702805 0.1400492452820077
1 -0.04881668262031203 -1.856507526078047 0.04303240735692269 0.28483891831376 0.9237342381175122 -0.41337465088988773
1 -0.3439577201264623 0.05290049659054108 -2.019191981897858 1.335671439488368 1.8094504296443468 1.321823861581338
1 -0.0745330437619979 0.23727523906578396 -0.4353915275308487 1.9335282633027961 0.007571716374466818 -2.9714418204398365
1 -0.2581019809008855 -1.4430020161892896 0.5315641566157087 0.3672640994672274 -0.8504439787965651 1.5178545023891648
1 0.14500458736407992 -0.4924412355810631 -1.0092729007454675 -0.517352316297314 -0.32505685495127673 1.3415389768049133
1 -0.6508063480746099 -0.5267599562727125 -0.23100379040657357 -0.829084351204066 -0.6736883220719027 0.8070635287246609
1 0.3002924981151149 0.24509290868768283 -0.18029717866830489 -0.2490097205686938 3.964747037030772 0.34846689811970016
1 0.09490266118024884 2.5817664334393324 -0.31609544851362203 -0.15788738313737877 -0.6406290410307608 0.34402211895338847
1 -0.08386348415437837 -0.11316441640925973 -0.6306299556998448 -0.775538097119149 0.706220984094899 1.1110517136097273
1 1.0702989681880084 1.6467880221073588 1.330808372217265 0.5735884307016175 0.20092443159676562 -0.337925432995341
1 -0.9774962845746159 -0.4223452663520132 -0.823479268964459 -1.0597821276488688 1.2227141936974533 -0.6160584829465484
1 0.5346738752000594 -1.1957158378829291 0.26378551298571806 0.1771110248541513 -0.6064592687352561 -0.43881474556549493
1 -0.5552551484701704 -1.1060918182893955 -0.11842826267435871 -2.429357902313258 0.6963951605958537 -0.3607290514136075
1 0.329931362034151 0.43675293501007334 1.4003225987078962 -2.1416553703361814 -0.5060661783553329 1.6511659352637456
1 -1.196734798850668 -0.9451165087644849 1.0183270848688442 -0.15878595487084163 -0.6818895832944517 -1.6077526704897862
1 0.11182713624417945 -2.101102966424051 0.3809859271800203 -0.07378585088494047 -1.0336907004391438 -0.03482701285408354
1 -0.05183185723708892 -1.0730291022748129 0.13573828702069343 0.17770081744822658 -1.6923815862824554 1.7005601756029656
1 0.4269385350576331 -1.3167164269912774 0.32689534592530317 0.26609232086908413 1.6009939743093207 -0.17224884654303071
1 1.307680985247862 0.11215920024519707 -0.08699198931873955 -0.5829365188851797 -0.7581098434702851 -0.569197375333535
1 -0.05388058394790967 -1.1306382366115542 -0.08107864457127086 -0.5200282542437219 -0.9614746985551103 -0.38514976597644945
1 -0.7427494899714111 0.18403157231330058 -1.1721171381931148 -1.022405214692178 0.7558022140422418 0.856005537016648
1 1.1149575528521425 0.775897387118449 1.853847498250654 0.905827577620379 -0.742218211927051 -0.444283215175154
