1 1.0526015176569439 -0.6995828288710356 -1.3943966714204448 -1.8748231017526007 -0.03699410585582784 -1.5654608155884673
1 -0.34730668821661415 1.2069615208307596 -2.0732353048249217 -0.4570336765874169 0.39138208793099194 -1.8659416624843077
1 -0.25084987191835556 -1.1241514918428999 -0.7195941761219083 0.6444642513239457 -0.027356397022582076 -0.2109771548679408
1 -1.2265337974082133 1.0338573164417704 1.1055545951471237 1.5169269505244 0.8523705245781233 0.6201409057153909
1 0.4100806232606854 -0.09553751606086668 -0.49220034502435933 -1.3825536187738616 -0.3911527349204707 0.5534515784096681
1 1.3764402658234454 -0.9890802690930611 0.030105170341681257 -0.4573858065823453 -2.0863880148526537 -0.7707235399643306
1 -0.42864618297868334 1.3137294954968695 -1.1302885431331129 1.9326821401793532 -0.3668818838129825 0.8831472064137399
1 -0.9759970489738332 -1.1205965928684043 -1.2684260953788307 1.0628970918396754 -0.16998212666296977 0.47101501139343577
1 -0.038948258865385145 1.085794848439367 0.19809469503244004 0.2768437234384675 -1.023038597903299 0.17499884532142967
1 0.9740931215511873 -0.048345135006765336 1.0050880616626454 0.21203481989205725 -2.590589845628542 1.0539772723801804
1 -1.742196785561685 -0.45892939419332607 -0.10237069361790689 -0.12564515814269767 -0.8347188575698509 -1.488371507706745
1 -0.22296624031921983 -0.22515222457213305 -0.7181971242191924 0.35575478668307775 1.2136622892480278 1.2725894486684834
1 1.4226739443808607 1.2767422826775479 0.18036941926422298 -1.802269718065209 0.6459762734320266 -0.20575630757549165
1 0.4918827516974204 0.42936950496986726 1.1038306294152127 -0.10098313749110709 0.05608178084082604 0.5419723335264436
1 -0.7468213923086524 -0.3637602287720237 0.537247457983951 -0.795713749149672 -0.7231294020443518 0.2534637652270884
1 -0.9756933516464742 -0.8323437242515659 -0.1760804453171151 -0.6818667651497015 -0.6512246931549293 1.0320522255887739
1 0.2928600873153515 0.20343964699672473 -0.5550426427344813 2.1931318400941167 -0.01289900701163706 -0.0055519236098782905
1 0.611678969602598 -1.1196034541412876 0.07819297604171546 1.6389209356534211 -1.0444217195900585 2.0989201250596325
1 -1.4167478945629624 0.2003789625534521 -0.10399717189289821 0.30109986252453735 -0.5105480023439379 2.593011660421486
1 -0.9078361507065086 -0.8967769083880115 0.14151753272546852 -0.13694077637787996 0.17030400513649754 -1.8194017596067529
1 1.337262508403263 0.44255342242805834 -0.8869793911787757 0.11997880212650508 0.3400252443209483 -0.2492525384463032
1 0.684695194103683 -0.9612737674314109 -1.4873628858770385 -0.11778617635319237 -0.6688237186463167 0.6917121449324068
1 0.25760986349257003 0.8329242476070575 0.7377208789249216 -0.722775243543059 0.9690806160617099 -0.9719029939488728
1 2.320230013890271 -1.9078165327209233 -0.22107535855940408 0.5516062783411804 0.02183196402575168 1.6906310124803363
1 -0.42302594804875615 -0.6211241793242614 -0.15642295138506973 -0.20007163835524544 -1.0928853991180418 0.22936016380805616
1 2.210000154598977 -0.2124802686378157 -0.15072477799117776 -0.11554760972560219 -0.7274808090969413 0.30781882415851086
1 -0.7990140142494141 -0.5788493458670921 0.1498040769661161 -0.5888843290291991 0.6021826305218227 -0.32932299198510995
1 0.07928607910949372 -0.7904975692501754 -1.1042268324077529 -0.486439970352152 -1.9722462598998352 0.7987193483571697
1 -1.5592880188292146 0.5280207212343561 -0.8876915283468672 -0.5951742263527454 -1.8249907907514749 -0.5234564691838
1 -0.4151897491518166 0.4920840738587407 0.9998521158144772 1.096069548875146 0.504027588180416 -1.1679711669527832
1 0.6725324249053832 -0.5386049643091256 0.06968294500252395 -0.34529627143516306 1.4121263898862397 0.015607175808928508
1 0.5012178243114246 -0.13498939340870203 0.9736785668808894 -0.08050952671035595 -0.5814333180012327 -0.49381192873187807
1 -0.23468007181141037 -1.0388553819768485 0.799582503032243 -1.8775644920860297 -0.11296801779128042 -3.0497192388846637
1 0.4635064025574813 1.3095400106404402 1.239907027714148 0.3518789129210005 -0.5061722309305335 -0.5927903374849678
1 -0.1677429341598123 0.07791592346023897 1.0912658248382288 -0.26016888619209333 0.229407460145442 -0.8654429268576366
1 -0.5588129405256008 0.0797794494995465 -0.588368251220685 -0.5121703048428319 0.7867375189777687 2.057144246291925
1 -1.642371788514596 1.105954242378675 0.08689164178758649 0.118911928580581 -0.8210476450755074 -0.12323883489637086
1 -0.5528762048977218 0.8037590050523199 -0.7140097754361311 -0.611819818633421 -0.37015454404397924 0.6324506428614644
1 0.8584422688859814 0.7881912470811561 0.43587517653387103 0.2193076306524627 -0.4795958966703645 -0.08999121642232548
1 0.6939897852656658 0.10034004407003247 0.3317437679455895 0.8315752287993877 1.5647371154961687 1.8805308720129916
1 0.6180724317314887 -0.6329535152147724 -0.30098901606457823 0.8106531566983497 -0.494739158535476 -0.6536255667273039
1 -1.3338868766794925 -0.5581618901777816 -0.6639738428592741 0.13204679596759306 -0.08045492802005834 0.06760422391175187
1 -0.15947368562557993 -0.7937455079640209 2.529429286042784 -0.8001128262840125 -0.49873095399020706 2.018645390715227
1 -0.5244256379367712 0.5241657195110566 -0.17586429892359853 1.4310268277055211 0.06307593050270689 -0.20421419911735672
