1 -0.6171197470836531 -1.6627695140296066 0.8156809363294898 0.7856681467446925 -0.02582307174245009 0.04951943457678847
1 1.0980095523982802 0.5692418006412856 0.7049902891748692 -0.01837513897351538 -0.008728302766629645 0.5424587258213409
1 -0.3366607878234749 -0.1485691606389792 1.3941708877891512 0.23583853859080608 0.6111252788948303 1.02058774551271
1 -0.9289968103010625 -0.7709564495963357 -2.515581677773961 0.1907487733617032 -1.0009233856007633 1.8830038198547614
1 0.9231823970233959 -2.4363143862551304 -0.8153496576634521 -0.04070030334169665 0.7457849870965199 1.3512052429728125
1 -0.06427456745505625 -0.9872920165230421 0.9203473618008139 0.7956083639233839 -1.1746925280383582 -0.4853076035687012
1 -1.595380370014653 -0.9486267644624354 1.3001009811295798 -0.20494188171173278 1.235115871545776 -0.482017038746778
1 1.1073344217529937 -1.2229466736519534 -0.6641619888098751 -0.3615885676762463 -1.3372108433832912 0.9404620947855813
1 -0.9286510556277571 0.43249640563749847 -0.8839033491469492 -0.7543651340821474 -0.4573360895802949 0.8817503118037759
1 0.07589407881614542 0.3697707535736071 1.5547077173103863 1.6710075402824114 0.5144036115585624 0.9929325789824273
1 -0.9425606901267727 0.5788513746044596 0.4915728275488078 0.4262230902601003 0.9323351506287089 1.1016473849707984
1 -0.4481439796491247 -0.37705468461988156 0.6643261858655172 0.1200375431973826 -0.12413857339927144 -0.0844584452251579
1 -0.038165698388826726 0.3835133455339317 -1.4290458261434102 0.40418222194718323 0.9659718012211858 1.2289947410580404
1 -0.035145589126572 0.8409420712807988 -1.0646538035067719 0.6078866575960915 -1.2785151923156757 -0.575574955504048
1 0.2963445120770025 -0.7315434447232577 -2.7152499370489007 -0.7799114965622999 -0.3959482269988235 0.7055938666272735
1 0.22631088685082656 -0.5405638706530901 0.6412225783535902 -1.0253286390157348 -0.022647791169200803 0.2722258510436501
1 -0.4600538327717674 -0.6467595526439397 -0.11962870115579179 -0.9079674077397358 -1.195971381406418 -0.6262616154117991
1 -1.1371508203800549 -1.0955944769356505 0.19739385300163242 -1.0615843163450531 -1.445637793576429 -0.04263508284233113
1 0.8931373813345677 0.18567728333508082 1.8505782529146797 -0.1583261562849188 0.2723545988405988 -1.0867472718057756
1 -0.624181640696566 1.8424698678574738 -0.43006935580507444 0.7943220063144807 0.40221802238477505 -0.5052195809416752
1 -0.648218597038542 -0.1505259225419208 0.08350106487941827 -0.17722972658586847 0.6373636720523664 -0.5546468474823518
1 2.334193294050618 -1.0003357742518593 -0.47961325628950857 1.0347808650236432 0.4021400368093109 0.1376068592027354
1 0.7716476756864473 -1.1332649558530838 0.9158480071983414 0.4158715958307705 0.04449639391974325 2.0448470483842525
1 -0.7927005470531489 -0.12956985287490502 0.6082728463869201 -1.7941883629186328 0.5391321065539486 1.5369405021478226
1 0.47374847153054983 3.1757338826830277 0.1783273521840014 0.04222248227651986 -1.121543045361644 -0.35522756311764475
1 -0.024368957197325448 -0.5208844287965843 -0.11409572303199787 -0.49305408267763307 2.744195970948032 -0.12722519962946274
1 -1.0844956394321434 0.7438245709884603 0.11325387996426152 0.6237014849443678 -1.452439333366811 -0.6741261475254304
1 2.50759139193656 -0.4087920102725697 -1.0499707570146104 1.7536925638998644 0.7925993901742832 -0.4372756702377729
1 0.13403128782772794 0.3400977863518608 -0.13758396514947482 -1.340515078367367 0.41148732617289835 0.374835493664312
1 1.5391989201599645 0.13880766205650924 0.5999264612233455 -0.8821679821591139 -1.459392919434099 1.6511828559572241
1 -0.4482355783384159 -0.5955445731961655 -0.14849038835088793 0.7378296154373994 2.26912220631875 -0.47272276037400934
1 1.6861004269788775 0.2517621798355357 0.8150586549461493 -1.0421608796457502 -1.0635905497082219 0.015552658145558609
1 -0.8907953853302446 -0.32548565037214094 -0.7955632221351202 1.1562521307870468 1.2605645075560408 -0.21102219135585265
1 1.7713556855640664 -0.13204575626595907 -1.0609940634962762 -1.3534760633658616 -0.3209108681912648 -0.26365012168759105
1 1.2186411194884479 -1.2419236331892303 0.5449655394324519 -0.7431659934516721 0.12028938562623048 0.1088616692923685
1 -1.8867597982686861 -1.107993453824109 1.9558207944021904 0.7341083810302602 0.060197097793480155 1.1710146688334446
1 -0.20424317189351215 -0.050822838873676696 -1.2443670028020297 -0.07247851827832877 -1.0191737407656667 0.7611463379917289
1 -2.098849254658228 0.4152200568248445 0.9852762351130802 -1.1556990098382565 0.06868486663155772 -1.179470816418995
1 0.8418860983105694 -0.20169925691827342 -0.9421571405107415 0.5675652574170469 1.3296690508698887 -0.8721651394896
1 -1.8131724373070508 0.16537612705915877 1.8498691361888602 -0.3277707838135832 1.3359185245487932 -1.8508399581065675
1 -0.8413505645106223 -0.7239439857557045 -1.862139988939192 -0.6147345443429213 -1.0821818540969281 0.8931791863091998
1 -1.082524315095 0.3486847351648367 -0.06994061775802266 0.16181469523854716 -0.07742290164750416 0.41744798580774634
1 0.7460426599082975 0.42860434755610555 -0.9117818223366803 0.27595813790649665 -0.9739789108041033 -0.7595911065572654
1 0.11676130480825922 0.17439894536473266 -0.333639073785094 1.0071954570359873 1.9657417320932355 -0.2792375796212805
1 -0.6325463743478618 0.18143730670509925 -0.31877580541875594 -0.26695146224627503 0.6622386925101639 0.8040896260094446
1 0.6335991600677515 0.04588388852611211 1.4129992983296593 0.6027090163166842 -1.0648607393377387 2.1944857736624765
