1 -1.2960967118684115 -0.0908058093957921 0.589443627464319 -0.37547807913913284 0.4331329769146046 1.4655100419704032
1 -0.6566785066278339 0.4091363788090471 -1.5001845969885292 -0.44995013944207324 0.1256883343068286 1.0567993881302056
1 -0.1873392708670528 0.2137436419874362 -1.7315510933928768 -0.05352216549097678 1.1030323469064696 -0.07775905439695455
1 -0.12564460713216202 1.470574885494874 -0.25580579627392824 0.3990174252853547 -0.4563214466380749 -0.26830060361949043
1 1.4248410165109067 1.6389820324552882 0.2574490585901822 0.5607950834688291 0.3720485732644667 0.3166869730390172
1 1.172772296071081 -0.14120819204611024 -0.548383132146441 1.23686666571467 0.4294242171430925 -1.7580752943608258
1 0.4727901619682557 0.28379053120303305 -0.6380077816132241 -2.212879264403799 -1.521294834683304 -0.2542876644262336
1 -1.0993465793887265 -0.7051483606168079 -0.3120743251275991 -0.6666104415890143 0.22739607775521334 -2.1119927379368435
1 0.28533471193681953 0.6133175680168099 -0.0313366175387735 -0.21184881570543923 -0.13591113213606273 -0.8173475850271938
1 0.9027692761777041 1.0019899443453268 0.18790872080779047 -0.8882753292918801 -0.6015321494339565 -0.8949255935096568
1 1.4509964949239733 0.3948882943910562 -1.0588891911380482 0.1053632512892913 0.2996697754884516 0.20140464523040136
1 -0.2240801390233135 -0.43578045207721694 -0.3734587620972002 -1.7054059781584532 1.3798084063683138 1.7461850570506459
1 -1.5843175330375385 1.5111162599176406 0.12024930017767439 -0.7121964034639072 -0.799946658023037 0.5468301686769068
1 -0.6028520821729076 0.9491777477122958 1.3186710905609087 1.188337987357031 -1.6447740797390893 -1.1661220954710458
1 1.6184013358307727 -0.8353854267573534 -0.3380474945003698 2.458141549267869 -0.8077586737607299 -0.1408312522290528
1 -2.033773248689368 1.5808675538010073 1.3018190869342912 -0.8810394134454594 0.5088876084657684 1.195850954189161
1 -0.06326094822214617 -1.1450712050819087 -1.2069380718339824 -0.838268000109299 0.14260577677681954 -2.072736972505914
1 1.9740823378038583 0.18696662608659487 -0.9441781055231058 -2.087748906304341 -1.2609726745555625 -1.565620418303638
1 0.18483542045932325 1.6359409822578355 -1.4834771328417895 0.2009458141222359 -1.69561505655827 -0.4014369879269057
1 0.539019882687703 0.25033570426078977 0.0280926833089826 0.3070093315688523 -0.8988767017656277 1.1921058427990354
1 -0.08985013973215508 -0.9175169864354518 -0.1637051778133508 1.4616529141732753 -1.840833602702246 -0.6167325316297654
1 1.7209732185013356 1.3543273776770022 -0.9924544694584488 0.42717862880206386 0.8703025055077837 -0.7029053880106398
1 -0.5596179805582567 -2.0596798684674327 -1.466321647885541 1.45310311742628 -0.7774677739048762 -0.6230164765720287
1 -0.26522021576181987 -0.24471118442084114 0.6030027506700812 0.397038650734543 -1.3374766581086 -0.6050386422566021
1 -0.5463011935268811 0.062357237064671014 1.1495312624656675 0.39895454935394764 0.08001863222918426 0.5674493293670303
1 -1.0230891137725542 0.9570013261918549 -0.19100023839188882 0.9437658030765155 -0.3772307666685843 1.5243591481133585
1 0.4513609400687379 0.4422224358319311 -0.5662241156538428 0.8183031208662406 -0.5348808541094743 1.9008833493590724
1 -1.824039854568591 1.02234543535148 -0.7836666065027126 0.2354974933223297 -2.9645888307608304 0.3120733698318793
1 -0.6615754509088718 -1.3639923842521036 -0.3290728107631407 -0.5353511546217704 -0.9079730129530782 0.4249444554229882
1 0.29965549018200605 1.2203030079320625 1.2271445370949734 -0.1065372643853911 -1.1047464903673954 0.774826515457264
1 -0.703124704544308 -2.053443029750025 -0.5961576543868763 0.8012916337962164 1.0908553964722223 1.357122212840552
1 -0.09192882784391879 0.7338511381993097 -0.9496652354932329 1.5557962950955135 -0.9744292284484206 0.5595081741769774
1 1.6545957268910103 -0.3780303222536771 1.1858961736619484 0.33481022638062324 0.5799743770648988 0.5065179541581512
1 0.08308804942104905 -1.0220894588015466 -1.9247186818101447 -1.3841259874208194 0.6317725497382576 -0.5736119714780648
1 0.8154462971409198 -0.24825345430897378 0.20156730135934833 -1.7988577207337073 -0.38751269859834264 0.5445134359683558
1 -0.6711839643132796 -0.5018197415335869 -0.02623524360370623 0.1307995731061629 0.5450066506342955 0.33430480770455595
1 0.7492108526799092 -0.21229120654264408 -0.9662119859622628 -0.14143448552396304 0.11222473780762408 -0.10840047628001896
1 0.14960964055136133 -0.10322027755101512 -0.8939598657771377 -0.42009080059138915 -0.19550072879446972 -1.114009973653093
1 -0.2379328181064918 0.47400175568822245 0.009995719358496585 -1.0608036266753416 0.0009210696154368965 -2.46536179631783
1 -2.258798423734626 -0.5634117976090035 -0.2989840094054451 -0.09175452512370619 0.3866415906272908 -0.34620087886509016
1 -0.35473399002363776 0.9878493585911697 -1.3404813176010917 0.15080972832065206 0.31185419870588715 2.2535865351800606
1 0.31967353146670885 1.8412620539102733 -0.09567440579133248 -0.9219234306184751 -2.011597793219303 0.2872989428035982
1 -0.5810601605053837 -0.8065533789234544 -0.00739778283883849 0.6737883385886744 -0.018597087995418364 0.5318228478652379
1 1.5623703214047209 -2.457180990905027 -0.4246472127607395 -0.37311529094473145 1.8278393736405831 0.5002818318669948
1 -1.176254662993389 1.4329898491461543 0.8483700199436751 0.26749004794808956 -0.49227326595668436 -1.2901245562981296
1 0.8452451088502447 -1.307697336619737 0.5836110457574728 -0.5043206294232906 2.433491383813837 0.15992535580225534
1 -0.27892856949341244 -1.4929975477158517 0.8166551971857676 -0.061951305491460794 -1.1153021757487047 -0.3302564198080301
1 0.5388416082403648 0.6224408137546757 0.45651951636740923 -1.9617238266771992 -0.24930881193595597 -0.24826183837548985
1 2.2899696399086222 0.9193083924137956 -0.4929222613404635 -0.5876138902688425 -0.3608330684835243 1.4628088878666357
1 1.7789497845438365 0.33113162756481973 0.08536776689988962 -2.187957832170575 -0.9826315373054685 -1.0398320793520213
1 -1.5986400246030699 0.1808498196851599 0.06276032251763004 0.7798188954417334 1.9278665922196978 -1.4276654615132387
