1 0.6475403608677186 0.9619599413812414 1.9420760415599336 -0.9548352509123896 -1.1658238560304004 0.36172890215201436
1 0.605518640846046 0.3428813458133269 -0.7733615663164722 1.2802542918632234 0.3248356379469306 1.4119054331976009
1 0.6054527704370257 -1.3243266286371587 1.0134885379901337 0.39657882341278894 0.06042935211945774 -1.5594776551707583
1 0.8938441715540728 -0.3512199919998446 -1.2841885934419308 -1.63359776028412 -0.3358264182340063 -0.46895794994109496
1 -1.5320449814807955 -0.5651917119501927 0.20208077522697204 0.48772594626541305 1.865178668913234 0.07995022305136826
1 -1.7157789063138933 -0.4406286120402067 0.44450217562969035 0.22253788824031284 1.3513592935915146 -0.241065995192231
1 -1.7747423380699807 -0.047734659221514375 -0.6243919739730343 0.1266507170751674 -0.20647731857482185 0.6145224603952546
1 -1.420670199849342 0.02740849997601399 0.23086960412518354 -0.712988057502681 0.1673000776279125 0.32651494007933857
1 -1.3444593723998215 0.43216391964626594 -1.221025124156481 -0.48310948964340855 0.3181209490509415 -0.7464673743122371
1 0.19194633398082622 0.535414384016664 0.6825741434998743 0.07580437095336837 -1.0628468281695227 -0.2466476914881544
1 0.38089497499820446 0.9746104162542613 0.9055255575492935 -0.7211085269284577 1.0362863403886462 1.4982100271748326
1 1.218368396675267 -1.8717701260433708 -1.2083096827757323 1.5182575306295354 -0.8893949293957333 0.9679681288034092
1 0.9021493317225444 -1.1655875793160877 1.027765884926423 -0.009698423212156332 -0.24640444567593622 -1.2825595800938876
1 -0.9886522033499476 0.6227362795435576 -1.3375179230448544 -2.4634133269667635 0.7608640446772458 -0.46617073472836457
1 1.631415317649534 2.1406484188698207 -1.9785793211359122 -0.0435488819788795 -0.3847676676820093 0.09756147173669658
1 0.266064768689194 -1.3617665676975907 0.1413915608341379 -1.543998221868869 -1.8863394948317758 -0.7681936726344407
1 0.1471931478577484 0.7587942823311237 -0.877149829625273 0.26890829909930114 0.8880429872193178 -0.5636384548577877
1 -0.5892806489247835 -0.9302287085122143 -1.12436653598595 -0.5080878881755444 -2.8824459161674794 0.47157483916292925
1 -0.47162794196228697 0.6301208770267807 -1.412539691978041 1.0802141208915936 -0.02757818214816277 0.4446343501699305
1 -0.2736878660191581 0.40106711168548664 -0.06218531378912002 -2.2220177312726106 0.7134369356723879 0.1172652314012837
1 -0.10325016247888748 -1.0737133280206883 1.3203945517591686 -0.6863081268439594 -0.24395455983218706 -0.6880036334670571
1 0.7380751841132418 2.086447395674017 1.9789195792173893 -1.14610029688224 -0.687234726709439 0.8913346136179242
1 0.6966739525897175 1.5034942349682154 -0.34675130348925914 -0.583987771542837 0.8306923015662742 -0.4801288713983149
1 0.5720065229957483 -1.2730442360785483 0.8105200594167892 0.014913725911772086 0.07593963057419256 -0.4370461792750092
1 0.4396782457682886 -0.23578403565936612 0.40820375489878036 0.9500919166353127 0.5026007419984547 0.25691677555258896
1 -0.04814870907595995 -0.9649961063935549 -1.0852298002695386 0.2075148779768715 1.6296516139316848 -0.7361936988189811
1 1.3135298477784396 -1.03718520178482 -1.6937197981267982 -0.05260395149095733 -0.7828495271595861 -2.035484838964539
1 0.49124453651039723 -0.5638274350533204 1.6071812946947532 0.6038833568567787 -0.6752694315004756 -0.8487402996240466
1 -0.3403224980371375 -0.3890943172670606 -0.0415910445330087 0.22610097264636136 -0.5043680271327913 -0.5916020239591474
1 0.02952904345633444 0.4206292911446181 0.3025115314044257 1.6389810099644437 -0.5402417721086132 -0.3562819161687223
1 -1.281970958306242 -1.6150248631761768 0.362801716082374 -0.29569581886061763 0.0744030457241249 -1.4366055658485213
1 1.8421162483587068 -0.13075917604939366 -2.278161648356898 -1.0958607686571402 0.8184440802323747 -1.5581251234460067
1 -0.8433699439775093 0.040112035782130934 0.8884284401833592 -0.04917024006345228 -0.04101118632468826 0.5044186100987024
1 -0.20490152374227544 -0.4553114747835224 -0.07060419760655556 -0.701264309655734 0.3335310322330028 -0.008057134375077291
1 -1.192473407313096 0.5342983349625937 -0.3162010446265437 0.3785495309253707 -0.22912844204041247 -0.006468358577476847
1 0.7809274830999136 -1.0833276720418856 -0.7454168403542749 -0.24463145287600704 -0.28860217736375793 -1.5310849801638393
1 0.125655901478044 0.3545323231746579 -1.048774575864374 -0.8380050879456695 0.16296621523228155 -0.11303000768138917
1 -0.961160326258464 1.2452258037639206 -1.0027888442239987 -0.46702843486303075 1.3772825738667511 -0.5529280208343973
1 0.06134715453706623 1.6217582625768416 0.5410370575963857 0.38621101993608004 0.8832162897059814 -0.2828454262371501
1 -0.06032141175564082 1.6737179772620536 -2.3701378132209885 -0.1087869596161023 -0.6533566849405147 -0.20999081004534764
1 -0.8762624975390816 -0.4503323068085483 -0.9016904051059812 -0.1734885758093993 1.00272304220679 -0.806109567585527
1 0.0985593173554227 -1.7072960481203374 0.7210399753270155 1.1420140577180549 -0.9474700377065712 1.3896701626505625
1 0.6633832673526046 0.6724099249290789 0.7578877369665569 0.999338704313126 1.0214571638645207 -0.7418816266301029
1 -1.0413653003292813 -0.9132633984740214 -1.3854900656434355 -0.2283893737623648 -0.034231530591730584 1.739034777667555
1 0.06423358695995598 -0.780328471056707 -1.027850256972954 0.426238232660035 0.9575385154909226 -0.1927941496752602
1 1.1004536738045427 0.7966051397721527 2.345525856898592 -1.4849525627372242 1.3332327541975597 -0.7662814282311644
1 1.611238150401583 1.158082229933999 -0.7808113079491363 -0.07247141934828279 0.4547936590592705 -0.25442447570182086
1 -0.10886536332538091 0.3345337843466974 -0.8965307607227091 1.482669038723099 0.6241795375774302 0.18682922963797
1 0.8632646109600054 -0.5566363775865585 0.24184112186243242 -0.06837901482030292 0.3733155220480069 2.7447527669755942
1 -0.8248736336448391 0.8840466409992727 -1.3723830167070867 0.7226624422997902 -0.6581639539979471 -0.1478054600807599
1 -1.3923959709865334 1.6488704754564356 -1.7014446592195756 0.975427481400509 1.210764965937676 -0.4528607462599596
1 0.49784767247936446 -0.6237816430464393 -0.3624939209174151 -0.40747384233902173 -0.23110235517703528 1.677870626611641
1 0.6768849917477184 -0.2604133122906612 -0.5835758462455592 -0.7370698654740816 -0.3844637727396993 -0.2448290347081557
1 -0.6003992828325515 -0.5752044649850054 -1.4253781458531911 -0.4686020207450848 1.0149549355656733 0.73050851760412
1 -0.8030209949180578 0.7997563554840178 -1.497272832250891 -1.7565303846789 1.75727293497226 0.2750448392785935
1 -0.10546646312622616 -0.4819061326195924 -1.0715796465300476 -0.36776346083173 1.0125290716977324 1.483044141335389
1 0.1417497592571059 -0.755935812995761 0.5812975593786303 -0.7354387887763946 0.5276028761139787 0.3164083430808817
