1 0.1474084206600492 0.8637218568994218 -0.14776383958246395 -0.8877368541145251 0.33093012640150377 -1.0301543420303656
1 0.9386193603486918 0.9128765509617222 1.3876868706853727 0.8137852467822895 -1.5182809579341898 1.1407265209358795
1 -0.34877986819418183 -0.17985281476076675 -0.07691293423503395 -1.5021854267477597 -1.250095465380908 2.0505456578351335
1 0.8391935940142221 0.049384547006171155 1.926547970113498 0.9675000343676255 0.17673997461267485 0.7798252529763464
1 0.44274477264533135 -2.1512861816208084 0.807764604826023 0.6548565183840034 0.1801914759829933 0.290585288072702
1 -1.0733436129383982 1.3575004432987698 -2.6139595057699134 -0.31278829614874953 0.6126899065768179 1.1730720560732795
1 -0.523093483862306 1.7613651433272535 -0.166566379914101 0.71237751814924 -0.7716220843566846 0.41150526785102587
1 2.7048329617256854 0.11786627786157021 1.1705508082000622 -0.5019749391602701 1.2774520204811592 0.8035415135021123
1 0.5877017364205263 -0.39077729906133846 -0.856430655533309 0.8919139042866812 1.377273206725754 1.034445165145462
1 -0.2375647401400093 2.3844652773804276 -0.8625501410714669 -0.5604748711468819 0.29022169360007716 -0.1256747199664167
1 0.24602243263354961 0.6133364415155405 -0.8058949341665731 -0.3009567756940298 1.5795917759120015 -0.27332245379637715
1 1.7218294888386327 -0.43674537920358253 0.26514251904643327 -0.6187792877840529 0.3434832400177103 0.4099205556001273
1 -0.5616662658195087 -0.8591118729527804 1.4266880242683362 0.8466190865589185 -0.5966927374714746 1.5335939972201924
1 -1.0405612896037286 0.29790419277896574 0.4935271724486642 -1.5989690500328606 -0.0034079622197256934 0.03253365169760524
1 -1.1383972008003034 -1.2067979425701048 0.8404697264505695 -0.04267809227709019 -2.106305077996486 -0.07993322754040258
1 -0.43453265102428534 -0.5546327513511093 0.11798371912112227 0.5601791406103851 -0.40483943406277134 -1.7534833346009069
1 0.013960467718231184 0.17616342039734748 0.04807740082098886 0.06256255791674334 -0.5450409943285436 -1.023038531838511
1 0.4212611422311267 -0.563252139878896 0.5678458235885474 0.8509627229304517 1.022062659523562 0.5373006704463146
1 -0.6251912214155909 1.5530374348142475 -1.2091116371063098 -0.8993659049340291 -0.8137655695765946 0.02548748990151254
1 -0.2294864651378485 -1.3461816299465423 -0.45391891449836286 0.03658734272902443 -0.02802266747423832 -0.20010247199438175
1 2.4594797310176713 -0.4394022894664724 2.370765970088384 -0.958428968140361 0.38658408150181206 -0.5989398222292599
1 -0.46791881167586175 -2.2443202931556745 0.5397994273798941 -1.369518528631644 -0.3726418020167029 1.079112309849094
1 0.09769974111469365 0.4668543681449129 -0.03664447933356746 -0.04665282911631718 0.21659347828903003 -0.8086174789010032
1 1.1915463429544706 -0.8338929116460169 0.024964837285053283 0.8622637321194196 1.6316155353013502 -0.501767471377382
1 -1.8485423034949309 2.952705337796796 0.117936765773135 -0.8122878015963725 -1.226570494986611 1.680934499432827
1 -0.38950073391283146 1.6797098021056296 -0.5979247016757556 -0.17385516551707167 0.965642802386346 -0.9722096849199874
1 -0.39760980102985244 0.07787571195342441 0.5895351777323713 -1.3071671765715962 -1.0709788652500083 -1.2720424401320802
1 0.8435688742653457 0.5257536596939681 0.11355165458689777 -0.3291610323742127 -0.241834599012918 -0.0339860479304937
1 0.1122834809996276 -0.6073699923004928 0.46287708815229406 -0.879250378933602 1.3720788760374887 1.2333022256765156
1 0.7006123719792098 -0.9965368225360497 0.01062058639540612 0.09627458448783896 0.6088180638071987 -0.510623728097204
1 -1.5261525522563995 -1.5345205992161843 0.3073446042392275 -2.0998165022580753 0.5308244620031598 -0.49432266745216513
1 -0.044115078731084875 -0.27535084182127934 -0.3913812749172929 0.3108616054511313 0.481022824053801 0.855122499605218
1 -0.4451407356810583 0.8098717404926516 0.37370936688875633 1.4278484496601598 0.6372304352935251 -0.7524479727669252
1 0.6303051248088922 -0.8076207884128356 0.6810687958205975 -1.4038979669041347 0.3168230915475979 -1.229284011639211
1 1.8199912671251859 -2.213489665213241 -0.49387932602059115 1.8369465205754354 -0.5979176253724584 -0.6004192159647264
1 -0.3611332034502443 -0.9102777048993197 0.4997160293280168 0.07280970063679601 0.5049683978538971 0.20418746909643143
1 1.129600976729727 -0.02590908077585477 -0.9478301102924944 0.10170830952862008 1.1067131247414106 -1.0126360718532323
1 -2.1884402957109854 0.1266624803197252 -0.009476183585030083 -1.5756543182767866 -1.0962992739106108 -1.5934193868915993
1 -2.126085992994407 1.2552983634945665 1.47164408500438 1.075796708596429 0.2976830727086067 -1.4204251753316175
1 0.047524201510194874 0.658915033178946 -0.6898982320765568 -0.31886720563933507 1.227629447805808 0.10838814650796487
1 0.4324875876702244 -0.7171954727838588 -1.103690135793594 0.15078308786335184 -0.14861918253589526 -0.13245217264850323
1 1.505832548982865 -1.521911663529314 -0.3597079731952551 -0.8552373478463084 -0.39538637610344607 0.5592651626582267
1 -0.722820356614285 -0.5035109551431615 -1.2404963602911225 0.2966981982488411 0.11746373703848621 0.03646638998481422
1 -0.19625152731971404 -0.4100444805911144 -0.711630675818552 0.11895111267986623 -0.7056387893960939 0.8928343956850047
1 0.48944216201398943 -0.8735199607143848 0.24590001064064937 0.8334439666812299 -0.9098343726163906 -1.1510663722667611
1 -0.5119058321521885 1.2284401463944346 -1.232815393637902 0.5858266186994432 0.03584734934353589 0.6551956983292417
1 -0.330032422306171 0.20068102636577445 -0.5540127982422739 -0.1209449716234597 -1.1592832341731525 0.8835480729185773
1 -1.5188370288698703 -0.2638247511359302 -0.6246119328044333 -0.3464539389314472 -0.6514410576250194 -0.5882628142419983
1 0.884181411281034 2.527492951032686 -1.2127912927800815 0.32338722519256363 -0.1008385887595512 -0.7072123397543202
1 -0.7860170012441103 0.7853072088366787 -0.6904318696627932 0.5859256464762651 2.2254082738026795 1.3508305177989413
1 -0.22819186759598276 1.8717795679320326 0.24513420561464574 -0.9969988712502638 0.14010590779996018 0.3479502922574298
1 -0.35634801985604353 1.1713973782151716 1.3777448917685258 0.04944794233009418 -1.8045578669478253 0.2672800564847323
1 0.1782385270288198 -0.7729584645805422 -0.7584766927493236 -1.121694023086069 -0.01336341025564978 1.1639149161234925
1 1.3457318404466208 1.1555830500253714 -1.2676368745120636 0.8291821142597054 -0.14633065214123045 0.5596830772988299
1 -1.9831308115878739 -2.1678073240614477 -0.9846371147436699 -0.5780546311986472 -1.625733027258449 -0.10858781657719128
1 0.004429656429842081 -0.7339320537555878 -0.8512140590132579 1.3272954608948588 -0.0862816296705082 0.17570794535291495
1 0.7147166433971818 -0.45762202289435616 -0.2141667083301177 0.44360942589050845 1.1826296539316392 0.13953781669426057
1 2.0102911745186756 0.28034573759652226 1.2037805494051408 0.10885672921915708 2.4451800971120607 0.6245026811519739
