1 -0.07912594836515473 1.9136510696062305 0.495455438476847 -0.6141435111698389 0.6676344843755448 -1.188080130237402
1 0.7805096855933197 1.5548938949426887 1.786774976900561 -1.2882808473418834 0.0980157451383655 0.19597442845393762
1 -0.10373169045590996 0.7298448856244374 1.509091392707715 -0.13802306436017758 -0.17876922341718857 0.021832760098124245
1 -0.47358074362518837 -0.04843832547617555 0.527168850646015 -0.08228622347551377 1.0779518147128384 -0.4712341222588313
1 -1.0241840766743688 0.8500545102477431 -0.7006628301557086 1.663049462502592 0.7166908353049903 1.130104314531318
1 -0.40425299852770136 0.7092224392184789 0.3027586179182629 0.13360672302109922 2.3972707912595923 -0.42931125878214765
1 0.07888296511336546 1.2188534645987341 1.2887624160271614 0.2905266812429973 -0.41610718025975757 0.5555329833828226
1 2.0219243563038742 -0.5208247792275057 -0.023256888271325937 -1.5599760000411145 -0.2421259112152533 -0.8822354311812796
1 -0.6739707950335975 0.094914412459428 0.17883813719601574 0.5890384862777968 0.14389805416900525 -0.4487448457904473
1 -1.1014553587724323 0.7884806760050209 -0.2511507224863899 -0.5055686973450112 1.2125227639690759 0.9770976349188837
1 -0.14362299009887397 -0.3069128554760608 -0.4236719611884006 -0.40231902164331795 1.2883156927614214 -0.23303708455242086
1 0.8668687325930166 0.04543757055631031 -0.812835718272572 1.483605608444524 -0.18267950938162777 -0.06033918299847235
1 0.3370944026797944 -1.571553062738112 -0.05001447942207984 0.4787113595566384 -1.1909976188868014 -1.4026673391531947
1 -0.07461712929367216 1.1167198612655913 -0.046337936621579985 0.36772489056711866 -1.476100751603475 0.13983292213886003
1 -1.503045698271421 0.22647657587123707 0.37614120748629465 0.77627713467945 0.6211372496232074 -0.2590217287873459
1 0.5632670805113343 -0.307963552491646 -0.7586597608011578 -0.14338248627634212 0.7933603504141156 -0.41524863355314406
1 0.47888831220405165 -0.39477494664402757 1.0544184978318325 -0.17783938509519298 -1.1253140175884215 0.67520112120598
1 0.14866856859780844 -1.7358861424988334 -1.0172821611953493 -0.06050610089846707 1.7699631481147207 0.15999746321356426
1 -1.1769326790237777 0.3284198832641236 -0.9310351701744065 -1.7904417184567571 -0.4063821601950155 -2.3069967609586812
1 0.7009593268779245 -0.6589031382957161 -0.8418470871357443 -1.4865325622733996 0.6653136420204195 1.480911490984499
1 1.27050336639839 1.0485153723262888 1.9200128378970691 -0.5509835793253685 -1.7718941453152441 -0.3204384510867141
1 -0.8860587046299133 2.0673487191257056 -0.43803599786699104 -0.03412651184952381 -0.01744536939511984 -0.14155892671229117
1 -0.6345076081041063 -0.8879652934068499 -0.3894123758036357 1.2889838822501758 0.28070459626482624 1.4439815372256464
1 1.2418700732929724 -1.2985259510554248 -0.2939589744609148 -0.6962309053968293 -0.4052678649651236 0.7147461704975424
1 -1.5105520297953723 1.034433642164478 -1.3606674848279348 -0.3872295356570918 0.17900453473172218 1.1536410384054405
1 0.10915734664144089 0.43224077073852823 -0.2987103318941913 0.2926968134807904 -0.816571090160127 0.0698235173926651
1 0.06582822261720392 0.903754280340223 0.654318395459332 1.3496690841518793 0.4456885548339425 -1.4382475001838804
1 0.841747086135046 1.221628109397811 -0.7511907393854033 0.5890812825574768 -0.7398808057743428 1.8019435557467294
1 -0.40482360522927563 2.912568021658649 -0.4840109011366037 0.5526612727228523 -0.20587417067958386 -0.12341978100911556
1 -0.8677434837270895 -0.7467913440647687 0.06817182890745407 1.8963194477739553 -1.8208973152189307 0.1250024818760085
1 -1.6382762984849681 -0.5823750654804638 0.29726925576529967 -0.040824721465268145 -2.1520796927199717 1.1366840061088717
1 1.1361860453862067 0.4819992096072837 -0.03145432086278226 0.5394996718285451 -1.7287611608613755 1.2203316488062714
1 0.7468543162123717 -1.0500973847711639 -0.6289987671246774 -0.7152218095749715 0.5092062526369606 0.5421583407885076
1 -0.1597603335033401 -0.9846387694641943 -0.3025792285723346 1.7465529421199166 0.5694314221002896 0.2858681699690815
1 0.8253444164798814 0.47732131372723025 1.3293180811092733 0.44212759736291657 1.6532077746447809 -0.8381755431765956
1 -0.4007425032834903 0.39140016837310465 -0.2358043569746493 1.0478985626318789 2.6369636775624388 -1.0924488011072735
1 0.7658109736936626 0.023477983408317353 1.6884992203785003 0.3288080575167974 0.8507917580656106 -0.05675162895597102
1 -2.074633935027407 -0.8534415080751411 2.1604902583906225 -1.8224525639725366 -1.6330744771983154 -1.8731975632788607
1 -2.1678614590688756 1.5702425775675977 -0.042187594973450065 0.6216676365485048 0.5155235850963564 -0.798902475555543
1 -1.1812701745722363 -1.0761422946207286 0.8523741890385956 -0.5163408735927166 0.04383147268389906 1.627597714062124
1 0.020928870724218465 0.5049174754596305 -0.29297091510596274 0.2374723189815413 -1.089053590188387 1.3179206244898396
1 1.9816136057081217 1.5890316616711533 -0.595568424302756 -1.2166988121959528 -0.2995939786686699 -1.9035104449733211
1 0.8074035091568925 -0.9592560046765521 0.5652695633216414 -0.49253314778257984 0.9481312441134705 2.228333595165309
1 1.2383483717669987 0.9582148833127121 -1.2779612013831987 0.036671835279012216 0.7104159563671837 0.09639966887662788
1 -0.5893347291639853 -0.7908804410885636 0.47135395642120104 -0.6867301718389314 0.2541351796548351 0.046786315068653335
1 1.5007002719679563 -0.262055824374985 1.176627887208276 -1.273804112887747 0.7759157970056026 -1.0602864426515028
1 0.30236173349571904 1.0926800868126072 -0.8293473398462153 -0.11607662425182066 -0.12985522522015586 -0.531069308515965
1 -2.1619951974204006 0.28419158559348917 -1.589973041962255 -1.4998692896642245 -1.0859819256729615 -1.5749200069485605
1 -0.3338606514982676 -0.2322652686868697 0.5744151418005572 -2.039904072241236 0.13980295925264943 0.22536487470939623
1 0.44966338701415004 -0.6424963897630603 -1.4619888485890227 1.224015123259793 -1.1290658679587215 1.303492936194002
1 -1.1128641869136418 0.22562068679939382 0.12346138921752316 1.9300103916572258 0.1399023876621983 0.42171665516460083
1 -0.14296104190178416 0.022656085747914383 0.3409701596330075 -0.5107888608938872 -0.15031071651598485 0.2875248618131449
1 3.342912053653963 1.8839663081705502 0.3724806599185455 0.22258426818173396 -2.8295292192314765 -0.6235613840455052
1 1.2274664007614953 -1.5265933784531394 -0.8660659588391434 0.7309621618806744 -0.7983051016284517 -0.6000648112725205
1 -0.10047520772617834 -1.076291297177053 0.5647059019398365 0.6947922636267458 0.09168118333749974 -1.0310366237818311
1 -0.7285618314253721 0.05720373360918331 -0.5393382752105893 -1.7437713845875775 1.7072236370866223 -1.3398447899698995
1 -0.3688163392741372 -0.46159067171291496 -0.48652519245104836 0.6763606591964633 -0.609963034302452 1.7451739886117033
1 -0.2648709732704147 -0.08342413274557599 1.886904431840348 -0.910824075376611 0.21763566247313784 -1.198586223184908
1 0.3810310671552747 -1.5987237025542345 0.8434064925309628 0.03897680568456238 1.3863006846890744 -0.7289125997157582
1 0.16701471659060993 -0.4275250514309793 -0.35640342593108143 1.3211709435113426 0.2675581110786061 0.22484433171014545
