1 -1.0027576208096645 -0.7523619596692186 -0.29265484897447236 -0.8897728336407179 -0.6355406027534383 1.0822385985244605
1 0.27838246253079485 -1.231371784521848 0.5255377436372732 -1.1865109857887668 -0.7567286881646887 -0.7811910162396315
1 1.3933502147903778 -1.6801846048753333 0.6684028258268657 -1.9491026866880747 -0.2649294643958788 0.7588272908666261
1 1.1291323245781295 -0.7564930938905815 -0.15782104041868242 0.804665334424881 -0.6538277568189181 -0.2869522694834025
1 -0.6749598483174698 1.201996155432094 1.9141077306228838 2.890257029910476 0.12112391049948923 2.0295535051470535
1 -1.8747017493019242 -0.3790426377607233 -1.265575074963496 -0.4179407342144815 0.6684859803691588 0.4799858155867045
1 -0.96152757787696 0.36809274610743264 2.6906913961849224 0.3782547723076581 0.5292936594183331 -0.714953437765208
1 -0.23424613215664913 0.3585531810880382 -1.5548178517156988 1.8333633625163626 1.8984853565155901 1.1078393439660175
1 0.18822184507612308 1.9541485844823394 0.9894262588156062 0.0023846917158738884 -0.6620357570506633 1.1750957324396916
1 1.603103945555282 -0.18849312246003286 -0.6952973998829096 -1.0713061783440134 -0.4416150210774904 -1.8652563742959765
1 -0.5765625345139374 -0.017791007833509828 0.020199435502551728 0.3256305456171731 1.074951005775435 0.10896602401638221
1 -1.312781278982364 0.2840590063849179 -1.0447269209652417 -0.9094703020984752 0.27372520674459416 0.988491708395686
1 -0.9224636801328023 0.24371956389789023 0.3275503295471458 -0.36044701870508616 0.4536640148578576 -2.259216837237409
1 -0.12450616695468487 1.6400661940111412 0.3804530066804575 -0.19518825666881578 0.3563298927176764 -1.3434705378860392
1 -0.08097213954625043 0.8373672601815513 0.12564503815301103 0.7686748940299207 -1.2290804847960177 -0.4269942584790063
1 0.059946936715340425 -0.19526022496654366 0.22515373406144232 0.4690669664218557 0.3171367450758695 0.22876643752509618
1 -2.6195205762018308 0.962291896749351 -1.2390808265035178 -1.2399601985327586 0.90753025329143 -0.8311394938323488
1 0.6652481364420239 -0.18465042233255832 -0.4373870400008149 -0.6020007162171047 -0.06280654309215672 -0.7485517457230685
1 0.8214778584954646 -1.1432596235913273 -1.7818562505096223 -0.5713175578963284 0.6924169760400954 -0.4723004265888952
1 -1.0927483427822806 -1.0903693825250529 1.265928567495633 -0.5284679337590636 -1.0328468696596316 -1.0741120924753762
1 -0.5315063698131459 0.1520970286603973 -0.1275648424077647 0.6562696953509516 0.8893540178802639 0.599251641710268
1 0.04584061955190025 -0.16128559917769905 0.936874955137702 0.5509138324536127 -0.439354203228449 1.1558636961690236
1 0.1217207213056166 -1.2843479153969288 -0.16707979228511852 -1.3956197172951876 -1.0291627660225477 0.44139249103191014
1 0.5751264512738775 -1.1864384496755345 -1.2545612091931098 -0.5540248090366205 -0.5317898406691806 1.0598538041135162
1 0.4583579685597629 -3.0120411487172056 0.15917370917207765 1.036600738924588 -1.3208330768055445 0.5807482088565439
1 1.1364540089192634 -0.7605564192574676 -0.48798527799791075 0.28000350909799593 0.6669922607652059 -0.003677859566972634
1 0.027703456432387516 1.1909667638487869 -0.05533734268850978 -0.5760602285437239 0.3912796220024208 1.1360208147658846
1 -2.237152827084688 0.503630417699222 0.2057006986980123 1.1228005908788194 -1.09397009427828 1.1197412294948461
1 -1.9246064774638247 0.5732715155489568 -0.6451681849011264 0.21405182402293113 -0.9645717517671766 -0.706873654006055
1 1.0457341098668669 -0.7231483424139987 -0.04811002458374244 -0.22511726973509885 1.3374257221644996 -0.1152363309064686
1 -0.8959531012641652 1.8585781495965061 -1.3782297329270954 -0.18128018202521892 -1.4054830586443852 -0.4370037979577066
1 0.08445649539285836 -0.654038144019163 -0.8051951512787597 0.2205649870733545 0.9417786197056677 -0.9539459722819227
1 0.15372297779777971 2.0648716475647477 0.2818568027973348 0.9950832423982899 -0.8605602550240489 -1.0768814647734002
1 1.2556452157265539 -2.2336304175941355 -0.8383931321150088 -1.1117416930729465 -1.3713186370826118 0.5039299523093558
1 0.8356893706702119 0.7017620238851084 0.335821686574158 0.669721516409841 0.22358719010212785 2.2726502634305543
1 -0.4576722215031435 -1.4251990902855671 -0.09310523430763137 1.4643905425974655 1.091767342222814 0.8273074133762004
1 -1.0605292214098012 -0.5779701277139755 1.7455095552138273 1.6503218183094468 -0.21964871195514474 0.9504032430568012
1 0.7898628645373739 -1.1725751556610897 0.5832599668081343 -0.3625044293813361 0.8614489111128852 0.2745393605382116
1 0.6648951614285027 1.5130372137343922 1.2006143796567477 0.7293782336040369 -0.012216144920948434 2.209595494648006
1 -0.3251349350498874 -1.1865171687012053 -0.38893953649997726 -0.21738839156694598 -0.9218353079146792 0.7096153243234896
1 1.94142255610417 -0.3259689270338218 0.9227174958448914 -0.34309697836107894 0.13379283100736164 0.4116018722778601
1 1.5896295767180917 1.1288892220075224 -0.44387624816405474 -0.33076037943032277 -2.626032198180389 0.17914110484596
1 -2.665165624139956 -0.49067922427529576 -0.8438941172141563 -1.5916534141567942 0.17058327178520627 0.8245886551012804
1 -0.7218158098236818 -0.11073078402820968 -0.10796430781688812 2.9220245090980907 0.8105381621147997 -0.023696287552382924
1 1.0291997803478186 -1.8323443473313672 -0.2968118095106083 -0.2739933586143272 -0.07439024180434717 -0.5846935490485885
1 -0.2344027558141094 -0.656782923310718 -1.2867971664298696 -0.13219502357750754 -1.3288889012328016 0.42591106690853364
1 -0.51856793470033 1.4167252344974217 0.48875162963997465 -0.14997760811854716 -0.5835322760273411 -0.47051436524129625
1 -0.5211835014488243 -1.9331086881625839 0.5784175678177557 -0.4234609038887919 -0.6653431845689576 -0.8734447262947628
1 1.232546894216291 0.3370170026582805 -0.34614316187525784 -0.4999413531911931 0.7386860686620147 0.07087578511419826
1 0.9820906308190841 0.670626755346777 -0.9246603057124027 -2.3917406088504523 1.4843783682315945 -0.12291405775930508
1 -0.6151400487518542 -0.17169832818199607 -0.0327963150795074 0.6408900725243805 0.6383192115564469 -0.5141341548685048
1 0.40995698000260106 -0.9379335665489701 -0.014247180014268716 0.2964119499440483 0.35355484338116433 0.701255820518643
1 0.0733067652713493 -0.6160195715575102 -0.024678483060588084 -0.8117411363222967 -0.2004788828226045 -0.06648142919221943
1 -0.7424899679728091 -1.2640674610400646 0.6037458762079585 -0.2468334890193762 -0.6465059427621298 -1.4333522230426032
1 0.11243392484394028 -0.04567297045545492 -0.4453162346330093 -0.2105855831609761 0.8005967754164227 0.18383665595263263
1 -1.604081382484453 -1.2577896808347007 0.022797248124677098 0.1520097577391322 -1.9633883863478936 0.031929260582191074
1 0.29850593536254216 -0.8018351697084711 -0.8882119865446013 0.27494039354094535 -0.1277297896304837 0.6101894906078011
1 1.5564771870253584 -1.6116700782701678 0.15462328507088485 1.1168923463764915 0.7962900606716439 -1.1663825236740624
1 -1.0697562708211052 0.8327217517476643 1.2253662133452128 0.441148071447256 -0.5620346926506615 0.15289712891690588
1 1.8702107628570666 -0.15305697705995144 0.9753960844427866 -0.49304244120246193 -1.7341376985125487 -0.5077772242968581
1 -0.20537757941502574 0.40041176826223995 0.14628947842669582 0.6147231532769761 1.6673230396418675 -1.6173723103290847
1 2.011862696412726 -0.396313188736176 -0.022104242424645815 -0.7569047236760057 -1.1202800395637456 0.6287514614357763
1 1.200663170366484 -0.08868921961019466 2.1851655961411933 0.7267795035756963 0.08112020146806587 0.6381656746942406
1 1.065368052301434 -1.3163415810699506 -0.5479134091313211 0.05843251838355248 -1.9345214943580618 0.6387699687505705
1 -0.21441020690215448 0.2179423118866542 -0.6612865543080331 0.3293575566687294 -0.9312832511252586 -0.29415654219289566
1 -1.8584074594389473 -0.6548785082322741 -1.0285755631463207 0.4110705434889726 -0.08176488020619258 0.5512096231953088
1 -0.434393629205353 0.9355497434938386 0.10853051351516148 0.9243052843953249 0.9088887164911259 -0.32358682864981325
