1 -0.9885708671002478 0.20464729230156595 -0.718435606429361 0.38927043959048396 -0.2337517074610969 1.1055684381402897
1 0.9298750475013569 0.6530873370450173 0.8877998163915273 -1.1029211321087482 0.9914138114483759 -0.8888871716252896
1 -0.09215975130023968 1.0618534277136107 -0.5815593316369276 -1.1829928112678165 0.15962495378196506 1.0409638852104892
1 0.7765081504360875 0.21648885690486316 -2.3904350602239948 0.32570363636917493 0.8406709369210884 0.28207612629911777
1 -2.513140672796499 -0.7386286765422455 0.46570320633095647 1.355358158357263 0.3620179491564308 1.2590136681913648
1 1.5163065058871215 0.3372465784041416 -0.8501697749425832 -0.7426432057072759 -0.44548514971571673 -0.22080104630116126
1 -0.3666060339219241 0.5480185592428266 0.2898722973230281 -0.7203801731363377 0.6158246498298448 1.6658315523466047
1 0.23184434465199694 0.873489345543966 -0.24854309559377613 -1.1655079766948633 1.6567876951787643 -0.5851766136634532
1 0.579291105960901 -0.18481915275300298 -0.14821235806781005 1.3001094245931495 1.1654099003961613 -0.6262022165432226
1 1.1022755581481354 0.3607527180677452 -0.2071597663040065 1.1704442655196108 0.34024270637964504 2.127014779967975
1 0.4480424063824093 -1.3161890217328618 0.42343662343763205 -0.5326866247404362 -0.07908429130138592 -0.8211196315034882
1 0.7326749460851644 -1.1682120272620138 0.5685256281489763 -1.7782459898053486 -0.16700952947210682 1.6871857729662938
1 -1.6326936141617399 0.234860445315642 -0.5644184815250687 2.1095890294807838 -1.1291126088833172 -0.2314911711165647
1 0.8650009808217453 0.19493333153555928 0.7879864350899385 0.05689517697321268 -0.5892590281747735 1.3871571845436352
1 1.347234681122136 -0.6122681505532699 -0.9457935134374588 -1.0882168638399587 -1.0745432080739288 0.7556202803410395
1 -1.8649006166407283 0.39559562438597895 -1.288466306117045 -1.0811535952077589 -1.0737898213731965 0.03946199932087582
1 0.9758678565009734 -1.1139768957485952 1.024633334339901 -0.06878898885900304 1.7367460936134085 -1.5632011811014792
1 -0.8064652623589191 0.1705045720648518 -1.2246694829524991 0.04837435148070389 1.045746500875834 1.4242905347885664
1 1.7887479252617904 0.7280843018651075 0.604094028974451 0.326734749269992 0.03109268210023665 -0.5652541574099508
1 -0.282106255494367 -0.7858443754511074 -0.504557595734136 1.438309946646165 1.0889507714178488 1.3858369587956754
1 -0.18541016182868866 1.31459054697624 -0.2045372150133793 -0.8331146362631922 0.4552302466130457 -0.8226357935698957
1 0.07096141518208521 0.3693220705115157 -0.607099086969089 0.9617771062900458 -0.7435842562787623 -0.18589398193419887
1 -0.20549084157227238 -0.9242096489238513 1.7656309961678527 0.25682952309071766 -0.900460367502648 0.7697840442502815
1 0.6890671248764318 0.1950412719793508 -1.1694676081141866 -0.4497376043961763 -0.9370261813185479 -1.0850238749631969
1 -0.3382463971297023 -1.232670246241972 1.569102842683989 0.4261647556010129 -0.2769647246265633 -1.054627282856663
1 -2.3801158467438768 -0.30926177467426114 0.2940460403718961 0.13647520043627573 -0.005591460647657891 1.4725106901950051
1 -1.2870601939098385 0.4602320819872558 -0.4599423239029235 1.3252576880209224 0.018813524981797555 1.2112302790330753
1 -2.6753581020744543 -2.2868957896414224 1.0437569490313872 0.07535273435565754 0.4233274218412987 1.2562815970275094
1 -1.4172478171165726 0.5838199077578474 -0.40476622027102266 -0.16261766980929127 -2.213001015659818 1.1777730951634524
1 -0.9316548703894479 0.12730250180087915 -1.494577751387589 -1.031435512261208 0.6003080537543147 -0.266007932475822
1 2.007449916893397 0.22644078988840557 -0.9852294233617501 -1.0160552940147813 0.4769470523549685 -0.09748033361065925
1 2.057178266823155 1.203210276055906 0.8302378984978767 1.0387549923022368 1.0281929011247526 -0.6611737230641166
1 2.634495193744804 1.3014828578978936 0.5200652866732117 0.34650248188170246 -0.46120256410939936 -0.015960664444857837
1 -0.15811531226698636 0.03762701292119298 -1.4997607243728592 -0.6134526869862105 0.7019800091286594 0.7891687159954511
1 3.119865723673657 0.12547786688200627 0.4031180446977132 0.045633703014357395 -0.0016798922820704051 0.19040315394352492
1 0.5935186073870393 -0.06217584465816279 1.3817963549179864 1.1980902457473834 0.6213647392942723 1.8596957079445875
1 -0.6386406588297062 0.15858282604855817 -0.35653257564238 -0.5643348613471106 -1.7911282189345987 0.7573569233303422
1 1.7442854744285676 -1.7178682858407948 -0.4518287012813185 0.6748080976955038 -2.526209251649223 -0.33014153370373206
1 -0.5708532766276297 -1.321739661196359 1.060972915375559 0.9478475655131673 -0.41591031400912254 -0.6566434036787585
1 -0.28525428873805675 -1.0678152236475218 0.4884181818665353 -0.38177017162800303 -0.9263712056884713 1.5741889714702253
1 0.4148430977267187 0.7672142607266377 0.09750296056644346 0.2626465598921317 -0.523486559918999 -0.3987438497974041
1 1.5481102268934004 0.9333204667122169 0.012613188482623551 -2.163435820741525 0.8940968167729852 0.6601450795742878
1 -0.14790358586444335 0.05064482138684067 -0.523140876799231 0.14035652363666082 0.712195317023835 -0.5180495919022515
1 -0.7110579674430456 1.5876411231389769 0.21244427026449111 1.5438072172125183 0.3983861224712764 -1.03501811235881
1 0.628622146611822 0.2538193571527948 -0.7070853040081115 1.171005757603584 0.7117060288040475 -0.7681270839781215
1 -0.9304932877748325 -0.9341747089947693 -1.2119182037862748 -0.48084950539739835 0.33473771243350586 0.5483897531287656
1 0.2637181637030304 1.3749527798462822 -0.9201790620801039 1.524635009298525 -0.21412994720116466 0.3884258552710307
1 0.6148771677503684 0.12970150479704512 1.5322357144450105 -1.2994622002936307 0.5755926470000918 -0.31450255971569085
1 -0.1779629252142672 0.3589705094354253 0.985745250418333 0.28222890427165725 1.6311296783489662 0.734301862941344
1 -1.0180490279329315 0.14366018936517028 -0.5077391573156675 -1.2551966778554022 -0.3355133645213395 -0.7147851553496217
1 0.20758958747702708 -0.36541390843853144 -0.2653982567397794 2.4449167395490963 0.21452789009876244 0.556554453871381
1 0.9889458591791878 0.35094511953939284 -0.34225777984798117 -0.4122535043703325 0.6428163834787951 -0.38124357081659244
1 0.0204521510140384 -0.42493896525401864 1.1407766833236364 1.0350906187131927 -1.2760138664217777 -1.8970756591610745
1 -0.4090469331269497 0.8970365811544332 2.153640858770217 1.1552480358337465 -0.5803023077619753 0.7885705413172851
1 0.5155489880675275 0.28230152799131764 0.1929396086756532 0.7122861407069025 -0.033839763937709925 -0.2737854759266198
1 1.393372380562074 -0.8835905837220874 -1.1955971739397326 -0.6524976006464337 -1.2224224242748096 -0.468581301359918
1 -0.5155421007162276 -0.2740712318568446 0.1352759429562387 -0.0626913861073898 -0.49558933048714576 -0.3750137959425128
1 -1.0296339272226962 -2.084406194576678 -0.2953602990261533 -0.18616096542572722 0.5855318579046738 1.014731456248874
1 -0.04033506321790924 0.6839613573331412 -0.9702759022655512 0.35389425573365035 -0.5885868792059507 1.1310361697640177
1 -0.2057157399458825 0.8243225071128891 -1.2184593347244554 -0.5349341824527479 -2.026796425152475 -0.9420030112288094
1 -2.2911873050169556 0.6011742048502581 -1.1856765623364431 -1.1822255852030188 -2.515620260224128 0.8074989692667063
1 -0.04776109572486129 -0.6674427383201667 -0.2840410444743027 -0.5183445430937063 0.24127191578269763 -1.3163844930098825
1 -0.8701391743408835 0.1428264165122555 0.18095142035005665 -1.2013501390283603 1.2459329048552366 -0.0025840993154720693
1 -1.2089129033471058 1.1232752045750245 0.28578639587184673 -0.24646521550602035 0.3117829877366247 -1.7895345253004358
1 -0.22843001169637722 -1.0260621969222978 0.49732649927483463 1.8669233259487463 1.0833465570058676 -1.6209833921584573
1 -0.720090009161989 2.21777797668769 1.3628996683546197 0.6215380881125742 0.3869306616505712 1.0500807707004187
1 0.25182997700965165 -1.2534121573492827 0.9841005076873611 -0.3078663610474987 -0.4436474123892914 -0.5826399408442137
1 -0.6869637039699372 0.362475483180577 1.3133934927490436 1.0173323609992393 1.502983114251009 0.3910930245658918
1 -0.18917616282185987 1.0695872276558513 -1.636990800366466 1.247784222577557 -0.4043320157914352 0.12670327949504148
