1 0.6692878660355673 -0.09313680256459546 0.5777769202406964 0.14129573348729196 -0.32333405833732665 1.643019315099265
1 -0.14384904840239937 0.9715678596437203 -0.8010917528538514 -1.1744513859262558 -1.135136545351394 0.44855076251760834
1 -0.8393571759404124 0.44493962772182627 0.8759659713807039 0.5786762976621943 0.16116676045268913 -0.791899171491677
1 -0.2502287667173814 -1.0567962017077976 0.5626289954981541 0.08723486301779475 0.23982878685008283 0.7031252289615749
1 0.9025644746786878 -0.3893880878475903 0.9012615606197033 1.896328628780581 0.17608079656941458 -0.6926884060193519
1 1.5650295672216936 -0.8889510572123762 1.8600791888220973 0.3889735609300777 1.9791397623953877 0.640123568959052
1 -1.3642474514132426 0.1717404299019273 -0.7604809215544256 -0.13319696313249704 1.8277836663213007 1.2557863022827824
1 0.18243553891818393 -0.004466623980824751 0.6699909805869905 0.8587312158373812 -0.07122774968240181 -0.8465635435542546
1 -0.26731793672126136 0.5695427616009654 -0.1880276103651899 0.29194909483814924 2.2956879088903075 -1.0462666834237884
1 1.1160300985844 -1.6125397942466884 -0.06544011826407464 -1.3041274009528203 -0.7632259285286064 -1.0019114562807871
1 -0.03135807662104804 0.6788307350208985 -0.8430158410023851 0.3421489666813836 -0.6772212419119193 1.1314730965713746
1 0.4299607381367501 -0.10669582953073155 -0.224490172647716 0.32423080684593086 -0.7653656742865372 0.36030299092534096
1 1.0624313746227592 1.158097825783592 1.2951058262153166 0.577757349554289 0.9040005969836001 -1.1475545634478077
1 -1.7499121691080535 0.09127908573962339 0.15068548797417772 0.6995494154615303 0.5955425032387638 1.6391104028678682
1 -0.9843454410186786 -0.3429435733594342 -0.30244016681400704 0.242221788034006 0.036338088537311915 0.5261558282609233
1 -0.4669458040460503 1.2453854216431215 -0.9561214281218103 0.3242378852184284 0.07166837504844015 -0.835237163294687
1 1.1741549609457602 1.2659428175818992 1.0203711156163566 -0.871695794093885 0.21701634654131066 0.6282143672376714
1 -1.103652915178132 0.1286575908934563 -0.46256764851526266 0.24619394352242296 -0.43013114391083646 0.6646703883360621
1 -0.30037681236107044 0.7420269531397986 0.6659023354365946 -0.17634930656862544 -1.6640909458251298 0.7498898845596814
1 -0.7452643798029884 0.19358767578441516 -1.811224416348765 1.18145878796136 0.6044835053597151 -0.588444652048069
1 1.2530467653287267 0.2186710115189914 -0.15655394040320406 0.9031745806217093 0.9681457871568263 -0.41227172416272
1 0.25478112736368846 -0.5341030415010264 0.8858480907597195 -0.4869509596762739 1.2256753006599863 0.6854514378473889
1 -1.512730404333163 1.1993769372501235 -0.031906456741130164 1.254641981044526 -0.22301744313111468 0.04140778938355984
1 1.266125126908792 -1.01663151095592 -0.419770555208466 -1.3586029737888923 0.0047043632825697875 0.7435472876691389
1 1.1368225347783332 0.7691854581467704 -0.7475280238380277 0.8220564176406996 -0.4749167932037235 -0.009438468048966824
1 -0.7972292910672721 -0.020522601492392857 -0.5647754833991327 0.07311189821524607 0.32920022934633203 -2.1177846811785193
1 -0.25643851559645003 -0.5331543919636683 -0.7904057111979916 0.0916753879774397 -0.07124128847041479 1.5259399598255612
1 0.185805131553277 0.5004036942670685 -1.5161534854426795 -0.02378959957281901 -0.9888036730570368 0.2373810760278363
1 -1.5826971480591758 -0.9323568775623522 0.1846670818333603 0.8493389075254376 0.526774813621664 -0.4343096073053783
1 -0.6060529082641013 -1.2003237450299555 -0.7031368416315298 -1.0294133112639345 -0.3274843155158588 -0.7206862557647234
1 -0.6885684453505337 -0.03309913399153855 1.5555613022424137 -0.4368143192506168 -0.7226268879307091 0.006337509053360883
1 -0.6644525618927386 -0.6215492509228869 -0.010271277581307027 -0.12708588374616483 0.3405474960940382 -1.934232203989041
1 -0.4487333123086689 0.902519572273968 -0.6368309347637815 -0.9418571406267036 1.1795729490449984 0.2675808537224545
1 1.142141404853434 -1.5949808148795852 -0.8908621869795852 0.2787554711421085 1.1047839775067387 0.5732144837187145
1 -0.039692543095368286 0.9326987011737563 -0.3341772065045339 1.5090174288646674 1.326920817000552 -0.25602601335643566
1 1.2926476421268358 0.8085212190323527 -0.18072423723771544 1.3356311452312726 -0.4939998654561056 -1.6683682066740244
1 -0.08937294889348525 0.5309770001152873 -2.7664838973423933 -0.342083039015036 -0.6151878508505858 -1.149047920675103
1 -2.089864199685371 -0.666113716439179 -2.2479108757598385 0.11393669484869798 -0.45404900667302267 0.014626878070693032
1 -0.5304529653318647 -0.7986782921925486 -1.4864384793522314 -0.39503296451380976 -0.4013484136076949 0.7295017798753696
1 0.612639716686342 -0.07962387623861798 1.545113240705454 -0.12299348608821689 0.814013182831975 1.1504316140698991
1 0.6440042604950473 -0.6455830064563388 -0.3551077678022012 0.10894543508994188 -0.21071288113448658 -0.8467691866683371
1 0.1158286502976979 -1.5631257530894134 -1.2998915412642893 0.759864631104007 1.033962027699459 0.5127844622667418
1 1.3238934807313976 0.7746567863793477 -0.6724704389068114 -0.7701206028895273 0.008884921676835923 -1.477719784542333
1 0.4174614129916545 -0.8429854067225229 -0.41038825036501025 1.085726558232967 0.17615570746185857 0.6933168613062846
1 0.965221232731984 -0.9070843085885919 0.19390226185549236 -0.2521554952434048 -1.8510182950740741 0.04178416401868614
1 -2.228933291463964 0.08199525890293388 -0.5090915836526843 -0.2431158120724612 1.2309990937806365 1.2601867139669367
1 0.1354215672485975 -0.45744090017915795 -0.5533544449657746 0.7163452707091134 1.3452173863615708 0.4128983419364254
1 1.5673547929371794 1.0937313239535935 -0.9877237020072429 -0.2890715374945814 0.8084474284690876 -1.9437643053091889
1 -0.16591728756335397 0.9720786016020144 -1.5897731231113965 -0.5333315825239268 0.004418596573316436 2.222719709125708
1 -0.6660968600190019 -2.412471014314197 -0.5096396784497839 -0.483941775396314 -0.5043720151326516 -1.637510895613397
1 -2.4531363065007468 -0.8472058597343328 -0.20991137444566402 0.9916925141456605 -0.0016395444331577527 1.276955074553731
1 -1.0177754700381594 0.4316065119237473 0.6130743612707155 1.6600183334242684 -1.3444398910669617 -0.5638518609689482
1 0.499801035970705 0.24606803764843455 -0.8889496246454296 -0.2807116102434475 0.4113789310455893 0.3397921422994091
1 -2.5403808359817486 -0.36866787854629607 1.0519385379828767 -0.8007329861748402 1.390724632340967 0.8810962827051293
1 2.6536376675637787 -0.12273669353302522 -1.0215510674419606 0.905064455102146 0.21574642899983582 0.9582183591105196
1 0.2960859850935903 -0.0054502644975049875 -0.17413430686605966 0.9718789289364471 1.726203658413407 0.6861313382149813
1 -2.856764283429584 1.4618463449314822 0.6331722817429123 -1.9837080916684333 -0.18625188018679506 -0.6053037841065743
1 -0.6386404470380328 -0.8086217577519081 0.8875768908374937 1.0039487691253022 0.7003514063089804 -0.3554571424671061
1 1.0817768468307059 0.7068133694441452 -2.4304631318240038 1.389654645114937 0.2280554704295709 1.770620550462617
1 0.47922826970829024 0.06312826485413224 0.235220368707705 0.2138577473119545 -0.20361890403131153 0.9300131576331341
1 0.10939532605426118 -1.2008545871866791 0.22456238552297153 1.5234819014896315 -0.37218070293643685 1.1177081132224547
1 -0.5582267855693138 0.23548375230709045 0.9035527376995365 -0.3738571381660056 -1.0246641951878823 -2.2483852685895767
1 0.8158403205789825 0.442770735894803 -0.3536896092347934 1.5306367636964988 0.3136354345850864 0.5982853028946981
1 0.7090193795988663 2.5078909636583737 -0.400789720737469 0.4436312227825623 1.0616219440296166 1.3674050216081615
1 -0.11392284462860798 -1.0488050500126056 0.0734273831900555 0.7143709490686303 0.16600478283738263 2.281475334235993
1 -1.0593216477625298 -0.684866061942353 0.7690123448585258 -1.3875240264035538 0.02998750774186027 2.5031383094397737
1 1.208902053521546 0.1840084689512073 1.2936767458248013 0.4656366856915192 -0.6783791057555784 -0.6678579151447258
1 0.81839472366511 -1.258591739929945 1.8972310383265378 0.6457925292731133 -0.5610240101754371 -2.457220649100911
1 -0.40454639091205197 2.7491037272958594 1.4364416633795187 -0.6474445778448159 -0.6714648774725291 1.1454393351838248
1 -0.1332938446779048 0.9924614953897456 0.054883754238618215 0.025251978514084655 -0.18512151183241718 0.6142011552378037
1 0.40704157207320274 -0.33090926722937286 0.15700588626921053 0.04861689254778774 -2.8179092552616862 -1.0369830117590528
1 -0.3562524325941107 -1.2198450531687177 -0.27113366054815985 -0.02175994325087961 -1.7520084981200645 0.060146505433523206
1 1.6825051590022915 0.219416850736405 -0.9955581287477069 0.7654131563053056 0.004233453836568015 0.4417044075954071
