1 -1.3298733030237337 0.7771662271462353 -0.14011615500921118 -0.42461889392055513 0.388639809493759 -0.3671210946633307
1 -1.525719290721433 0.5812707771152664 -1.1070907984659517 0.23669444315807311 0.714005887575246 0.9540578932985985
1 -0.8163022413628148 -1.0326265123488874 -0.5115716845123056 -0.4668794595552039 -0.06079098917762596 1.0557044096484969
1 0.34668408305121745 1.1049893329036409 0.44367838546155364 0.37457397200920706 -0.6152591475192208 0.188390561998062
1 0.5896069675831624 -0.4662827706236949 -0.2873537850834164 0.22425693939524458 -1.7038267615221854 0.7443258757541279
1 -0.5360256878446699 0.28849533024047036 -0.40296080526361716 -1.4959990811179225 1.867631021317395 0.1995685934312486
1 -1.5505008935306028 -0.9334658122144662 0.4303528446842433 0.30170582036807647 0.5459077397556126 -1.5648172678258463
1 0.13028947696718615 -1.0471655714101138 0.008845947589450606 -1.2702040590138808 -0.102440248389689 -0.3221843382119976
1 0.09206070751150565 -1.841341505610382 -0.1546822235951591 0.9188113518996615 0.3083870684964903 -1.851982926624604
1 0.21249164009388938 -0.9263765467644742 0.8696722491326389 -0.7229017749793455 -0.9889871417457137 0.6103018947288159
1 -1.1099950689965172 -1.7521231656420821 0.06138264819983238 -1.079668732272714 1.8686529659615745 -0.20114466424753225
1 0.005168133480103716 -1.3029678523858694 0.4722220681857743 -0.48994628637160365 1.2989344150731459 -0.11952104669150998
1 0.6217237523326588 -1.6735134182535625 -1.8124701894901338 -1.104817409435531 0.7397392445501922 -2.2996452203874256
1 1.3626665343231814 0.6918261082052963 2.7141482095445864 0.129351673458437 -0.24228232313378206 -0.12025120042834672
1 -0.33866383004240813 -1.590138265008884 1.3628342837992036 0.22132968932245764 -0.05375200273558144 0.2089465107833845
1 1.2474155168666827 0.7461865508788047 0.6315700613365007 -0.7803456592957205 -0.6612826005907972 -1.3250658044287418
1 -0.006677257783359511 0.3675874700450073 2.465085867856631 0.7495840231680159 -1.2515419228319609 -0.4660459177039904
1 0.3493646364076282 -1.07871237700884 0.15981354372745085 0.716541335779815 0.09130441198900541 0.4011438297334003
1 -0.3247145839530554 -0.6681237326774079 -0.47365336508115036 -3.2118748593019464 -1.0496414268364078 -1.339984088263918
1 0.5308728628805299 0.6619096027947963 1.3336943934941294 0.3799604139875931 -1.4043993686603233 -0.07901960434092399
1 -0.30661879861385327 -0.33454515480779484 -0.17602250212788842 0.3584221978681029 1.654660605696951 0.41752075281402523
1 0.2558831263176345 0.7972848165479706 -0.29001193634294575 0.9122230241115554 -1.4181981188798833 0.5738210296238618
1 -0.3437296633787857 -1.5637361868726067 -0.9562532172464656 -0.2214337673589135 -1.0253454718943023 -0.47339745453249915
1 0.8253546776897687 2.0618533806600983 0.23976694266461837 0.9670400112244747 -0.008989272945733824 0.5761810059107778
1 -0.019419194317589896 0.47085556733815076 0.23929188363221607 0.0032493884506477146 -2.4731331591015655 0.8627969533646822
1 1.2492976281340695 0.2972211159217955 -1.2499683134131 0.19792714491228233 -0.41997530495176966 -0.12111879500642869
1 -0.04400859223099278 -0.10764548149190845 0.909517367005214 0.6183853634878124 0.328568842394054 0.5377108622217206
1 0.6956973693381302 0.7824333442191442 0.9425102837208618 0.13150054604054542 0.5251770407353638 -1.0462747143099753
1 -1.160500978643931 -0.4724725431519987 -1.1463937337505248 0.9180453779482335 0.7433003181472579 -0.13973417453913495
1 0.2384322790752325 0.6688004930490695 -0.044187053151054485 -1.512316370227214 1.547376518437102 0.02733505262547765
1 0.2265377617683715 -1.143894275120585 0.5727450069614568 1.9349246155521873 0.7239764253068833 0.4215298504856899
1 0.010462458454127459 -0.9718091293984071 1.607594136432558 1.323724678307639 -0.8108848650456995 0.39185130048037614
1 -0.8245387276020041 0.04481678166208137 -2.4138151144113222 0.22848787505700835 -1.7773467077103295 0.4534124383457001
1 0.3588108926401633 -0.4395899735142381 -1.5577688358754864 -0.3378958915218651 -0.016861761797459598 0.13427484617897564
1 0.9797133024523771 1.6265353822723823 1.0411896040933548 -0.1999550318533359 2.0452712780522795 -1.1962407349206035
1 -0.7676273652374054 1.222137130520055 1.714964042218883 0.6742245081377043 0.3018836935598323 0.26965362328588804
1 3.243556258772781 0.008310448061405058 0.29967229149473545 -0.6985852421353627 0.12949185485935027 -0.7520664675913582
1 -0.7273948748084532 -0.1934355283870747 -0.9512614956214168 -0.28914387626272803 1.255745021217585 0.0747064544528378
1 -0.5414543605234516 0.5449295189808854 0.03792851202296556 -0.8927643489135348 -1.2461818400553388 -0.20209077678878326
1 0.5111818356002246 -0.8646174600612375 -1.120180052056069 0.15986220344001673 -1.864247428730355 1.2837672882064464
1 -0.06701428657377713 0.26618324988071806 1.046332852465996 -0.24037092639573268 0.2855240040515069 -0.218494046127286
1 -0.848887627993739 2.2434215468295298 -0.5590320865915147 0.7013429391778854 0.02160556962177 1.2010162293459656
1 0.6206652879586981 -1.1235842998265781 -2.1122125542312165 -0.18980031816053605 1.484568961270074 -0.3351033624236654
1 0.8499678854618994 -2.39858041383339 -3.254683883935316 -0.25985739723058743 -1.004900863814737 -0.023953348267251005
1 0.21650518055730344 0.031043709765052555 0.3628879111716606 -0.3173820185836596 0.9159598652682479 -0.3708474363646196
1 1.1565145152626124 -1.2249607675828424 -1.207752638820346 0.3780195095748585 0.5247219107947717 1.1052245362294892
1 -0.5428812092591955 0.1540907024880079 0.48468078381786883 -0.5377540912954405 0.21670378116943492 -1.1252020763447959
1 1.1731144419082384 -1.8601811549447624 1.2553263726961776 0.006474729679429652 -0.650455682508253 0.03712074350230653
1 -0.26842471994587325 -0.03957555406563844 0.9001361212927437 0.502854149837961 -1.8327541737143733 -0.061887961061681
1 0.4951592651741963 -0.20870506227715863 2.616488384119925 1.313471923772172 -0.3277112682685962 -0.651233350716648
1 -0.1503253609008038 0.8437623809652988 2.255474700700308 -1.141652057477534 -0.33737971097094077 -1.5873934758971124
1 -0.17088130251375683 -1.3970615535938549 0.7904089868688466 -1.130752519244671 0.00792836347141961 -0.22875536060765767
1 -0.34284880733034684 -1.840293695410397 1.0823926242930597 -0.4655625303222718 -2.0983906449425427 -1.5022004362576529
1 0.04425466570093731 -0.3393043527745191 -1.6352170111043338 0.8743844570683003 0.7835587275549012 -1.705312957180976
1 1.2464454517502332 -1.1952101366571746 -0.66109060857609 0.03823795797280831 -0.10661553412161003 -1.7989848445179137
1 2.9596890514229526 -0.4653776960719064 1.1550323629365005 0.5068765627466466 0.5645946224817832 0.084724808483362
1 -1.912128836697849 -1.9972094276637045 -1.6228740140956228 1.5215238126001815 0.06185668263917353 -0.5656469996273448
1 1.2502152779029776 -0.900769754113516 1.463043401699043 -0.8038948476244535 0.49137344004639316 0.7555734725712748
1 0.4727345782079824 -0.493301082305364 0.9594089391410194 1.0797898894843883 0.18918480635613355 0.11128479644031417
1 0.8163443210687236 0.9789814035716212 -0.991378624836895 0.22234436068948477 -0.5878824856846157 -0.46874942233378836
1 -0.41019896997162975 -1.8423235399974471 -1.583491836754363 -1.0586019914458982 0.15675589217060015 2.019969381008116
1 0.8322868230317402 0.5737252798059358 -1.4670516941610792 -1.6741102451384666 -0.285047053633932 -0.15595150938311575
1 -0.9091883506583688 1.5037865050535384 -0.22600238232773248 -0.8749961379219539 -0.7793131782808435 -1.172476928830583
1 0.7567484920280136 1.0031269494938198 1.088424749923403 0.8873373848666561 0.38174489967094843 -0.5299077081921585
1 0.32987865232136604 -1.5466669096276946 -0.6267354500323165 0.6697338204100669 0.44270152838226046 -0.7957840850386142
1 -0.3708853235289825 0.7333153785314893 -0.14127060446015222 0.5052483658571442 -0.9826116065262962 0.5642611918562433
1 -0.3125294939127204 1.5198645321566526 0.531199522673261 0.7013763865411076 -1.9663902540913987 -1.0203924181017636
1 -0.43845181197471417 -0.5051508897462703 0.2947317125114608 -0.6725820799092893 1.432182367548067 -0.7700668119475714
1 0.2789204485916671 -0.29314578744754016 0.4238158981407679 1.101447441263989 -0.1025011650659585 -1.8387821456532545
1 -2.0617066616311392 0.7721461388920281 -1.3783466145211545 -1.0318170118096632 -1.790767316506234 -0.21923548105310756
1 0.4089947536581448 -0.46427205432099555 -1.2057715560710318 1.2145312722752457 2.392449433663505 2.0092791653438167
1 -2.064224184318705 0.2774124069368184 0.25079788369746076 -0.42771663091516593 -0.15699371406025875 1.030222745435638
1 -0.7259477593234367 -0.1707485126523714 -0.002736530413438599 -0.30352422231475196 0.31737520936759794 -0.5460202420195395
1 -1.2257008744133173 1.3414877466297663 0.4272338772641346 -0.9277858601898322 -2.4769506343663923 0.3701448363074028
1 0.39162448543508055 1.013865877127088 -0.11940923933267074 0.5642032687924724 1.2370728449014956 -1.0316355616093325
1 0.024514536677560053 -0.27313584293605303 0.9801374169752889 1.665919153088095 0.9812682266859285 -0.5914709314860157
