1 0.2209001350362376 0.9280674218571272 0.4617159955494696 0.6490749016636853 -0.06912679563360602 -0.5142763385877265
1 -0.7030949056166581 -2.115215958587197 1.8477019168261448 0.23599629206387876 -0.1276873883532192 0.9831467873335996
1 0.07422699929555544 0.6522033075487915 0.12938042083999235 -0.05461649648539355 1.0715731978975718 0.20289933300202367
1 1.6501652360286587 -0.07836858856063758 0.04254813710044251 0.0074145597623680995 -0.7208685723759659 -0.6480212081727291
1 -0.5821315501054065 -0.6693857125808952 0.9108473910052227 -0.30263795236291247 0.5520214813101157 0.37426128433431016
1 -0.9817707274309624 -0.933132291300872 0.7475625657890663 -0.5437032634465275 1.494624201763268 0.4506360032320805
1 0.2231018290916136 -0.824456220688255 -0.08108954391393954 0.379667616100437 -0.18048772871905433 -0.8945339494218505
1 -0.06918346901166252 -0.3153114097902148 0.986052085887968 0.7166488392365118 -0.203795031852164 -0.2227005166675321
1 -1.2406890630373855 -2.3831370210966947 -2.826592878659615 -0.050980098215966385 0.0012980287345248417 2.2344598998823613
1 0.5308139110737152 -0.22246984992989313 -1.448144164843582 -0.6555365549545824 -1.4217318248622477 -0.5852493358373247
1 -1.4612669520743755 -0.22578380214689006 -0.0511726594921399 -0.6516364844032264 0.004833967721006302 1.3342174463146708
1 0.21043642927279485 0.6452801388710578 -1.3097108354186253 -0.43761209058867395 -0.5822127368760227 0.9694741558074959
1 0.0706447576940593 0.5808714050891203 2.4504664249572374 0.6030619156490497 0.3676629046381391 -1.6086414245897451
1 -3.1490549354326522 0.3141857302168029 0.12554536048075873 -0.8164400785540782 -0.8281964252999554 1.1383246873391386
1 -1.2297473565203914 1.0471412202616206 -1.0080457667880496 0.5426987148553116 0.7248883057264921 -1.2466826924326644
1 0.4989850056394174 -0.34575776734931035 -0.2421032994872688 1.9134236247326617 1.5348557517674832 0.4133347651744226
1 -0.4011602433721956 -0.9335069350573819 -0.38957927654684843 0.21820194161749445 0.3519843950611438 0.7121922180650837
1 -0.4728099051029819 0.04391939114952302 0.4513323442379441 0.8019792632868779 -0.001626638270677678 0.5364678242573411
1 -0.8683617994410289 0.09714109459866563 -0.4439719362568719 -0.7239310400618014 -0.09172622778908712 0.6788539719777402
1 1.3361128618665694 1.8584345414012058 0.13934682154342812 0.9587373667612793 -0.9908892958000379 -0.6548926191750346
1 -0.6590645970046529 -1.105289879986977 -0.8078112339816762 1.1957607424414962 0.2526832020233318 -0.15937368105659297
1 -1.1681111938527402 -0.25040740029936964 -0.3778218415433201 0.5881698555663878 -0.09175126247137587 -0.7749780158232712
1 0.6905086424933482 1.7969888879932447 0.07331426353044486 0.7856389698923597 0.05002893831163704 -0.4713513022133277
1 0.7582281810819138 -0.6342627676384662 -1.2984840088946232 0.2397178276145661 -1.0174120234740405 -0.5313584077750168
1 0.3789372290717539 1.3476312761939397 -0.17045373303920702 -0.3944265377922999 1.2918506908027194 0.6545306499498658
1 0.8578423332450542 -0.969510601890781 -1.0917160479672308 0.048436797537728796 1.0640301971216115 -0.3730926954634318
1 -0.5360433675186828 -1.797548131255627 0.2086581129601637 0.8671096052865516 0.25124972715016125 -1.3651554192902866
1 -0.05751120627918305 -0.006181565968952657 -0.35358186966141536 1.0265791588472315 0.06958306990565953 0.7150061613510946
1 -0.16587116385308287 -1.0689162483032095 -0.6341957444376538 2.033576772693026 -0.2827726514272023 -1.6115272952240938
1 0.7140852739029638 1.3124824194472273 0.0519091662485752 0.8937187070542459 2.706984061978666 -0.8427416507722082
1 0.34968075582880503 0.8494462013504388 -0.2354152751177832 0.08826665744881063 0.12062704377885253 -0.03941569384242321
1 -1.0633950290932423 1.4114463164456694 1.0918635630614193 -0.685343487375432 -1.3090463606958884 1.1159104581688668
1 -0.8225256756953512 -0.6367679121745082 0.4843632439172216 0.4263694955980707 1.0557976266223243 0.3784728524651516
1 -1.1094821693293817 1.3470423728145606 0.6281929990047981 -1.6225070225493916 -1.7246493639194629 0.01898386524466337
1 -1.0471552913507993 1.1174047664444537 0.671714836968047 -0.11860189285624959 1.5083475629861218 1.0034993971062725
1 -1.1012023336536012 -0.831340853302039 0.8648161807328137 -1.3148482932286008 1.4528866022076108 -0.33306494907570977
1 2.1288812538212185 0.8403566709705069 1.0163975140387593 -2.1488019504370954 -1.717776594080736 1.220773945047142
1 -1.2272231747309692 -0.8577691284055153 0.6749358679415551 -0.9896564542970914 0.07381327997888576 -0.860258395362599
1 0.5075941321803306 0.913664378251485 0.24538446208676004 -0.6118881916268298 0.9564443915437767 -0.8225764810646431
1 -0.4780270623004592 0.601684984590088 1.5054787078277763 0.11782230734366887 1.0914896470459818 -0.29593318406398655
1 -0.7117239957952627 0.46014940492480766 -1.2915915394054491 -0.27510266981461 -1.5002361453723492 -0.10255553885827502
1 -0.7755243871091961 0.15758245218083475 -1.200158419391143 -0.8483433059735642 -1.925426484140494 1.4785277305295266
1 -0.2687817820927951 1.612825306267953 0.2530835065447047 0.44146816288480517 -1.04072007944354 0.05646987984242323
1 0.25422536187075445 -0.6463591342209325 -0.008549006895845536 1.4473060623027474 0.6529163981004582 0.358265565033576
1 -1.3932951260333584 1.286708636579178 -0.258735340254762 0.5581654074012439 0.1904455556857755 0.3533604817713494
1 0.6118029119667078 2.5309881878182607 0.8861510345617413 -1.5540539814350296 -0.8204714163240067 -1.543317759453895
1 0.14106037611558783 -1.3542073747136254 1.4405614240003157 -0.9874297093604772 -1.425191930911273 -0.04346842691348181
1 0.08571429427887746 0.49185959441929733 -0.47543474882517156 0.7781832587813894 0.37141977148546934 -1.2905355376333145
1 -0.5585950153753949 -0.14456453720542944 0.7574419275385925 0.24297451037558646 0.08057642902803507 -0.26762596460791543
1 -0.831098432527324 0.0069062618489508934 -1.3489456480352402 -0.3673402197705622 -0.7287186334944876 1.9796903083619277
1 0.05955347547253052 1.0843709567902273 -2.500409658437728 -0.9280716414779058 0.8027090027893541 1.058178275062322
1 0.37391080078510724 1.2707304983319496 1.0705861600964621 -1.1487934697755806 0.05348952411166895 -0.22969757781524341
1 -0.9728435768249152 -0.012205472620742943 0.22222113928399856 1.0219963334039028 -0.5313312868573545 -1.4784829252013048
1 -1.4444545814288763 1.4299543109044224 1.8087821839366895 0.9750047212048344 -1.7898173836635152 0.3878560283380614
1 0.6650987332109999 0.4580442383315894 0.2941966110549284 0.7457785210932497 1.0443523988818104 0.8903163872704193
1 -0.9951901015547522 0.7776545088243029 1.3458684965410155 1.3502074454732071 -0.26280855201261705 -0.46985551181056645
1 0.4830588172134846 0.7731299654950059 -1.7223294733649945 1.1576579751641713 -1.0845001890680663 -0.6811331168610396
1 1.4499802439340712 2.4737731498219024 1.6512769346460365 0.7297447959831768 0.19331315622820003 1.1100303697369864
1 -0.6045095338257448 -2.4724083944176134 1.2151963683125893 -0.49239774417273036 0.13857418915600872 -1.3233469989378381
1 -0.846383404092258 0.011001831600186526 1.1057209693693288 1.2582192114272732 0.26836090313428745 1.9923872703492334
1 -0.9814433772129136 0.7744458868470432 0.10797996379670471 0.5088162162370821 -2.3063184054484602 1.0222305011377177
1 -0.7467182281060856 0.4702208123836936 -0.47832980699770783 -0.1326911906694451 -0.5004872897217444 -1.7303651443224606
1 1.5111008863422886 0.6031847564734513 -1.4909806282245044 0.19414862661337826 -1.4308402948670413 0.6424354812820997
1 1.0111273134611836 -0.5967711456369337 -1.3086229871671933 -1.7213292777323221 0.6141216540513683 1.4780405330187232
1 0.034732621545503384 0.5602645069193507 2.4726755548654378 1.289993094833049 1.9868284307300108 -0.5202982416219976
1 -0.21639824445653003 1.3944383141293875 1.8439381296916462 0.4882417676812252 -1.3284501084376474 2.0704050356203747
1 1.552973057504351 -1.2551210985717436 1.2517603852076493 -1.2476802387190045 0.8244800165747186 -0.7284131415129581
1 -0.6721400656106452 1.2065463643458034 -0.5330462115209761 1.0809128993760702 -1.0403504380605129 -0.4441475102613054
1 0.8708392531499136 1.7180640316987312 0.1402574335202799 0.446644621959335 2.0810638154685845 -1.4244589205065181
1 -0.21817915084273107 -0.050060387151887126 -0.9273660532433403 -0.4354129933941278 -1.7288342641810948 -2.073313948857351
1 -0.25884439868738185 1.0032778265754865 -0.33277204813228445 0.6759845923230369 -0.6261718323290789 -1.631508646271615
1 1.0708557035125486 1.1845152963056977 0.7335925101110935 -0.6950232175472416 2.323911850264001 0.26363084125340425
1 1.075958907232364 0.05723918949411702 -0.48421756442563985 0.8159368274641222 -0.1282504402055861 -0.5295533474329868
1 1.0349399747789814 -1.2491337809784135 -1.1940205931271692 -0.759705333738018 2.172869864988109 1.653015266525826
1 0.9112487301676357 -0.27902068003289027 -1.0798458578993348 0.3830710284102132 -1.595105328905216 -0.11700037442304828
1 -0.6957026209611393 0.5770857061834004 -1.809624816646664 0.8319362181494333 0.6417598685608691 0.11851892515487228
1 -1.1501129298951285 -0.109505782624487 0.4858622323291904 -0.36325467913524206 -1.0239160567910832 0.48118264241959197
