1 -0.913159404480667 -0.6507468745823329 -1.5472138868749519 -0.17335595231462192 0.552634171167798 -0.11935932252408761
1 0.832305936719275 -1.5276831334347074 0.6744825114169849 0.7714640651758484 0.5670125150960093 0.9416778960234642
1 -0.7752454611146489 0.7008964568553854 -0.36419268219486206 0.012872386328086311 -1.5568578853620292 0.47646779043335696
1 -0.24058630403757322 -0.7760022326377253 0.12214951215040752 0.8918558925631144 -0.011933974312757773 1.1943249488281933
1 1.0030626981478186 -2.7277869568788047 1.5200525322972356 -1.61429233227157 0.37467825674390404 -0.7884327463140012
1 0.5752519924183425 1.016552719124193 0.045055638682602456 -0.982516988012667 1.5973540797322876 -0.04665767071051911
1 -0.6078370047717683 1.5445991084215716 0.09371627331456014 0.6053509920409335 1.320682465095754 -2.1308281806546474
1 -1.1672329730958881 0.43256234796572984 -0.7100979509962754 -0.5715924401253023 1.1478668309894882 0.1315367202169958
1 -0.6220505354431191 -0.38665042101749597 -0.5880123486222698 0.39175571477637 0.376649378863197 -0.4140188421609374
1 -1.2708451503737763 -0.47124011368715124 -0.7391748283220628 2.4105083219214936 -0.6106704297965432 -1.0238649851746988
1 -0.8372999076999604 -0.08192336055722588 0.2678363603387848 -0.3736548518206796 1.0729085839968786 2.0980127509170208
1 0.607536549162853 -0.8926729058343322 -1.0403742551449415 0.24439357329139955 -0.49349395444379235 -0.7011278503428529
1 1.3874888954549718 -0.836813017815955 -3.054656886289917 0.02948315046018431 0.9824079544441975 0.07367867592355068
1 -0.642023691982213 0.2648421455755839 -0.2930222702247239 -0.26604298583090086 -0.5888583816863112 0.37347950011625264
1 1.154085353560303 -0.5466045347275837 -0.28271405093280955 0.17923556550783254 0.10597710932762064 0.14967955439224062
1 -0.040216252346833674 -0.20187668194201863 -0.5477169185957588 -0.6493514615033482 0.14077169423957162 0.4820311732055155
1 1.660802813309036 -1.0138698715927503 0.27036848840525385 0.4390413278282639 0.26049075689275586 -2.0659018359599233
1 1.2894371068004442 -0.4917623193125497 -0.2975399584911462 0.18860777069143195 0.6176613617095961 0.7921193570495638
1 -0.995528083028731 2.2927390717442595 1.2000154457153183 -0.5502442965871204 -0.17430255269884018 0.9473494346330943
1 -1.7855003067006536 -1.0404656325969386 -0.05946380659339363 0.29581076089017144 0.9036727617361907 -1.2900257482987665
1 0.8834624953587242 1.2793241265562576 0.0451495344579406 -0.30895543816707777 -0.3947505611493315 -1.6833850152256382
1 -1.396349436593441 -0.8522886550766221 1.4615794181279191 0.3099329001088815 -1.1412054807692538 1.1398680443416274
1 1.190871815193569 -1.4317463557447414 -0.19115378629125168 -0.3542621067743339 0.015299758611978364 0.3692515233666347
1 -0.016779287320496012 -2.1993793358204123 3.2746654117865726 1.0994422893055027 -0.7540080568084431 -0.7416333373752789
1 -1.0444007583659338 1.028113478170311 -0.6423222540434173 -0.1354579762547012 0.13972205851941824 -0.4852338668143041
1 0.24315417849374676 -0.5498895053169692 -0.2841443315743778 0.7528200427768358 1.1909118576958773 0.8385486366309316
1 2.1081961249938845 -1.0593660416007435 0.04802834308973926 -0.21037521956602548 -0.03798904594097742 -0.33260677885417983
1 -0.11377591005801184 -0.0011667724670203878 -0.6874682422379419 0.2667247708199108 0.047630813294827504 -1.153405486508557
1 -0.006043265587649629 0.4083924733645264 0.31275139572802607 0.7555669743438905 0.12030899268275003 0.6885095375867469
1 0.7418074865042124 0.2192229113333661 0.8371271179593426 -1.4109197970119853 0.43844602687101286 0.48942479636698133
1 -0.5604083537720059 1.6985045626102162 -0.015371344887857366 -0.001809400916771153 0.04465915294987568 -1.4178128832523156
1 -0.33674166941693495 0.5913420124068013 -1.2723600886664248 0.14364064992220615 0.07874726619702178 -0.5477604842843906
1 -0.011040172486412177 1.2252156097091618 0.4873246304592333 -0.41940658960616345 0.11015565492118817 -0.614778188292868
1 -0.8538432150465023 -1.806264233006282 -1.6071724482988408 -1.1113811365300015 0.3080441422394774 1.4422584670116314
1 -1.1208839591954576 0.5906775853471458 -0.14648584548441032 -0.6193266753494737 -1.0356329709902214 -1.415744571907378
1 0.20979538767199465 -0.5422101715957659 -0.6154725977615688 2.0220155404507567 -2.174906310464985 1.1840625320252645
1 -0.044158422106746 0.7205384320671452 -0.5502731434679289 0.6491959176272607 -0.9172447738764624 -0.7164570624699907
1 -0.2353712088643391 0.6213742173969498 -0.5299004164332481 -2.1476568053140794 2.624598599365561 -0.3327996633833068
1 2.0031510149987777 0.5224880422413313 1.4467412144230771 1.7092174715392197 -1.7435736695912762 -1.109106096990321
1 -0.0875213807011463 0.8380454286382049 1.2545995369606466 -0.5192456725138531 -0.21404147121529593 0.5196435982745141
1 -0.6185550582803829 0.6847619785932749 0.3387280658456416 1.2706450912593628 -0.040124836431447035 -0.03297462798410396
1 0.30094556300163355 -1.5787121470513195 0.38142153481046265 -0.2592363641119011 0.5038581214904216 0.5976894115937001
1 -0.774197847296241 2.4166993723477326 -0.10471275399711366 -0.12927687132751223 -0.7873176270435327 0.13590672995879632
1 -0.6097631440093976 -0.13333981241563844 -0.6311932417506527 -0.04641770357495257 -0.2297879984542433 -1.430881423618311
1 0.9949209819613971 0.5333188575765878 -0.5253586981778626 -2.32151080206821 1.0264677895131677 -0.3261160704914547
1 -0.8116245893530802 -0.2532612855135399 0.6466281336151967 0.9868620531655261 -0.6011274082633029 1.6531964027107426
1 1.302845541182877 -0.19423913767443596 2.1366063509072135 1.072216676024652 -0.6394462729834296 0.195705495133784
1 -1.1054788155692534 0.08999505650512674 -0.44198550877190357 -0.5919231296601801 1.4795786065818681 0.9980040924022681
1 1.2879984197480328 -0.6778205129477608 -0.03584170840983368 -0.9490837001360478 -0.38823761446259564 0.6554285663241306
1 1.313382658048479 -1.3711939287345094 0.0962094862681417 -1.1174905296686235 0.30151617245753226 0.2339217372104383
1 -0.2126734667391671 -1.3208735480781324 -1.857771137187667 -1.6213192177189149 -0.6899390067466927 1.2860560302804949
1 1.1069827951121418 -1.1841398175493256 -0.15326736373944452 -1.2456110119077777 -0.01531882973012239 -0.974416835278083
1 1.0198428631457732 1.519953712358113 1.2278532185497473 -0.42537371177340577 -1.4719970012432604 -0.414677452362974
1 -0.611710281428873 -0.13459528796970835 0.9262255477299134 -1.246036660098091 0.0906479799672571 -0.3112498677898611
1 -0.8517806808297392 -2.0792094625648883 -0.8795105089097478 0.10749923815098197 1.1749129044801014 -1.0053599217508873
1 -0.9054724921225209 -0.014102530999377576 -0.04724345985516846 -1.1741417691431475 0.30552373481499173 0.1718632533817322
1 1.750058202733749 -0.16260228337005025 1.693635670698547 0.35260521958868163 -0.7511716265124754 0.3166172019303653
1 0.3633405471213256 0.6306700730442172 0.5224440448296218 -0.6875352383525589 0.4027071366403364 0.09860869378017027
1 0.27875156583591326 0.9270087678156684 0.9681465883638107 -0.9680600273408556 -0.6658046379391233 -0.07182434213950951
1 -1.1144458811975615 -0.17963882185040456 -0.2665604657412621 0.7970705926714541 0.8861921022817971 -1.023187221862862
1 -0.15864081975691557 1.4757263937002993 0.5657647622407007 -0.6693011330766081 0.5711056015187079 0.6982073529408209
1 0.39472832509776423 1.6433775614520243 0.5177787775593324 -0.463729740146735 1.9820363630016689 1.1943072739802771
1 0.26195500835641244 1.7900230493704257 -1.2921054046860272 -0.31872029820452535 -3.670122799233585 1.970763076506141
1 -0.7245677610527712 2.47397403331339 0.13439358678603222 -1.0914613668531008 0.28963899135716337 0.27895765568753683
1 -0.8511464700909792 -0.9853478135927475 -0.5427679045536423 -0.026847082239383164 1.0412771813356823 -0.5130887568194855
1 0.7932271863015767 -0.07407990090162055 1.2346197431937123 0.46486789755084396 -0.023708380116679098 0.47506912889774133
1 0.12129811225930262 0.35757935003357716 -0.265827671080432 0.6611864114239282 0.5069142371368083 0.9596828366563923
1 1.0536765387991889 -0.38432999871540174 0.9970686529222408 1.0459571398891836 -1.2311705438680316 -0.08868699000446728
1 0.3521369849629316 -0.8762104161682706 -0.6437138459235778 1.2993900505214067 -1.7583063710067337 -0.3833926508966693
1 -3.1067810252000974 -1.9001700255107352 0.7070533927112309 -1.0023009993776433 0.8474978746498308 -0.8614791391082597
1 -0.0887838937388499 0.46663064526447856 -2.2280088872524897 -1.1502996054222159 -0.27810366697995625 0.24335550392927904
1 1.2225599362545183 -2.0417078219698173 0.024740286896353336 1.647734876509439 0.5034241363738228 -2.249920537505337
1 -0.1953471174450318 -1.3124784019439502 1.3037295554422708 0.204572436303509 0.20113510858707362 -0.37465054778392753
1 0.08108904568451673 -0.36202199088796627 -0.2885247811823158 -1.5583518477281273 -1.024038815640239 0.9501611913205216
1 1.465165346919229 -0.9016625219147681 -2.5010090909632523 1.1709732644136213 -0.532761567469221 -2.315438236670784
1 -1.2515722176674455 1.2155680315239819 0.9137723783859301 -1.4524595473526962 -0.897512170926976 0.8582903598380276
1 -1.0947290962350875 0.6638829224372264 1.1428536155221973 0.8052634130889291 -1.0582534822326992 -0.5969920460708688
1 1.1287811492349076 -0.19246018578402607 0.5925513198355176 1.723947666188879 -2.1504112827733772 -1.418527222122942
1 -0.8293662097164739 0.5008370914904017 -0.7242308589217475 -1.2112451397028159 -0.696096708692772 0.2998836619899657
