1 -0.07638327996692863 1.8600169951786136 0.869993296433341 1.2256080136441747 -0.3213330259755704 0.9845577959763847
1 -0.36278436738642744 -0.04157218396484233 -1.815168216729109 0.0857911555727762 -0.23589748932476828 -0.8361787324838652
1 -0.3205288939281631 -2.022923879784493 -1.8655725953250932 -0.7383019544850288 0.40771932956232065 1.705616203843328
1 -0.9429043296152915 -0.9992060635215712 -0.214861615771527 -0.38118344983546304 -0.9613353420802369 -2.7956892880567987
1 -0.7541372822943664 -1.364116981098968 -2.0468318628853424 -1.623859936186112 1.2751094105976497 -0.7023527075716038
1 0.15475371590082518 1.717525863134182 0.6837303849717683 -2.417301556985148 -1.8884330775535734 -0.28135411710428765
1 -0.6792285255124042 1.0853274294346131 1.6502021268106148 0.6107149615399788 -1.6756440611576855 0.9680770378428711
1 -0.8399968773943527 0.31909914200795947 0.12839406044805754 0.5656962266222606 0.484114862174122 -0.594510019093896
1 0.09962928581435465 0.6800206688039727 -0.34581645914802317 0.7152361539321154 0.7814404253274831 0.2611032162646821
1 1.1535314158933694 0.14045636206245082 1.2020207085047057 -0.42542560991368666 -1.2596297162715826 0.3077340008480885
1 0.07234232644717933 0.385763949372165 0.8081814704233978 0.2240229929808473 2.3762979771080928 0.8295051694680698
1 -0.9519302075453432 -0.6570784919442263 0.3827078917986372 -0.16043758286115664 -0.36379659228481687 1.6883389147047516
1 -0.48392735469451637 -2.316986942449835 -1.87259089473538 0.4413467941190896 0.3204005089983494 -0.029828232507997304
1 -0.7057073505203508 1.579096415420706 -2.3642276630274845 1.83381009948097 -0.8712807622296911 1.089239256165352
1 0.9171905753902996 -0.32302345533425003 0.8297464187259178 -0.0916239968260185 0.15865039355606764 0.13512361438342776
1 -0.11952581165306542 -1.0169757674904418 -0.031553035444095795 -0.24262505895060787 0.667003433852536 0.6194523783538937
1 -0.21110403898017957 -1.0834042783231543 -0.26128953953612577 0.90794689207612 -0.816244183155856 -0.990141978885781
1 1.5089941916926726 -0.728312385298151 1.2243771075663918 -0.1760284325805136 1.0188331563789585 -0.6298794212339865
1 -0.9356558481229768 -1.2223775544578677 0.5113153042865682 -0.08700648971071756 0.45298002628146594 -0.0859230028042435
1 -1.3574096542410286 1.9492639204457296 0.6411099982031553 1.4711175436555612 -1.352503153458997 0.26395861803789633
1 -1.3209273778350514 -2.2962257029770203 0.15658573319128627 1.2716852348806944 -0.4072694620425586 0.714248032498038
1 1.9035503570906827 -0.09847799838723226 -0.7587477983287086 0.4157247034559803 -0.0890100558674415 0.5782688526943763
1 -0.7881074577029052 -0.09227412121450594 1.8125013607934737 -0.37388023394267755 0.005782777328809652 -0.4455181425095289
1 -1.6785808161733835 -0.6405636880551691 -0.03169409348244865 -1.5272941009597232 0.0005853352873809246 1.4833500213283295
1 -0.5474230254899454 -2.725805456923906 0.7933061130413587 -0.46755109868118727 0.07879732219188956 0.563277504442652
1 2.0502878915494382 -0.6471232994248616 0.733176429471044 0.962257166815445 0.6518685214410131 1.3723181395206
1 0.11530469259455778 1.3943776870672377 0.22183614609036678 -0.5082896040452596 -1.6411489875042649 -0.8395522140238372
1 -1.1828162514789269 0.020927337816951115 -0.1500618717739618 -0.01129574276582037 0.6074800624320296 1.0710509579636542
1 -1.4408703092605881 1.2618463920589782 -0.31198067327388324 -0.21157359126898598 -0.12724643998019342 0.5454242104554907
1 -2.083186210595552 1.2016225464315116 1.7638380817355082 0.5696579970440729 0.5071566588476315 -0.5493547350719048
1 -0.1093821162556204 0.11292757842165581 -0.4280382587817375 -0.3196065171337656 -1.7306821034080555 0.7330795959673883
1 1.496727427223414 -2.186246792617951 0.1479442659959704 -1.230548486135531 -0.3789337552681806 0.5215355980698722
1 0.5465056122143485 -0.5902790355564921 -0.7438669172704385 -1.2739400822543876 -2.3998634681335043 0.2566390011408511
1 -0.10503913487397581 -0.8824802803227271 -0.2805230037252709 -0.7403110662664206 -0.44253126766645223 -0.5833473206231901
1 0.5464230245849881 0.7016849690097474 -0.03126331608575556 -0.9571219820090503 -1.7391653492215586 1.0842701494917086
1 0.6369308024879007 1.2625029198574285 0.3231794832737768 -1.2200661197421927 -1.7386796862321956 1.3322130219112547
1 0.15697042952827137 1.4517434636918845 -1.6161138177988525 -0.7908440131030803 -0.5575901510055763 0.5442688650381512
1 -0.008759734224620964 -1.3943943216498946 -0.591376671095247 1.0926461725387338 0.08099593523523768 2.529080181583142
1 1.50276834592839 -0.7326591314252549 0.5431964622184868 -0.30363102329352065 1.1666646216554204 1.2441233010349222
1 -0.5323510453224453 -0.09302795937653911 -1.3574148855799502 0.7310217388496136 -0.08601945489006645 0.41372264398895764
1 -1.228221962791216 0.4591622309687969 -0.9919679679753134 -1.5639273361685102 0.43457430040010786 -1.382401875132993
1 1.038756392713635 -0.10349210977433992 -0.19221121606685063 1.203032620472118 -0.2706501822807654 0.6657273438739756
1 0.44701397200785004 -1.0985905112981795 -0.49307760949982415 -0.9217495213689296 -1.2730086900781172 -0.14752504717900128
1 0.48893276026905347 0.7599711051113796 1.596551628144596 1.6388865987252916 0.22034105177489904 0.41747104294109116
1 -1.3752100119130686 -0.2944181657748232 1.2785889146126592 1.3519256800293284 -0.6701336707404342 -0.17240784594392963
1 -0.306455903697289 0.8555449697082973 -0.6096808495888795 2.9254115112475256 -0.9537715357013772 0.7270563925699155
1 0.7583697446132236 0.09188596175504167 -1.1628988788935246 -0.7679899312258335 0.8676474081182862 -0.025040156412604625
1 -0.4213420325944962 0.16915757781370008 -0.8280908657965049 -0.45572805876943895 -2.280243192511232 0.3357156089285946
1 -0.47151408514577264 -1.8707447769105712 -1.0496091218541592 1.9220306052720604 -0.5431990001209287 -0.40728050963429674
1 -0.971081024203274 1.70636348627167 -0.6413849917714706 -0.7979099145311765 -1.122306965840973 -0.4801885016333476
1 0.280649206392207 0.866342468259015 -0.8612626234982271 0.34262563150884684 -2.147414425832564 1.703506537275308
1 -0.20460300292056954 -2.030377834106184 -0.21300057713132356 -0.8687072451144565 -0.44788746086464437 -0.9685783358843147
1 0.3734249004884806 -0.0892420050477824 -1.9851466044356039 -1.1719151203341196 -1.4968611695457685 -0.2162149916961867
1 -1.6247849367443552 -0.5666880127980234 0.7247437280726702 -0.9847905757320782 0.06011202507075815 1.340366343741773
1 -1.317274370973649 -1.8551372186072235 0.21758391220089857 0.2260361371619475 -1.1968510166057478 0.32457296120898255
1 0.15858215197834577 -0.6243641266471901 -0.6477437739928812 0.4078465081336393 -0.5680346640582399 0.9613306376799186
1 -0.2633497027191115 0.0697482229699003 -0.3752521556809041 -0.4506051742583557 -0.24155001517213112 0.07801977001777133
1 0.09740381995346563 -0.8273002833966433 -0.377312431506932 -0.35017708842978434 -0.22738420416661834 1.1504305570591067
1 0.8839266491664679 0.7640547938668982 0.04445926052330756 1.3471283077876024 -1.4894760729112066 0.5153013395922235
1 -0.3671238306750215 0.3983732284210174 1.7098602035629304 -0.994480491214974 1.0689820936926924 -1.8737132002270793
1 -1.2093793661406036 1.6217468717263768 1.1263139939147495 -0.6596005971672007 -1.5016963832465011 0.30685650510247975
1 0.4367315595504676 0.22470439690678667 0.19386976230495354 -2.6613784471468445 -0.06886802718976999 0.2787977046729982
1 1.8684711957246993 -1.1568868390584166 -1.3512676848050567 1.0282658098604789 -0.8646935127786725 -0.9464449347298562
1 -0.32908053018420846 -0.5515483466184202 0.0027593340078591773 1.796259902999871 1.601529604779317 -0.39955985207699357
1 1.0662412297791566 0.009465563955044509 -0.7284371928831239 -1.0664272445964675 -0.9450558904822517 1.1419070576863322
1 -2.7075618747477113 0.24022767786080315 1.3436516237176843 1.4881300182315915 -0.2599850848585968 0.39742101813089226
1 -0.4746386814363053 0.6759994288542108 0.5932011287778275 1.8355928046878431 -0.20332303552958894 -1.727543825178042
1 1.0098584166957392 -0.8100463813107163 -1.3019275691380496 -0.6803867815828989 -0.19591878661820172 -0.018887414261988294
1 -0.27243220673924107 -0.2531688485658875 0.7065080291894958 -0.5364196366259443 0.791994303607424 2.697012867904844
1 0.5808162387136699 -1.6159971841558503 0.4520543896649083 -0.3058387184449434 0.4108406653586244 -0.4601887393659293
1 -0.5954127762094431 1.1234646015612393 0.3678906595730568 0.2560648169893282 -0.4500373238819079 0.3792429779559075
1 0.02025095400793871 1.6736988931030525 -0.14172793169198614 1.5807510086971879 -1.2222178335785885 -1.6543944892010074
1 -1.2209057863889576 -1.6729179659563334 0.5014037939781428 -2.9112179974433867 -1.7251177471044998 0.26367985699559904
1 -0.7780411774113141 -0.5157332126070183 1.062931080206957 -1.4933810751697325 0.06180761395702264 0.023932892128486295
1 -0.10722379264798264 -1.0213416984031087 1.0281413688755994 0.5071238672903371 0.6652871339157966 -0.19550292362879704
1 -0.3859414470205911 0.1993024925624475 -3.231176172739144 0.5202168296033824 -1.2573761190426267 -1.1374871700081186
1 -0.8830958557492657 -0.7791822211424401 0.34514529463442045 0.15039601653286286 0.859537879361728 -0.19140208650102633
1 -1.1929669170323933 1.063037988506642 1.8933288328673328 0.43479121655963066 0.35430136108490934 -1.684789219059296
1 1.6475127510440666 0.6493096364871238 -0.3672690287910092 -1.8073246595822516 0.5623327096896872 -0.8398677437463843
1 1.3775646111530222 -0.14291874106718347 -0.06605170736944749 -1.7992466446509696 1.1551490848449208 0.19411174990647254
