1 -1.9402104716712734 0.4066158162525324 -0.6615982729425254 -1.0346360411926188 1.251733587620621 1.388575150069523
1 1.0874427794247603 0.13785851980184646 0.298973669977627 -1.1071549423338176 -0.7478289698255615 -0.7346710797755568
1 -0.6719182188831264 -1.100861558696235 -0.8156860280431179 0.9195686438516875 0.3698031798583583 -1.7728216556791243
1 -0.7045057545551624 -1.0353037933986766 -0.24161936141113446 1.793110031294046 -0.47825824969809294 -1.2531243625067
1 0.8384994016975991 -0.6723871421047578 -0.7375487510674964 0.4724854494473421 -0.7910407932597798 0.31026630923497533
1 0.6446348226476205 -0.24952781879137498 1.5298666218359096 -0.274642780673293 0.27205667092238484 -0.5114204154461472
1 -0.49357333033419243 0.5327840692887069 0.16499692826207724 0.6702856938969662 0.26600894166273736 -0.20207128810046165
1 -0.4750932054267514 0.21014481919625783 -0.20690133968542254 0.20574762889666434 1.0827245112410224 -1.3560071621906915
1 0.3816145880441113 1.8943776367630083 -0.582623868898508 0.39101614967377724 -0.14002973436287144 -0.016135171789469695
1 1.2377527632985517 -0.7189208655876472 0.1416626700716226 -0.6429260823478954 0.9205681206151101 -1.4580356661157496
1 -0.3334866423765862 -0.14387653526544947 0.8456573046464118 1.2237836818844938 0.2437561094237023 0.9871182093884899
1 1.1660515476611482 0.2982535888559281 -1.0224491254095598 0.6100605562301743 0.3758890661159558 -1.132012183365473
1 -0.3855857273154826 -0.07784644996663063 -0.7416813541000534 1.1586617182350658 1.4839602263749618 0.10306758483467095
1 0.03480517935854092 -0.21459038188205137 0.2066662672607645 2.904352662856352 0.460853768106544 0.25712793357688085
1 0.6176889234825983 -0.16894005569661347 0.27977573492279323 -0.2693403141460728 -1.005924195438494 -0.6264891590304766
1 1.0280492808028845 1.6039861957301345 -1.7758265191663754 -0.5593167727903894 0.6904788396276663 1.985200827529266
1 1.7009017474454668 0.3404039387456393 0.438026476751217 0.389920598855638 1.6496539901828235 0.8046829980336961
1 1.8398836814340307 -0.7582653794132491 -0.07829108993951173 -0.10969017662290637 -1.52558374605945 -1.2525531559684258
1 -1.5971004325679579 1.8465868333166349 2.58072946777926 0.6072059878993645 0.26478087470899914 -0.15625707394875055
1 -0.7852287549244095 -1.2357827723673454 -1.5986357498998542 -0.3673472968562278 -1.3268869895814948 0.9509335421737195
1 0.1624704408390486 0.74502721147794 -0.3118825397172295 -1.0237481130664823 -0.20311339445710375 -1.779890219855101
1 0.19960374293436575 -0.5138669407082745 -0.5059486053832566 0.699764605178819 -1.1747318709224588 -0.24064010554210333
1 -0.6540437892702782 -0.7037002283893762 -0.4096789346080562 1.7389713083970042 0.2318987244545146 0.7136472600611116
1 1.036738333862458 -0.2090835347665485 1.1491327240020788 -1.0467903531444152 1.2027930692254538 -1.3160064245990237
1 -0.3501766860420418 1.052419802746951 -2.1395821703981444 -0.6842144106529979 -1.2374929526525953 -0.27834508243706185
1 -0.15717380575720769 -0.808876845124564 0.6559964089077539 0.22838650445422792 0.3194899431912343 -1.6192930180780027
1 0.2345412054116015 0.7008465127016477 1.4837208143139138 2.545535434611791 -0.4896614748833846 -0.685842914158709
1 0.096853817185907 1.0030068974112818 -0.07951455709689491 -0.0063259181091062265 0.086393167958464 0.3009158548656603
1 -0.4477777292779547 -2.2543894163254277 0.3951617402913537 0.5978455554361719 0.19022099703660342 0.4383465381588216
1 -0.5475920093888901 1.6993536904495872 1.7190312527475864 -0.6550655166105939 -0.007215019278115221 2.5050721434787744
1 0.9890529319716467 0.2775030384588272 -0.8614621979744105 0.5536653121338376 1.222738857815887 -0.977085364114389
1 -0.1561138602207091 -0.04996847236497204 -0.2000338738421672 -2.098818763662596 0.5683387421211317 -0.2770102792685105
1 -0.8731017921174256 0.22798891001444418 -0.05955520633272201 -0.3694750572995681 0.5758683718764451 -0.2076699954293932
1 -0.35214687836134256 -0.4434914463185449 2.72583521696955 0.36435537077235747 1.9708186905278842 -0.0897985345773018
1 2.0333452368652094 -0.6119430439148031 0.46967799562531126 0.8821549811705669 -0.4145631178412206 -0.0698410752672605
1 -0.7123841718146321 -1.2305019629802054 -0.2593418012576299 0.5748734660299893 -0.09533672849289963 -2.395410178167737
1 0.777765141223148 -0.04696676348078481 1.2333281728422003 0.17467613253951242 0.42697924718700414 -0.8292348257506928
1 1.9174073620278345 -1.3789252945241586 0.14667107134724022 0.287017053693347 -0.2382726298803504 -0.21020403073594363
1 -0.0040154827053222085 0.4277149837613546 -0.37325450544603134 1.4301291696768612 0.5736894961593453 0.8295219160278116
1 0.5159249304479038 -0.5827940023093741 -0.17614031494645005 -0.1936481343078783 3.6215434315120385 -0.23875145567866324
1 1.7256853621136254 1.8380894385691975 -0.7938286132196306 1.6827303928284816 0.9915151982705449 0.46677179710415795
1 -0.43147550407968754 0.34679098033913325 -0.06115125562547025 -0.15141061591912852 -0.9067570149741714 -0.5340038024351696
1 -0.6361009971728733 -0.6060994886601027 0.5941298048281409 1.094457921284745 -0.14601080149627416 -0.18380754476590358
1 -1.5539406720463476 1.8113476610052492 -0.6113093924304026 0.2381426043568724 -0.3444704746699924 -0.8851564545249112
1 -1.6239469960621882 -0.25253659976416787 -1.2843995532958041 0.496449092651669 0.4513135625601753 -0.9208215013469623
1 -0.9329118089815338 -1.276249998098252 -2.1432454781907375 0.1563115926977915 -0.1426129114337805 0.6063457820806639
1 -0.9492970489441607 -0.9978603498853345 -0.8459704230947294 0.4096130584232773 0.23198358196771476 -1.8160701841905762
1 -1.2885232189692426 -1.1721818882042574 -1.7809869815775847 0.8748405559871545 0.6730593593249135 -0.7387012021205573
1 0.7405373302703723 1.4225818830548322 0.5107837908811343 -0.40598481242807605 0.41223750405211634 -0.05149268300696467
1 -0.22865686396357382 -0.9837021778107317 -0.25397786755285223 -0.279090465328127 -1.5723558393339176 0.4851529968650115
1 2.2716106389186383 -0.2523719443550992 0.3950828143898715 -0.1252718381089981 -0.827501431207074 -0.7094848471756916
1 1.2005976708967063 -0.006285423956505811 -1.8250967564611096 0.1269582402816183 1.4816536334186463 -0.6589000702046858
1 -1.4508019510468435 1.9057917221672243 0.9745645470314828 1.2749652677612773 -0.15484225360546108 -0.21613020966991356
1 -0.41242982615513574 0.0807873949853317 -0.07573599235772796 -0.7377582094169888 -1.1798112175084896 -1.140767040446442
1 1.0943032158626624 -0.38963722485383306 -0.23088302850685852 0.1029550252764565 0.8400685967380941 0.10642293504687292
1 -0.14822783414924035 -1.5866969159926099 -0.8058370329696208 0.6432569927540671 0.47604088598830796 0.8593041559461019
1 -0.7994775124982482 0.18971849222498594 0.20202520925998185 0.43469385998851096 -1.2281138339090747 -1.544675478742982
1 -1.13154880152425 -0.37684747130616103 0.5444428162170244 -0.9633068071849049 -0.6550524583820151 1.0364777579801592
1 -0.20410077049052464 0.4818039916268287 0.5794660126327994 0.006948743988375223 -0.5398747659815444 1.2790013158839995
1 -0.18170517474175127 0.1888848261881815 -2.2339516270561175 -0.47499205277163115 0.3871777456573471 -0.8308321245635875
1 -2.3992661359332126 1.201451245131218 -1.8336923497624922 -1.592867137992555 -0.2977415334957423 0.5494564938928469
1 -1.11916844718534 -1.1300113844273554 -1.4287449997496329 0.2520285351310935 0.07573741815602894 1.860757761296093
1 -1.2213239895181818 0.4441531143667568 1.4300149161128957 -0.3162872695032517 0.6985789552485568 -0.15707022868054263
1 -0.9910002971235499 0.5260795273952483 -1.904000826955535 0.12257882935697653 1.4610666378002395 0.3903515913006764
1 -0.11535096315646225 0.015506039380110246 -0.17438154581521234 0.35767080590845696 -0.7656086425145596 -2.2529899261048887
1 -0.7843851803656194 -0.011199860811006289 -0.5666124386619261 -0.28705815442661076 -0.3668781798970209 0.17082469021376268
1 -1.389715515968931 -0.3620278907564203 -1.3457287566924447 0.44954329151256106 0.8984438426127924 1.037747180418001
1 -1.7923732276845254 -1.9679546718769978 0.08770325524122367 0.8254620291855473 1.2566764542141229 0.305981702607555
1 -0.736340939136978 0.1601798722098957 0.8631566416743771 0.069826001007563 0.5602290234662084 -1.0588645663873495
1 -0.036901188262970896 -0.1440270613439581 1.7016974468179786 -0.9441264094498221 1.2665090927071698 -0.5289747783225798
1 1.4112808966284842 0.4454949248314358 0.4255617705107994 0.8883619182851257 -0.18381569581672427 1.8448731519871333
1 0.7688681243090796 -0.11334590350934387 0.3109009500400467 0.18564236411727494 1.6960076084402655 -0.39240690498455305
1 -0.9881520734830529 -2.0904988894712067 -0.4259648505465218 1.428987095608541 -0.9232544910433854 0.9818411646681777
1 1.2729842339520958 0.2136885748386633 0.18539835293333737 0.7119472115153047 -0.23685806387969632 -0.5030562225222428
1 1.5445985559981004 -0.18376299772874197 -1.534284531579343 -0.4724365523484263 -0.9347795601942435 0.6325672182591705
1 0.13592215052696716 -0.7431190603919036 1.5659119324233162 -2.398963236899786 -0.36227160557511023 0.19243996430020346
1 -0.5856791196284757 0.6051232693401775 0.9669308247920323 1.38782519061785 -0.18124697952051755 1.2446202589362845
1 -0.6091498282524812 0.3864186172473096 1.8476986409785505 -0.2901925926160483 -0.7371177235645011 -0.8339382486666231
1 0.2936592541787415 0.2570320651470075 -0.1602616786490969 -0.524660700763712 -0.2118612464899851 0.7684272278473053
1 -0.08336986192144047 0.1996619579542167 -1.9973494545824195 0.04351904330679914 -0.15743347874153651 -1.3593641277117474
1 -1.0267002133223655 0.4343419559490495 -1.0062968370497667 1.2560889326305527 1.965318174105054 -0.911608593971543
1 1.2469006283825137 -0.6682770481620866 -0.2872879649253398 0.8377353428665698 -1.4736687454495072 0.5839745369660139
1 0.5395488169864802 0.6214173668158923 -0.8493277301342922 -0.5968325181587646 -0.18599703841151866 -0.4494828865889942
