1 -0.15266733875514543 -0.4868704316675631 -2.8972065336358637 0.24840944682212038 -0.5837963671714879 -1.40361423520948
1 0.6202186031189135 -0.1175735172478357 0.7912684017180731 0.9907111011754106 -0.2348790737097365 0.9640954456279462
1 -1.2697648706256113 -2.145161633778912 -0.7351383503050041 -0.32306095973920457 0.7350077642366949 0.5953804071466068
1 -1.1884462304567351 -0.20188931980801458 0.5652554185489199 0.7336943230112082 0.29198923291971407 -0.2754968368736644
1 -0.017865912833629826 1.2343565256627447 -0.1162808276790198 1.0927757130353715 0.584487054740561 -1.2090881062384577
1 -0.28587686680973085 0.38401222704936544 -0.6382593796196668 0.7359761808867628 -0.46923318327633723 -1.469909602788436
1 0.4278808175827874 -0.3577355641267414 -0.13650415600552168 0.6263824319104306 -0.33648340070990984 -1.6335290124733088
1 0.7032341202118075 0.9511863808699501 1.019656787102064 2.2234325905804155 1.0548571286318682 0.49609211711379353
1 -0.6940146015702242 0.09987719178314551 1.0802203030073194 -0.6580623115941293 -0.1612319830893871 1.489029843319999
1 0.48447491546569477 -0.861857829642743 -0.868267840136014 -0.8448992156274094 -0.30313029728605956 -1.125819120938452
1 -1.9028648498228953 -0.7170806750459526 -2.531130010586283 -0.5718260999570168 -0.3212288549120471 0.13588968769310275
1 2.50748762448029 1.3221402327778888 -0.22412163881878014 0.363735498288824 -0.7214226731630239 0.5322834774432328
1 1.2488491105494675 1.0953534157923532 0.5356271358709892 1.1061162286092106 -1.486474373855734 -0.15449268638772645
1 -0.6801239040643485 0.17667204739840592 0.5956055866230322 1.70750408069829 0.7484781855663504 0.18728765357428667
1 -0.9013985535681718 1.292178305235294 0.7582849834176423 0.7823968657808283 1.1959836925037233 0.9673001238447487
1 -1.6858054277737407 0.22380543997139876 0.633892246197359 0.41660541730583645 0.6513705334191257 0.9896481303660813
1 -0.8734888627470255 -0.08474165717514401 0.4322633595304617 -0.5187280918866222 1.69089596806497 -1.126263066001626
1 0.4016899669575426 0.09876314354630404 0.6124035546944822 0.3839281250756688 0.484055502573096 1.1961994256548263
1 0.9984328845824834 0.0006353657577102389 1.3796403745187154 0.625099939833908 -0.8432622944101128 -0.385952500124974
1 0.5239805613809342 1.4323427401233846 -0.2680134067705074 -0.6276365378716858 -1.2595913489027333 -1.2635705857375341
1 2.6723055247436895 -0.7495999278360157 -2.695230917232045 -0.43721331535476265 -0.8294461837294409 -0.5811914478316026
1 -0.2854856509930423 0.8556864616908568 -0.4790336709725542 1.3622897860692664 0.5218855683588701 1.6553750344817493
1 0.062316877159311675 0.035334843534366236 -1.0788398994774258 0.6771942957195631 -0.6452633893570399 0.12977534228420956
1 0.44788590265353256 2.6116741335967326 0.7683245305190808 0.9497920837442657 2.211053342844764 0.3156526551895195
1 -0.901715705203693 2.441992466883236 0.4519174625190423 2.7297502234032858 1.4174092020070126 -0.3318178097459736
1 -0.4988424108814613 0.2661231375468429 -0.6984869699531119 -0.17971105863341133 0.46487378803599827 0.24598048519622157
1 -1.783838970538425 0.17976516887482716 1.691318904728411 0.46777476851567906 -1.125617705227282 0.4303087584134793
1 -1.4343735240852913 -0.5295388402511979 -0.07696404095869193 1.4129114488618029 0.3813371830669198 -1.3167557562100933
1 -0.3789911390819976 0.26979892830921265 -0.15333268996746957 -0.9926210265064047 -0.44566848893249883 0.7858051909896249
1 -0.33811319584535476 0.19423269190959944 -0.7121503567778035 -0.3340983878050414 -0.275020304401123 0.8370954401124904
1 -1.0289472796658574 0.24949533907776672 0.037337491194210315 1.2276314649923505 -0.5198094749461581 0.10121982095462329
1 0.06974348363339733 -0.8529670028332403 0.651917732266312 0.30909665092999916 0.5238367540833102 -0.9262212040663411
1 -1.4283647423063297 -0.8443503455545144 0.09384354902467683 -0.9011959516364573 1.8035185848184134 -1.0219140601527885
1 -1.002228507890798 -1.3394673858912434 0.9630464653374714 -0.6642655360318948 -0.44986059173320814 -0.3894791228718557
1 -1.803892033765397 0.08539461940889999 1.7875336613381898 -0.607676336323057 0.1797209960727783 -1.4268006757215264
1 -1.652484980679765 -0.6373778275172031 -0.660572157949879 -0.8438732931931098 -0.4036214479250886 -0.7848645140248456
1 1.0099880113263806 -0.18112913603081512 -1.1986838458575104 0.6944688069022036 0.7951028562234937 -0.699242611515135
1 1.1748614681059626 0.026057507429905945 0.03878921241154614 0.4467952828510138 -0.18611899340987748 0.4433349190196771
1 -2.073356530337638 -0.4635010994975701 -0.8416496357162637 1.472110835730067 -0.2186591214229936 0.3435146359983902
1 -0.43851586928832953 -0.5935374278385676 0.38907239720093023 -0.4759407172178097 -0.08562236599171616 0.822870548118519
1 1.0701738493560742 -0.0017991508302890144 -0.20052381571687616 0.12592528296036687 1.039072704500491 -0.610508793611578
1 0.14864564869054064 -0.4189588603891126 0.8586763631702368 0.0751024720536469 -0.6628505625978794 -0.8992520252321051
1 -1.878705308830301 -0.05819378051389631 -0.18373010713136007 -0.8192864560019809 0.27406253163857897 -1.1492523854148924
1 2.378196197353993 -1.902066185264078 0.5793518801394782 1.1457675100401379 0.5237603576739681 -0.5624256370392684
1 -0.5208067310927933 -0.1329419864102244 -0.32721627077726434 0.19797200727197747 -0.5403251195022559 -0.21558248809357308
1 -0.020448968063219657 -0.3126911662041325 -0.009267028460559105 -0.4945663423571285 0.649656261871337 -0.901355711296261
1 -0.5678589999129953 0.6685358220201326 2.806739360727864 0.5581867377273362 -0.5662622832952616 -0.7860438719190543
1 -0.003673048564715647 1.2700279850246412 -0.812235024148289 1.3957729977342306 1.5104193633539793 2.184732122876235
1 -0.34153505409736407 0.6289628711211975 -0.05655152707788437 0.19449972199855803 -1.1479862470863897 0.770675263714153
1 0.8085189978597939 0.3511665042235933 -2.0259646958416697 -1.8918248938240751 -0.115425558837744 0.5815164688344246
1 1.2066665317970018 0.30785430006465825 0.32964689705959455 -0.2448055162817458 -0.06803510113931467 -0.18365025089713713
1 0.09726585796042565 -0.2821248817844527 1.2178649196279328 -0.21079701409252008 0.7565195212959414 0.032903305543077736
1 1.5320632400089529 -1.5997112033942578 1.5877170110317766 1.194065711709691 -0.8206431851914636 -0.7204144643908065
1 1.5944248360345887 -0.5911394844068385 -0.6997658762876577 0.024991105340462633 2.276469390937253 -0.43791206801398075
1 1.9099574286156134 0.8753188097343818 1.2284585308144065 -0.0648992499722639 -0.37946420028407 0.2821183179500472
1 0.08015817656987392 -2.295032101587661 -0.0648688160711763 0.8802012553855572 1.9073566735192053 0.06476291790184807
1 -0.8105042107803543 0.06532068249124229 -0.09818958002628662 -0.6925403643731639 1.0404310647962591 -0.35383461302245817
1 0.7801945197465362 -1.856610734335386 1.6603746050451094 0.7703058129221032 -2.529535980015041 -0.6090103118313307
1 -1.500834453690621 -0.3523586702786587 0.1808864044107736 0.6675739277582226 -0.4009888293104772 -0.7935710995874472
1 1.7859060998306606 0.38421772643631263 1.7540435667075738 -0.12153134333478259 -1.2815278826560312 -1.092689408956312
1 0.30463537215959535 -0.2493037593060751 0.978850830180246 1.1082634654078936 -0.7258338208529792 1.316044506294943
1 -0.028496780090592554 1.437643212248408 -0.5277519246791166 -1.3371069619891607 0.19471103668530515 -0.6985460432765722
1 0.8445261631657028 0.3822417049668741 -1.3866022042176112 0.9668460910136512 -1.2272798485479255 -0.6621701678910566
1 -1.7336649932590227 1.3162443800373183 -0.3886810714318451 0.6949828882795217 1.4552835756845302 -0.5261014010894214
1 0.6877738209505654 -0.20366198830773224 -0.9017049028982214 -0.625282849942214 -0.45850256583515214 0.03754874099801598
1 -0.35208060614786374 -0.7045438041334527 0.6970316322300373 -0.8500060112931215 1.1762989449458434 1.7658248355808006
1 1.1112649662536236 0.06397064977647847 1.0472214003342981 -0.7242131215806615 0.7426628811324996 -0.45121811364303993
1 1.2057263653493695 -1.4416681612981221 -0.8914747698819696 1.1930449733300674 0.11689097820566875 -0.9280702215074085
1 0.28223548982251434 0.3088509042268877 1.13034754313441 0.8116578817800574 -0.857205955287578 -0.8448867344088525
1 -0.4323921842770083 1.2773769342855137 0.26054271804507784 0.620576685348237 0.07171760993954995 -0.2344322136735165
1 1.3619532935779866 -0.5370578188616498 0.809864178302967 1.298922992567568 0.6754333336069693 -2.606436729856175
1 0.008664981588135966 0.49663489601213007 0.536989672283886 -0.9776982150898252 -2.5843353569415113 -0.009641471324729567
1 0.641606528762361 -0.4819856544983903 -0.04813250142813316 -0.316612354324547 -2.7000964138662513 1.5261570698105105
1 -0.2848640330310891 -0.8956489612031496 0.45981338270782673 -0.12773359610564672 -0.20369598188348145 -0.07617510651856019
1 -0.9475012574261721 -0.6639563304520552 -0.6320154250841539 1.1880829439886675 0.5024779692553458 0.28020560930288074
1 1.4880956304911699 -1.2654905308715003 1.0287232595088736 -0.7491440100621383 1.276767888470209 -0.36462272973472104
1 -1.0323744093278397 -2.683353813880992 0.7815095325377123 -1.2171341622259282 1.270879066460158 0.32495500302300273
1 1.017652840764162 -0.2915897331341796 0.2324280761318016 -1.3654817829788384 -0.9234925445516069 -0.12410832134179775
1 -0.31596165455270875 -1.0371601840105023 -0.2645560376563749 1.4201173684461406 0.959897360983385 0.4648083198755275
1 -0.023285032746614448 0.5607956103073342 0.41172110245214566 1.7589805651941692 -0.526030001079653 -1.8574366472487984
1 1.6660937502015878 -2.0488911678632955 -0.05397486104900502 -0.6209472350440547 -1.1533463031665094 0.38031642921726005
1 0.0798700508956543 -2.195102703172759 -0.5962654665715433 1.0446244126429538 -0.5168572498422593 -0.7980458258863876
1 0.3040580938392334 -0.5009096027541103 -1.0439172885625227 -0.23104989024543932 -0.29221144376319563 0.15415436185999817
1 0.05244387569994757 -0.178928626561722 -0.9473883481867295 0.4546774766446611 0.49307797037299556 -0.5965928143853555
1 1.7248602552351373 1.0260079912000595 0.38557552433909525 -1.1998491498312045 1.2914920858302652 -0.1407046912972334
1 0.1423061966437115 -2.0894547583649907 0.4806923224364791 -0.025973589413473955 -0.2763716948796054 -0.9936787785414135
