1 1.1819362671085067 0.6881977768034747 0.46013244197014225 1.276967451070884 0.47977518994434853 -0.6863854883068812
1 1.1198861724567906 0.9520874848952781 -0.17865050151861123 -0.09993886262803511 1.0535295084459337 -0.018696396345963182
1 0.18358182819298444 1.4937186143569934 -0.25937301393698287 1.2027561567761476 1.6765249702867175 -0.3442039577700975
1 -0.9314251277762876 0.39363549134533776 -0.890599365456276 -0.48383575842829823 0.09232735289215921 0.17218462044661276
1 -0.348557993473924 -0.4822192724091701 1.1156743742633632 0.3659866205633739 -0.3255143979870059 -1.642593027656771
1 0.35800713933837275 0.22951318957103242 0.7711140780537968 -0.3706874277187328 -1.5633447050968825 -0.13471265105440283
1 -2.0332209423853658 0.9191607204875534 0.5378646163100419 -0.7208527416140672 1.1466430998869168 0.8606435695515451
1 0.13623723733240603 0.8690932446009074 1.1730214475408862 -2.18159273155227 2.060600003501057 -0.8401506276932798
1 -0.30699124351213614 0.027304102942933894 -0.1808851860607509 0.5050738933630642 1.0019948072742568 0.9810224102031764
1 -0.08498086319542243 -1.4366324220541613 1.319697596939517 0.1261310900457415 -0.3362443382438932 0.04580871257633761
1 -1.0607529355809884 1.074302301117399 -0.4435112505964572 -0.33491629981991256 -0.09675551896681925 -1.4916260033994349
1 -0.9006941143914022 -1.7629397850426272 1.3575160530905874 -0.02181191412303271 -0.7658843416183408 -0.022115345314345048
1 0.3028923388872738 -0.6799237353458838 -1.5442657179001207 -0.3012103771112085 -1.143301129374919 0.23232880900195058
1 -0.4280861220590809 1.5072010314182303 -0.7955356221765899 -1.4912566692067655 2.76797901954479 -0.5230567792645048
1 0.40729885570178526 1.5111835667225229 -0.4281490062707341 1.454850704306599 -0.6564689952071433 0.33859896257610134
1 -0.6641682738901283 0.8766920989004173 0.1456788765119394 -0.38520832900118135 -1.301004049079439 -0.6119570209218449
1 1.2535802528972495 -0.18503937501432371 -0.8443494884661431 0.6659251164587245 -0.7687501364542841 0.4822487224210289
1 0.3871306465595689 -0.3746855199776789 -0.5534339951423615 0.20120722606170346 1.2945278875278405 0.4486721202772801
1 0.3889551032575122 -1.1931104772070518 -1.200731777484236 -1.837946611665369 0.41723680391939666 -0.7938835293511335
1 -0.46757055366726796 0.3151709140004609 -0.17198158020004167 -0.6756847696844821 0.5404672095985199 -0.8100866323832285
1 -0.23001163509218106 0.5334861955972273 -1.012230075515733 -0.35312282578357906 0.1404904301965215 -0.912871053007736
1 -0.17550711138975109 0.9000111172951151 -1.009961074749308 1.3246857352353913 1.5157185942416884 1.1143700378044055
1 -0.39009049552946523 -1.6661482412712172 -0.8610478322556497 -0.7339046837646004 1.6723862601356485 0.9926644854765913
1 0.9566732853062562 -0.9719654614259599 -0.44565504312530313 -0.585790841663724 -0.2939819250790601 0.3646408144319254
1 -0.7153920678813678 -0.4371373025050851 -0.8508482579785338 -0.9558210873415695 0.7855628223518336 -1.2607082035885735
1 0.12542003926509437 1.4415542529289032 0.6846829202087495 0.3476788846633426 -0.048242998995092934 1.7178062214295386
1 0.4959432673469731 -0.09728841898193276 0.11121021394223385 -1.0739580090961331 -0.7479740617764161 1.2993867427630066
1 0.1823225268297044 1.6027610708892375 -1.2396850418936518 1.5877611573423127 -0.8366628747426011 0.7923866874410012
1 -0.43572623903426966 -0.12276943673261595 0.8308754137573238 0.24554446692926482 0.024861836923420803 0.07374825932999063
1 -0.5657855985007868 1.1240131392519823 0.6297596659154039 0.8553202200870644 -1.0007824279435253 2.843498399195919
1 -2.0609441707598855 1.4804026912788448 -1.155621619107307 0.9352488701826336 -0.07980390085081368 0.045445050460375495
1 -0.5312210741643901 -0.9017181319973531 -0.012670951405368986 -0.7449270454849483 -0.41786658776238 -0.30761658352956855
1 1.6605063144721615 0.09687679580105572 1.048793328220586 -0.25420377171132874 -0.001976206451661925 -0.48795440928179784
1 0.27179840223619683 -0.22266401227907937 -0.2550587918015022 -0.9050317898797112 0.1945876549058226 1.3170621479606137
1 -1.4815917952049669 -0.9955691686564818 0.05867802674693091 -0.0387077512260112 -0.2045304062747254 -0.0388841629224493
1 2.460364245994694 0.995682206890977 0.2720214594697045 0.22000631536195528 1.2962973667696636 -0.5886711417051625
1 -1.0246913749711173 0.7375179863507243 1.0472158226496717 0.030697495046216616 0.2080502698801679 -0.741971675701826
1 -1.6649389663129444 -0.6215008735847293 -0.07644160658233899 -0.5470350505250698 -1.0285191197529935 -0.8297714156398942
1 1.3723618879663853 -1.1652446219119794 -0.8774085322267252 0.7404823169695156 0.1858583158172317 -2.3509817319103803
1 0.2193638450243372 0.25166918395768473 0.13082675457223328 -0.7109892273893582 -0.2706818706281307 2.4837871349818434
1 0.6953051697978244 -1.9119013455805247 -0.057420531160699055 -0.6157091984677002 -0.4049409794891726 0.19443636858936306
1 1.2410843679300971 0.6235886873809461 -0.39530351277247505 0.09924746439800716 0.6869001369597065 0.953255524535565
1 -1.897326025711162 0.5072340469860455 -0.5165900788242542 -0.5273724793865961 0.8572781707147512 -2.92721907180913
1 -0.04391856695166836 -1.3172934195384087 1.1672508120360288 0.14023841402935627 0.14747472081228613 -2.014975236421282
1 1.0208025821955544 -0.7462333496210849 -0.13540260193283835 0.17879851550334863 1.517813844388417 0.0986936892237717
1 -0.9253873244875799 -0.18092166990107217 -0.9639114009769753 1.3772899715973825 0.9663736301291974 -0.1735641129834
1 -0.5726502499367851 1.0504637413736413 -0.12387777241067027 0.7187397991506306 -0.12163484311863418 -0.08204284790170137
1 -1.359376213966797 0.11484576642291622 0.002652395542567418 1.3691702701365085 -1.1189471747336204 0.09714764493918222
1 -0.367367730539564 2.6024003494862127 1.1122869359892915 -2.398402827707648 -0.37121547696832086 2.2321523790418643
1 1.3009240250636627 -0.6703708506550197 0.49470613111668565 0.45426529634747265 -0.46361858964018215 0.1491996347207119
1 0.47752741020090667 -0.1069040761440619 0.9836285880801872 0.46684489729925693 -2.259580635907149 1.316168842229865
1 -1.3798418680431241 -1.3415318761105026 -0.5131872904431293 0.9574272683581964 0.5426930639463922 -0.2290111326099607
1 -0.12239108877247279 1.2672209838641941 0.22128275382135273 -0.613974133309517 -1.21399352453882 0.237232020596664
1 -0.8180993755849291 0.2458677948585896 -0.7151241793424628 1.0852035923302614 -0.6041529363001825 -0.8890662499989465
1 -1.1429552124651234 0.7245940824105546 0.7123546772902964 0.7009811240419586 0.4611198782960849 1.5697269401043752
1 0.9772833596497961 -1.1309388537744955 -0.4209998230393495 3.471988298273599 0.25532731410484366 -0.4941726789571922
1 -0.6264207575080398 1.0156023698322374 0.14436360641951176 -0.12465409173700658 0.4497252193282624 1.1492770238426702
1 1.085531668272917 -0.4526652691679375 0.08224662320628875 2.0672143024344436 2.487767810119003 0.7809104487109212
1 -1.3246301782180123 0.18326667162214536 -1.6657497982256468 0.4961500531506455 0.19754002244217034 -0.09879007132932813
1 -2.6579049453989683 -0.2070472932631931 -1.1306137113004109 -0.5345111058649084 0.7295451283413267 -0.4101478340261777
1 0.061013622075298216 0.4254997017894481 0.32209680093166193 -1.098138670404585 -0.3288255403533241 2.3278067601752834
1 -1.308224325285682 0.6896404346682969 -0.4626479276002129 0.4589183243473481 0.4200495669831452 1.0763984137552818
1 1.0487539517942706 0.9512315356667421 0.1065176660439213 -0.31038649869379503 0.5380726932665074 1.5016644365810317
1 -0.5040775140696487 2.417932945024105 -0.31713003517373994 -0.6374358868196208 0.5395378817974873 -1.6697483702859275
1 0.303888834176843 -0.7759985307553338 0.5584430318847299 0.9714526615277783 0.3684599950874213 -1.170656109956845
1 0.28357618882142854 -0.029256422611902613 0.5037135453530753 -1.3725563791851694 -0.6695827778956739 -0.5685498800659495
1 -0.04472951852363739 -0.6134338661513627 0.01348488373990403 0.9260630913000267 -0.06859707211869774 -0.14182723402431607
1 -1.5875244263617738 -0.3194544926656923 -0.5282219177414149 0.5934195519301937 0.5533088023030857 0.25444463246959426
1 0.21734885177311056 0.3669903768823056 1.6580627719023515 0.9201483921564051 0.04809308201761603 -0.796425828878843
1 -0.13717052686584208 -0.6462741443560353 0.44967115815774883 0.06396110987404309 2.36310056926505 -2.5604929174889985
1 -0.22458152780496354 0.3095052186419337 0.6180563720961404 0.43623133583936086 -0.8875549348865235 -0.2628211728900867
1 0.06615495543503914 -0.1318174866937753 0.2930142235725416 -0.5929310196819435 0.8643319404131286 0.49329332563751116
1 -0.5701331465427231 -0.31195871378114465 0.818567142618195 -0.9749828000925944 -1.3518985084770825 0.5476631685234848
1 -0.010089328876077556 0.9796940195956375 -0.19971579004387685 -0.5000869276426578 0.7756699079042068 0.21361146665887007
1 0.45587849327985286 1.3315670831660105 -1.1524716708844374 -1.5201846369259333 -0.18661548101014463 1.798439571249001
1 0.3971556567377855 0.3249875690912154 0.17898051484258407 -0.43769261527780384 -0.37900672503385546 -1.0945035805038208
1 -0.367488822408576 0.7428007157616523 -0.35970501271635025 -0.734472038988892 -1.5882562490945633 0.6899546819153672
1 -0.8458311343564492 0.5695489585365336 -1.3139163238857168 -1.4114243245887472 0.6523671101197711 -0.4009700929031902
1 0.7299235581118735 -0.6917041477659579 0.22305007728532414 2.0995474242127754 0.8462721041081375 1.0343567337812507
1 0.13789563468359667 -0.1726903783712818 -1.2378223902114638 0.9171975385785004 0.93678515761755 -0.776009373799876
1 0.9862203546553432 0.003996832122594835 -0.28359035786277403 1.0960586396764538 2.1392712486049654 1.4111206675584957
1 1.5743980608346724 1.8994732974488284 -1.1783588659497797 0.05321515288667875 2.034692291985539 -0.46852897230393475
1 0.2873840172412809 0.1530738157000926 -0.6811682107898845 1.4252354317535136 0.2402221745903131 -1.6742279287506134
1 -0.9841467173355899 0.43049247146234293 0.5795904705617276 1.0162885842504925 -0.37187917562960854 0.8951933413798939
1 0.44210710575262296 -0.05661986174544535 -0.8239545446547764 0.08433436899918073 -0.04202163324068292 0.2585631752016341
1 0.5964405413681627 1.0277342603792967 -0.4323841339559936 -0.7003541614401108 0.015381617876814736 -0.021044884568546626
1 -0.24982211651921438 0.40129505234201773 -0.6089611276236514 0.8611114425220479 0.24302395518604503 -1.0111511177608177
1 0.171172555240054 -0.6711995752979233 -1.4668513605863278 -0.8377971429188091 -0.11420265694719006 0.478621097519551
