1 -0.9999061683308746 -0.5968268491146081 0.5072521089034472 0.32207151893696795 1.0775380824612533 0.763985814557665
1 0.19857838583709617 -0.39412446356431763 -0.04817242021113312 0.8188835211065358 0.2649520374303092 0.5410575382315773
1 0.6112797415843468 0.7102260735206278 0.5249634172644305 -0.7771972256775866 0.2502793368897517 0.8446309141857511
1 1.7825736510917425 1.257774855901045 0.968754459608321 1.1291912760889617 0.5731723208259593 -0.32383936431100635
1 0.8767894495270901 0.3243468739145606 -0.29560176420375106 0.6255172375194952 0.8280160547136082 -0.2702337341364013
1 -0.6767872725805263 -1.1710080153477058 0.7396599844921012 -0.39667550881115665 -0.13764643363174126 -0.5993123250510746
1 0.5536000716175874 -1.0445352334607771 0.5969705294467552 0.9498479357015959 -0.737188396111708 -1.4996130427333096
1 -0.08967145851592376 0.7562795705709526 -0.8981945899660524 -0.7301019419963554 0.0718670580222994 -0.352656344384159
1 0.9414335485127724 -1.2638477497628444 1.6240122129581387 1.1192296584373658 2.50949263426982 1.312146252813873
1 0.6754096506518934 0.4990874951361432 1.4085926273897065 -0.2671065777502969 -0.5153345826342335 1.1624520616941745
1 0.619384643274354 0.8184180091582972 2.8246334388645384 0.14065309540524204 -0.19780162722539898 -0.9309898452767089
1 -0.13968666168107444 0.36060431269549686 -0.36985731577176456 -0.8866225449163203 -0.39082520138830923 -1.0449958181100043
1 -0.6913634467962415 0.5528169504152256 1.6724831526993404 -0.22983424383032525 -0.21792945347132692 0.0938087063518513
1 -0.053285849810987454 -0.35932069081564805 0.6174883371686214 -0.272790982589017 -0.2510233952529393 0.97602423391973
1 -0.3298681546149736 1.3308882025792632 1.0271467619300085 -1.7315104693533814 -0.773777682429988 -2.1195488045773887
1 -0.8612767467322292 0.6100425313746662 -1.747478885533984 0.9418102371660055 0.10987942197460907 -0.8681179944685559
1 -0.29727376836408986 -1.7102933711271742 -0.8519269255704103 1.049622963719326 -0.14462044443239475 0.400346613257979
1 -0.5995954862993219 -1.0881269001863534 0.5859364097322814 -1.0545056986160692 -0.40353294874521056 -1.226861882950518
1 -0.05391543430831594 0.5463408302337264 -0.6807392356904932 -0.5021113228677339 0.22098348638303653 -0.3002749813928218
1 -0.5926302604557507 0.6798709476613551 -0.06969298201646973 -0.6081124705296325 -0.47329668514001705 1.179563571287251
1 -1.3610466735401465 -0.1919132185425342 -0.4890127664158642 -1.7642188477021126 0.2057733934204784 2.4268099414560718
1 1.9480754640804416 0.3077413863202624 -0.2521033142019169 -0.1396614279141382 0.34954526571688954 0.19484300915008257
1 -0.2558418076348268 0.4904871455128662 -0.108811141516955 0.48685257188653264 0.23732001957813653 -1.1607395005524936
1 0.7474153886480972 -0.02064745715937114 -2.4170044694074933 0.7648026376600774 2.019576506632976 -1.252255715246162
1 0.2991992441006356 -0.6228144824806431 -1.6367619634544335 -0.31631838239316296 -0.18688775112369987 -0.0021896763844990444
1 -0.4055713210753679 -0.5285017960780521 1.8568841150066244 0.21644111219789658 0.7995944007546503 -0.4644374307604149
1 0.7244001170501401 1.1079373977733453 1.6165809553144348 0.9061629176945846 0.40238621341767344 -0.6244521181305892
1 -0.6336518548014676 -0.49484708555801915 -0.4766494791089124 0.07963493101675277 -0.550596822645698 -0.22452949947830447
1 -1.1549723153932718 -0.27906860525015875 -0.6183130236186323 1.3437020544448872 -0.5729838585080737 0.9391749254657362
1 -0.8121478498443897 1.0747632373254803 1.2400433606141223 -0.17023832844472483 -0.940438504379115 1.2841759269231598
1 -1.2387491598830087 0.4340022425414032 -0.048256566299308405 2.27793755458735 1.41876821602163 -0.9093482649959357
1 2.1460302226311447 0.026844815254606705 -0.0351577396352459 0.9427864381291224 0.7584804991708998 1.197274867273588
1 -0.6189925009237496 0.1794632740170612 -1.3221551909410059 1.0483253068643907 0.8142337830199845 0.6333396578451922
1 -1.3092610056159166 -0.5194072325544395 -0.18041102497783423 0.0006995190067181808 -0.054209005140984166 1.3674059774589802
1 0.21814473530825296 0.9015570742699733 -0.45274365056901933 0.5153707455351515 -1.0770053664252226 1.4995319100724893
1 1.4650830490875388 0.524697198104502 0.10128870673599226 1.346796662816815 1.6986153217837758 -0.19352529836705085
1 0.10068819925774561 -1.0443195033271249 -0.6586041384756917 1.0834631451604617 0.6018912401471573 -0.5751342033935427
1 0.8602953356940494 0.6874480714759765 -0.8311207672525469 1.299643175447422 0.2855238982110113 -0.2682112154320162
1 0.8432313608042471 0.001068418702654665 0.44029472993300844 -1.3334613903392853 0.4443323939621692 0.574843083535187
1 -0.1750039062205917 -0.7789256298739151 -0.1472596546883276 0.5312489998667074 0.5732995617550084 -0.389190309406925
1 -0.3905467001632969 1.434303177956632 1.142674473060325 -0.6195946495788699 -1.6369026224264778 1.9218743088417225
1 -1.6699242601718067 -0.3815577701516448 0.10597046485717916 1.019608822406898 0.011995019349180269 0.3550449659244793
1 0.9370266162104514 -0.1777424170664403 -0.2066319441359665 1.1255042690441495 0.9632848801941819 1.384902602651563
1 -0.9799862257475056 -0.9491761342364252 -1.6817448219859248 -1.9434157557684897 -0.42797602310916183 0.7201123747505607
1 -0.6626743052182286 -1.026316128554858 -0.14401623560521093 -0.5754705914656905 -0.24383286765766152 0.24620428156917643
1 -0.008159812341727015 0.819610378734323 0.976700400644905 0.01985507753103231 1.576142018181464 0.8373728440107379
1 -0.027351657907925184 -0.13090715085361493 0.12876308267455716 -1.6584097082963347 1.213377204544606 0.19905466405203096
1 0.6530004878298586 -1.6337780842251184 -1.4890315596962556 -0.9720965546430547 -1.4401731371149369 -1.1380346180770302
1 -0.30322973725187785 0.664734801096842 2.495598913191357 -1.4061924558191865 0.15884883632435304 2.0306963963844624
1 -0.16718702336983388 1.6148455242956954 0.5752319556692698 0.11993611081770321 -2.421952312906744 2.6112441099108534
1 1.7650356255034447 0.5641492018093522 0.5470258815747999 0.7752299117668563 1.7068020943223026 1.087896406762627
1 -0.18565511527603287 0.5568716824112474 0.5695181361808765 0.48050013372508027 1.3790863988117472 0.4232897298718287
1 -1.0106370678039513 0.9148852053803501 -0.06548205854837887 -0.8446927805414217 -1.228712743034673 0.8396410490136712
1 0.5027078443841192 -0.25107798317578034 -1.4563127111726104 -0.12119309102420292 -0.5299851571306695 0.7011525136146011
1 0.09667652904283824 0.9958237426155983 -0.12450828696888076 -0.0970982382405844 1.4477688708538776 -1.0699206672271604
1 0.4335603375805427 -1.4820523557380596 -1.471274543506628 0.22195045782357337 0.48161563984163513 -0.044639248615940416
1 0.9407711221245766 -1.013124552804398 -1.0404704166600451 1.489096648382311 0.5358148482349129 0.910223899666438
1 -0.5911488659464861 2.0100998095007037 0.04009699456767875 0.033290047985703 -0.8627371389559841 -1.09323603067166
1 0.5915723031602559 -1.878027995913914 1.9042904348830199 -0.5367010032033181 -1.2627266467148879 1.0727068633136418
1 0.742769097140941 0.8355819719228781 0.6361803233864846 -1.7192230115703269 0.3099852285451195 2.1099370040974046
1 -1.1148296415750718 1.4483404953637125 -1.1377222752421055 0.006856725794882111 -0.14775813297778537 -1.023240464475724
1 -0.3623657661218205 1.674493365855958 0.768030969007704 -1.2022864441090908 0.5199565910656048 0.38976281529164425
1 2.068613373613899 0.8051409669887093 -0.7432323466942422 0.6924619079629488 -0.19213026225987087 -0.9066583103052606
1 -0.8182273460705858 0.6300881049988908 -0.5187353617462376 0.13402428368942096 -1.1889238626985896 -2.5927805320702233
1 1.174107895862388 0.3405964464669045 0.6787407125007622 -1.492813757291811 -0.3733882401052249 1.1066836322743656
1 0.5319341851784858 -0.8387859172570769 -1.6146087072570179 -0.05420835147645164 -0.1143841206628383 0.7129864499496747
1 0.7140035136380084 2.480943581684196 0.4696467820395893 -1.9607834874240528 0.37287488523203827 -0.39341564124282946
1 0.2901465412698003 -1.4058928106428237 -0.8715499216369822 -0.628875774010262 -1.144795429824989 -1.7845500160412695
1 0.026447215950665334 0.8804992022057048 0.5420495025189734 -1.010156420897342 -0.2782220394503866 -0.5011303874441619
1 -1.041062762402453 1.3416472629512177 -0.9561390134134797 -1.291683288130464 -0.34212574453946276 -2.4693885781525604
1 -0.8237298743312781 0.1119054578820604 -0.033143636265844316 0.0891739865962614 -0.15102758040336633 -0.36905770445433567
1 -1.904076492887766 0.48370923940708394 -0.259477239358361 0.070367482980499 0.3573903643287755 -0.6175520194847093
1 0.4355404422429279 -0.4058131526371182 0.6013107901010586 0.8088329820916192 0.17305633782304547 0.7608045133072303
1 0.38571967127871754 0.4902803744667676 0.598637123564907 -1.6129064866775369 -0.9476480324093839 0.0814226226945026
1 -0.8943658278879713 1.6749731770021126 -0.5834810818500791 -0.06704430194735331 -1.9214718875455676 1.0385887490779915
1 1.553736029084452 1.1375215276602086 0.3393141442389599 0.2507582221458241 0.2991838244582926 0.3065881200794222
1 1.4187159799878892 0.5399830367587191 0.19903391880534682 0.9306808484191952 0.2403119691087501 -0.22096891580863484
1 1.6352158266591945 1.1218315109070085 -0.6074490503650393 1.8886792574511366 -0.40796640807417117 0.9724947961134286
1 -0.16213413497662485 -2.0695560359795926 -0.38801749191067325 -0.6569891413092669 -0.9014758996447086 0.32724754827996616
1 2.1745823293840894 1.0962274297691448 -1.1884909022708168 -1.0496409110889147 -0.15204609853972317 -0.6302300835708462
1 1.5096800647072566 -0.5360154210918722 -0.7058049091947152 1.4584871842121383 -0.8054489933020619 -1.228082048255384
1 -0.8340842609843868 -0.5475107360439323 0.7112811237755058 0.658063756478252 -0.4459514602202428 -0.9512876267794232
1 0.28066979012557663 1.827125804178506 -0.6477962466153208 0.40332534745932674 -0.012124646401614522 -1.3761105932563542
1 0.338890327932907 -0.41746457468289944 -0.1678919406015401 -0.18509789098480317 -0.8523854514886516 0.8242273246240669
1 1.7365503985305275 1.0617069021887935 0.7836249083627072 -1.0991638651977065 0.6439942805077161 0.2266867628754342
1 -1.38502528099118 0.21733371618734118 0.2748313786944189 -0.01123747647507346 0.0029292388954206337 -0.3338003886820086
1 1.1559826654452885 0.04348357160039762 -0.40735347257594234 -0.41576147566393123 0.7199847534141439 -0.9956496381501824
1 -1.9991383616722043 0.8841100978893031 -1.1589744612057493 -0.22588035841122533 -0.18658500431773742 -0.08900039988629517
1 -1.8585246061562837 1.115739679086203 -3.1320474978572532 0.48260371668716445 0.20817877230067666 0.3272705055966616
