1 0.160189512607182 -0.7768914469671161 -1.4244254070893916 1.3066404778617615 1.487727776922036 -1.043948712243652
1 0.39174791728115943 1.6590019619865424 2.67066544046244 0.08815422213083052 -1.9023410863719965 1.9956659860043755
1 1.1413697282439634 0.9548691407851587 -0.12766405547315463 -0.5982230130116082 -0.4065797955548367 -0.5239700759628187
1 -1.4485273328929265 0.43589826170670676 0.48398323951718414 -0.4497448529974184 0.2809291201218169 -0.594492308299594
1 -0.6054258091587794 -0.9352795513884713 0.5956217058449268 1.8638838023422188 -0.49507173430509366 0.32241777971428204
1 -0.13653522573817595 0.6165732166381185 -2.1581197869828053 0.35655112916057896 1.7022060190378334 0.13764254637599993
1 -0.7915263450794094 -1.1361271664701276 -0.10284676435287221 -0.8417031173125672 -0.8353433944744388 0.048426685995100624
1 0.5702358687344895 0.06004656351096369 -0.6576419993073078 0.2911344840020029 0.8163562760629982 1.7716670750247343
1 -1.4145610350999753 -0.7855403017385638 2.8652323426054416 0.6485853380162763 -1.0334274299835682 0.30755446969422495
1 1.7969102605332223 0.23691154303814946 0.2944678504355635 0.6449365905253903 0.2164531880187292 -0.46119934669004403
1 2.028801422708633 -2.4063758084134994 -0.05805206472196877 -1.0844886660926802 0.3277541965998132 -0.1831836646695729
1 1.0695964668652154 -1.5387739605259512 -0.5930908473082978 -0.06471120049501913 1.4988684165475004 1.7675398305379484
1 1.2630459711739084 -0.07498348882557981 -1.0332823381819867 -0.9745753863827209 0.49207963938510174 0.5193729250692334
1 1.2155227570561145 0.6638562620982402 1.7482886295483469 -1.0711149207278576 0.3218359845082124 1.4875561396730659
1 -2.020581096560964 -0.12166298003233242 -1.0338812101199604 -0.8085867622966608 0.02639173557690121 0.22896906971735662
1 0.6779580250426325 -0.1570068147555244 -1.7696295227318202 -1.1379005390348895 -1.1876139713412814 0.637864617432517
1 -0.00835969772368292 -0.8235805060829566 0.350546383120307 0.4973949446178824 -1.297996769643468 0.9491555921144332
1 -2.5691501558223737 -0.8038146561812544 -0.5464369280141982 0.19629626257935667 -0.08491296459111632 0.6837594739140532
1 1.685814842714936 1.2944672197222111 -0.23218151607424595 -0.7079419170415424 0.3925481367646189 -2.003393515631459
1 -1.2797470982360308 -1.5107017421198394 0.8128633914453992 0.5626178330110028 0.3339370973945553 -1.515562828071476
1 1.533549403169719 0.32748383618786436 0.6876884271752005 -0.36535023371808 0.21269067188956867 -0.12181195453180955
1 0.38836893007347456 -1.2539812007041637 0.14335884145688166 0.3243510816593984 -0.13768042906872371 1.2333876960080634
1 1.2989136269074293 0.7527813677314934 0.5368390215927449 0.004305538928423859 0.05670148055796747 0.6253451019253137
1 -0.2571127733619442 -0.852881681284277 -0.028673049239208877 0.1900521872568262 -0.21277719606435777 0.25950629347046184
1 -1.359434919884695 -0.9400257285598308 -0.2227058886647283 0.5700971498796307 -0.42844155500159664 1.6128818700603658
1 0.7582341988201206 -0.7271162487597381 -0.13895873373475345 -0.44355345080297964 -0.10086011062817561 -0.23805383589367302
1 -0.5059627425980142 -0.6373033417140637 1.0228747844241366 0.07185895569003001 -0.39216684688288983 0.6357959986690378
1 1.0160253930158971 1.284315378090541 -0.31322812246585663 0.4094720973780531 1.3543512900532202 -0.49816002049699043
1 0.21937263464919068 -0.6010013879270514 1.0850371560516787 0.19674884323462355 -0.07924007187183714 0.23408071580901332
1 0.21341927971572505 -1.60248002895519 0.47601926632136754 1.0683148946518284 -0.34937204727287047 -2.7723471883226214
1 1.134957519790473 1.4691452992114 1.081922000152031 -0.3889244104454535 0.5650332713244488 0.8241666041499479
1 1.0589429916045516 -1.6096929165650096 -1.4669192203153196 -0.8050910125976399 -0.0008778570002650756 -0.709720756026082
1 -0.13514297109321963 -1.045732824114485 -0.6540125344624313 -0.774172685320598 2.284868971276322 -0.4988202156311955
1 1.1769996723499148 -0.16313324947099989 0.8110022962188246 1.059916848782213 -0.08682327019000333 -0.037809446394283096
1 0.7431851992271093 -1.9577149006658086 -0.08796893155654803 -1.0371365402418578 0.27256716490755417 0.3313782788713173
1 -2.6220344088418286 0.28544024462948603 -0.3921943646137727 -1.36792243031931 -0.8411509565699656 -0.5520130203012443
1 0.596460353170489 0.43208648520027176 0.6713538391085941 0.29463910971758867 1.3381230313891632 2.242542619069012
1 -0.7338717859227486 0.5525312006696641 -0.3837314661142779 0.08269327327810673 0.38106400044299643 -1.201854084461712
1 -0.28533939751822074 -0.7693013123711592 0.3088534106299028 -0.7016930072609875 0.6035709057266953 2.2533627584244367
1 0.07809809872200596 -0.4035337113445814 -0.10336170718599694 0.14761245424886574 0.10545223352176908 0.20173691859800977
1 1.2292526800256858 -0.4498950012374463 0.3033348265047089 -0.22228234591054574 1.837392201220692 -0.3521411923438922
1 0.43208120544953665 -0.6695566911749062 -0.1213044083578752 0.06788063114200088 -0.19687255074869092 -0.8077823313040292
1 0.7190592775249485 -0.7849791278167244 -0.423160919152626 0.34280850935057244 1.4522127821192097 0.29612651886809144
1 -0.7855157733296118 0.29304753736225203 0.50907307555181 -0.9575925091911625 -1.8715687279600153 -0.02758693074350708
1 -0.003268063978113816 -0.45694808254358804 -1.5013810670303747 0.07440380631651139 0.559040485562422 1.1519077598158969
1 -0.25030776639206415 -0.49830614754478975 0.22516169487728588 -0.12523236687367117 -0.4416698082223729 -0.6747907845843935
1 -0.25809364749535857 0.4474122577406809 3.4863002725430117 0.3090704907727656 2.546566295401833 1.834572048657784
1 -2.4880824518515423 -0.6998630447296168 -0.09853168234393345 -0.5163706918766395 0.3950885064766523 1.2212937598022497
1 -1.0434100386825371 -0.8756713094828034 0.6547403114676623 0.11795781268097305 -0.5167309810751834 -0.17285583055804893
1 0.35257630151590597 -1.1393486845062961 0.3229597781794274 0.46574602580742397 -0.8297409867109934 0.5065493072647457
1 -0.12191782654244102 1.2084519621720529 1.6467260300854833 -1.1082175254937106 1.1137348664666697 -1.3718377768164258
1 0.18260920118961937 -0.11214491701320117 0.11274242330225877 0.6022920435983655 -0.35325338472101053 -0.6159892087692294
1 -1.090529764894349 2.309061625505286 0.6465670993393374 0.5580078592942798 -1.0401455274305247 -1.6658889674337072
1 0.7729935176115583 0.05500687456296131 0.2140667069573147 -0.29793899757722975 -0.5332221063760845 0.11747030058073438
1 0.4667540061628808 -0.18243328392758706 -0.23232919422975637 -0.802371764574068 0.17959481068188146 0.48328015214797837
1 2.094396260371953 -1.2462703026792619 0.6065927594318367 -0.6679944958878749 -0.05466093501157206 -2.405783710002378
1 1.5286559732039764 -0.9382903500204709 -1.1496640735199088 0.9019027120655276 -0.17978704203781867 0.7038528974401457
1 0.10095783602747734 0.6822426882651915 -0.7247196260284707 -0.41636829790054136 0.5763856625110028 0.7276148834568947
1 1.3130409623873511 0.5089192399189095 0.12877833426572818 0.6119322130211995 1.106740151334502 0.942100044136827
1 0.6121322135756782 2.11722067980966 0.7013177282466697 0.2917789569023674 -0.5211158113407327 -0.05621665775369618
1 0.0714867000430062 1.303570905900215 1.7664082428912953 1.524456493578882 0.10431290904158633 0.25551271912997325
1 1.1580895665728685 -0.06339815541240398 1.1381511650020177 1.0879789434285698 0.8840937389646844 -0.10646719799131628
1 0.037076829333210236 0.5023204027533054 -0.8361453210819578 0.7081505303105412 -0.8091674773527664 0.84183520879108
1 -1.5614778449661395 -0.7616006599567082 -0.17091252639831953 -0.01618649875422774 -0.3436583152569092 -0.030473892755589822
1 0.5156807065148299 0.5940346263088274 0.01930866310296687 -0.10461379435429735 0.001909966620342737 0.7084180598295354
1 0.5999591432383278 -2.0433291144955863 -0.4999479701008844 1.23431776549073 -0.5558294953007522 0.21164154324483997
1 -2.2938641498825505 -0.4792416510476492 0.7410559104990997 0.33829148048612534 1.317310662348248 -1.1508851693047795
1 -0.19719491764020747 -0.29237491392700937 0.7994979645190151 -0.13599205017186983 0.3968251494827054 -1.0968148076586746
1 2.2201134514692082 -0.5137625632395679 2.3228325721262593 0.3831517931251403 -0.08423418981935504 0.08381401092181043
1 0.04904482630865952 0.6248695904652456 -0.8691819519956611 -1.4794510814208384 -1.1492487066013517 1.4512505241548763
1 0.4972388332244424 1.8361289490231687 0.537830385611549 0.6257981244933447 0.2778371197396743 -0.7873285352126916
1 -1.7732398424275995 -0.3392767972252732 -0.6412679967360522 -1.098235033725501 1.2718872426339496 -1.1304990466576
1 -1.560544011780155 -1.6737614848032782 -0.704023937700318 0.5099452442646989 -0.26931230071984963 -1.8829246004378957
1 -0.00434633735625417 0.14573127608398162 -1.3753685462336749 0.9600021249063845 -0.3697411316522052 0.27442619565053167
1 1.8272160948987337 -0.46171086702999736 -0.23812837270162807 1.5275593029925683 -0.6254403578511853 0.6890902746440539
1 0.6076918783901886 0.45943280372516154 -0.0494311481341982 1.8826558376367177 -0.044196696906135514 0.1976829962583927
1 -0.1532133441864365 0.7778351295158191 -0.23591362792526646 -0.0913794233887775 -1.7060813553800729 0.35210143299594054
1 0.4572568390351738 0.761154044146673 -0.2690621855102574 -0.6167412383350523 -1.1027870016179493 0.15812207095368705
1 -0.41590825181059693 -1.187078554073154 -0.5511483744853496 1.2725740563354397 0.23173045954235036 -0.6034750433453054
1 -0.5701351259073173 -0.1624905885563005 -0.5680369941900781 1.4675906434694639 -1.0804812000685977 -0.6986535816343421
1 0.31315197398531114 1.038071011250005 -0.7233529083075305 -1.6119554429147003 -1.698923909808293 0.06278009916884307
1 0.07693766029398111 -1.669089274021311 0.031885368890852146 -0.4713672613611323 0.07472672659849804 -0.23484313228951223
1 0.29980959296628995 0.8679673974207754 -0.431584857970355 1.1350830714371212 1.0305316654917973 0.04199583848886575
1 -0.01121517817582061 2.040464724372379 2.216049108854392 2.078968595652996 0.9637188877227628 2.0023840083230002
1 0.8472814170110441 -0.9101772112176322 0.8031309221869108 -0.30716580733854904 0.0920473572718835 0.6040094360198143
1 -0.44415106647203345 -0.4208819739786374 -0.45731561959656175 -0.3118530848630895 0.998142972700437 0.0977590736442749
1 -0.899030712980625 1.4132757576030934 -0.48918111280682547 1.011687159500245 -0.8969774115559189 0.5578985807262932
1 1.6269547878966502 2.1642228303045594 0.6196442337131524 -0.5071833280754481 -0.6544527102671468 -0.6966827860642464
1 1.7560432877013945 -0.07677017085736182 -0.31263292657890784 1.7958255491645045 -0.9770454438693028 0.23946278879320473
1 -0.4012150985274149 -1.1213833470479182 0.45846867777842504 0.8545750759870316 0.44124901021582924 1.064359152741838
