1 -0.16473207034491227 1.4822632881918156 -0.47524066784946983 0.13530110632040512 0.05484240162896915 2.4508771477667115
1 -0.5013730290843856 -0.33696702985839594 -1.6174352045128835 -0.7002902085451769 -0.463293500250405 1.5665004491079384
1 -0.39359626938401016 -1.2377663881692527 0.9864715341757857 0.2287958935843427 0.5027874735028444 0.5831742070080493
1 0.5565717731710208 -0.5788699858754215 -0.917841912519478 0.8296402455881977 -0.500817779114345 0.46782889729807303
1 0.23115462455996866 -0.7480563755924277 1.1067977949758834 0.785468744452416 1.1199849755648617 1.3448426819663166
1 -0.06686013053017802 -0.04578586412240478 -1.7053233397671916 0.12744965813224185 -0.5845585751010397 -0.059272731089332086
1 1.368536520980944 -1.1320618854329978 0.13011254758520302 -0.05274428481128062 0.8693578231383603 0.440913293056302
1 -0.9974814116440405 0.041544606327271104 -1.224287722662193 1.2759102097791504 -0.5301445121522368 -1.4120505200842284
1 0.7668475479882129 -0.6914751605782891 0.2910890481079851 -0.6031403746289952 0.5743721881619399 -1.4484924608018832
1 0.31141962629988446 0.522182632381986 -0.8217519150880488 -0.5874951104656961 -0.24051453513582438 -0.8151020238550316
1 1.0987717078966956 -1.001292354191868 0.7986972827783689 0.8120928463966566 0.08730014192971587 -1.3146064583821055
1 0.47541722659601465 1.2161454100912104 -0.6870702991206568 -0.4857782682594945 -0.8584507009920066 0.3782086170766811
1 -0.597480435020225 0.34510354891689776 1.5874373088000246 1.196615056884126 -1.503074246610921 0.2316482825653369
1 -0.2225099709871966 1.4008809671865192 -0.5642485804333215 -0.6047279235034584 1.3389010204466403 2.0710442206109523
1 -0.902774389559873 0.2716732170405734 0.4375776092346691 -1.566533661505348 -0.52452025369983 -0.9848794077075488
1 -0.21534610195627682 0.6546757080031662 -0.057743210118882185 -0.03471071102275259 0.17641049914256335 1.1711019649978713
1 1.5708896834905643 0.10525067536761548 1.2145159714867908 0.7957629819008478 -0.6353416937260129 1.0360571448389657
1 -0.1801976892132154 -0.330338007683251 0.18357567056267626 0.7093354275267284 0.5042490426507282 0.4130545178735004
1 0.12293761915491581 0.46126594498383844 0.9849751669324627 0.865826730884206 0.561572235432434 -0.41471738254063534
1 -0.06805685065302455 -2.456775753930841 0.6195127851673349 0.0334661013138831 -0.08904575092109794 -0.4950735864856184
1 0.3576425090000376 1.6371525372838827 -2.3637823037279135 0.34643049999820824 0.40449190157088505 -1.7185590839096712
1 -0.07969997087668003 1.0301701292205674 -0.8913971249421181 -1.6865486651890493 -0.7633211935656603 0.016049738411967395
1 -0.031280965711652356 0.4722549677271109 -0.3879853345125976 2.5169017740887605 -0.14389412059814696 1.5143509545552787
1 -0.07745945852005845 0.4820224172599597 0.8794226870012154 0.36265039819852685 -0.7950442507113418 1.7112797189337217
1 0.21153417153225845 -0.28679567432121067 1.0389623026114028 -0.007251065079473481 0.8246950211408617 2.1157546390281894
1 -0.7594566549461749 -0.27757954799956286 0.3096205264869843 -0.49659355196315463 1.0269855630838833 -2.2561295346675876
1 -0.5396104584468286 0.29401203115372904 -0.5286392055610674 -1.1503767290287696 -1.1406263467315942 1.0666268151647873
1 -0.9905942378831948 0.08997530551731327 0.2908068710232484 -0.002636777542504084 -0.22832905509124568 -0.3962646357028605
1 -0.3573287812738804 0.8236026639616849 -0.1412896398641171 -0.6255557566798092 -0.29972726562496077 0.15921165908550344
1 -0.5453563637849411 -0.19439747085585088 -0.050459227247481316 -1.9573736039201606 -0.6368693811815406 -0.21637113335936484
1 1.552025186176705 -0.2976117732237207 1.9835840045476543 0.14913087442612522 -2.117285075837939 -0.5395828533518872
1 0.5529694852916275 -0.6217456778367347 -0.3761079535014625 1.0428218404707696 -0.3868255246861413 -0.5708352131669956
1 -0.46530618286558073 -0.7140088550710743 0.9499119868324557 -1.953922157721218 0.910217811727298 -0.5521152543913288
1 -0.7364250359759736 -3.55407302184161 -1.5348298931209574 0.5027768773412781 1.373616141946859 1.6839096426106888
1 0.29228497573302825 0.6190340994135552 1.0893961044217555 -0.7828961754421422 1.3822262690091067 0.7868602733178098
1 0.6078014176973212 -0.018277425825394114 -1.8890161058961237 0.5496822503838862 1.9006283739512184 0.3631498011899695
1 0.07344998957763578 -0.43282999755246815 -0.5773539667555513 1.2874746630494363 -1.5312243944523012 -0.08323830088741628
1 -0.6550192993827985 -0.9038056316807598 -0.6984251852844421 1.3291242921149438 -2.1253228566945817 0.5192228622166214
1 1.6191759627380617 -0.5325699595182392 0.12433777124458373 -1.0850521159982747 -1.2540956941877515 -0.6971138617155105
1 0.12173490690797965 -0.25276860944835694 -0.4948945586630858 0.37320533349277446 -0.08912816400838494 1.1300368119663509
1 -0.5286671032616657 -1.0335572970102793 -1.4017162887403773 0.36642942256465827 -0.006398584507889466 0.5962136759162046
1 0.40790615743812375 1.581022405177072 1.0891427660051722 1.1586088514157127 -1.30425765514705 0.8163891954697493
1 0.9038154955260388 0.02208324701715163 -1.5641211215893343 0.5857589974334183 -0.5772330375593776 -0.746610500002292
1 -1.6762812337896578 0.696180835829288 1.071530241984514 0.33187463474978834 3.1017120873933965 0.29287313887117483
1 -0.27194098170438935 1.3303228398609455 1.5316258428187561 0.824091909370875 1.1327644626568065 -0.1124843667054801
1 -0.18463163351907275 0.03481809487960727 -0.29468461051614603 -0.9722341367236006 0.40690024489209164 0.36360556430547325
1 -1.6564748768506103 -0.4798531701662878 -2.1918341793300757 1.3249167436912588 1.4363961011529656 -1.9429449321980272
1 1.2890126014264849 -0.7002856329852002 0.7191478055710777 -0.9122411812909728 -0.8762200245943471 0.3464918182508911
1 -0.2943598639934784 0.9387306337717822 -0.6112975381882043 0.47440263496283874 0.24854963156838944 0.244514130296775
1 1.2267691703097832 0.06989554426222527 -0.5353434207868913 -1.193895412402331 -0.04888917283856276 -0.8086428354690619
1 -1.1616214965938476 0.5046931776956725 -1.5236681761419175 0.5111236102279484 0.1428185866688288 -0.9901813280822261
1 -0.754081956578139 -1.1900316371676696 0.32532876898372876 2.6077341900640336 1.2103088916159739 0.993916513285057
1 -0.8374103455469079 0.4168826952880005 -0.12774940979874438 0.7464627729984353 -0.6798256488301985 -2.228126830405083
1 1.8456804547316514 -0.09267132271935301 0.6502446405436879 -0.39245060687095057 -0.7709854438946501 0.8200777073571484
1 -0.556078735516691 2.6354079232956082 1.5155317845387801 -0.7560118532722676 -0.41825407764284633 1.5781389247364486
1 0.3689014151069259 -1.0803852363955129 0.22822642082725572 -0.1555541514987242 0.6609265040851876 -1.0842866697301556
1 -0.5924632050372383 0.039473357163313585 -1.2067911450808888 1.5088181376655128 -1.6281478648162833 0.16144668952913413
1 -1.3671819737561017 -1.259053642234271 -0.01278663460078111 -0.36026253413600773 0.3511755263244092 0.14844982287384514
1 0.6652985926338294 0.8084358210418721 0.8892310914209619 0.594224202158852 0.36428644216018563 -0.368738025833883
1 -0.5633728997774389 -0.24848467044726047 2.3845144664568534 0.3212339836370034 0.7794389701321034 -0.47705681987389204
1 -0.6216624929685997 -0.3995541001974048 1.365540471757353 -0.3566834289103227 0.948906291408306 1.7883937739489617
1 -1.1700997325787796 0.49712343976540685 -0.5134962090045392 -0.02835285647099731 0.6271431940692039 -0.28663116108612474
1 -0.5520931534458213 -0.364823275965918 -0.3212767732267714 1.01240510785968 -0.20705615504044703 1.5618286673908286
1 -0.8045142049910645 -1.1643632954282896 -2.4710017891111025 0.6302106332554236 1.1963716065922119 1.223512033373355
1 -1.2461924999312304 1.315727917415134 -1.588627067599268 -0.2296906826456407 0.9664181468021518 -0.7636032418019584
1 0.8577148667236847 0.5740397015654036 0.8084403719101372 0.08576428612504555 -0.21797565799293975 -0.42939907045533254
1 0.35460896319495466 1.5842796915011803 -1.0459743748502794 -1.0066311594895847 -0.4015233837634477 -0.17998008073844593
1 -1.5192872464520781 -0.7071894403956436 1.323888587676906 0.15215337736703344 0.13709561495886277 -0.8676559807964476
1 0.731177354379438 -0.035422983049786444 2.559932222092212 0.13145102751861712 0.40715416887816364 0.4699149059351563
1 -0.6413720840062973 -0.5595820410769622 0.5713319361988922 1.8109955109305884 -0.6153497138252203 0.5271160799535736
1 -0.5038781691893504 -0.5820662735690079 -0.257375352063201 0.9172804882797876 -0.1829379530001844 -2.425319393735676
1 0.3176199336049837 -1.046154469057472 -0.15181460887977224 -0.22987208180456953 1.351296112203164 0.7600887464731614
1 -0.52312956347165 0.8310749131825412 0.36444735690123636 1.1651378908584196 1.3288774734149427 -0.08155818120471757
1 1.1639046810157911 0.7426951037197388 1.7800707982946673 0.6950569401507942 -0.4630077739189679 2.153672628264245
1 1.8710402509786832 1.3389176877997961 -0.99426537409095 -0.7190484557300841 -1.780036053748857 1.9642318647492543
1 0.1320242198723177 -0.5184859319813591 -1.1521698413732562 0.8288185310312959 1.2812032936360267 -1.4472206767595324
1 1.3183153044331826 0.6345513313470115 1.2231203348124593 0.8357839404714099 -2.4802129056251907 0.2172753663180893
1 -0.5399228213617017 -1.060183387101942 1.2974208369632056 1.6726555497205924 -0.6334955078155389 -0.235829619704298
1 -0.2861288349797233 -0.13571090162181138 -0.2570646419499134 0.2766242322226509 0.3412266846276206 -0.4851624920873235
1 0.8579054559708478 0.3259761380853262 1.0802995035222782 -0.49055048522594086 -0.006709843881681956 -1.7907593099316883
1 -0.8023110753626846 -0.3050161258704288 -1.6146148136981648 2.2157787032331395 1.2176956056258503 -0.13440796589319612
1 -0.08366160944029678 -0.5625185765501337 0.8744354598226892 -0.8101874835376902 0.3520280906425891 -1.7656736352959606
1 -0.7315751393916574 -0.48606944149847725 -1.0190148317390904 0.9737059095202052 -1.3826806916042136 -0.9464005922729062
1 -0.983628158210969 -1.826723937025406 -0.6989998159459517 -1.617682841822066 0.9332367811904857 1.876535376845118
1 -0.3983310057285731 -1.6332252027843823 -0.6588382547921008 0.5197992583999365 -1.1986891357352545 0.3458987980996449
1 0.37299963912074063 -0.7076509627049328 0.7894531176389451 -0.7870061643784033 -0.5274950092918196 -0.2288439372536865
1 0.8408354084863374 -0.8283748172832537 0.6570562965694114 -0.4622313398548803 0.5729070777183645 -1.5513595978933719
1 0.2761762728273998 -0.07708968300350061 -0.621683916369184 0.5758706397527424 -0.5664398207856323 0.26194645869053296
1 0.48349820493241474 0.5170796800201246 0.06140894443173475 -0.11860568415291449 0.8489839235050315 -0.6697299241130519
1 1.149209156486321 0.260624921036638 -2.3128165125424394 0.14379056279058758 0.28709634260326805 -1.8276101529344568
1 -0.5147402980125575 -0.8152156256302806 -1.596032847633062 0.35748861547420524 -0.08068452275439403 0.8680521101532791
