1 -1.2478117968881064 -2.0860219285961863 0.3175399506021099 -1.1322784651044537 0.8730318897160193 -0.8287567477636836
1 -1.418781638882138 -2.325501843079876 -1.7090459062454737 0.8955804931585382 -1.8017182999930277 -1.7630719892504783
1 1.274243547483379 -0.8175906734080668 -1.0491667730237069 -0.2750808679937243 -2.112036744696158 1.2402443192211108
1 -0.7865791157132135 0.34279267791077167 -0.47264177513005085 -0.2649279393613584 0.184490502294259 -0.9636828712802726
1 -0.11655748973040006 -1.5255832961224993 1.0301561481840564 1.0411642763970006 1.2813314722851588 0.051419508602872394
1 -0.21349085475923021 -1.761241409717424 -0.01504028397501176 -0.08164080676322838 0.0449019581012193 1.1636073013285506
1 0.37569071435934737 0.5333183011638061 -0.4897877816736255 0.48527787950481194 0.05076679983680047 2.1973727415065323
1 0.7322074527494674 -1.429570732527802 2.0696251898716413 -1.2048342691171847 -0.7498338624984368 0.6398146674499146
1 0.10603627776968602 0.07363187905077881 -0.7857223466460606 -0.1282973629607063 -1.2165863279041313 -1.0226064805446062
1 -0.23408513251251406 1.2632551600118471 0.10848386673482996 1.195910291019428 -0.3942705613723226 -0.40669536377167154
1 -0.9212176777511422 -0.1965431809887259 -0.13139539828906924 -0.40682192307215964 1.9204367459179412 0.9794829783240542
1 -0.4515846506747539 -1.4450583580143854 -0.014978074049879003 0.06678033260278672 -0.5757249670390526 -1.3065674326539825
1 -1.433183594089538 -1.247819579473145 -0.05854357474515242 -0.16434284999042117 -0.18070591819350404 1.1280847118137542
1 -1.0603016644134828 1.0188667537094682 0.9048245182257479 -0.07155990593105452 0.48851079985141854 -0.3613988051738803
1 -1.5307462546694455 2.5629745408062754 0.4247836511308736 0.4942299366230416 -1.3859010276668284 -0.1428288104902309
1 0.4538947674416426 0.4493174049897798 -0.8844636935360612 -0.6970349998242784 -0.05794850664445472 1.2972538563442426
1 -0.5651479937272664 0.42616162839310495 0.7135766823407538 0.18288660900776105 0.37849378151652985 -2.2676176337222045
1 -0.5893295844267 -1.576385921556416 0.1069155336996973 -1.526723619233086 0.06745466795892506 -1.5927017736929265
1 -0.044560158758573186 -0.6918833917235531 0.6795580068279096 1.3437082620055685 2.279847524139974 -0.43492783635252036
1 -0.5007044065207853 0.40585482678001195 -0.06106819856800011 -1.16667745985158 -1.1795266789914396 -0.05300112015322863
1 0.22713008990910155 -1.4472267609299592 -1.3669161419373168 -1.1867109460142493 0.6377548070957054 -0.29420046991926285
1 0.038658298046974224 -0.0531126416702906 -0.47935442796470307 -1.4299517613100325 0.9316556617155329 0.5628319686071198
1 1.0844212747594826 -0.9240206773540726 -1.0091779466054815 0.41349448149447604 0.05370999722258144 0.3600737832975896
1 -0.26609728911205793 0.4090916699406481 1.3345774532416443 -0.976559600680738 1.7440322465117 0.3297676313615366
1 1.470533474023299 1.321544270533466 -0.8156677801920259 1.1009408859767003 0.716109985672521 -2.6988390495926966
1 0.1775377599107877 1.8600683309480606 -0.7072169297596574 1.5437462258618502 -0.12438875768176338 -2.185750632630864
1 1.163596771080661 -0.5096901330515726 -0.6247164811464135 -0.9063475416266433 2.125460034445605 0.5274407024608894
1 0.03656319537269608 -1.446336202406424 0.09381808321915037 -0.21619970570677385 -0.29770978798627235 1.129659068192068
1 -0.542193035120746 -0.2178334482217688 0.57954348194552 1.4730682604493877 0.355672861789147 -0.09475226115638806
1 0.17926113679937716 -0.13427198555289996 -0.655381078578213 0.26432948975612597 -0.005578747806341619 -0.4890583446483645
1 -0.26638982111491244 -0.08290356121721361 1.6418559455784436 -1.2906122207540223 -0.1116786679708866 1.1512511954043887
1 -0.9400876638542423 1.3511276537304655 0.8006726545830727 -0.9900230329401675 0.5169257187582044 -1.554033288186424
1 0.012408310732631413 0.2972144895578447 -0.5299655811881684 1.2310912141102452 -0.7104546642435327 -0.5544125441455109
1 3.3974786231453487 0.9867077835387489 -2.026711627948759 -2.0321421909734254 0.16526570961075152 -0.7501572007293197
1 -0.13645907909954638 2.2148655814916753 0.32805386858073265 -0.02756364739961685 0.959779408375612 1.0258779853365598
1 -0.9798594312182453 0.21774747547165813 -1.4234889139402742 0.38734194655772153 0.6860026351449428 -0.45133471434790134
1 -1.0994041385657656 0.7106760388397894 -0.6937042783492292 1.8414754375470423 -0.9590900850369446 -0.9695375321495698
1 -1.2654561446146755 -0.3907345227312008 1.0053883854729195 0.9504734232818285 0.08499853625456842 0.43840464059200757
1 -0.06043954777118169 -1.8751788110609122 -0.021479735111606172 -1.1026256123619615 0.17292930892098438 1.6448793741210301
1 1.3924197276261512 0.6077525352073337 0.35872396164033415 -0.9625459668348801 -0.16442332738286256 0.757459918726068
1 -0.2975573499495152 -0.2456038247653572 -0.7801893946227145 -0.7529031583692132 -0.6791152270460172 -0.6714407633163714
1 -1.039035260026396 -0.5858816388542287 1.6491977009774885 1.307817988188906 0.679355931536476 -1.3128915068267837
1 -0.4739949138927315 0.18536992834043597 0.3870916530745685 -0.7987803000660356 -1.9507975583362045 2.6013785756898624
1 -1.9126031808805661 -0.4677998520202397 -1.37411498196658 0.6192173574431508 1.1936992851990704 0.353879818924908
1 0.3181944762701594 -0.18714858431805564 1.5357382244947222 0.3760433880604747 -0.3834809693253578 -0.13674254139550723
1 0.26565865507152325 0.027575747944544184 -0.5210256801085323 -0.2902007629520384 0.2461908011267876 -1.9272229310922226
1 -1.59378950245286 1.2920513017495923 -1.2863307098878736 0.017457415580057718 -0.9448581686742259 -1.0864127331028761
1 -0.8464089069213827 2.5755079848400153 1.0607810283136017 0.5883933192732536 -0.6829922694751622 0.7233413825490088
1 -0.38007949341291014 -0.6449046547678647 2.114458548788188 -0.21058488245552168 0.4238734903938487 0.6581824575476465
1 -0.4714512405860473 -0.42151740743363686 1.0838672396883415 0.1596758962735951 0.2584350978429034 -0.2909584073724099
1 -0.46320984295697 -0.7648266590161172 -0.8447554199975796 -0.17994515485582696 -0.8327484379577663 -0.2598108005096251
1 -1.5491425511648056 -0.9500264521799704 -0.6213346455381793 -0.5710476994143674 -1.1984750170346985 0.18795810115527392
1 -0.6263424593894448 -1.9292452081894151 -0.6324477608285007 -1.1687484187170636 1.3273899485460217 -0.536952988675622
1 -0.8849957054851876 0.5245126146116884 -1.7142758944249685 0.06037049668240015 -1.1307052796399089 0.08595070642429067
1 1.705818050216383 0.5548784003749939 1.5923301511755383 1.468729824167661 0.5381161615862381 -1.1001332081060202
1 0.8219869932370093 -2.578038624230278 0.7765642603419934 -0.6136369751878857 -1.1129852814004915 0.4089029676548006
1 0.09524992429531476 1.3580255953480551 -0.38009283615212364 2.669165605589888 -0.4900790847560195 -0.35261320317565703
1 -0.04233274750241772 0.7491216169623062 0.7263008072488304 1.1788110557977707 -0.5744850984383075 0.07291730866112628
1 -1.1168378375148318 -1.1223727584981504 0.3300685359113981 0.32192910825702115 -0.11340176169897193 -0.1541877227590921
1 -0.6038930451789898 1.6918544642271274 1.207575479491219 1.409840404725433 -1.1738133613971662 -0.7810361152326968
1 0.8314265087192483 0.00945617226958841 0.4104892301390553 -0.14017243098792845 0.4984958672923629 1.5983293954365092
1 -1.125279555300199 -1.5202867493425267 -0.942691029532264 1.4452209579224884 -1.9352607571997986 0.32694484642175786
1 0.35105806934255435 -0.3672608078711563 -1.0698403371940142 -1.0422979076250454 -1.932978182578644 -0.8813536861578515
1 0.6757508160595905 0.5758891111221075 1.2834095129475387 -0.4989673778148808 0.13122340255269038 -1.538301620569438
1 -0.8664588432868414 -0.681701126083191 0.14244044954894472 0.4111749165536811 0.46079624531984537 -0.6094677419670043
1 -0.03611914152098596 0.12742026629245143 0.020567950384697824 0.8967367170116411 0.32474896698345745 0.5124636840241067
1 0.4439132341836509 -0.8257566827625428 -0.5407011734225604 1.2648443673406287 1.5598850092832397 -0.477566735453763
1 0.23497250483611232 0.18583187646713598 0.12273690802737086 0.6846447428247111 1.3918563877147554 0.026833821728060706
1 0.22403652017084275 -1.239822614891668 0.23252252122361394 -0.9114178708755365 1.4452701776315222 0.7704762048431135
1 1.1889964843438305 -1.1533409473764094 2.5182176787224457 0.5715785245568149 -0.08172445401298159 0.32848131007905473
1 -0.16211870999983208 -1.5049013651095926 0.021423782592513183 1.583179010980156 -0.2624527995008269 -1.3414976532901557
1 -1.2878642786343375 0.9462116775810284 0.14009127609882271 2.021580740908766 -0.9149310490623377 -0.3574216412478889
1 1.086540679595364 -3.7781489532727064 0.23660896705859244 1.0705542170781084 -0.7483358134370125 -0.131476145408153
1 0.9616147195371998 -0.3529988937480089 -0.3372314823272694 -1.7078792352537808 0.23765089309576698 -0.3380826208720277
1 0.5280886269628702 0.4763469321555061 -1.2914663958446622 -0.3475109203279925 -2.258187014122066 -1.7900269742034545
1 -0.8826707762349731 1.4453314237991306 0.9889899018527786 0.8905556962544039 -0.05672101809995856 0.06107149822379595
1 0.37852516248190055 -1.5140629910857528 -1.965047680638976 0.2141275990782064 0.5659318584643462 -0.16546326232414638
1 0.5110800021883982 0.12979476550533242 0.4822239023228624 0.31161591925543164 0.34301360378051204 -0.6375851293369961
1 -0.39832274319955163 0.17737290237748551 0.4774391084348254 -0.08626238912987871 1.777189357462428 -0.4713649482324646
1 0.6663539413611471 0.21225631925714938 -0.5916032925338984 1.820024732421842 0.7758617409746607 0.9000381571765255
1 -2.1307454156905523 -0.037128907959915664 -0.6321721216545788 -0.10052636587282096 -0.6347293772373966 -0.7454832900186561
1 -0.815112489254666 1.1682391866536925 -0.9920228421904508 0.00641259435874125 -2.5136354395870932 1.5828034548968077
1 1.775975403799781 -1.0726530152430231 0.3811881838916398 -0.6632185144449289 -1.1196655253420145 1.362341152204641
1 2.1988997219928543 0.0018070593748043854 0.6598108596161876 0.5538128244382389 -0.5586056651314094 0.1743060880966747
1 0.19558333000621217 -1.6185889370094428 0.9295367853344191 1.202554517466263 0.6291747755589566 -0.6170884681164145
1 0.758321262571806 -0.6555531350809275 0.642108006193555 -1.1092273197763274 -1.7743897303953282 -0.854654432858591
1 0.5047226042990678 -0.3057955866525838 -0.7498284813271064 0.6959196974069325 0.22789026812676064 -2.930828314708471
1 -0.4786558014043018 0.31102098365898045 -0.4368957284676703 0.09080487521200066 0.47377402676647107 -0.02439580910750314
1 -0.3183499263886813 -0.8118988897359108 -1.198830306642062 -0.6787954668770203 -0.4082791662340056 0.9405755818215602
1 0.5839705455152084 0.5486986957996217 0.18525614228739473 0.9466546311553118 -0.7798174497420907 0.08071910099470075
1 0.2691176850514274 -1.1365501515260932 1.1490330381181877 -0.01584489680456396 1.184496749488074 0.08836102706561468
1 0.3846374817229555 -1.1866587936501427 -0.14672671232328935 -1.3419635532175396 -0.29253550810115414 -0.7775974160595983
