1 1.223629430747123 -0.7707632379414566 -0.08943922092151665 -0.48516654734573034 -1.756748237772548 -0.1663427878630336
1 -0.32895354312341823 0.9201644206413688 -0.32920895541861755 -1.0811386257710571 1.2109971471921412 -1.494542878667379
1 0.1865067129582474 -2.221756374978645 0.8881542409476608 1.0413811322498416 -0.03243875082189753 -1.5414516270470444
1 -1.1897756467502643 -0.9257241198488101 1.1982072480716617 1.7891735717503736 -0.6106642941269526 1.1279314048254643
1 0.1537898643009699 -0.12868375983591285 -1.1837577354183761 -0.18829534223662125 0.18633893867497975 -0.8105465239934175
1 -0.1747636867780888 -1.3590926927670857 -0.21274604583656928 1.0124929445147484 -0.23741683731236346 -0.5359347188230958
1 -0.12076517772791932 -1.8105009132999208 0.6811659404332873 1.7164427400575026 -0.39237966111771444 0.2995642289426368
1 3.11206307578633 0.5230083204908611 0.18096825114538717 -0.5392263602470266 -1.416778362617611 1.6887502749959737
1 -0.9270526317418109 0.5132875378185737 1.166321986258688 0.8144324986148451 -0.48496664625980584 -0.22572902003192608
1 0.9942261324637374 -0.3045766940388354 0.24568761336837536 1.4220771610949918 0.40881263732196615 1.2458869450876033
1 -1.4875253068336816 -1.581701124294224 0.4936366009662914 -0.11521997085237556 -1.2813786369844178 -0.5569428881097099
1 -0.9977305491024111 1.5917354655660723 -0.8121214907677758 -1.0473031443061516 -0.6159214178875444 -2.154113268920065
1 2.6963659689064 -1.1245330767793675 -0.27037449354458437 -2.757553897764691 -0.5049654424215388 -0.7687365230982373
1 -0.6552391609505098 1.4087421659317638 -0.46743486972583975 -1.6002648443216467 -0.14461366675271747 -0.15677556643446383
1 -0.26506196712863844 0.6271320777256509 -0.08763974702851247 1.183047707034198 0.007308007546980486 -0.21082800707420682
1 -0.27142631089661456 -0.6809788702930027 0.2220473979767852 -0.17899347210246905 -0.2030540222771423 -1.4571487235217797
1 1.365082546933823 0.4283020014370808 1.1323538923900636 -1.417928749653807 0.17775719749481222 -0.4274524552256523
1 0.6767853080545059 0.4406963638414315 0.5308443306675993 -0.29994581502132295 0.5163641834016347 0.5074474041975586
1 -0.2592470344179559 0.22176601052789413 -0.38740697496058707 0.0864576570501103 0.43323268941383164 -1.8500405502827038
1 -0.5851150683480838 -0.4683846613276572 -0.050791164384121214 0.10017299605997076 -0.6473899487252118 0.4457061157337572
1 0.9370551701658251 0.18550327000289132 -0.3213441323084663 -0.7584440307811388 1.5383949192631226 0.8060614645563016
1 -0.25693157391988264 0.8720203527657682 -0.6513288828745364 -0.8962570118171386 0.13720944278404665 0.23171440357121018
1 0.2985613166046223 -1.329496707683797 0.7112024044870195 0.491523610962249 0.39351769068079273 1.5808248740563897
1 -0.9923294423775932 0.7270388430899434 -0.2976851287905226 0.5205129048239386 -0.7278052179902189 0.7472888917957462
1 0.049131359082185126 -1.5499055883004016 -1.2410569053752816 -0.1727190677020921 0.6273808464650457 1.9403918709636803
1 0.808054638127805 0.5049985362272551 0.5285288850384239 -0.527840482417709 -0.755362851235391 0.8341596164190793
1 0.557311408055943 -0.17506714209504132 0.46429880233672577 0.21218345334552227 -0.6771920196605903 0.5957879733833286
1 0.30206213068390825 -1.4807987680489698 -1.3088722964029018 -0.6283872167661071 1.0858456651925925 1.8698251968576753
1 -1.2178959930945643 0.2544644636521733 1.3810821909272908 0.9247797898616211 -0.35236611868403983 -0.8462776923188672
1 -1.267206332454458 -0.8922969019651648 1.3580347537914885 0.25186961855228107 0.2630956365734164 -2.4713483844825856
1 2.0333501969933114 -0.2066841298067309 -1.1742805921924682 0.30674891414003563 0.4220637211252925 -1.007567064718263
1 0.3871524808728384 0.7533262876788365 0.271412996799528 -0.9602723180943079 0.5874852828088548 -0.03017114806567814
1 1.1913313320993886 -0.36396606639581136 -0.6849783938525837 1.2698275480986037 2.3404112763538154 0.3497228249395367
1 1.4360914513174148 -2.0386595432067183 0.34943515809233344 0.13004204415016013 1.7161902780573128 1.2942867360479593
1 0.98759460185423 -0.36025256723912114 0.07813664199779899 -1.0450447094370123 0.2484328746772885 -2.0602400133350005
1 1.3404859251486585 -1.037343115148259 1.3701249351976317 0.9452328806883897 1.3460148719823526 -0.8112982679216066
1 -0.5563341801978922 0.8000201544972287 1.0405978760870007 0.13424720623108383 1.0019552782121066 0.6094237733838931
1 0.20559731524363892 0.9611412386097786 1.5208245173080361 -0.8428125559771039 -0.7708801120651179 0.08049078705261195
1 -0.8752703792490222 0.07842516610196301 -1.6277672036481143 0.776840018961287 0.26175615626210114 -0.40531221019573005
1 0.3779501837087977 -0.28054387958691646 -0.3568379870145286 -0.09299453129368632 1.0036946770109476 -0.629624760707842
1 0.5072792931444015 0.0018180937707952855 -0.5827220393281614 1.9585301706071967 0.0394974123658092 1.4110312748271754
1 -0.1648721102082792 -0.26964746291104275 -0.18250262496189737 1.8146002956577665 1.0267656268666363 -0.28145523845719345
1 -0.2964354883493025 0.9810612459225287 -0.6188884622430892 2.0051054252578053 0.5824728761967953 0.6327791532870662
1 2.0382725833819157 -0.3861190407041618 0.9049289364447244 -1.5326375416769356 -0.7047777489667099 -0.11080921552345052
1 0.3014621103361875 0.42172432859009573 -0.7384547301391635 0.752952466302329 0.9408091908849672 -0.6735764494308182
1 0.6513778606801062 -2.835906567271095 -0.5555596960736382 0.11672392206807584 0.488737962063627 -0.49711647261246356
1 1.4178492464120815 -1.42294818302428 -0.37119169578454436 -1.6140532565328172 0.5958144758884028 0.9479303878810067
1 -2.277016843213847 -0.7626092583244759 -0.010251031499219148 -0.6152870553993122 0.3799399530699037 -0.7532388713476655
1 1.1382606615934194 -0.20007566937671295 -0.4072397363433526 -0.6468224044534804 0.7056125118505515 -2.1342469286217507
1 0.4731787774119701 0.12428288102560098 1.1223034682748578 0.13720995621974846 0.030770024378350774 -0.6534371086842499
1 0.6303927992089193 0.67488030276605 0.25635806281765533 -0.7278013252493778 -1.3815129421092769 -0.7273657521101519
1 -0.9536740229899007 1.227754336887386 -1.0541159733877667 0.12559784920174058 1.1680224155699224 -0.416713061771828
1 -0.17784344978081806 -0.24853432464486921 0.062434168865529584 -0.8624026333812366 -0.549763101450535 1.8936285055681852
1 0.7190242305926889 2.629650068465383 -0.38524073398665604 0.041088114473203985 -1.0071120066604338 0.11963818220854354
1 -0.7327774858635883 0.11852910573718756 -1.290021089884638 -0.21095410697038863 0.6879696064470353 1.4974184223103113
1 0.2994273444007155 0.18999686212915265 0.7752105166354825 -0.2740166612110503 -0.24322097256558436 0.6441801264329851
1 0.3408812010665681 0.6470199359128247 -1.6897873456897192 0.4021278098771363 1.0352656856473241 0.20357802850767345
1 1.6796426432190494 0.8185601108419359 1.3389888415843612 -1.253179840731474 0.9614167853017583 -0.9907822328509565
1 0.42660566198036276 0.20095314787018687 -1.0430765280314929 -1.02460046075472 -1.2094819453480563 -1.755259343970871
1 0.1800857077435494 -2.9819967658831743 -0.4075029647306706 -0.17620720358067424 -0.6419097332230356 -0.5544704589778495
1 0.7833348115661516 0.5132326679809867 1.7020443160872485 -1.2005666106888542 0.510924328288917 -0.11580055042891761
1 0.6500578265176922 -0.26065406324933466 0.8816643333368345 -1.146565491283204 0.06171609253991144 0.8549099008554489
1 0.08823469023476636 0.5940968468102027 -0.06766301466629654 -0.4977467368793058 -0.15102967574665963 -0.8348372197659337
1 0.061890999135141414 -1.2043970363406278 1.3689579813276687 0.24735108476848558 0.829311598322342 0.09989178062808203
1 -0.06963779861574837 -0.026976267257859284 0.5552818013679203 -0.10602036566090162 -0.3529418087424689 -0.13481881984136612
1 1.109963854489234 -2.1007016689833105 -0.8947544815735692 0.9512973683876741 0.15909336240135305 0.2379421638376746
1 1.194539614108801 -0.038036294726605274 -1.6047455017024361 -1.5293418372345355 -0.02082743898034389 1.4390885581511523
1 -0.5320690380181797 0.032822738583284536 1.0509006127704588 0.018624383313080497 0.586911961849912 1.2947286516052794
1 1.7118979502032892 1.5981973718278077 -0.4565939778171874 -0.6650588300742349 0.14353675070518737 -1.3521516749487792
1 -1.4544453806710393 -1.6101424967772837 0.7615303034580162 -0.560712994829171 0.31901629720069824 0.15932915199436934
1 -0.5700114942123987 -1.087447052889751 1.1231122991977278 -0.1253328633467376 -0.9742665303405664 -1.282325684190561
1 0.549014099350907 1.3729180775221896 0.1864435389548459 -1.2224032523127795 -1.3571828210754733 -1.8893549072541784
1 0.4803077854049505 -0.8950717874466095 1.3963510601017033 -0.7464676295257797 -0.23634899643917154 -0.7270221344412617
1 -0.13704033659294187 -0.8502136489747857 0.837670862135635 -0.5781522833625423 0.23562218961968057 -0.7913869235792647
1 0.1516059030395316 -0.6262180308315836 0.10508380850478032 -1.026642903270723 -1.785026325074702 -2.141285954533948
1 0.09394957065870697 0.12025149732668079 -0.010325490491475143 0.2630821664664649 0.8786611894613927 1.557142908197762
1 -1.425962078568253 1.095569458826814 -0.19368722691082133 -0.7140708648253948 -1.0202027033469399 -1.0368110630377316
1 -0.5926506800209288 -1.0332861482788047 -1.0404799546712409 -0.2648851666370594 -1.178660985698423 0.4590007754999917
1 -0.17774705456270426 -0.7652800988948182 0.4081462125470461 0.6848003041087571 0.7037021118246588 0.04625071552192203
1 1.3894992422529342 0.21350432452682652 0.3326064514214459 1.2120557380748898 -0.6671337194053808 -2.063601093938478
1 0.14186269935770865 1.7982295929474315 0.2801092640169215 -1.056804877373467 -0.08465289701331932 -0.6782498042514842
1 -0.08397711307253318 1.777334135896627 -0.23687144807278607 -1.180309023158594 0.8714123239853941 -0.2969004081876487
1 -0.5250153871017844 0.681614336030904 -1.11841400843985 -1.700565785988925 -2.083674939974904 -0.7317691658756196
1 0.8664358657116492 0.8349852835182395 1.3156348609624156 0.1543881389563407 0.020597407366136987 0.567088183424582
1 0.6544497228248917 0.734753748707568 -1.0718560257926655 0.7008032217187505 -1.4499098192831474 1.0142778126008833
1 0.49253765365426405 -1.9251472214773258 0.4988319472985781 -0.18135336304257985 0.07509559734665491 -2.7536771234667747
1 -0.7605121719591762 0.9286317359392411 -2.144931381531931 0.28697244407560535 -0.11878045724986526 -2.2473605798975433
1 -0.8256742802363374 -0.501885186229086 -0.5452392132227819 -0.717725543477507 -0.20871047109009933 0.2982877045421574
1 0.12804912260188991 0.6364818426442639 -1.5733686449164945 -1.2121131905715994 -1.5068670561382687 1.6967488946059217
1 0.5415672080822056 0.33152074417521293 1.1078639002929598 0.4653316250998039 -0.612070285408128 -0.28307329165159023
1 -0.8859544919462032 -1.7626613516465193 0.36297596982036484 0.23035758205853443 -0.37847880559350466 -0.33728839216461853
1 -0.3084609383971936 -1.3241717059307316 -0.7343025637652263 -0.6447336898584864 -0.48159956956117494 -0.7317575968254701
1 -0.40635651672208056 -0.20631366930462766 -0.8487255476574731 -0.42804746399949856 -0.7319358536918178 1.826689903806935
1 -0.517288540228857 -1.1791495375259937 1.4729120189148628 0.05557297861548993 2.3549402521849854 -1.8812602034839971
