1 0.4650482584140539 0.8977127652061153 -1.2452604041739437 -1.5347154294170098 -0.9921339782100851 0.22144677125029938
1 0.22970532606814234 -0.5023228703042091 -1.544407033823191 -0.5591471069983999 0.6971336806559563 0.0957925854775123
1 -1.174248612592405 0.208014781869495 -1.0546930809331132 1.1890131211568984 -1.169262607604734 1.4718197778897437
1 -0.1884067756441085 -0.2631693443794112 -1.6001083904203623 -0.7768006920600992 0.30488443590470793 -1.1488597748195395
1 0.9722279987815317 0.7338612865746263 1.4052659634606275 -0.45516511754440686 -0.9753335234337637 0.913467344098994
1 -0.10245035125397875 -0.8880075448215927 -0.059031313812616136 -1.1248426124161537 -1.7728947757921347 -1.3424361070192077
1 0.2937237020219839 0.44211860986457346 0.5280521796042899 0.801814251272365 1.1456371205025848 -0.14455003815364095
1 0.30129882102512634 1.3908359203753775 0.34862738111110997 0.5168520928636399 -1.145835528300115 -0.3403971897194179
1 -1.0025927438742022 2.397090323494975 0.9677433255009485 0.2717986233413718 -0.9296188602403304 -1.9602378778800305
1 1.129619063976558 1.2302662228366006 -0.35759343071430116 0.3412465999829319 0.6218760572030472 1.513991067908248
1 -0.5914609501127632 0.4298565138060045 -0.9049195570230538 1.7248933953849042 -1.5114076274791897 -0.2520568567313889
1 2.9307444964524674 -1.8634839330482005 1.7168342738804736 -0.2816335399431534 0.04091424183821062 -0.4952798218830847
1 0.3603093464218772 0.4216214421317368 1.1248272623435012 0.3974661978597181 1.6637968579583646 -0.7027343626355151
1 -1.8223449527885127 0.4346177604877336 0.9525181183757983 -1.0542020654942537 0.26720907265591043 1.22521015782576
1 -0.47928660969856274 -0.5741631039893592 -0.965830422297714 0.3228199592274876 -0.23517101691089046 0.4519408508609798
1 0.47726045555088414 0.15906120959377068 -0.31668882423803985 1.589093134909962 -0.2316973300005713 0.4638207899854868
1 1.4029765667322927 1.338479368972365 -1.8124861122624316 2.0544696823638837 0.5965711437774117 -0.7686411878628243
1 0.5792923179607086 0.9355639515235815 0.1952683882210017 2.28940499036953 -1.0827870192449454 0.6415180573662069
1 0.9681441897625198 -0.6768269611620626 0.32826330872734644 0.021991326663617475 0.7429426797534436 1.1087678320780483
1 0.24530972044031898 -0.510516147216831 -0.6950227952818567 1.0399693268942054 -0.30071484447741037 0.4110072710898192
1 -2.2032672076489805 -1.032245498232985 -1.0672804012982215 -1.585522150539802 -0.08260459583877085 1.6637611399070749
1 1.1639713044835325 -0.26824652222847456 -0.6083248084867714 0.3015862043591265 0.6781095385599404 0.4505724817072823
1 -0.3171244261458511 -1.2858062750265988 -0.9722371622076923 -0.2775597920691329 0.4574651880422955 -1.346158786403098
1 0.9029608556241652 1.4074565204530052 -0.6114702430704921 1.583801180760192 1.4780597503424047 0.41556683312986825
1 -2.155208422529898 0.5271269044367911 -0.7598705390022689 1.0635308535293595 0.3135394145647863 0.05981222581491419
1 1.0571798761596551 -1.5387123580759527 0.9440889774300225 -1.5339378868075821 2.236132265622291 0.7877103607346148
1 0.37606638664835174 1.3144768708889172 -1.587531269509078 0.06453118079363965 -0.044810117123193355 0.5001613770882194
1 -1.2324385970727094 -0.12198084559266505 0.3062445152643506 -0.18670961891579518 -1.0557582077450107 -2.121299004139273
1 -0.041256754039462905 -0.07189326460687634 -0.7545724431325976 0.12216023699634104 1.6899218448151245 -1.4760467913704096
1 -1.2095208971344542 -1.7603494305895422 -2.1390470050511974 -2.729880562345609 0.5599240322803118 -1.0492118788692595
1 0.7811732911920616 -0.559008352778399 1.3057053511574528 -0.4687382718796478 1.0720999294734601 0.0036055002499257452
1 0.9516093458924293 0.42022520114726086 0.5726376897490728 -0.6433157864692205 0.5750429948053881 1.3020944521597382
1 1.7204077052760836 1.8083967960638119 -1.2383034342759038 0.7298303999345137 1.965886175441756 -0.22585196518675446
1 0.6774399619138747 0.42973796858188446 -0.9051481895216585 -1.539068705457038 -1.0469502901484073 -1.6779353093403608
1 -0.3847820001946971 -0.4456341427668908 -1.2871933188362061 0.7399719563470425 -0.8121948469658165 0.18327070435339216
1 0.12575176653951445 0.34306681598042615 0.08745374101506434 -2.592879107042741 0.8160911306303952 0.6313406325282706
1 -0.22972105360897288 0.5202273230008532 -0.2420842497990193 0.8079130220730008 -0.5306702972336935 -1.479402733537239
1 -0.05750103282001089 0.2062833956311088 -0.5531096869486242 -0.4138105266422262 -0.5215017516973136 0.21985921698333313
1 0.12605467411287943 -0.5358709491750194 -1.196886215235512 -2.4165294894540814 -1.6156859244675235 0.11487570050669851
1 -0.8317997682060219 2.687032178716468 -1.2872682548548895 1.6106761946917776 -0.04357443825501505 -0.479244320868375
1 0.3069614099134648 1.2823604479593422 1.507419520939127 -2.6801933947115297 -0.5036485575604592 0.8702988906447674
1 -1.7709981433785698 -1.995732390706112 -0.7958920083334394 -1.105088679304329 0.014425230989062754 0.43958263438258405
1 -0.36850565901201005 -1.9593709011026026 2.223142415403768 -0.7659063550284706 -0.05028170924399084 0.4425526097248053
1 0.4327171950560237 -2.1055190678366067 0.25999367910959487 0.3861611342569718 0.509551859370751 -1.7385646229240634
1 -1.1949751537761042 -0.542724692398979 -1.5238095880999516 0.2889038292073366 1.5451223652495938 -0.4540300026242382
1 -0.998234987279937 -0.8147814127142458 -0.9905549348865005 -1.2888987753871868 0.6860951386664825 0.8241583370556198
1 0.2806708909679583 1.143783966817662 1.481796897696705 1.468536620133832 -2.870077060074231 -1.4100439269302227
1 -0.3677000448025186 -0.2634432490638296 -0.3467508079833215 1.090847496350554 -2.9452570694251192 2.106853535247219
1 0.7403585873494932 0.6169507409262909 1.1978701231549571 0.2349678582044522 0.3813811228157681 1.7590026026330465
1 -0.32621369804379396 1.7394067341926762 -0.2780374195219826 -2.38273760725366 -0.7356740188727833 1.5207357167657665
1 -1.4732043258107832 0.9361514600935751 -0.4897090039939026 1.0071605787472775 0.8951517577157263 1.0109510988556087
1 1.0400415509843421 -0.47081580021166597 0.016663089585304516 -2.0867777184017204 -0.5651589413325743 0.31410300885998793
1 -0.8807036045041878 -0.3846479798528175 -1.906193052328425 0.7348359917935289 -0.3077453361779386 -0.48164042514807176
1 0.05208873947049679 1.1480767011049902 0.0985742094440667 0.6121024374623212 -0.2549810933232113 1.4838823423522163
1 0.3524762792882823 -0.5740068563339105 -0.7179672233305421 0.7308646101042491 0.9438919374367619 0.010494647107017627
1 -0.8539871732260358 -1.1255731897927193 -1.259402416716529 -0.43568734806204606 1.8355462772906317 0.8734440668760471
1 1.3398561109534433 2.055125178232508 1.999606232517949 -1.1896673118344911 -0.6917405139738267 -2.066645432695009
1 -0.04440518988511531 -0.22835515443689425 0.46861946305279506 2.7383472489065728 -1.0121908368631232 0.5749050670737378
1 -0.09101197926609896 2.2847270811475444 -0.9524141077655761 0.08735679603940405 -1.30333475958455 0.5306870856553452
1 0.7553156282415815 -0.632211790283146 -1.355888131970353 1.4613049066512125 0.2666809654164653 -0.41640426409298775
1 -0.5563383900873232 0.1305263323003621 1.405082089968581 -0.7645057293147864 0.5903225934145995 0.27228243758346343
1 0.12015707956061963 0.7995238457731365 -0.26850446055313937 -0.5905687738983431 0.5755666834594362 0.3098542825579599
1 -0.33032391597136285 0.11322763373248615 0.4093097723044517 -2.4214449701374634 -0.8143668025220632 1.710029479563813
1 -0.8953042448657655 -2.2901823906677676 -1.3917315984381247 -0.05922459442000087 -0.25841600574376405 0.8701337664394355
1 -0.9022707691661744 0.04679819039813188 -0.36385986604190235 0.7937788118018501 0.662922262405701 0.46160467786224646
1 -0.03242232496846972 -0.2314926862715106 -0.006947684695406711 -1.3068715368094725 -0.23669163540175117 0.46792663706313026
1 -1.565671877109958 0.827178449727887 0.8736397813475681 -0.8724203041017208 -0.2683795822052165 0.668357476465472
1 -0.547329544895911 1.3035697383275024 -0.1879454503629396 -0.14990051942774604 0.08533997079248411 -0.532390928507605
1 1.5378779037579242 -0.45730985113094735 -0.9152747179896704 -1.980360702266169 1.1602341864030044 0.0005833391989632047
1 1.5820502135621 -0.4022468793412521 -1.0352954652024502 -1.9293673754967717 -1.395168179269086 0.708889426042395
1 -1.1932485796433232 0.3017134511824057 -1.8674453169661425 -0.494295312620985 0.9904631783712398 0.8361196281249423
1 1.0916277479033567 -0.39736387858884237 -1.4049392015823787 -0.8285752134453107 -0.43391102615504973 -0.06530739725534072
1 -0.6098764400679496 0.07761491328015496 -2.014130995572523 0.3591967725568014 0.40546339741208454 -1.085423234926664
1 0.10502732898360288 1.0771782387091524 0.9603791478875151 0.5345355272174412 2.117968436690533 0.40701762655114365
1 -1.1277272912386873 0.45874681044638976 -0.5057435063252235 -0.5822229624534581 0.8855142938712941 -0.835633752233179
1 -1.498576556053853 -0.2293980807768637 -0.2140117328046404 1.6566295798298545 0.6335951981415786 2.2677448781276768
1 -0.41901632155371427 -0.16257374863037188 -0.43272194903503597 0.7868917540285978 0.1739041264999941 -0.8566301370658043
1 0.679255199401522 -0.5725571022575019 -1.9346967332205078 0.11746902707228848 -1.490750664913354 -2.464832539191587
1 0.3284267217222313 0.8651627023860338 -0.4217497683764375 -0.5007672512899753 0.8477241139533893 -2.076137012030747
1 0.472690013694113 -0.09973417823535743 1.606009040558983 -0.7497776236875441 -0.6540956859190374 -0.6896062393177255
1 1.2860444790693624 -0.9600195357649828 0.1477285974697537 1.434127292226475 -0.24707069980953536 -0.5192335567120027
1 -2.646855094536319 -0.5176775257897077 0.051335195338531835 0.15276519488531232 -1.4303487971292737 -0.14736874715877704
1 0.9154254817790377 0.2742674590942141 -0.4846869417086175 -0.5634693886218511 0.7232303159798037 -0.1408845750604418
1 1.0941999215524238 0.07293314897150134 0.5583061934971052 1.3295329735080648 -0.1067673311607966 -1.0906814244806051
1 -0.27808036445013606 0.0018877180459311736 0.9555925573288355 -1.2192463661605175 -0.1995514033776903 -1.6846709329028304
1 0.9261458442885305 -1.565984959519745 0.40703202990306786 0.434656209360187 0.268396562148978 0.9142381196630995
1 0.959969242211706 1.847383300886758 0.9437939849330649 -0.4740526900895629 -0.270172376364234 -0.1847658474194463
1 -0.9001706742044007 1.2562070109479764 0.8967858083045174 1.4112272111725042 0.4049214051239459 -0.9312632847676571
1 -0.9244085049984752 -1.104063388095779 0.7066874065926807 -1.1529768585191158 0.8533155748688734 0.5604636376028067
1 0.6365678977151399 -0.27525739665931814 1.9571784180013165 0.3406762671411115 0.250136875676643 -0.5947941936342255
1 0.010854849214777113 -0.07189073730220008 -0.5916830754590172 1.7668180776875084 -1.440465990885703 -0.5807853169597033
1 -0.05874483139904038 1.421648968858812 0.6736668622947011 0.8411183741197359 -0.13489336361310153 -1.7471049567225385
1 -1.3888368214389506 0.3424512196948146 0.5877675028241744 1.201580845249851 -0.2847281742222797 -0.43813950564562537
1 0.4060390438571691 1.5959108354124956 -0.8781785037038932 -2.786931054305683 -1.173497532185514 0.7215778189288218
1 0.6740306906818546 1.1924575104931925 -0.03273084554875874 -0.3259650245948717 0.39629287021850834 1.4039928518659825
1 0.1941220480067925 1.4782900931970233 1.2717303821752002 -0.8336982739555834 -1.7638538574485698 -1.3546984310828083
1 -0.43161532444773076 -1.5707219136545358 0.03763217043485416 0.37111001658528925 -1.084372601692853 0.25576971765731554
1 0.7690554479364254 1.5187007197828308 0.9720794334433468 1.122405943085682 -0.27267185637865865 -0.058244018172396536
