1 0.60096293405203 -0.010153740870301051 0.1960992345493135 0.3448058493960671 -1.3023871422001456 -0.23833407552677582
1 0.3067615793067915 -0.8375236783880111 0.2936021273732497 -0.7505530745382857 0.5230164973972309 1.3555211197908315
1 0.13858229695819133 -0.08657405535647668 -1.5242187328549093 0.6532717664063992 -1.3252389213926168 1.2992588546312234
1 1.4873455618493854 0.6312040690115444 0.2840671023473666 1.5026370221652445 -1.1586681361683293 0.7195274837892376
1 -0.3937890229345491 -1.0404250131771278 -0.29328894602382527 -0.09719371264746841 -1.3540968457490297 -1.2170872483845783
1 -1.5021340501521763 -1.3960632484918944 0.13204526351435736 -1.716838489798136 0.21654262355966233 -0.750279911566878
1 0.04884769675941077 0.24465060189016774 0.665554571016088 1.105453152357535 -0.07401463401746676 1.6722477485657763
1 1.3159680165996572 0.4803469719525622 -0.7701663977049278 -0.02373496150155395 0.762669382676838 -0.6396805135054822
1 0.16914281366731143 1.0494863207881213 0.35615329763927944 -1.097728912445211 0.3074378616047971 -0.9097199597228113
1 -0.1499215292515012 -0.9380677336689661 0.19623913301933035 -1.0210089061651288 0.5806701792293599 -0.3765970004981052
1 -2.0775137671550765 -1.2231613414415228 0.31059004228753606 0.6446560409905671 -1.6512161540281898 -1.1609567049409772
1 0.4070182341316792 1.4883640016161273 0.2419288006485632 -0.10765718398151698 -0.23269536128625898 0.5900513493472036
1 -1.1140698201213521 -1.1496735217201974 -1.2287447238571418 -1.5454983272960507 -0.3323198677370121 -1.6523330628106117
1 1.7455373398580543 -0.2511223924605613 0.004323050742956682 -1.2768058311827206 -0.17608663455870102 0.8090751943128467
1 -2.732198510715007 -0.1106388861033322 0.9256588883512379 1.2303124302504238 -0.23354951881425398 -0.1875907440751608
1 -0.4815417472548699 0.1958929058210916 -0.16193406874089022 0.7847545399093295 0.09774360734554971 -1.0795835154019722
1 -1.2911408696364672 1.6524891855967112 0.9777955764480409 0.18429529886731288 0.8591649805529117 0.11716293662312847
1 0.36870403706697524 1.134595311986121 -2.1984637727575356 0.7754478814721097 0.9790700689188263 -0.5452527343708621
1 -0.546869337610615 0.1957357349854305 -0.15126438644911228 0.09688994929251306 0.6477247669780347 0.8137664977989764
1 -0.7829592454464027 -0.2596608390074963 0.9636435036475116 -1.0446330013982592 0.5796319446655349 -0.3597936254662565
1 -1.041851372137781 -0.9386176510076718 -0.8645732970949627 0.3401573549529418 -0.6035866422130838 1.0646795788156465
1 0.827649327274341 0.462176966013789 -2.0493605857497004 0.04327745841371375 0.7254127958006349 -0.7640998639692892
1 -0.9895975411320993 0.49145652070912177 -0.37818144148452537 1.1193693626198975 -0.34510780514624184 -0.5073026893738838
1 0.3070826850107678 0.7399633684222919 -0.6205544774238699 0.9821997216985722 -0.33243154157755467 -0.4952574544065227
1 1.4740753332563445 0.9540097062041311 -1.6392424977482294 1.5290121152999328 -0.6162087155896675 -0.2999699556652295
1 0.7386912908267849 0.09040562453196278 0.23574312383280302 0.1758569440112351 1.474204945931186 -0.9366895431383241
1 -0.7865471196056412 0.219090399261821 1.6354958220781801 1.3991310062589835 -0.04406948563788124 0.2776535424702143
1 -0.5966665983873102 -0.9109478142349527 -0.2877894697157972 0.868513585359914 -2.8279118041321887 -0.6294752707854477
1 -0.20018458195482564 1.214866847702337 -0.8431819610074643 -1.4875669768702433 0.35199974041368876 -1.4842336697204899
1 -0.9925742029759821 -2.146127291750765 -1.446267329579115 0.2919908072577672 -1.2052429662555373 0.7738839896661998
1 0.34151736130872623 0.6738989728155271 -0.22739991017039213 0.027665778843819187 0.26873670275311345 0.9463562063519384
1 1.4554838064078393 -1.3281998913610662 1.803021515667883 -0.8465752051525783 0.9125825695766917 0.43567722806544235
1 -0.019016932612246795 0.1986763925403366 0.6373069698919451 0.04926591628768605 0.694980787473053 -0.6788458682513404
1 -0.2373451161322216 -1.7471106240505099 0.25949822351996826 -0.09731003768133416 -0.37578066168003077 0.42980271960632865
1 0.48137186550508354 -0.19292433081016452 -1.891853524053069 -2.293001877601166 1.0172672710193233 -1.104225771599541
1 -0.5883048692173618 -0.23378317288456657 -0.4814561936443827 1.6126055485426798 -0.38895103583391333 0.6254308254199517
1 0.6686348440957909 0.9087126374589023 0.45905041002779906 0.9837639901615337 2.3897907998308745 -0.07083620837374076
1 2.0533635056492736 -0.22635045776045756 0.896499263362157 1.1327103836848402 0.7763713186122813 -1.471775001811797
1 -2.3947148246129544 -1.9490647948196287 -0.6969403822309852 -1.105009089445539 0.9051246381262706 0.07584312599545029
1 -0.17978898204017837 -0.3175758101625316 -1.2241561755555228 -1.2362108827929348 -0.7786048843862323 1.7512462211225222
1 0.8916129964219749 -0.7825453186576259 0.5018818089803623 1.079832112265021 -0.20597292111710083 1.2691830425360988
1 1.0298801221308203 -0.05034542313244724 -0.826774745454867 -0.46584215173994986 -0.18641203962144826 0.3653162892747859
1 -0.37234912223589794 0.19738544506694428 0.4810517130993288 -0.5466217989219944 1.3833379668618337 0.19749045605197424
1 0.7663858005268102 -0.36767913217915776 -0.7634003677499612 -0.7175669291191471 0.3916494142063277 -0.4005946931298448
1 1.5516077314470003 -0.47961077331494667 -0.26922023807722745 -0.5645164955172464 -0.9888406356321554 -0.6702219428713277
1 0.734417380361804 0.4762898519671287 -0.583048166404341 0.5169367126306839 1.0201484830987015 1.0737361226071838
1 0.2487074307382964 0.8244006856751345 -1.6676355629060624 1.7745844428150064 -0.8262710045144511 0.4883413905391483
1 -0.0788974547380088 -0.32381135683906637 1.9044397922757679 -0.3093799839328179 0.7818604796791873 -1.352603847791134
1 1.4659057567335392 -0.11373615611947022 0.21174843696610285 -0.9402011461803 1.51359741089556 -1.0053617791790597
1 1.4884889654349904 0.13634500781437503 0.11146601826796364 0.46532239268186176 1.750520159182206 -0.6723296575787474
1 0.360573796303706 0.5524689493520256 0.09200618102545155 0.7856245580094326 -0.8181537317224418 0.4751694521121414
1 0.7592233713791734 -0.17111956070937803 1.4261672191975023 -1.218294866803393 -0.06855601381990478 -1.761385962946961
1 -1.9487935612916436 0.02968916910373749 -0.37420382314534867 -1.5184865729058095 1.512653433194989 0.4246202729462969
1 0.5744877022118933 -0.46983646760664344 0.7492357898962418 -0.576559450555613 -0.11861791159142768 -1.7393174214656493
1 0.43958929976480976 -1.4494174455327444 -1.3001772541965784 0.3954309705664446 0.9985725279118447 1.2675256664764871
1 -0.7616828567951713 0.14320627012954026 1.732346570146101 -0.007842943255808322 0.13721263094644653 0.3961641307408307
1 -1.0451999284633349 0.4774773736787993 -0.5185233945417315 0.7791008747015795 -1.2475596936229072 -0.7996733339677546
1 -0.19903740581890794 0.17326510017074778 -0.685307288510184 0.7893385494709353 0.12400369466672294 -1.6417630328629533
1 -0.1926285771486087 -0.10744256607378612 1.6980543487585935 -0.6704114569814611 0.4706585208986529 -0.6738091231271484
1 0.13591543764650751 0.4479229121720441 0.027724735861832512 -0.6447510411642655 -0.48248686923186307 0.7925423887292037
1 -1.6048398833421793 -0.8164929091344418 -0.07621282361918506 0.31786188088151923 2.2939725301323435 -0.585840060438652
1 -0.336547284710834 0.9572231910880127 -0.893562737704018 0.11758707032590582 -1.7448338640910563 -0.45523437459172217
1 0.39174123243969355 -1.3837072592106858 -0.7666414015026985 0.6359435258571837 1.1241574549391404 1.458179393645451
1 -0.503704632226779 -1.9798863758979652 0.0320574444348766 -0.22411456971343832 -1.43968890166846 0.42934963858737
1 -0.9818404716678393 2.472694046693644 -0.9579744701479324 -0.5108300332679775 1.5152612237333067 -2.03385785231532
1 -0.5991120682162167 1.248437363451163 0.17402943952530156 -0.1268268309083505 -1.5990844042093775 0.7605860536650962
1 -1.0826758222893846 -1.491321947877725 -0.9681479056095553 -0.5993099086531746 0.24823828348439883 -0.5826564991830862
1 1.0854094073362137 0.9635144107839244 0.2136060709617883 -0.30391766344141047 0.7755915183784857 1.7496320286553841
1 -1.142207403154352 -0.16475832681320002 0.3004328871263195 1.652014392590813 -0.2048346680895145 -0.017529394229689084
1 -1.5593503679739602 -0.2753578035306641 0.5850284296576154 0.14078928394428436 -0.6434448238894687 -0.08115495274412203
1 -1.5431337347125762 -0.13207740397471252 0.23396653437460427 -1.1509845942171397 -0.021420553700866384 1.4995127607737544
1 -2.181689233156059 -0.25974546001109594 -2.0245902437449557 -1.3055503816358855 -0.5375580867379033 1.47867087402238
1 -1.6731589959395108 -1.3296529465369595 1.1366552458577122 -0.2466561441370481 -0.7738488253389623 1.0017891892101747
1 -0.6256247456055528 1.1373976936842987 -0.5230235875561505 -2.2549234476467666 0.5612384734940894 -0.07667750411736113
1 0.17522147812892025 -0.34260149330635736 -0.4164247495180853 1.9713920698959861 0.9548260053628862 -0.25480017574555713
1 -0.8101875803250866 0.6667592724088929 0.23605182120489818 -0.8619408461381866 -0.2739160097896888 -0.004912840189728701
1 0.13085098511252083 -0.2063717836164121 -1.082739211259032 0.018876200856485892 1.6885909410513333 -0.6147314574866524
1 -0.8599243060353594 -0.9944013532781188 -0.15791410582277637 -1.9752544410893298 -1.318860029790222 -1.42184934982121
1 1.866256454212744 1.167421204203356 1.5787324122328203 0.9620850816943278 0.39971736789261514 -0.6965363125718124
1 1.0056142860593975 -0.7606946576473681 1.3375299812137424 -0.07093070959594573 -0.0071591876330855805 0.8420118047864342
1 -0.5615353669449701 1.54625208753036 -1.4090088725573446 -0.028280705922704878 -0.6486109414010846 0.06970599990985606
1 -0.8017361418240908 0.17050064758336925 -1.004958769782598 -0.006309571505345337 0.5405514765543196 1.4252858689256904
1 0.4521073947419964 -1.8974901366327896 -2.283576803014042 2.5296624084088957 -0.31701595282168804 -0.8523560636631394
1 1.981398123999381 0.955823600782833 -1.0922648559070827 0.10193543988024457 0.6023618930999679 2.4650708522477096
1 1.9099332801765245 -1.621394418609234 2.081545512939532 -0.97423474834785 -0.46179050928157855 -0.7542018297917084
1 0.28201679063294743 0.9457680947234072 0.19665914367114873 -1.3630964376058041 -0.09692465161332715 -1.1062172879334558
1 1.6527047372908148 -1.3075435803991151 2.077428891745416 1.640135148684188 0.5606961149913616 -1.4041202777167046
1 -0.03974550459391313 0.20465352024090333 0.3796243647534447 -0.8551011768934115 -0.9726983949028583 0.965694753187169
1 1.214139357515082 0.6012152912833509 1.19065846224916 -0.7452035401651429 -0.8524818815424996 0.0985956570898201
1 0.17444984528176702 -0.3606296076227446 1.221684484094559 -0.5232145274733756 1.313449492669607 -1.6098532560142729
1 0.6073714143907565 -0.21709848724527864 -1.9659343373678517 -0.28076748059377526 -0.2803762003291737 -1.4970853105431772
1 -0.46793207293808275 -1.9508830046749486 -0.04384050325460775 -1.2262142738359216 1.9180681834821836 -1.328873959012532
1 0.4845798610312778 -0.07617919919717495 0.0014499431692191768 0.6385460719084609 0.13425546663978535 -0.29412450202991575
1 1.2189187384606874 -0.21721000124389186 -0.8327191903720084 -0.43190264566508524 -0.37872483659032563 -0.6001749572229991
1 -0.7505910126321574 0.9192950207193649 -1.021961894572817 -1.0671376887820074 -0.49889046061955655 -1.3513003693399281
1 0.6919678113244128 0.460248183356026 0.17770014917627142 -0.4147025241693669 0.20029112172473462 2.027613523792091
1 -0.8913958966441008 -1.5597805706435948 -0.7467592486087204 -1.2161108406528058 1.5550298035946486 -1.3788250192292006
1 -0.24556870340739806 1.6960490713993153 0.7663387774346742 -2.0009371073266324 0.22037640564989902 -0.27257782729141056
1 -1.6847090143447936 -0.1069397627887827 -0.06357440746777905 -1.8254808867789967 -0.7065789942309739 -0.5796643081533875
