0 -5.499268128212023e-05
0.1 -5.467589039450863e-05
0.2 -5.401025532071948e-05
0.3 -5.354020424132029e-05
0.4 -5.330784702406981e-05
0.5 -5.322200073543001e-05
0.6 -5.323534333409726e-05
0.7 -5.335502851019013e-05
0.7999999999999999 -5.364192260483117e-05
0.8999999999999999 -5.417401306406712e-05
0.9999999999999999 -5.479293214677626e-05
1.1 -5.487921531626257e-05
1.2 -5.43171788477357e-05
1.3 -5.373853677662607e-05
1.4 -5.341347125920722e-05
1.5 -5.328795851175228e-05
1.6 -5.325441954966537e-05
1.7 -5.329271620867851e-05
1.8 -5.347375829048704e-05
1.900000000000001 -5.387408528477122e-05
2 -5.450091671351175e-05
2.100000000000001 -5.49384070108688e-05
2.200000000000001 -5.464368314545303e-05
2.300000000000001 -5.400164242075523e-05
2.400000000000001 -5.354005440591378e-05
2.500000000000001 -5.330862718812432e-05
2.600000000000001 -5.322237339188552e-05
2.700000000000001 -5.323550356120535e-05
2.800000000000001 -5.335668339394923e-05
2.900000000000001 -5.365225731314598e-05
3.000000000000001 -5.420522113165001e-05
3.100000000000001 -5.482348275366377e-05
3.200000000000002 -5.489545999818038e-05
3.300000000000002 -5.432713401422631e-05
3.400000000000002 -5.37410854652881e-05
3.500000000000002 -5.340260641775361e-05
3.600000000000002 -5.325193766082963e-05
3.700000000000002 -5.321674172716048e-05
3.800000000000002 -5.327736684640307e-05
3.900000000000002 -5.346703262673934e-05
4.000000000000002 -5.386724735475699e-05
4.100000000000001 -5.44935377175295e-05
4.200000000000001 -5.49381665387777e-05
4.300000000000001 -5.465459312645559e-05
4.4 -5.402457233996974e-05
4.5 -5.35837077331541e-05
4.6 -5.334448383275019e-05
4.699999999999999 -5.323423787404339e-05
4.799999999999999 -5.323680946299893e-05
4.899999999999999 -5.335143185445045e-05
4.999999999999998 -5.363300250076458e-05
5.099999999999998 -5.415941494111612e-05
5.199999999999998 -5.478213423073917e-05
5.299999999999997 -5.488614890299576e-05
5.399999999999997 -5.433148244864916e-05
5.499999999999996 -5.374563303831752e-05
5.599999999999996 -5.340526649530843e-05
5.699999999999996 -5.325393898525088e-05
5.799999999999995 -5.322119850317011e-05
5.899999999999995 -5.329363139790682e-05
5.999999999999995 -5.350487209233126e-05
6.099999999999994 -5.38937249961992e-05
6.199999999999994 -5.449657557360533e-05
6.299999999999994 -5.493849376438601e-05
6.399999999999993 -5.465766088860544e-05
6.499999999999993 -5.401519734798215e-05
6.599999999999993 -5.354762366164315e-05
6.699999999999992 -5.331189303529911e-05
6.799999999999992 -5.322290679441934e-05
6.899999999999991 -5.32332402407111e-05
6.999999999999991 -5.334870554981766e-05
7.099999999999991 -5.362863194421319e-05
7.19999999999999 -5.415329326541223e-05
7.29999999999999 -5.478169385281266e-05
7.39999999999999 -5.490854495297249e-05
7.499999999999989 -5.438095117171132e-05
7.599999999999989 -5.378168701312791e-05
7.699999999999989 -5.341739346570618e-05
7.799999999999988 -5.325617368670839e-05
7.899999999999988 -5.321698061793216e-05
7.999999999999988 -5.327484762156534e-05
8.099999999999987 -5.346071396134127e-05
8.199999999999987 -5.385516162883603e-05
8.299999999999986 -5.447840848511404e-05
8.399999999999986 -5.493446188405325e-05
8.499999999999986 -5.466372045426831e-05
8.599999999999985 -5.402210402303053e-05
8.699999999999985 -5.35527214244265e-05
8.799999999999985 -5.331911507796944e-05
8.899999999999984 -5.32437699689476e-05
8.999999999999984 -5.327523711299864e-05
9.099999999999984 -5.337570475830095e-05
9.199999999999983 -5.363285118907492e-05
9.299999999999983 -5.414698016346249e-05
9.399999999999983 -5.477154259438007e-05
9.499999999999982 -5.489292365138324e-05
9.599999999999982 -5.434652833740732e-05
9.699999999999982 -5.375612110404163e-05
9.799999999999981 -5.341020963059907e-05
9.899999999999981 -5.325477790729328e-05
9.99999999999998 -5.321637276812369e-05
10.09999999999998 -5.327376767542866e-05
10.19999999999998 -5.345901047275875e-05
10.29999999999998 -5.385527008147126e-05
10.39999999999998 -5.449292970139098e-05
10.49999999999998 -5.497611354690714e-05
10.59999999999998 -5.469770122062922e-05
10.69999999999998 -5.403678555405665e-05
10.79999999999998 -5.355721964063936e-05
10.89999999999998 -5.331571030572906e-05
10.99999999999998 -5.322378145597171e-05
11.09999999999998 -5.323190439294498e-05
11.19999999999998 -5.334447098865961e-05
11.29999999999998 -5.361945430167169e-05
11.39999999999998 -5.413759062525296e-05
11.49999999999998 -5.476548939017087e-05
11.59999999999997 -5.489638195612913e-05
11.69999999999997 -5.435562309252857e-05
11.79999999999997 -5.376808393906606e-05
11.89999999999997 -5.343641351763505e-05
11.99999999999997 -5.329923048587058e-05
12.09999999999997 -5.324203512457152e-05
12.19999999999997 -5.327971260624921e-05
12.29999999999997 -5.345631553253606e-05
12.39999999999997 -5.384374500425508e-05
12.49999999999997 -5.44636123664278e-05
12.59999999999997 -5.493134201792965e-05
12.69999999999997 -5.467671029256662e-05
12.79999999999997 -5.403535868257293e-05
12.89999999999997 -5.355915021155432e-05
12.99999999999997 -5.331708110914863e-05
13.09999999999997 -5.322452171634118e-05
13.19999999999997 -5.323300051508183e-05
13.29999999999997 -5.334969070179356e-05
13.39999999999997 -5.364020062384824e-05
13.49999999999997 -5.417396399952894e-05
13.59999999999997 -5.478409292428346e-05
13.69999999999997 -5.490605121229578e-05
13.79999999999997 -5.436320496823839e-05
13.89999999999997 -5.376720693976186e-05
13.99999999999997 -5.34156311361364e-05
14.09999999999997 -5.325680940631267e-05
14.19999999999997 -5.321612612488897e-05
14.29999999999997 -5.327096399638201e-05
14.39999999999996 -5.345151126255973e-05
14.49999999999996 -5.383758576214587e-05
14.59999999999996 -5.445651306632766e-05
14.69999999999996 -5.493149824033365e-05
14.79999999999996 -5.469102628765181e-05
14.89999999999996 -5.406881800452314e-05
14.99999999999996 -5.360642128006774e-05
15.09999999999996 -5.33415618871866e-05
15.19999999999996 -5.323094749918668e-05
15.29999999999996 -5.323219754997382e-05
15.39999999999996 -5.334083765361434e-05
15.49999999999996 -5.36109017229617e-05
15.59999999999996 -5.412333027875073e-05
15.69999999999996 -5.475407336857669e-05
15.79999999999996 -5.49021575202934e-05
15.89999999999996 -5.436912174911224e-05
15.99999999999996 -5.377235495819216e-05
16.09999999999996 -5.34187441544804e-05
16.19999999999996 -5.325990009244163e-05
16.29999999999996 -5.322460725499646e-05
16.39999999999996 -5.329796884950942e-05
16.49999999999996 -5.349150476273177e-05
16.59999999999997 -5.38530650953858e-05
16.69999999999997 -5.445453962646723e-05
16.79999999999997 -5.492923631171854e-05
16.89999999999997 -5.468988671741696e-05
16.99999999999997 -5.404909011203306e-05
17.09999999999997 -5.356701421390625e-05
17.19999999999997 -5.33205340376179e-05
17.29999999999998 -5.32250581635067e-05
17.39999999999998 -5.323013287370055e-05
17.49999999999998 -5.333864744366232e-05
17.59999999999998 -5.36070881609231e-05
17.69999999999998 -5.411851483436572e-05
17.79999999999998 -5.475781067511602e-05
17.89999999999998 -5.493536529280165e-05
17.99999999999999 -5.441890763464318e-05
18.09999999999999 -5.379726156201818e-05
18.19999999999999 -5.342627726423233e-05
18.29999999999999 -5.326017624170899e-05
18.39999999999999 -5.321633758264944e-05
18.49999999999999 -5.326865777038933e-05
18.59999999999999 -5.34455516161146e-05
18.7 -5.382590423192526e-05
18.8 -5.4441142415864e-05
18.9 -5.492595295397766e-05
19 -5.46962011573283e-05
19.1 -5.405665634811066e-05
19.2 -5.357366958071114e-05
19.3 -5.333294738660452e-05
19.40000000000001 -5.325785263375869e-05
19.50000000000001 -5.327075192361785e-05
19.60000000000001 -5.335440715793167e-05
19.70000000000001 -5.360695786426147e-05
19.80000000000001 -5.411013370682702e-05
19.90000000000001 -5.474264395691389e-05
20.00000000000001 -5.490806303990988e-05
20.10000000000002 -5.438437383379278e-05
20.20000000000002 -5.378333868565899e-05
20.30000000000002 -5.342387984059566e-05
20.40000000000002 -5.32600841587887e-05
20.50000000000002 -5.321618716120321e-05
20.60000000000002 -5.326809755438657e-05
20.70000000000002 -5.344546903331798e-05
20.80000000000003 -5.383181768769779e-05
20.90000000000003 -5.44678343508906e-05
21.00000000000003 -5.496376546511905e-05
21.10000000000003 -5.471872802097105e-05
21.20000000000003 -5.406731877728697e-05
21.30000000000003 -5.357619490229783e-05
21.40000000000003 -5.332449689151649e-05
21.50000000000004 -5.322615033942543e-05
21.60000000000004 -5.322901987673491e-05
21.70000000000004 -5.333463419322645e-05
21.80000000000004 -5.359799998874019e-05
21.90000000000004 -5.410188535783637e-05
22.00000000000004 -5.473656099750846e-05
22.10000000000004 -5.491154879570158e-05
22.20000000000005 -5.439529677845695e-05
22.30000000000005 -5.380197329186797e-05
22.40000000000005 -5.346291634091191e-05
22.50000000000005 -5.329947849465491e-05
22.60000000000005 -5.32307059557459e-05
22.70000000000005 -5.326999629842952e-05
22.80000000000005 -5.344049676326832e-05
22.90000000000006 -5.38145154449039e-05
23.00000000000006 -5.442600885065938e-05
23.10000000000006 -5.49217508082754e-05
23.20000000000006 -5.470889066718758e-05
23.30000000000006 -5.407020280428934e-05
23.40000000000006 -5.357937479268176e-05
23.50000000000006 -5.332633618125582e-05
23.60000000000007 -5.322747426899078e-05
23.70000000000007 -5.323211189184076e-05
23.80000000000007 -5.334709056183153e-05
23.90000000000007 -5.363171345481208e-05
24.00000000000007 -5.413122546110896e-05
24.10000000000007 -5.474356600767491e-05
24.20000000000007 -5.491676519788402e-05
24.30000000000008 -5.440046898364565e-05
24.40000000000008 -5.379479338870409e-05
24.50000000000008 -5.3429623208548e-05
24.60000000000008 -5.326229744035883e-05
24.70000000000008 -5.321599878372157e-05
24.80000000000008 -5.326508949268445e-05
24.90000000000008 -5.343671180465079e-05
25.00000000000009 -5.380875815319842e-05
25.10000000000009 -5.441929304020652e-05
25.20000000000009 -5.49235592431817e-05
25.30000000000009 -5.473110724405923e-05
25.40000000000009 -5.411687242685914e-05
25.50000000000009 -5.361809013196035e-05
25.60000000000009 -5.333994744059674e-05
25.7000000000001 -5.323007645304159e-05
25.8000000000001 -5.32285748245152e-05
25.9000000000001 -5.333089535924542e-05
26.0000000000001 -5.358951601725181e-05
26.1000000000001 -5.408750295868021e-05
26.2000000000001 -5.472412194565442e-05
26.3000000000001 -5.491597508897087e-05
26.40000000000011 -5.440738130682948e-05
26.50000000000011 -5.380053563535362e-05
26.60000000000011 -5.343353876043514e-05
26.70000000000011 -5.326800952904174e-05
26.80000000000011 -5.32335193845936e-05
26.90000000000011 -5.330488779113821e-05
27.00000000000011 -5.346631869105532e-05
27.10000000000012 -5.38135015842423e-05
27.20000000000012 -5.441327743283495e-05
27.30000000000012 -5.491763653916963e-05
27.40000000000012 -5.472153400214644e-05
27.50000000000012 -5.408438949293102e-05
27.60000000000012 -5.358762564710801e-05
27.70000000000012 -5.332987540537529e-05
27.80000000000013 -5.32276300021652e-05
27.90000000000013 -5.322737904958862e-05
28.00000000000013 -5.33290809218624e-05
28.10000000000013 -5.358647231779964e-05
28.20000000000013 -5.408548404843608e-05
28.30000000000013 -5.473712002185799e-05
28.40000000000013 -5.496046924255676e-05
28.50000000000014 -5.444537532768732e-05
28.60000000000014 -5.381518611310026e-05
28.70000000000014 -5.343735332591605e-05
28.80000000000014 -5.326482523181769e-05
28.90000000000014 -5.321589357377229e-05
29.00000000000014 -5.326269115496427e-05
29.10000000000014 -5.343090730783362e-05
29.20000000000014 -5.379742006377242e-05
29.30000000000015 -5.440344293847104e-05
29.40000000000015 -5.49142985057935e-05
29.50000000000015 -5.47266838612551e-05
29.60000000000015 -5.409149420060016e-05
29.70000000000015 -5.359569098114068e-05
29.80000000000015 -5.334889787646622e-05
29.90000000000015 -5.326915416721297e-05
30.00000000000016 -5.325932284621155e-05
30.10000000000016 -5.333763240403559e-05
30.20000000000016 -5.35841715465512e-05
30.30000000000016 -5.407481956103067e-05
30.40000000000016 -5.471240212508243e-05
30.50000000000016 -5.491974396223074e-05
30.60000000000016 -5.442077622880309e-05
30.70000000000017 -5.381040854142744e-05
30.80000000000017 -5.343751154945625e-05
30.90000000000017 -5.326530130907011e-05
31.00000000000017 -5.321597071948726e-05
31.10000000000017 -5.326262072973905e-05
31.20000000000017 -5.34325161398365e-05
31.30000000000017 -5.380863486207848e-05
31.40000000000018 -5.443696243987978e-05
31.50000000000018 -5.494653922774515e-05
31.60000000000018 -5.474323987756326e-05
31.70000000000018 -5.409926785214416e-05
31.80000000000018 -5.359534209072339e-05
31.90000000000018 -5.333311734064489e-05
32.00000000000018 -5.322837047840569e-05
32.10000000000019 -5.322622997851575e-05
32.20000000000019 -5.332543910860283e-05
32.30000000000019 -5.357813216153566e-05
32.40000000000019 -5.406831036898397e-05
32.50000000000019 -5.470712726470541e-05
32.60000000000019 -5.49224170818564e-05
32.70000000000019 -5.443080506349678e-05
32.8000000000002 -5.382984313665402e-05
32.9000000000002 -5.347849228994306e-05
33.0000000000002 -5.330253391926642e-05
33.1000000000002 -5.322862508916471e-05
33.2000000000002 -5.326388592126179e-05
33.3000000000002 -5.342674909880432e-05
33.4000000000002 -5.378801198563421e-05
33.50000000000021 -5.439054721942358e-05
33.60000000000021 -5.490977969130593e-05
33.70000000000021 -5.473665955813463e-05
33.80000000000021 -5.41024691642051e-05
33.90000000000021 -5.359831554819381e-05
34.00000000000021 -5.333477506082614e-05
34.10000000000021 -5.322955159425148e-05
34.20000000000022 -5.322905889436366e-05
34.30000000000022 -5.333713446921069e-05
34.40000000000022 -5.361153251656294e-05
34.50000000000022 -5.410035013350737e-05
34.60000000000022 -5.471575288922788e-05
34.70000000000022 -5.492691709045389e-05
34.80000000000022 -5.443436115388355e-05
34.90000000000023 -5.382030089831679e-05
35.00000000000023 -5.344250451662419e-05
35.10000000000023 -5.326723038140498e-05
35.20000000000023 -5.321579493202038e-05
35.30000000000023 -5.3259815006652e-05
35.40000000000023 -5.342368847009331e-05
35.50000000000023 -5.378329152862601e-05
35.60000000000024 -5.438475115479905e-05
35.70000000000024 -5.491038829187816e-05
35.80000000000024 -5.475376224919834e-05
35.90000000000024 -5.414360524902784e-05
36.00000000000024 -5.364146765084804e-05
36.10000000000024 -5.335185063995876e-05
36.20000000000024 -5.323323689608895e-05
36.30000000000025 -5.322628637413175e-05
36.40000000000025 -5.332252352684508e-05
36.50000000000025 -5.35712681499767e-05
36.60000000000025 -5.405642082385809e-05
36.70000000000025 -5.469619195633071e-05
36.80000000000025 -5.492515843581526e-05
36.90000000000025 -5.444002242107845e-05
37.00000000000026 -5.382519818291426e-05
37.10000000000026 -5.344561415516001e-05
37.20000000000026 -5.327090280626308e-05
37.30000000000026 -5.322683947021823e-05
37.40000000000026 -5.329225909211794e-05
37.50000000000026 -5.346210956849085e-05
37.60000000000026 -5.379538958634683e-05
37.70000000000027 -5.438196948846482e-05
37.80000000000027 -5.49060666908499e-05
37.90000000000027 -5.474702778888705e-05
38.00000000000027 -5.41147205844372e-05
38.10000000000027 -5.360561065374062e-05
38.20000000000027 -5.333800010777086e-05
38.30000000000027 -5.322984028664048e-05
38.40000000000028 -5.32250303665301e-05
38.50000000000028 -5.332092260540236e-05
38.60000000000028 -5.356835881358757e-05
38.70000000000028 -5.40529060299597e-05
38.80000000000028 -5.470079431082495e-05
38.90000000000028 -5.495846128597362e-05
39.00000000000028 -5.448830395490355e-05
39.10000000000029 -5.384844833192659e-05
39.20000000000029 -5.345240727427147e-05
39.30000000000029 -5.32704306493415e-05
39.40000000000029 -5.321618368138917e-05
39.50000000000029 -5.325809215463295e-05
39.60000000000029 -5.341899426384509e-05
39.70000000000029 -5.377379023304898e-05
39.8000000000003 -5.437118150435684e-05
39.9000000000003 -5.490263638506225e-05
40.0000000000003 -5.475194705486767e-05
40.1000000000003 -5.412132740362877e-05
40.2000000000003 -5.361149892104982e-05
40.3000000000003 -5.334890824023498e-05
40.4000000000003 -5.326022516166445e-05
40.50000000000031 -5.326729265371404e-05
40.60000000000031 -5.333915493833006e-05
40.70000000000031 -5.35697189388483e-05
40.80000000000031 -5.40458852703987e-05
40.90000000000031 -5.468558674928845e-05
41.00000000000031 -5.492855652616865e-05
41.10000000000031 -5.445294232531114e-05
41.20000000000032 -5.383511697530392e-05
41.30000000000032 -5.345024606227675e-05
41.40000000000032 -5.327043115984068e-05
41.50000000000032 -5.321613361035059e-05
41.60000000000032 -5.325763414246636e-05
41.70000000000032 -5.34186780992321e-05
41.80000000000032 -5.377757456648205e-05
41.90000000000033 -5.439288355677506e-05
42.00000000000033 -5.494333005401346e-05
42.10000000000033 -5.477820106205902e-05
42.20000000000033 -5.413280359524928e-05
42.30000000000033 -5.361441778874484e-05
42.40000000000033 -5.334179538437067e-05
42.50000000000033 -5.32310137816247e-05
42.60000000000034 -5.322432204741742e-05
42.70000000000034 -5.331785516593252e-05
42.80000000000034 -5.356112257067045e-05
42.90000000000034 -5.403882185308436e-05
43.00000000000034 -5.467988247455194e-05
43.10000000000034 -5.493043775320936e-05
43.20000000000034 -5.446116862362058e-05
43.30000000000035 -5.384783218357617e-05
43.40000000000035 -5.347928909152251e-05
43.50000000000035 -5.331506665961808e-05
43.60000000000035 -5.323907253359864e-05
43.70000000000035 -5.326266660128902e-05
43.80000000000035 -5.341587775292715e-05
43.90000000000035 -5.376489298542613e-05
44.00000000000036 -5.43583722460387e-05
44.10000000000036 -5.489750823642689e-05
44.20000000000036 -5.476175294179141e-05
44.30000000000036 -5.413320230946241e-05
44.40000000000036 -5.361683785133331e-05
44.50000000000036 -5.334331352644608e-05
44.60000000000036 -5.323185666492806e-05
44.70000000000037 -5.322558219901687e-05
44.80000000000037 -5.332338187269228e-05
44.90000000000037 -5.358253831018101e-05
45.00000000000037 -5.407665275190982e-05
45.10000000000037 -5.469878021563671e-05
45.20000000000037 -5.493841394803351e-05
45.30000000000037 -5.446739893582902e-05
45.40000000000038 -5.384556838018797e-05
45.50000000000038 -5.345556416310955e-05
45.60000000000038 -5.327257248770177e-05
45.70000000000038 -5.321620819612187e-05
45.80000000000038 -5.325545634859313e-05
45.90000000000038 -5.341211339096366e-05
46.00000000000038 -5.376001736704431e-05
46.10000000000039 -5.435215561721541e-05
46.20000000000039 -5.489628113988103e-05
46.30000000000039 -5.477301668202169e-05
46.40000000000039 -5.416253544931036e-05
46.50000000000039 -5.36641847286363e-05
46.60000000000039 -5.337116804694244e-05
46.70000000000039 -5.323960067968069e-05
46.8000000000004 -5.322533941151737e-05
46.9000000000004 -5.331526082377643e-05
47.0000000000004 -5.355450098294388e-05
47.1000000000004 -5.402710469588987e-05
47.2000000000004 -5.46686044176788e-05
47.3000000000004 -5.493282299936433e-05
47.4000000000004 -5.447217263497504e-05
47.50000000000041 -5.385032630188795e-05
47.60000000000041 -5.345841457253122e-05
47.70000000000041 -5.327497307616402e-05
47.80000000000041 -5.322208869941657e-05
47.90000000000041 -5.327601077696365e-05
48.00000000000041 -5.345239735500562e-05
48.10000000000041 -5.378243909486126e-05
48.20000000000041 -5.435377019559351e-05
48.30000000000042 -5.489471443262318e-05
48.40000000000042 -5.47721530659568e-05
48.50000000000042 -5.41452803458227e-05
48.60000000000042 -5.362378310156874e-05
48.70000000000042 -5.334617138779431e-05
48.80000000000042 -5.323207222996631e-05
48.90000000000042 -5.322278706605369e-05
49.00000000000043 -5.331312958837503e-05
49.10000000000043 -5.355128377869959e-05
49.20000000000043 -5.402281435752824e-05
49.30000000000043 -5.466859863354805e-05
49.40000000000043 -5.495222582184537e-05
49.50000000000043 -5.451887442837328e-05
49.60000000000043 -5.388663355198014e-05
49.70000000000044 -5.347044921164137e-05
49.80000000000044 -5.327660267384123e-05
49.90000000000044 -5.321644808255906e-05
50.00000000000044 -5.325351446365932e-05
