0 -5.499268128212023e-05
0.1 -5.336621083560771e-05
0.2 -5.302419043452922e-05
0.3 -5.331099362978308e-05
0.4 -5.36201048256859e-05
0.5 -5.379845905434697e-05
0.6 -5.382627724305245e-05
0.7 -5.365835348957687e-05
0.7999999999999999 -5.313486047299011e-05
0.8999999999999999 -5.18466955183495e-05
0.9999999999999999 -4.930146874859427e-05
1.1 -4.66544906628345e-05
1.2 -4.610847908146834e-05
1.3 -4.662316570326774e-05
1.4 -4.706806116721808e-05
1.5 -4.732645408713827e-05
1.6 -4.746438016866348e-05
1.7 -4.752310644024158e-05
1.8 -4.751007736588088e-05
1.900000000000001 -4.739260384167739e-05
2 -4.704531739171514e-05
2.100000000000001 -4.604687725911064e-05
2.200000000000001 -4.322957907160569e-05
2.300000000000001 -3.858728304867113e-05
2.400000000000001 -3.746993011218264e-05
2.500000000000001 -3.825928114798037e-05
2.600000000000001 -3.874465383348793e-05
2.700000000000001 -3.896927133634974e-05
2.800000000000001 -3.908163939316924e-05
2.900000000000001 -3.91432387173127e-05
3.000000000000001 -3.917807948629059e-05
3.100000000000001 -3.919571492556714e-05
3.200000000000002 -3.919884194792318e-05
3.300000000000002 -3.918468946296043e-05
3.400000000000002 -3.91413162090303e-05
3.500000000000002 -3.903099377596772e-05
3.600000000000002 -3.87184390184705e-05
3.700000000000002 -3.761722646448359e-05
3.800000000000002 -3.336581907171718e-05
3.900000000000002 -2.631441387591579e-05
4.000000000000002 -2.646743087084711e-05
4.100000000000001 -2.728793442367399e-05
4.200000000000001 -2.754952831581885e-05
4.300000000000001 -2.764064097503587e-05
4.4 -2.767833537540257e-05
4.5 -2.768037868753949e-05
4.6 -2.753927904193225e-05
4.699999999999999 -2.743043394205285e-05
4.799999999999999 -2.7454646355618e-05
4.899999999999999 -2.746016522117068e-05
4.999999999999998 -2.746274048143489e-05
5.099999999999998 -2.746434389508801e-05
5.199999999999998 -2.746516831943256e-05
5.299999999999997 -2.74652017399796e-05
5.399999999999997 -2.746433085990142e-05
5.499999999999996 -2.746229702893177e-05
5.599999999999996 -2.745857013268102e-05
5.699999999999996 -2.745202884113271e-05
5.799999999999995 -2.744004883728482e-05
5.899999999999995 -2.741544432649597e-05
5.999999999999995 -2.735385958741192e-05
6.099999999999994 -2.714673105831463e-05
6.199999999999994 -2.613365711171e-05
6.299999999999994 -2.00414634102993e-05
6.399999999999993 -9.539963056364478e-06
6.499999999999993 -1.091951489186612e-05
6.599999999999993 -1.139341271137609e-05
6.699999999999992 -1.145218751682239e-05
6.799999999999992 -1.145723948703852e-05
6.899999999999991 -1.145590266321855e-05
6.999999999999991 -1.145439063791778e-05
7.099999999999991 -1.145337280754644e-05
7.19999999999999 -1.145275930791919e-05
7.29999999999999 -1.145240886704641e-05
7.39999999999999 -1.145222054100574e-05
7.499999999999989 -1.145213064700673e-05
7.599999999999989 -1.145210015800736e-05
7.699999999999989 -1.145210520454397e-05
7.799999999999988 -1.145213109467407e-05
7.899999999999988 -1.145216871415855e-05
7.999999999999988 -1.145221237385234e-05
8.099999999999987 -1.145225851326871e-05
8.199999999999987 -1.145230491012237e-05
8.299999999999986 -1.145235019165472e-05
8.399999999999986 -1.145239352834853e-05
8.499999999999986 -1.145243443948604e-05
8.599999999999985 -1.145247266829194e-05
8.699999999999985 -1.145250810097146e-05
8.799999999999985 -1.145254071379437e-05
8.899999999999984 -1.145257053830772e-05
8.999999999999984 -1.145259763838854e-05
9.099999999999984 -1.145262209510016e-05
9.199999999999983 -1.145264399673273e-05
9.299999999999983 -1.145266343231247e-05
9.399999999999983 -1.145268048744781e-05
9.499999999999982 -1.145269524176298e-05
9.599999999999982 -1.145270776742322e-05
9.699999999999982 -1.145271812842782e-05
9.799999999999981 -1.145272638046646e-05
9.899999999999981 -1.145273257122062e-05
9.99999999999998 -1.145273674105874e-05
10.09999999999998 -1.145273892413049e-05
10.19999999999998 -1.145273914992099e-05
10.29999999999998 -1.14527374453855e-05
10.39999999999998 -1.145273383785952e-05
10.49999999999998 -1.145272835903663e-05
10.59999999999998 -1.145272105044117e-05
10.69999999999998 -1.14527119710159e-05
10.79999999999998 -1.145270120772517e-05
10.89999999999998 -1.145268889048981e-05
10.99999999999998 -1.145267521339191e-05
11.09999999999998 -1.145266046503452e-05
11.19999999999998 -1.145264507239486e-05
11.29999999999998 -1.145262966477907e-05
11.39999999999998 -1.145261516807139e-05
11.49999999999998 -1.145260294522036e-05
11.59999999999997 -1.145259500826123e-05
11.69999999999997 -1.145259434262441e-05
11.79999999999997 -1.145260541034968e-05
11.89999999999997 -1.145263494264699e-05
11.99999999999997 -1.145269320693991e-05
12.09999999999997 -1.145279606014827e-05
12.19999999999997 -1.145296830742534e-05
12.29999999999997 -1.145324918796949e-05
12.39999999999997 -1.145370106765588e-05
12.49999999999997 -1.145442163760104e-05
12.59999999999997 -1.14555527254367e-05
12.69999999999997 -1.145723662675939e-05
12.79999999999997 -1.145922875042669e-05
12.89999999999997 -1.145833045190642e-05
12.99999999999997 -1.142979143757025e-05
13.09999999999997 -1.115473820086108e-05
13.19999999999997 -8.114724112105669e-06
13.29999999999997 1.049635116926443e-05
13.39999999999997 9.638720238071838e-06
13.49999999999997 9.236343722970203e-06
13.59999999999997 9.316214802019538e-06
13.69999999999997 9.369776199123833e-06
13.79999999999997 9.397473627765478e-06
13.89999999999997 9.412422455834235e-06
13.99999999999997 9.421057844065902e-06
14.09999999999997 9.426364079865002e-06
14.19999999999997 9.429798468028658e-06
14.29999999999997 9.432119295154468e-06
14.39999999999996 9.433745045474564e-06
14.49999999999996 9.434918868871695e-06
14.59999999999996 9.43578845135004e-06
14.69999999999996 9.436446992056815e-06
14.79999999999996 9.436955283433838e-06
14.89999999999996 9.437354135100979e-06
14.99999999999996 9.437671635408276e-06
15.09999999999996 9.437927539504619e-06
15.19999999999996 9.438135998664765e-06
15.29999999999996 9.438307299192477e-06
15.39999999999996 9.438448989661538e-06
15.49999999999996 9.438566615208783e-06
15.59999999999996 9.438664184089141e-06
15.69999999999996 9.438744431232922e-06
15.79999999999996 9.43880889516858e-06
15.89999999999996 9.438857769992618e-06
15.99999999999996 9.438889409101206e-06
16.09999999999996 9.438899211122905e-06
16.19999999999996 9.438877452443912e-06
16.29999999999996 9.438806394840871e-06
16.39999999999996 9.438668694005574e-06
16.49999999999996 9.438614858085558e-06
16.59999999999997 9.441403000223207e-06
16.69999999999997 9.498339111826498e-06
16.79999999999997 9.859927050666866e-06
16.89999999999997 9.825504394281676e-06
16.99999999999997 9.828013494208543e-06
17.09999999999997 9.830165287192564e-06
17.19999999999997 9.831087171030644e-06
17.29999999999998 9.83152160165858e-06
17.39999999999998 9.831752140272036e-06
17.49999999999998 9.831887253302073e-06
17.59999999999998 9.831973041929896e-06
17.69999999999998 9.832031164712016e-06
17.79999999999998 9.832072691164675e-06
17.89999999999998 9.83210368802949e-06
17.99999999999999 9.832127680021849e-06
18.09999999999999 9.832146818679259e-06
18.19999999999999 9.832162474226798e-06
18.29999999999999 9.832175552079452e-06
18.39999999999999 9.832186670226868e-06
18.49999999999999 9.832196262787318e-06
18.59999999999999 9.83220464266201e-06
18.7 9.832212040662364e-06
18.8 9.832218630644608e-06
18.9 9.832224546070784e-06
19 9.832229891174317e-06
19.1 9.832234748647208e-06
19.2 9.832239185034758e-06
19.3 9.832243254589042e-06
19.40000000000001 9.832247002066663e-06
19.50000000000001 9.832250464791051e-06
19.60000000000001 9.832253674194227e-06
19.70000000000001 9.832256656984699e-06
19.80000000000001 9.832259436043105e-06
19.90000000000001 9.832262031117094e-06
20.00000000000001 9.832264459366261e-06
20.10000000000002 9.832266735793948e-06
20.20000000000002 9.832268873592597e-06
20.30000000000002 9.832270884422573e-06
20.40000000000002 9.832272778639086e-06
20.50000000000002 9.832274565478416e-06
20.60000000000002 9.832276253211875e-06
20.70000000000002 9.832277849274028e-06
20.80000000000003 9.832279360370093e-06
20.90000000000003 9.832280792566592e-06
21.00000000000003 9.832282151368238e-06
21.10000000000003 9.832283441783535e-06
21.20000000000003 9.832284668380992e-06
21.30000000000003 9.832285835337658e-06
21.40000000000003 9.83228694648107e-06
21.50000000000004 9.832288005325755e-06
21.60000000000004 9.832289015105131e-06
21.70000000000004 9.832289978799436e-06
21.80000000000004 9.832290899160349e-06
21.90000000000004 9.832291778732709e-06
22.00000000000004 9.832292619873775e-06
22.10000000000004 9.832293424770357e-06
22.20000000000005 9.83229419545406e-06
22.30000000000005 9.832294933814909e-06
22.40000000000005 9.832295641613463e-06
22.50000000000005 9.832296320491554e-06
22.60000000000005 9.832296971981742e-06
22.70000000000005 9.832297597515441e-06
22.80000000000005 9.832298198429823e-06
22.90000000000006 9.832298775973675e-06
23.00000000000006 9.83229933131268e-06
23.10000000000006 9.832299865534869e-06
23.20000000000006 9.832300379657146e-06
23.30000000000006 9.832300874633367e-06
23.40000000000006 9.832301351363443e-06
23.50000000000006 9.83230181070161e-06
23.60000000000007 9.832302253461966e-06
23.70000000000007 9.832302680420207e-06
23.80000000000007 9.832303092312653e-06
23.90000000000007 9.832303489834616e-06
24.00000000000007 9.832303873639908e-06
24.10000000000007 9.832304244342271e-06
24.20000000000007 9.832304602518113e-06
24.30000000000008 9.832304948709928e-06
24.40000000000008 9.832305283429638e-06
24.50000000000008 9.832305607161461e-06
24.60000000000008 9.832305920364307e-06
24.70000000000008 9.832306223473711e-06
24.80000000000008 9.832306516903402e-06
24.90000000000008 9.832306801046709e-06
25.00000000000009 9.8323070762777e-06
25.10000000000009 9.832307342952324e-06
25.20000000000009 9.832307601409361e-06
25.30000000000009 9.832307851971405e-06
25.40000000000009 9.83230809494572e-06
25.50000000000009 9.832308330625089e-06
25.60000000000009 9.832308559288597e-06
25.7000000000001 9.832308781202361e-06
25.8000000000001 9.832308996620246e-06
25.9000000000001 9.83230920578452e-06
26.0000000000001 9.832309408926462e-06
26.1000000000001 9.832309606266954e-06
26.2000000000001 9.832309798017028e-06
26.3000000000001 9.832309984378388e-06
26.40000000000011 9.832310165543887e-06
26.50000000000011 9.83231034169798e-06
26.60000000000011 9.832310513017176e-06
26.70000000000011 9.832310679670411e-06
26.80000000000011 9.832310841819451e-06
26.90000000000011 9.832310999619251e-06
27.00000000000011 9.832311153218281e-06
27.10000000000012 9.832311302758855e-06
27.20000000000012 9.832311448377428e-06
27.30000000000012 9.832311590204879e-06
27.40000000000012 9.83231172836679e-06
27.50000000000012 9.832311862983671e-06
27.60000000000012 9.832311994171238e-06
27.70000000000012 9.832312122040616e-06
27.80000000000013 9.832312246698553e-06
27.90000000000013 9.83231236824763e-06
28.00000000000013 9.832312486786445e-06
28.10000000000013 9.832312602409805e-06
28.20000000000013 9.832312715208891e-06
28.30000000000013 9.832312825271426e-06
28.40000000000013 9.832312932681814e-06
28.50000000000014 9.832313037521306e-06
28.60000000000014 9.832313139868141e-06
28.70000000000014 9.832313239797654e-06
28.80000000000014 9.832313337382428e-06
28.90000000000014 9.832313432692391e-06
29.00000000000014 9.832313525794953e-06
29.10000000000014 9.832313616755088e-06
29.20000000000014 9.832313705635458e-06
29.30000000000015 9.832313792496498e-06
29.40000000000015 9.832313877396517e-06
29.50000000000015 9.832313960391776e-06
29.60000000000015 9.83231404153658e-06
29.70000000000015 9.832314120883354e-06
29.80000000000015 9.832314198482729e-06
29.90000000000015 9.832314274383596e-06
30.00000000000016 9.832314348633197e-06
30.10000000000016 9.832314421277175e-06
30.20000000000016 9.832314492359643e-06
30.30000000000016 9.832314561923244e-06
30.40000000000016 9.832314630009214e-06
30.50000000000016 9.832314696657419e-06
30.60000000000016 9.832314761906435e-06
30.70000000000017 9.832314825793575e-06
30.80000000000017 9.832314888354952e-06
30.90000000000017 9.832314949625509e-06
31.00000000000017 9.832315009639077e-06
31.10000000000017 9.832315068428411e-06
31.20000000000017 9.832315126025233e-06
31.30000000000017 9.83231518246027e-06
31.40000000000018 9.832315237763282e-06
31.50000000000018 9.832315291963109e-06
31.60000000000018 9.832315345087703e-06
31.70000000000018 9.83231539716415e-06
31.80000000000018 9.832315448218719e-06
31.90000000000018 9.83231549827687e-06
32.00000000000018 9.832315547363306e-06
32.10000000000019 9.832315595501975e-06
32.20000000000019 9.83231564271612e-06
32.30000000000019 9.832315689028285e-06
32.40000000000019 9.832315734460349e-06
32.50000000000019 9.832315779033557e-06
32.60000000000019 9.83231582276852e-06
32.70000000000019 9.83231586568526e-06
32.8000000000002 9.832315907803208e-06
32.9000000000002 9.832315949141246e-06
33.0000000000002 9.832315989717709e-06
33.1000000000002 9.832316029550409e-06
33.2000000000002 9.832316068656658e-06
33.3000000000002 9.832316107053277e-06
33.4000000000002 9.832316144756614e-06
33.50000000000021 9.832316181782559e-06
33.60000000000021 9.832316218146569e-06
33.70000000000021 9.832316253863663e-06
33.80000000000021 9.832316288948452e-06
33.90000000000021 9.832316323415144e-06
34.00000000000021 9.832316357277573e-06
34.10000000000021 9.832316390549175e-06
34.20000000000022 9.832316423243044e-06
34.30000000000022 9.832316455371912e-06
34.40000000000022 9.83231648694817e-06
34.50000000000022 9.832316517983889e-06
34.60000000000022 9.832316548490816e-06
34.70000000000022 9.832316578480377e-06
34.80000000000022 9.83231660796372e-06
34.90000000000023 9.832316636951684e-06
35.00000000000023 9.832316665454838e-06
35.10000000000023 9.832316693483473e-06
35.20000000000023 9.832316721047614e-06
35.30000000000023 9.832316748157029e-06
35.40000000000023 9.832316774821245e-06
35.50000000000023 9.832316801049537e-06
35.60000000000024 9.832316826850952e-06
35.70000000000024 9.8323168522343e-06
35.80000000000024 9.832316877208192e-06
35.90000000000024 9.832316901780999e-06
36.00000000000024 9.832316925960901e-06
36.10000000000024 9.83231694975587e-06
36.20000000000024 9.832316973173684e-06
36.30000000000025 9.832316996221927e-06
36.40000000000025 9.832317018908e-06
36.50000000000025 9.832317041239124e-06
36.60000000000025 9.832317063222357e-06
36.70000000000025 9.83231708486456e-06
36.80000000000025 9.83231710617246e-06
36.90000000000025 9.8323171271526e-06
37.00000000000026 9.832317147811383e-06
37.10000000000026 9.83231716815505e-06
37.20000000000026 9.832317188189705e-06
37.30000000000026 9.832317207921307e-06
37.40000000000026 9.832317227355665e-06
37.50000000000026 9.832317246498464e-06
37.60000000000026 9.832317265355252e-06
37.70000000000027 9.832317283931452e-06
37.80000000000027 9.832317302232362e-06
37.90000000000027 9.832317320263158e-06
38.00000000000027 9.832317338028898e-06
38.10000000000027 9.832317355534525e-06
38.20000000000027 9.832317372784872e-06
38.30000000000027 9.832317389784658e-06
38.40000000000028 9.832317406538505e-06
38.50000000000028 9.832317423050926e-06
38.60000000000028 9.832317439326334e-06
38.70000000000028 9.832317455369043e-06
38.80000000000028 9.832317471183277e-06
38.90000000000028 9.832317486773161e-06
39.00000000000028 9.832317502142734e-06
39.10000000000029 9.832317517295944e-06
39.20000000000029 9.832317532236661e-06
39.30000000000029 9.832317546968655e-06
39.40000000000029 9.832317561495629e-06
39.50000000000029 9.832317575821208e-06
39.60000000000029 9.832317589948926e-06
39.70000000000029 9.832317603882254e-06
39.8000000000003 9.832317617624584e-06
39.9000000000003 9.832317631179236e-06
40.0000000000003 9.832317644549461e-06
40.1000000000003 9.832317657738441e-06
40.2000000000003 9.832317670749293e-06
40.3000000000003 9.832317683585069e-06
40.4000000000003 9.832317696248761e-06
40.50000000000031 9.832317708743283e-06
40.60000000000031 9.832317721071515e-06
40.70000000000031 9.832317733236257e-06
40.80000000000031 9.83231774524026e-06
40.90000000000031 9.832317757086216e-06
41.00000000000031 9.83231776877677e-06
41.10000000000031 9.832317780314502e-06
41.20000000000032 9.832317791701945e-06
41.30000000000032 9.832317802941583e-06
41.40000000000032 9.832317814035853e-06
41.50000000000032 9.832317824987133e-06
41.60000000000032 9.832317835797762e-06
41.70000000000032 9.832317846470033e-06
41.80000000000032 9.832317857006192e-06
41.90000000000033 9.832317867408439e-06
42.00000000000033 9.83231787767893e-06
42.10000000000033 9.832317887819783e-06
42.20000000000033 9.832317897833075e-06
42.30000000000033 9.832317907720837e-06
42.40000000000033 9.832317917485067e-06
42.50000000000033 9.832317927127724e-06
42.60000000000034 9.832317936650723e-06
42.70000000000034 9.832317946055948e-06
42.80000000000034 9.832317955345246e-06
42.90000000000034 9.832317964520429e-06
43.00000000000034 9.832317973583275e-06
43.10000000000034 9.832317982535526e-06
43.20000000000034 9.832317991378899e-06
43.30000000000035 9.832318000115068e-06
43.40000000000035 9.832318008745678e-06
43.50000000000035 9.832318017272354e-06
43.60000000000035 9.832318025696674e-06
43.70000000000035 9.832318034020202e-06
43.80000000000035 9.832318042244465e-06
43.90000000000035 9.832318050370966e-06
44.00000000000036 9.832318058401173e-06
44.10000000000036 9.832318066336539e-06
44.20000000000036 9.832318074178477e-06
44.30000000000036 9.832318081928388e-06
44.40000000000036 9.832318089587639e-06
44.50000000000036 9.832318097157571e-06
44.60000000000036 9.832318104639508e-06
44.70000000000037 9.832318112034744e-06
44.80000000000037 9.83231811934456e-06
44.90000000000037 9.832318126570199e-06
45.00000000000037 9.83231813371289e-06
45.10000000000037 9.832318140773842e-06
45.20000000000037 9.832318147754242e-06
45.30000000000037 9.832318154655251e-06
45.40000000000038 9.832318161478019e-06
45.50000000000038 9.832318168223667e-06
45.60000000000038 9.832318174893303e-06
45.70000000000038 9.832318181488007e-06
45.80000000000038 9.832318188008851e-06
45.90000000000038 9.832318194456879e-06
46.00000000000038 9.832318200833126e-06
46.10000000000039 9.832318207138604e-06
46.20000000000039 9.832318213374304e-06
46.30000000000039 9.832318219541209e-06
46.40000000000039 9.83231822564028e-06
46.50000000000039 9.832318231672466e-06
46.60000000000039 9.832318237638691e-06
46.70000000000039 9.832318243539872e-06
46.8000000000004 9.832318249376908e-06
46.9000000000004 9.832318255150683e-06
47.0000000000004 9.832318260862063e-06
47.1000000000004 9.832318266511905e-06
47.2000000000004 9.832318272101047e-06
47.3000000000004 9.832318277630322e-06
47.4000000000004 9.83231828310053e-06
47.50000000000041 9.832318288512485e-06
47.60000000000041 9.832318293866965e-06
47.70000000000041 9.832318299164742e-06
47.80000000000041 9.83231830440658e-06
47.90000000000041 9.832318309593231e-06
48.00000000000041 9.832318314725422e-06
48.10000000000041 9.832318319803884e-06
48.20000000000041 9.832318324829332e-06
48.30000000000042 9.832318329802466e-06
48.40000000000042 9.832318334723971e-06
48.50000000000042 9.832318339594528e-06
48.60000000000042 9.832318344414808e-06
48.70000000000042 9.832318349185467e-06
48.80000000000042 9.832318353907155e-06
48.90000000000042 9.832318358580505e-06
49.00000000000043 9.832318363206142e-06
49.10000000000043 9.832318367784691e-06
49.20000000000043 9.832318372316752e-06
49.30000000000043 9.832318376802925e-06
49.40000000000043 9.832318381243802e-06
49.50000000000043 9.832318385639957e-06
49.60000000000043 9.832318389991965e-06
49.70000000000044 9.832318394300386e-06
49.80000000000044 9.832318398565775e-06
49.90000000000044 9.832318402788673e-06
50.00000000000044 9.832318406969617e-06
