0 -5.499268128212023e-05
0.1 -1.02784925668565e-05
0.2 1.889863656756111e-05
0.3 3.228356627222561e-05
0.4 3.593162029314992e-05
0.5 3.643713337563516e-05
0.6 3.620931225837624e-05
0.7 3.588007736736894e-05
0.7999999999999999 3.558998581390117e-05
0.8999999999999999 3.535828748962585e-05
0.9999999999999999 3.517731359064255e-05
1.1 3.503579540941586e-05
1.2 3.492408926381636e-05
1.3 3.483484588922291e-05
1.4 3.47626493554622e-05
1.5 3.470353236229163e-05
1.6 3.465457417125129e-05
1.7 3.461360370574299e-05
1.8 3.457898854437253e-05
1.900000000000001 3.454948652466284e-05
2 3.452414122776495e-05
2.100000000000001 3.450220785057249e-05
2.200000000000001 3.448310012212234e-05
2.300000000000001 3.446635187949495e-05
2.400000000000001 3.445158894494789e-05
2.500000000000001 3.443850831492318e-05
2.600000000000001 3.442686259431326e-05
2.700000000000001 3.441644823380801e-05
2.800000000000001 3.440709655371768e-05
2.900000000000001 3.439866683025488e-05
3.000000000000001 3.439104092334759e-05
3.100000000000001 3.438411906742182e-05
3.200000000000002 3.437781654738314e-05
3.300000000000002 3.437206105408241e-05
3.400000000000002 3.436679056555559e-05
3.500000000000002 3.436195163820618e-05
3.600000000000002 3.435749801993331e-05
3.700000000000002 3.435338951783707e-05
3.800000000000002 3.434959106854424e-05
3.900000000000002 3.434607197080226e-05
4.000000000000002 3.434280524879241e-05
4.100000000000001 3.433976712133805e-05
4.200000000000001 3.433693655735663e-05
4.300000000000001 3.433429490190867e-05
4.4 3.433182556031697e-05
4.5 3.432951373027271e-05
4.6 3.432734617377282e-05
4.699999999999999 3.432531102225838e-05
4.799999999999999 3.432339760954012e-05
4.899999999999999 3.432159632807022e-05
4.999999999999998 3.431989850490223e-05
5.099999999999998 3.431829629431366e-05
5.199999999999998 3.431678258457866e-05
5.299999999999997 3.431535091679727e-05
5.399999999999997 3.431399541402939e-05
5.499999999999996 3.431271071926341e-05
5.599999999999996 3.431149194098112e-05
5.699999999999996 3.431033460527282e-05
5.799999999999995 3.430923461361558e-05
5.899999999999995 3.43081882055611e-05
5.999999999999995 3.430719192569022e-05
6.099999999999994 3.43062425942847e-05
6.199999999999994 3.430533728124515e-05
6.299999999999994 3.430447328285016e-05
6.399999999999993 3.430364810100787e-05
6.499999999999993 3.430285942469842e-05
6.599999999999993 3.430210511334653e-05
6.699999999999992 3.430138318189756e-05
6.799999999999992 3.430069178740035e-05
6.899999999999991 3.430002921692486e-05
6.999999999999991 3.429939387666484e-05
7.099999999999991 3.429878428209431e-05
7.19999999999999 3.42981990490627e-05
7.29999999999999 3.429763688572751e-05
7.39999999999999 3.429709658523547e-05
7.499999999999989 3.42965770190739e-05
7.599999999999989 3.429607713102254e-05
7.699999999999989 3.429559593164496e-05
7.799999999999988 3.429513249326476e-05
7.899999999999988 3.429468594537852e-05
7.999999999999988 3.429425547046243e-05
8.099999999999987 3.429384030013447e-05
8.199999999999987 3.429343971163806e-05
8.299999999999986 3.429305302461635e-05
8.399999999999986 3.429267959815061e-05
8.499999999999986 3.429231882803763e-05
8.599999999999985 3.429197014428454e-05
8.699999999999985 3.429163300880149e-05
8.799999999999985 3.429130691327429e-05
8.899999999999984 3.429099137720128e-05
8.999999999999984 3.429068594607984e-05
9.099999999999984 3.429039018972999e-05
9.199999999999983 3.429010370074292e-05
9.299999999999983 3.428982609304419e-05
9.399999999999983 3.428955700056188e-05
9.499999999999982 3.4289296075991e-05
9.599999999999982 3.428904298964634e-05
9.699999999999982 3.428879742839648e-05
9.799999999999981 3.428855909467246e-05
9.899999999999981 3.428832770554543e-05
9.99999999999998 3.428810299186734e-05
10.09999999999998 3.428788469747034e-05
10.19999999999998 3.428767257841982e-05
10.29999999999998 3.42874664023176e-05
10.39999999999998 3.428726594765066e-05
10.49999999999998 3.428707100318301e-05
10.59999999999998 3.428688136738647e-05
10.69999999999998 3.428669684790833e-05
10.79999999999998 3.428651726107263e-05
10.89999999999998 3.42863424314131e-05
10.99999999999998 3.4286172191235e-05
11.09999999999998 3.428600638020425e-05
11.19999999999998 3.42858448449617e-05
11.29999999999998 3.428568743876084e-05
11.39999999999998 3.428553402112737e-05
11.49999999999998 3.428538445753897e-05
11.59999999999997 3.428523861912431e-05
11.69999999999997 3.428509638237936e-05
11.79999999999997 3.428495762890051e-05
11.89999999999997 3.428482224513303e-05
11.99999999999997 3.42846901221337e-05
12.09999999999997 3.428456115534732e-05
12.19999999999997 3.428443524439538e-05
12.29999999999997 3.428431229287689e-05
12.39999999999997 3.428419220817999e-05
12.49999999999997 3.428407490130396e-05
12.59999999999997 3.428396028669114e-05
12.69999999999997 3.428384828206758e-05
12.79999999999997 3.428373880829258e-05
12.89999999999997 3.428363178921599e-05
12.99999999999997 3.428352715154326e-05
13.09999999999997 3.428342482470738e-05
13.19999999999997 3.428332474074758e-05
13.29999999999997 3.428322683419431e-05
13.39999999999997 3.42831310419601e-05
13.49999999999997 3.428303730323589e-05
13.59999999999997 3.42829455593927e-05
13.69999999999997 3.428285575388824e-05
13.79999999999997 3.428276783217805e-05
13.89999999999997 3.428268174163116e-05
13.99999999999997 3.428259743144983e-05
14.09999999999997 3.428251485259314e-05
14.19999999999997 3.428243395770445e-05
14.29999999999997 3.428235470104211e-05
14.39999999999996 3.428227703841372e-05
14.49999999999996 3.428220092711331e-05
14.59999999999996 3.428212632586156e-05
14.69999999999996 3.428205319474885e-05
14.79999999999996 3.428198149518084e-05
14.89999999999996 3.428191118982667e-05
14.99999999999996 3.42818422425695e-05
15.09999999999996 3.428177461845925e-05
15.19999999999996 3.428170828366758e-05
15.29999999999996 3.428164320544472e-05
15.39999999999996 3.428157935207844e-05
15.49999999999996 3.428151669285472e-05
15.59999999999996 3.428145519802006e-05
15.69999999999996 3.428139483874573e-05
15.79999999999996 3.428133558709317e-05
15.89999999999996 3.428127741598127e-05
15.99999999999996 3.428122029915484e-05
16.09999999999996 3.428116421115445e-05
16.19999999999996 3.428110912728758e-05
16.29999999999996 3.428105502360102e-05
16.39999999999996 3.428100187685435e-05
16.49999999999996 3.428094966449453e-05
16.59999999999997 3.428089836463166e-05
16.69999999999997 3.428084795601558e-05
16.79999999999997 3.428079841801352e-05
16.89999999999997 3.428074973058862e-05
16.99999999999997 3.428070187427936e-05
17.09999999999997 3.428065483017977e-05
17.19999999999997 3.428060857992047e-05
17.29999999999998 3.428056310565041e-05
17.39999999999998 3.428051839001942e-05
17.49999999999998 3.428047441616134e-05
17.59999999999998 3.428043116767788e-05
17.69999999999998 3.428038862862311e-05
17.79999999999998 3.428034678348846e-05
17.89999999999998 3.428030561718842e-05
17.99999999999999 3.428026511504673e-05
18.09999999999999 3.428022526278306e-05
18.19999999999999 3.42801860465002e-05
18.29999999999999 3.428014745267184e-05
18.39999999999999 3.428010946813068e-05
18.49999999999999 3.428007208005694e-05
18.59999999999999 3.428003527596756e-05
18.7 3.427999904370542e-05
18.8 3.42799633714293e-05
18.9 3.427992824760398e-05
19 3.427989366099078e-05
19.1 3.427985960063845e-05
19.2 3.427982605587437e-05
19.3 3.427979301629604e-05
19.40000000000001 3.427976047176289e-05
19.50000000000001 3.427972841238846e-05
19.60000000000001 3.427969682853267e-05
19.70000000000001 3.427966571079454e-05
19.80000000000001 3.427963505000508e-05
19.90000000000001 3.42796048372204e-05
20.00000000000001 3.427957506371509e-05
20.10000000000002 3.427954572097593e-05
20.20000000000002 3.427951680069556e-05
20.30000000000002 3.427948829476666e-05
20.40000000000002 3.427946019527609e-05
20.50000000000002 3.427943249449934e-05
20.60000000000002 3.427940518489517e-05
20.70000000000002 3.427937825910037e-05
20.80000000000003 3.427935170992479e-05
20.90000000000003 3.427932553034638e-05
21.00000000000003 3.427929971350654e-05
21.10000000000003 3.427927425270554e-05
21.20000000000003 3.427924914139815e-05
21.30000000000003 3.427922437318936e-05
21.40000000000003 3.427919994183018e-05
21.50000000000004 3.427917584121376e-05
21.60000000000004 3.427915206537145e-05
21.70000000000004 3.427912860846905e-05
21.80000000000004 3.427910546480323e-05
21.90000000000004 3.427908262879798e-05
22.00000000000004 3.42790600950012e-05
22.10000000000004 3.427903785808138e-05
22.20000000000005 3.427901591282452e-05
22.30000000000005 3.427899425413088e-05
22.40000000000005 3.427897287701208e-05
22.50000000000005 3.427895177658814e-05
22.60000000000005 3.427893094808469e-05
22.70000000000005 3.427891038683018e-05
22.80000000000005 3.427889008825332e-05
22.90000000000006 3.427887004788037e-05
23.00000000000006 3.427885026133281e-05
23.10000000000006 3.427883072432476e-05
23.20000000000006 3.427881143266073e-05
23.30000000000006 3.427879238223327e-05
23.40000000000006 3.427877356902083e-05
23.50000000000006 3.427875498908557e-05
23.60000000000007 3.427873663857123e-05
23.70000000000007 3.427871851370117e-05
23.80000000000007 3.427870061077638e-05
23.90000000000007 3.427868292617359e-05
24.00000000000007 3.427866545634333e-05
24.10000000000007 3.427864819780823e-05
24.20000000000007 3.427863114716119e-05
24.30000000000008 3.427861430106379e-05
24.40000000000008 3.427859765624445e-05
24.50000000000008 3.427858120949699e-05
24.60000000000008 3.4278564957679e-05
24.70000000000008 3.42785488977103e-05
24.80000000000008 3.427853302657152e-05
24.90000000000008 3.427851734130261e-05
25.00000000000009 3.427850183900145e-05
25.10000000000009 3.427848651682253e-05
25.20000000000009 3.42784713719756e-05
25.30000000000009 3.427845640172437e-05
25.40000000000009 3.427844160338527e-05
25.50000000000009 3.42784269743263e-05
25.60000000000009 3.427841251196568e-05
25.7000000000001 3.427839821377089e-05
25.8000000000001 3.427838407725742e-05
25.9000000000001 3.427837009998773e-05
26.0000000000001 3.427835627957016e-05
26.1000000000001 3.42783426136579e-05
26.2000000000001 3.427832909994802e-05
26.3000000000001 3.427831573618045e-05
26.40000000000011 3.427830252013698e-05
26.50000000000011 3.427828944964048e-05
26.60000000000011 3.42782765225538e-05
26.70000000000011 3.427826373677905e-05
26.80000000000011 3.427825109025661e-05
26.90000000000011 3.427823858096438e-05
27.00000000000011 3.427822620691693e-05
27.10000000000012 3.427821396616472e-05
27.20000000000012 3.427820185679327e-05
27.30000000000012 3.427818987692246e-05
27.40000000000012 3.427817802470579e-05
27.50000000000012 3.427816629832961e-05
27.60000000000012 3.427815469601248e-05
27.70000000000012 3.427814321600443e-05
27.80000000000013 3.427813185658635e-05
27.90000000000013 3.42781206160693e-05
28.00000000000013 3.427810949279388e-05
28.10000000000013 3.427809848512959e-05
28.20000000000013 3.42780875914743e-05
28.30000000000013 3.427807681025356e-05
28.40000000000013 3.427806613992013e-05
28.50000000000014 3.42780555789533e-05
28.60000000000014 3.427804512585848e-05
28.70000000000014 3.427803477916653e-05
28.80000000000014 3.427802453743334e-05
28.90000000000014 3.427801439923923e-05
29.00000000000014 3.427800436318858e-05
29.10000000000014 3.42779944279092e-05
29.20000000000014 3.427798459205197e-05
29.30000000000015 3.427797485429029e-05
29.40000000000015 3.427796521331971e-05
29.50000000000015 3.42779556678574e-05
29.60000000000015 3.427794621664182e-05
29.70000000000015 3.427793685843222e-05
29.80000000000015 3.427792759200821e-05
29.90000000000015 3.427791841616947e-05
30.00000000000016 3.427790932973526e-05
30.10000000000016 3.427790033154404e-05
30.20000000000016 3.427789142045317e-05
30.30000000000016 3.427788259533844e-05
30.40000000000016 3.427787385509379e-05
30.50000000000016 3.427786519863095e-05
30.60000000000016 3.427785662487903e-05
30.70000000000017 3.427784813278429e-05
30.80000000000017 3.427783972130974e-05
30.90000000000017 3.427783138943483e-05
31.00000000000017 3.427782313615516e-05
31.10000000000017 3.427781496048215e-05
31.20000000000017 3.427780686144277e-05
31.30000000000017 3.427779883807923e-05
31.40000000000018 3.427779088944864e-05
31.50000000000018 3.427778301462285e-05
31.60000000000018 3.427777521268809e-05
31.70000000000018 3.427776748274471e-05
31.80000000000018 3.427775982390695e-05
31.90000000000018 3.427775223530263e-05
32.00000000000018 3.427774471607297e-05
32.10000000000019 3.427773726537231e-05
32.20000000000019 3.42777298823678e-05
32.30000000000019 3.427772256623933e-05
32.40000000000019 3.427771531617914e-05
32.50000000000019 3.427770813139168e-05
32.60000000000019 3.427770101109333e-05
32.70000000000019 3.427769395451229e-05
32.8000000000002 3.427768696088823e-05
32.9000000000002 3.42776800294722e-05
33.0000000000002 3.427767315952638e-05
33.1000000000002 3.427766635032382e-05
33.2000000000002 3.42776596011484e-05
33.3000000000002 3.427765291129448e-05
33.4000000000002 3.427764628006679e-05
33.50000000000021 3.427763970678027e-05
33.60000000000021 3.427763319075986e-05
33.70000000000021 3.427762673134028e-05
33.80000000000021 3.427762032786596e-05
33.90000000000021 3.427761397969078e-05
34.00000000000021 3.427760768617795e-05
34.10000000000021 3.427760144669983e-05
34.20000000000022 3.427759526063782e-05
34.30000000000022 3.427758912738212e-05
34.40000000000022 3.427758304633168e-05
34.50000000000022 3.427757701689394e-05
34.60000000000022 3.427757103848477e-05
34.70000000000022 3.42775651105283e-05
34.80000000000022 3.427755923245677e-05
34.90000000000023 3.427755340371044e-05
35.00000000000023 3.427754762373735e-05
35.10000000000023 3.427754189199331e-05
35.20000000000023 3.427753620794169e-05
35.30000000000023 3.427753057105332e-05
35.40000000000023 3.427752498080636e-05
35.50000000000023 3.427751943668622e-05
35.60000000000024 3.427751393818536e-05
35.70000000000024 3.427750848480324e-05
35.80000000000024 3.427750307604618e-05
35.90000000000024 3.427749771142724e-05
36.00000000000024 3.427749239046611e-05
36.10000000000024 3.427748711268904e-05
36.20000000000024 3.427748187762866e-05
36.30000000000025 3.427747668482397e-05
36.40000000000025 3.427747153382014e-05
36.50000000000025 3.427746642416848e-05
36.60000000000025 3.427746135542632e-05
36.70000000000025 3.427745632715689e-05
36.80000000000025 3.427745133892927e-05
36.90000000000025 3.427744639031825e-05
37.00000000000026 3.427744148090427e-05
37.10000000000026 3.427743661027336e-05
37.20000000000026 3.42774317780169e-05
37.30000000000026 3.42774269837318e-05
37.40000000000026 3.427742222702014e-05
37.50000000000026 3.427741750748927e-05
37.60000000000026 3.427741282475166e-05
37.70000000000027 3.427740817842478e-05
37.80000000000027 3.427740356813114e-05
37.90000000000027 3.42773989934981e-05
38.00000000000027 3.427739445415784e-05
38.10000000000027 3.427738994974726e-05
38.20000000000027 3.427738547990797e-05
38.30000000000027 3.427738104428613e-05
38.40000000000028 3.427737664253247e-05
38.50000000000028 3.427737227430213e-05
38.60000000000028 3.427736793925468e-05
38.70000000000028 3.427736363705396e-05
38.80000000000028 3.427735936736812e-05
38.90000000000028 3.427735512986944e-05
39.00000000000028 3.427735092423438e-05
39.10000000000029 3.427734675014343e-05
39.20000000000029 3.427734260728109e-05
39.30000000000029 3.427733849533581e-05
39.40000000000029 3.427733441399993e-05
39.50000000000029 3.427733036296959e-05
39.60000000000029 3.427732634194472e-05
39.70000000000029 3.427732235062896e-05
39.8000000000003 3.427731838872959e-05
39.9000000000003 3.427731445595753e-05
40.0000000000003 3.427731055202719e-05
40.1000000000003 3.427730667665654e-05
40.2000000000003 3.427730282956697e-05
40.3000000000003 3.427729901048326e-05
40.4000000000003 3.427729521913355e-05
40.50000000000031 3.427729145524924e-05
40.60000000000031 3.427728771856505e-05
40.70000000000031 3.427728400881883e-05
40.80000000000031 3.427728032575164e-05
40.90000000000031 3.427727666910762e-05
41.00000000000031 3.427727303863398e-05
41.10000000000031 3.427726943408097e-05
41.20000000000032 3.427726585520177e-05
41.30000000000032 3.427726230175255e-05
41.40000000000032 3.427725877349236e-05
41.50000000000032 3.427725527018311e-05
41.60000000000032 3.427725179158947e-05
41.70000000000032 3.427724833747895e-05
41.80000000000032 3.427724490762175e-05
41.90000000000033 3.427724150179078e-05
42.00000000000033 3.42772381197616e-05
42.10000000000033 3.427723476131241e-05
42.20000000000033 3.427723142622397e-05
42.30000000000033 3.42772281142796e-05
42.40000000000033 3.427722482526511e-05
42.50000000000033 3.427722155896882e-05
42.60000000000034 3.427721831518146e-05
42.70000000000034 3.427721509369619e-05
42.80000000000034 3.427721189430855e-05
42.90000000000034 3.427720871681638e-05
43.00000000000034 3.427720556101988e-05
43.10000000000034 3.42772024267215e-05
43.20000000000034 3.427719931372595e-05
43.30000000000035 3.427719622184016e-05
43.40000000000035 3.427719315087324e-05
43.50000000000035 3.427719010063643e-05
43.60000000000035 3.427718707094317e-05
43.70000000000035 3.42771840616089e-05
43.80000000000035 3.427718107245122e-05
43.90000000000035 3.427717810328974e-05
44.00000000000036 3.427717515394605e-05
44.10000000000036 3.427717222424377e-05
44.20000000000036 3.427716931400849e-05
44.30000000000036 3.427716642306771e-05
44.40000000000036 3.427716355125083e-05
44.50000000000036 3.427716069838918e-05
44.60000000000036 3.427715786431588e-05
44.70000000000037 3.427715504886598e-05
44.80000000000037 3.427715225187622e-05
44.90000000000037 3.427714947318524e-05
45.00000000000037 3.427714671263339e-05
45.10000000000037 3.427714397006276e-05
45.20000000000037 3.427714124531716e-05
45.30000000000037 3.427713853824211e-05
45.40000000000038 3.427713584868478e-05
45.50000000000038 3.427713317649401e-05
45.60000000000038 3.427713052152029e-05
45.70000000000038 3.427712788361565e-05
45.80000000000038 3.427712526263375e-05
45.90000000000038 3.427712265842986e-05
46.00000000000038 3.427712007086074e-05
46.10000000000039 3.427711749978467e-05
46.20000000000039 3.427711494506148e-05
46.30000000000039 3.427711240655247e-05
46.40000000000039 3.42771098841204e-05
46.50000000000039 3.427710737762954e-05
46.60000000000039 3.427710488694548e-05
46.70000000000039 3.427710241193533e-05
46.8000000000004 3.427709995246754e-05
46.9000000000004 3.427709750841197e-05
47.0000000000004 3.427709507963981e-05
47.1000000000004 3.427709266602363e-05
47.2000000000004 3.42770902674373e-05
47.3000000000004 3.427708788375602e-05
47.4000000000004 3.427708551485626e-05
47.50000000000041 3.427708316061581e-05
47.60000000000041 3.427708082091368e-05
47.70000000000041 3.427707849563015e-05
47.80000000000041 3.427707618464675e-05
47.90000000000041 3.427707388784618e-05
48.00000000000041 3.427707160511237e-05
48.10000000000041 3.427706933633043e-05
48.20000000000041 3.427706708138667e-05
48.30000000000042 3.427706484016853e-05
48.40000000000042 3.427706261256457e-05
48.50000000000042 3.427706039846454e-05
48.60000000000042 3.427705819775926e-05
48.70000000000042 3.427705601034066e-05
48.80000000000042 3.427705383610181e-05
48.90000000000042 3.427705167493675e-05
49.00000000000043 3.42770495267407e-05
49.10000000000043 3.427704739140985e-05
49.20000000000043 3.427704526884145e-05
49.30000000000043 3.42770431589338e-05
49.40000000000043 3.427704106158618e-05
49.50000000000043 3.42770389766989e-05
49.60000000000043 3.427703690417323e-05
49.70000000000044 3.427703484391142e-05
49.80000000000044 3.427703279581671e-05
49.90000000000044 3.427703075979328e-05
50.00000000000044 3.427702873574626e-05
