0 -5.499268128212023e-05
0.1 -4.364758448621692e-05
0.2 -3.41400944051444e-05
0.3 -2.74285717241136e-05
0.4 -2.35136892305751e-05
0.5 -2.142492316601793e-05
0.6 -2.029800474927715e-05
0.7 -1.964949810192092e-05
0.7999999999999999 -1.924515598062889e-05
0.8999999999999999 -1.89728958196208e-05
0.9999999999999999 -1.877689081315973e-05
1.1 -1.862768765899121e-05
1.2 -1.850878749233031e-05
1.3 -1.841041010344692e-05
1.4 -1.832645160176434e-05
1.5 -1.825292159384105e-05
1.6 -1.818709936724563e-05
1.7 -1.812705657595235e-05
1.8 -1.807137531950873e-05
1.900000000000001 -1.801897472103876e-05
2 -1.796899993223434e-05
2.100000000000001 -1.792074810630828e-05
2.200000000000001 -1.787361667479232e-05
2.300000000000001 -1.78270650865634e-05
2.400000000000001 -1.778058435856302e-05
2.500000000000001 -1.773367050904428e-05
2.600000000000001 -1.768579877448934e-05
2.700000000000001 -1.763639571936571e-05
2.800000000000001 -1.758480601368556e-05
2.900000000000001 -1.753024970935649e-05
3.000000000000001 -1.747176406531522e-05
3.100000000000001 -1.740812090432924e-05
3.200000000000002 -1.733770533700931e-05
3.300000000000002 -1.725833312386667e-05
3.400000000000002 -1.716696983582143e-05
3.500000000000002 -1.705929231566033e-05
3.600000000000002 -1.69289988789385e-05
3.700000000000002 -1.676673190485981e-05
3.800000000000002 -1.65584530451477e-05
3.900000000000002 -1.628322095231479e-05
4.000000000000002 -1.591090674057578e-05
4.100000000000001 -1.540218910348414e-05
4.200000000000001 -1.471681649811284e-05
4.300000000000001 -1.383841909904485e-05
4.4 -1.281193611731455e-05
4.5 -1.175616969363006e-05
4.6 -1.081181181244885e-05
4.699999999999999 -1.006419991341859e-05
4.799999999999999 -9.519985990354611e-06
4.899999999999999 -9.13968658539569e-06
4.999999999999998 -8.875894980450555e-06
5.099999999999998 -8.691644570245555e-06
5.199999999999998 -8.56204960409531e-06
5.299999999999997 -8.470118730233577e-06
5.399999999999997 -8.40381137198554e-06
5.499999999999996 -8.354782936048565e-06
5.599999999999996 -8.317477895922855e-06
5.699999999999996 -8.288272025511477e-06
5.799999999999995 -8.264795745403663e-06
5.899999999999995 -8.245474996506164e-06
5.999999999999995 -8.229241123499394e-06
6.099999999999994 -8.215351478872728e-06
6.199999999999994 -8.203278075857228e-06
6.299999999999994 -8.192637409750065e-06
6.399999999999993 -8.183145339061505e-06
6.499999999999993 -8.174587462356499e-06
6.599999999999993 -8.166799263943332e-06
6.699999999999992 -8.159652543708741e-06
6.799999999999992 -8.153045970232761e-06
6.899999999999991 -8.146898390828096e-06
6.999999999999991 -8.141144017890121e-06
7.099999999999991 -8.135728913573151e-06
7.19999999999999 -8.130608386862739e-06
7.29999999999999 -8.125745041159913e-06
7.39999999999999 -8.121107291958782e-06
7.499999999999989 -8.116668228546933e-06
7.599999999999989 -8.112404730452079e-06
7.699999999999989 -8.108296774616764e-06
7.799999999999988 -8.104326886848912e-06
7.899999999999988 -8.100479703462969e-06
7.999999999999988 -8.096741617834089e-06
8.099999999999987 -8.093100492928505e-06
8.199999999999987 -8.089545425485575e-06
8.299999999999986 -8.086066550913076e-06
8.399999999999986 -8.082654880466456e-06
8.499999999999986 -8.079302164156428e-06
8.599999999999985 -8.076000774239731e-06
8.699999999999985 -8.072743605215443e-06
8.799999999999985 -8.069523987062715e-06
8.899999999999984 -8.066335609076978e-06
8.999999999999984 -8.063172452137328e-06
9.099999999999984 -8.060028727600709e-06
9.199999999999983 -8.056898821294091e-06
9.299999999999983 -8.053777241281195e-06
9.399999999999983 -8.050658568228216e-06
9.499999999999982 -8.047537407293951e-06
9.599999999999982 -8.044408340527344e-06
9.699999999999982 -8.041265878775837e-06
9.799999999999981 -8.038104412090078e-06
9.899999999999981 -8.034918157554838e-06
9.99999999999998 -8.031701103379383e-06
10.09999999999998 -8.028446947936152e-06
10.19999999999998 -8.02514903223783e-06
10.29999999999998 -8.02180026407646e-06
10.39999999999998 -8.018393031697659e-06
10.49999999999998 -8.014919104426627e-06
10.59999999999998 -8.011369517068536e-06
10.69999999999998 -8.007734434133558e-06
10.79999999999998 -8.00400298892904e-06
10.89999999999998 -8.000163091241449e-06
10.99999999999998 -7.996201195592148e-06
11.09999999999998 -7.992102019746881e-06
11.19999999999998 -7.987848200084821e-06
11.29999999999998 -7.983419866300595e-06
11.39999999999998 -7.97879411231517e-06
11.49999999999998 -7.973944332626634e-06
11.59999999999997 -7.968839382802677e-06
11.69999999999997 -7.96344250818458e-06
11.79999999999997 -7.957709964355882e-06
11.89999999999997 -7.95158922388845e-06
11.99999999999997 -7.94501662238161e-06
12.09999999999997 -7.937914236938558e-06
12.19999999999997 -7.930185703007041e-06
12.29999999999997 -7.92171054724777e-06
12.39999999999997 -7.912336423749408e-06
12.49999999999997 -7.901868356069607e-06
12.59999999999997 -7.89005365831532e-06
12.69999999999997 -7.876560558316928e-06
12.79999999999997 -7.860947559625964e-06
12.89999999999997 -7.842619088532846e-06
12.99999999999997 -7.820760749212042e-06
13.09999999999997 -7.794244291731992e-06
13.19999999999997 -7.761488023367532e-06
13.29999999999997 -7.720253251694749e-06
13.39999999999997 -7.667353605394575e-06
13.49999999999997 -7.598258671431074e-06
13.59999999999997 -7.506604280157277e-06
13.69999999999997 -7.383717810824764e-06
13.79999999999997 -7.218491784666231e-06
13.89999999999997 -6.998335577054212e-06
13.99999999999997 -6.712326458663656e-06
14.09999999999997 -6.357291074129121e-06
14.19999999999997 -5.945117269550941e-06
14.29999999999997 -5.505656293355133e-06
14.39999999999996 -5.079428357278776e-06
14.49999999999996 -4.702560146475546e-06
14.59999999999996 -4.394840103216491e-06
14.69999999999996 -4.158320089941907e-06
14.79999999999996 -3.983668904949143e-06
14.89999999999996 -3.857524302282478e-06
14.99999999999996 -3.767148686964894e-06
15.09999999999996 -3.70227256103376e-06
15.19999999999996 -3.655294005777702e-06
15.29999999999996 -3.620831218294647e-06
15.39999999999996 -3.595154798546911e-06
15.49999999999996 -3.575699664011307e-06
15.59999999999996 -3.56069973367847e-06
15.69999999999996 -3.548931438385521e-06
15.79999999999996 -3.539539074361418e-06
15.89999999999996 -3.531917429944551e-06
15.99999999999996 -3.525633137614037e-06
16.09999999999996 -3.520371807257556e-06
16.19999999999996 -3.515902234364642e-06
16.29999999999996 -3.512051921581265e-06
16.39999999999996 -3.508690116194846e-06
16.49999999999996 -3.505715847577393e-06
16.59999999999997 -3.503049271064368e-06
16.69999999999997 -3.500625139488193e-06
16.79999999999997 -3.498387525338463e-06
16.89999999999997 -3.496285058273002e-06
16.99999999999997 -3.494265947399334e-06
17.09999999999997 -3.492271932203949e-06
17.19999999999997 -3.490230075487506e-06
17.29999999999998 -3.488041126830436e-06
17.39999999999998 -3.48556362561404e-06
17.49999999999998 -3.482595685130589e-06
17.59999999999998 -3.478865266539436e-06
17.69999999999998 -3.474058950112376e-06
17.79999999999998 -3.467939601229181e-06
17.89999999999998 -3.460570914529089e-06
17.99999999999999 -3.45250972949847e-06
18.09999999999999 -3.444684879423866e-06
18.19999999999999 -3.437935948139908e-06
18.29999999999999 -3.432636178511726e-06
18.39999999999999 -3.428705187981114e-06
18.49999999999999 -3.425845791417176e-06
18.59999999999999 -3.423742449961951e-06
18.7 -3.422145286865699e-06
18.8 -3.420880467896194e-06
18.9 -3.419834198353097e-06
19 -3.41893382462833e-06
19.1 -3.418133181748146e-06
19.2 -3.417402730076204e-06
19.3 -3.416723300666927e-06
19.40000000000001 -3.416082223271785e-06
19.50000000000001 -3.4154709435128e-06
19.60000000000001 -3.41488355071356e-06
19.70000000000001 -3.414315859742841e-06
19.80000000000001 -3.413764831193518e-06
19.90000000000001 -3.41322820001756e-06
20.00000000000001 -3.41270423409644e-06
20.10000000000002 -3.412191574869941e-06
20.20000000000002 -3.411689130506596e-06
20.30000000000002 -3.411196003190854e-06
20.40000000000002 -3.410711438874661e-06
20.50000000000002 -3.410234792025941e-06
20.60000000000002 -3.409765500524964e-06
20.70000000000002 -3.40930306751847e-06
20.80000000000003 -3.408847048106402e-06
20.90000000000003 -3.408397039427808e-06
21.00000000000003 -3.407952673167409e-06
21.10000000000003 -3.407513609807192e-06
21.20000000000003 -3.40707953415107e-06
21.30000000000003 -3.406650151789476e-06
21.40000000000003 -3.406225186265956e-06
21.50000000000004 -3.405804376774212e-06
21.60000000000004 -3.405387476260658e-06
21.70000000000004 -3.404974249840256e-06
21.80000000000004 -3.404564473457307e-06
21.90000000000004 -3.404157932739639e-06
22.00000000000004 -3.40375442200718e-06
22.10000000000004 -3.403353743404986e-06
22.20000000000005 -3.402955706137507e-06
22.30000000000005 -3.402560125786001e-06
22.40000000000005 -3.402166823694718e-06
22.50000000000005 -3.40177562641443e-06
22.60000000000005 -3.401386365194071e-06
22.70000000000005 -3.400998875512967e-06
22.80000000000005 -3.400612996647392e-06
22.90000000000006 -3.400228571266352e-06
23.00000000000006 -3.3998454450522e-06
23.10000000000006 -3.399463466342335e-06
23.20000000000006 -3.399082485788849e-06
23.30000000000006 -3.398702356033273e-06
23.40000000000006 -3.398322931393963e-06
23.50000000000006 -3.397944067563914e-06
23.60000000000007 -3.397565621317044e-06
23.70000000000007 -3.397187450221028e-06
23.80000000000007 -3.396809412355013e-06
23.90000000000007 -3.396431366030629e-06
24.00000000000007 -3.396053169514681e-06
24.10000000000007 -3.395674680752135e-06
24.20000000000007 -3.395295757087754e-06
24.30000000000008 -3.394916254985115e-06
24.40000000000008 -3.394536029741427e-06
24.50000000000008 -3.394154935196641e-06
24.60000000000008 -3.393772823435358e-06
24.70000000000008 -3.393389544479941e-06
24.80000000000008 -3.393004945973038e-06
24.90000000000008 -3.392618872847878e-06
25.00000000000009 -3.392231166984329e-06
25.10000000000009 -3.391841666848699e-06
25.20000000000009 -3.391450207115087e-06
25.30000000000009 -3.391056618265876e-06
25.40000000000009 -3.390660726168664e-06
25.50000000000009 -3.390262351626889e-06
25.60000000000009 -3.389861309900812e-06
25.7000000000001 -3.389457410195433e-06
25.8000000000001 -3.389050455111352e-06
25.9000000000001 -3.38864024005428e-06
26.0000000000001 -3.388226552598224e-06
26.1000000000001 -3.387809171796943e-06
26.2000000000001 -3.387387867437446e-06
26.3000000000001 -3.386962399228578e-06
26.40000000000011 -3.386532515916873e-06
26.50000000000011 -3.386097954320623e-06
26.60000000000011 -3.385658438272096e-06
26.70000000000011 -3.385213677456266e-06
26.80000000000011 -3.384763366132762e-06
26.90000000000011 -3.384307181725891e-06
27.00000000000011 -3.383844783265159e-06
27.10000000000012 -3.383375809656264e-06
27.20000000000012 -3.382899877759095e-06
27.30000000000012 -3.382416580245875e-06
27.40000000000012 -3.381925483207965e-06
27.50000000000012 -3.381426123474761e-06
27.60000000000012 -3.380918005601877e-06
27.70000000000012 -3.380400598478414e-06
27.80000000000013 -3.379873331494286e-06
27.90000000000013 -3.379335590197889e-06
28.00000000000013 -3.378786711361617e-06
28.10000000000013 -3.378225977357224e-06
28.20000000000013 -3.377652609724131e-06
28.30000000000013 -3.377065761790944e-06
28.40000000000013 -3.37646451018237e-06
28.50000000000014 -3.375847845009244e-06
28.60000000000014 -3.375214658497041e-06
28.70000000000014 -3.374563731755765e-06
28.80000000000014 -3.373893719328818e-06
28.90000000000014 -3.373203131077176e-06
29.00000000000014 -3.372490310853072e-06
29.10000000000014 -3.371753411289174e-06
29.20000000000014 -3.370990363866382e-06
29.30000000000015 -3.370198843217133e-06
29.40000000000015 -3.369376224356872e-06
29.50000000000015 -3.368519531197328e-06
29.60000000000015 -3.367625374257518e-06
29.70000000000015 -3.366689874919856e-06
29.80000000000015 -3.365708572836555e-06
29.90000000000015 -3.364676312116701e-06
30.00000000000016 -3.363587100636493e-06
30.10000000000016 -3.362433935102833e-06
30.20000000000016 -3.361208582209831e-06
30.30000000000016 -3.359901303143123e-06
30.40000000000016 -3.358500504505695e-06
30.50000000000016 -3.356992293032739e-06
30.60000000000016 -3.355359903621617e-06
30.70000000000017 -3.353582959353359e-06
30.80000000000017 -3.351636507064336e-06
30.90000000000017 -3.34948975081616e-06
31.00000000000017 -3.347104375653354e-06
31.10000000000017 -3.344432311448172e-06
31.20000000000017 -3.341412725726832e-06
31.30000000000017 -3.337967946824715e-06
31.40000000000018 -3.333997892382235e-06
31.50000000000018 -3.329372395495552e-06
31.60000000000018 -3.323920556805255e-06
31.70000000000018 -3.317415871092187e-06
31.80000000000018 -3.309555337161397e-06
31.90000000000018 -3.299930009719704e-06
32.00000000000018 -3.287983453472336e-06
32.10000000000019 -3.272953338576283e-06
32.20000000000019 -3.253790191568504e-06
32.30000000000019 -3.229046789286634e-06
32.40000000000019 -3.1967336357514e-06
32.50000000000019 -3.154144311643358e-06
32.60000000000019 -3.097676717667066e-06
32.70000000000019 -3.022723878574635e-06
32.8000000000002 -2.923791295383546e-06
32.9000000000002 -2.795103688482154e-06
33.0000000000002 -2.632006343677141e-06
33.1000000000002 -2.43324148382642e-06
33.2000000000002 -2.203478910116553e-06
33.3000000000002 -1.954539311166901e-06
33.4000000000002 -1.703644190507104e-06
33.50000000000021 -1.468743249847255e-06
33.60000000000021 -1.263386978222481e-06
33.70000000000021 -1.094035067315662e-06
33.80000000000021 -9.605939132856551e-07
33.90000000000021 -8.58814002143018e-07
34.00000000000021 -7.82790342201373e-07
34.10000000000021 -7.266531479644916e-07
34.20000000000022 -6.853781362479178e-07
34.30000000000022 -6.550033468252478e-07
34.40000000000022 -6.325493702088568e-07
34.50000000000022 -6.158356430184152e-07
34.60000000000022 -6.032890019162135e-07
34.70000000000022 -5.937813854914526e-07
34.80000000000022 -5.865044614770678e-07
34.90000000000023 -5.808773644882081e-07
35.00000000000023 -5.764805520137356e-07
35.10000000000023 -5.730090163255139e-07
35.20000000000023 -5.70239374241074e-07
35.30000000000023 -5.680067351751163e-07
35.40000000000023 -5.661884023479195e-07
35.50000000000023 -5.646923368822145e-07
35.60000000000024 -5.634489453796016e-07
35.70000000000024 -5.624051946121455e-07
35.80000000000024 -5.615203638384516e-07
35.90000000000024 -5.607629564601571e-07
36.00000000000024 -5.601084378561554e-07
36.10000000000024 -5.595375660792234e-07
36.20000000000024 -5.590351510277363e-07
36.30000000000025 -5.585891255117683e-07
36.40000000000025 -5.581898449733959e-07
36.50000000000025 -5.578295560156702e-07
36.60000000000025 -5.575019904157271e-07
36.70000000000025 -5.572020530423881e-07
36.80000000000025 -5.569255805032406e-07
36.90000000000025 -5.566691534018573e-07
37.00000000000026 -5.564299494768181e-07
37.10000000000026 -5.562056280999045e-07
37.20000000000026 -5.559942389653447e-07
37.30000000000026 -5.55794149542775e-07
37.40000000000026 -5.556039871608401e-07
37.50000000000026 -5.554225925569178e-07
37.60000000000026 -5.55248982456601e-07
37.70000000000027 -5.550823192982699e-07
37.80000000000027 -5.549218866366397e-07
37.90000000000027 -5.547670690802751e-07
38.00000000000027 -5.54617335863908e-07
38.10000000000027 -5.544722273467174e-07
38.20000000000027 -5.543313438753143e-07
38.30000000000027 -5.541943365650018e-07
38.40000000000028 -5.540608996429133e-07
38.50000000000028 -5.539307640674358e-07
38.60000000000028 -5.53803692194023e-07
38.70000000000028 -5.536794733019451e-07
38.80000000000028 -5.535579198314548e-07
38.90000000000028 -5.534388642092502e-07
39.00000000000028 -5.533221561623523e-07
39.10000000000029 -5.532076604388828e-07
39.20000000000029 -5.530952548686964e-07
39.30000000000029 -5.529848287085762e-07
39.40000000000029 -5.528762812266178e-07
39.50000000000029 -5.527695204878863e-07
39.60000000000029 -5.526644623101071e-07
39.70000000000029 -5.525610293632446e-07
39.8000000000003 -5.524591503911417e-07
39.9000000000003 -5.523587595371053e-07
40.0000000000003 -5.522597957579748e-07
40.1000000000003 -5.521622023139217e-07
40.2000000000003 -5.520659263230326e-07
40.3000000000003 -5.519709183716024e-07
40.4000000000003 -5.518771321722368e-07
40.50000000000031 -5.517845242633431e-07
40.60000000000031 -5.516930537442009e-07
40.70000000000031 -5.516026820409754e-07
40.80000000000031 -5.515133726995522e-07
40.90000000000031 -5.51425091201648e-07
41.00000000000031 -5.513378048012352e-07
41.10000000000031 -5.512514823787433e-07
41.20000000000032 -5.511660943107043e-07
41.30000000000032 -5.510816123530521e-07
41.40000000000032 -5.509980095363203e-07
41.50000000000032 -5.509152600713777e-07
41.60000000000032 -5.508333392644028e-07
41.70000000000032 -5.507522234400623e-07
41.80000000000032 -5.506718898718964e-07
41.90000000000033 -5.505923167191589e-07
42.00000000000033 -5.505134829693399e-07
42.10000000000033 -5.504353683857289e-07
42.20000000000033 -5.503579534595519e-07
42.30000000000033 -5.502812193660921e-07
42.40000000000033 -5.502051479244166e-07
42.50000000000033 -5.501297215603442e-07
42.60000000000034 -5.500549232722687e-07
42.70000000000034 -5.499807365995657e-07
42.80000000000034 -5.499071455933326e-07
42.90000000000034 -5.498341347891422e-07
43.00000000000034 -5.497616891816975e-07
43.10000000000034 -5.496897942010763e-07
43.20000000000034 -5.496184356904486e-07
43.30000000000035 -5.495475998850766e-07
43.40000000000035 -5.494772733923885e-07
43.50000000000035 -5.494074431729863e-07
43.60000000000035 -5.493380965224576e-07
43.70000000000035 -5.492692210537426e-07
43.80000000000035 -5.492008046799291e-07
43.90000000000035 -5.491328355972914e-07
44.00000000000036 -5.490653022682995e-07
44.10000000000036 -5.489981934044208e-07
44.20000000000036 -5.489314979483848e-07
44.30000000000036 -5.48865205055605e-07
44.40000000000036 -5.487993040743404e-07
44.50000000000036 -5.487337845241508e-07
44.60000000000036 -5.486686360719958e-07
44.70000000000037 -5.486038485053218e-07
44.80000000000037 -5.485394117011991e-07
44.90000000000037 -5.484753155903746e-07
45.00000000000037 -5.484115501148258e-07
45.10000000000037 -5.483481051770822e-07
45.20000000000037 -5.482849705789307e-07
45.30000000000037 -5.482221359467055e-07
45.40000000000038 -5.481595906394017e-07
45.50000000000038 -5.480973236347974e-07
45.60000000000038 -5.480353233874956e-07
45.70000000000038 -5.479735776507109e-07
45.80000000000038 -5.479120732514506e-07
45.90000000000038 -5.47850795805252e-07
46.00000000000038 -5.477897293523585e-07
46.10000000000039 -5.477288558913379e-07
46.20000000000039 -5.476681547780872e-07
46.30000000000039 -5.476076019473034e-07
46.40000000000039 -5.47547168898532e-07
46.50000000000039 -5.474868213682067e-07
46.60000000000039 -5.474265175803145e-07
46.70000000000039 -5.473662059279061e-07
46.8000000000004 -5.473058218807056e-07
46.9000000000004 -5.472452838327025e-07
47.0000000000004 -5.471844874870454e-07
47.1000000000004 -5.471232982063591e-07
47.2000000000004 -5.470615405096835e-07
47.3000000000004 -5.469989835327128e-07
47.4000000000004 -5.469353207255769e-07
47.50000000000041 -5.468701412471911e-07
47.60000000000041 -5.468028892785605e-07
47.70000000000041 -5.467328055844211e-07
47.80000000000041 -5.466588427294806e-07
47.90000000000041 -5.465795408073451e-07
48.00000000000041 -5.464928434201886e-07
48.10000000000041 -5.463958224644424e-07
48.20000000000041 -5.462842627323727e-07
48.30000000000042 -5.461520300455998e-07
48.40000000000042 -5.459901050795664e-07
48.50000000000042 -5.457851046156829e-07
48.60000000000042 -5.455170325078285e-07
48.70000000000042 -5.451559226503352e-07
48.80000000000042 -5.446570306407256e-07
48.90000000000042 -5.439545172937242e-07
49.00000000000043 -5.42954658103771e-07
49.10000000000043 -5.41532427295583e-07
49.20000000000043 -5.395406363259469e-07
49.30000000000043 -5.36846558471413e-07
49.40000000000043 -5.334064445180105e-07
49.50000000000043 -5.293555469844681e-07
49.60000000000043 -5.250387426548371e-07
49.70000000000044 -5.209110663609145e-07
49.80000000000044 -5.173530436151021e-07
49.90000000000044 -5.145437869555219e-07
50.00000000000044 -5.124671416753282e-07
