0 -5.499268128212023e-05
0.1 -5.334292256655363e-05
0.2 -5.097224392073237e-05
0.3 -4.913757287854389e-05
0.4 -4.765733660846585e-05
0.5 -4.624434075639523e-05
0.6 -4.459746088871533e-05
0.7 -4.230444521774134e-05
0.7999999999999999 -3.871552296705724e-05
0.8999999999999999 -3.337340189312519e-05
0.9999999999999999 -3.133657307445706e-05
1.1 -4.6198338579317e-05
1.2 -5.463374297578671e-05
1.3 -5.349258293111426e-05
1.4 -5.121624432708137e-05
1.5 -4.934232858032051e-05
1.6 -4.782990835253955e-05
1.7 -4.64111994832181e-05
1.8 -4.47887829722085e-05
1.900000000000001 -4.256301113329572e-05
2 -3.91057560444308e-05
2.100000000000001 -3.388681017091799e-05
2.200000000000001 -3.113680530187699e-05
2.300000000000001 -4.500886633573647e-05
2.400000000000001 -5.457893188386305e-05
2.500000000000001 -5.349653398220493e-05
2.600000000000001 -5.112331322538793e-05
2.700000000000001 -4.943554314778259e-05
2.800000000000001 -4.799954493158098e-05
2.900000000000001 -4.657863746604503e-05
3.000000000000001 -4.496763829737168e-05
3.100000000000001 -4.279198063081705e-05
3.200000000000002 -3.944243415313888e-05
3.300000000000002 -3.433434199475257e-05
3.400000000000002 -3.101293648203197e-05
3.500000000000002 -4.382727835226185e-05
3.600000000000002 -5.448497868001049e-05
3.700000000000002 -5.376967935822396e-05
3.800000000000002 -5.132756579020752e-05
3.900000000000002 -4.933751729451087e-05
4.000000000000002 -4.785496781780628e-05
4.100000000000001 -4.666224743432339e-05
4.200000000000001 -4.514446124434122e-05
4.300000000000001 -4.301392230157579e-05
4.4 -3.975314952513426e-05
4.5 -3.474581464044732e-05
4.6 -3.094642238169044e-05
4.699999999999999 -4.265286704128349e-05
4.799999999999999 -5.431164744131866e-05
4.899999999999999 -5.396695742767715e-05
4.999999999999998 -5.154702428796525e-05
5.099999999999998 -4.955393469003419e-05
5.199999999999998 -4.796341394238861e-05
5.299999999999997 -4.650635537647718e-05
5.399999999999997 -4.50346429324945e-05
5.499999999999996 -4.317586226884079e-05
5.599999999999996 -4.006371525094948e-05
5.699999999999996 -3.515581840953658e-05
5.799999999999995 -3.093169323434434e-05
5.899999999999995 -4.144947553571066e-05
5.999999999999995 -5.407761614580802e-05
6.099999999999994 -5.413289463181088e-05
6.199999999999994 -5.171889150380395e-05
6.299999999999994 -4.970643386763066e-05
6.399999999999993 -4.812736021598425e-05
6.499999999999993 -4.669797642766149e-05
6.599999999999993 -4.512293632626167e-05
6.699999999999992 -4.306322295336121e-05
6.799999999999992 -4.012319954562959e-05
6.899999999999991 -3.55410335317537e-05
6.999999999999991 -3.098204728461569e-05
7.099999999999991 -4.017825751359653e-05
7.19999999999999 -5.377532811090487e-05
7.29999999999999 -5.429543743903179e-05
7.39999999999999 -5.188388527127562e-05
7.499999999999989 -4.983505392911147e-05
7.599999999999989 -4.824389865439939e-05
7.699999999999989 -4.683257086287584e-05
7.799999999999988 -4.531164665582403e-05
7.899999999999988 -4.332703779624957e-05
7.999999999999988 -4.033346592752814e-05
8.099999999999987 -3.565077923887322e-05
8.199999999999987 -3.087318714272321e-05
8.299999999999986 -3.87725437636692e-05
8.399999999999986 -5.338299996874378e-05
8.499999999999986 -5.447637182492478e-05
8.599999999999985 -5.206872139847007e-05
8.699999999999985 -4.997011320048148e-05
8.799999999999985 -4.835358927255981e-05
8.899999999999984 -4.694445024148503e-05
8.999999999999984 -4.545595874545936e-05
9.099999999999984 -4.354761317375017e-05
9.199999999999983 -4.069820412736667e-05
9.299999999999983 -3.618061102089436e-05
9.399999999999983 -3.093817599924958e-05
9.499999999999982 -3.694244510705878e-05
9.599999999999982 -5.263540967191265e-05
9.699999999999982 -5.465507001563156e-05
9.799999999999981 -5.229996250365606e-05
9.899999999999981 -5.013798157994163e-05
9.99999999999998 -4.848175276960178e-05
10.09999999999998 -4.706390798570931e-05
10.19999999999998 -4.559745217990035e-05
10.29999999999998 -4.375163105587441e-05
10.39999999999998 -4.102869093801287e-05
10.49999999999998 -3.670226663329403e-05
10.59999999999998 -3.129195017787137e-05
10.69999999999998 -3.547214814489704e-05
10.79999999999998 -5.170881198835095e-05
10.89999999999998 -5.450539543525971e-05
10.99999999999998 -5.239464164167581e-05
11.09999999999998 -5.03342517912138e-05
11.19999999999998 -4.865308410737555e-05
11.29999999999998 -4.721417191337304e-05
11.39999999999998 -4.575835651785282e-05
11.49999999999998 -4.396529041549365e-05
11.59999999999997 -4.135880394293798e-05
11.69999999999997 -3.722040519731976e-05
11.79999999999997 -3.171477640849685e-05
11.89999999999997 -3.408468247085528e-05
11.99999999999997 -5.07524010690799e-05
12.09999999999997 -5.471648736289761e-05
12.19999999999997 -5.249826894042529e-05
12.29999999999997 -5.023321911002279e-05
12.39999999999997 -4.870844246245594e-05
12.49999999999997 -4.739148766248831e-05
12.59999999999997 -4.595611804067278e-05
12.69999999999997 -4.420187273813803e-05
12.79999999999997 -4.169636762263625e-05
12.89999999999997 -3.773852692084843e-05
12.99999999999997 -3.222116135739091e-05
13.09999999999997 -3.293604011669581e-05
13.19999999999997 -4.95364511396491e-05
13.29999999999997 -5.485429597426012e-05
13.39999999999997 -5.285825232558467e-05
13.49999999999997 -5.052305072358787e-05
13.59999999999997 -4.870437222144033e-05
13.69999999999997 -4.726040916160425e-05
13.79999999999997 -4.605154306073903e-05
13.89999999999997 -4.445215546097622e-05
13.99999999999997 -4.204350899807233e-05
14.09999999999997 -3.824552277273929e-05
14.19999999999997 -3.277812249549791e-05
14.29999999999997 -3.212058152298257e-05
14.39999999999996 -4.819168553613404e-05
14.49999999999996 -5.489410718379238e-05
14.59999999999996 -5.315627040472752e-05
14.69999999999996 -5.080644785611019e-05
14.79999999999996 -4.897871966513587e-05
14.89999999999996 -4.747385414221828e-05
14.99999999999996 -4.600802624165677e-05
15.09999999999996 -4.438271360797493e-05
15.19999999999996 -4.2283545877956e-05
15.29999999999996 -3.872466380114847e-05
15.39999999999996 -3.33483509590706e-05
15.49999999999996 -3.161742462497816e-05
15.59999999999996 -4.684048259909548e-05
15.69999999999996 -5.486219993117762e-05
15.79999999999996 -5.3413478145396e-05
15.89999999999996 -5.104168139697877e-05
15.99999999999996 -4.918651787338005e-05
16.09999999999996 -4.768890801302791e-05
16.19999999999996 -4.625960371231853e-05
16.29999999999996 -4.459388941863551e-05
16.39999999999996 -4.229694293291336e-05
16.49999999999996 -3.886268760044427e-05
16.59999999999997 -3.382222394470902e-05
16.69999999999997 -3.134887067682254e-05
16.79999999999997 -4.556541056743675e-05
16.89999999999997 -5.478408108384839e-05
16.99999999999997 -5.364115109856149e-05
17.09999999999997 -5.124852447730772e-05
17.19999999999997 -4.935720832317642e-05
17.29999999999998 -4.784806802218656e-05
17.39999999999998 -4.643601301906587e-05
17.49999999999998 -4.482405561842148e-05
17.59999999999998 -4.26173141422838e-05
17.69999999999998 -3.919460694845323e-05
17.79999999999998 -3.400324992185907e-05
17.89999999999998 -3.095224644964289e-05
17.99999999999999 -4.432545098649596e-05
18.09999999999999 -5.468315704804591e-05
18.19999999999999 -5.385749866084154e-05
18.29999999999999 -5.144188403452564e-05
18.39999999999999 -4.950901983813019e-05
18.49999999999999 -4.798039261258267e-05
18.59999999999999 -4.6572019035815e-05
18.7 -4.499049057201231e-05
18.8 -4.285473605643848e-05
18.9 -3.956617957682425e-05
19 -3.450787713561406e-05
19.1 -3.081460929309453e-05
19.2 -4.284752209441027e-05
19.3 -5.43084449285668e-05
19.40000000000001 -5.403179423039715e-05
19.50000000000001 -5.164104251428853e-05
19.60000000000001 -4.966163808546668e-05
19.70000000000001 -4.810469874835536e-05
19.80000000000001 -4.669162473699174e-05
19.90000000000001 -4.513010006918347e-05
20.00000000000001 -4.3048437291686e-05
20.10000000000002 -3.986644767382684e-05
20.20000000000002 -3.493508917061869e-05
20.30000000000002 -3.084365713867495e-05
20.40000000000002 -4.174147271808818e-05
20.50000000000002 -5.400747620470987e-05
20.60000000000002 -5.388908289547354e-05
20.70000000000002 -5.16237630369022e-05
20.80000000000003 -4.979446609692923e-05
20.90000000000003 -4.82414346150869e-05
21.00000000000003 -4.681612775824002e-05
21.10000000000003 -4.526545523320119e-05
21.20000000000003 -4.322953774903324e-05
21.30000000000003 -4.014417004732225e-05
21.40000000000003 -3.533060080339732e-05
21.50000000000004 -3.086478816370641e-05
21.60000000000004 -4.052050527912704e-05
21.70000000000004 -5.3795726094469e-05
21.80000000000004 -5.413064632415021e-05
21.90000000000004 -5.167046514772615e-05
22.00000000000004 -4.960543423517375e-05
22.10000000000004 -4.819129271903025e-05
22.20000000000005 -4.693350226161071e-05
22.30000000000005 -4.541918502149662e-05
22.40000000000005 -4.342291223013781e-05
22.50000000000005 -4.042934996414139e-05
22.60000000000005 -3.573755996622825e-05
22.70000000000005 -3.092523554430046e-05
22.80000000000005 -3.915849493160418e-05
22.90000000000006 -5.343262287023853e-05
23.00000000000006 -5.433179533699957e-05
23.10000000000006 -5.191661100969336e-05
23.20000000000006 -4.980995734072848e-05
23.30000000000006 -4.815335225297643e-05
23.40000000000006 -4.672563179458897e-05
23.50000000000006 -4.541839932500023e-05
23.60000000000007 -4.362532133038684e-05
23.70000000000007 -4.074823397024284e-05
23.80000000000007 -3.618757215444535e-05
23.90000000000007 -3.106671793529316e-05
24.00000000000007 -3.767154780592998e-05
24.10000000000007 -5.291017929001563e-05
24.20000000000007 -5.450577095575841e-05
24.30000000000008 -5.212869509679811e-05
24.40000000000008 -4.999605884724844e-05
24.50000000000008 -4.83470166646439e-05
24.60000000000008 -4.690494937151351e-05
24.70000000000008 -4.538105874112398e-05
24.80000000000008 -4.351127492622742e-05
24.90000000000008 -4.09544585462036e-05
25.00000000000009 -3.668347210532444e-05
25.10000000000009 -3.133483363985717e-05
25.20000000000009 -3.613243010788102e-05
25.30000000000009 -5.219399097999726e-05
25.40000000000009 -5.467369389851768e-05
25.50000000000009 -5.235428766359999e-05
25.60000000000009 -5.017344027307124e-05
25.7000000000001 -4.850288289528051e-05
25.8000000000001 -4.707823223986545e-05
25.9000000000001 -4.561080833446037e-05
26.0000000000001 -4.377057858367679e-05
26.1000000000001 -4.107507605010654e-05
26.2000000000001 -3.689156031229221e-05
26.3000000000001 -3.1625030168004e-05
26.40000000000011 -3.467328577377579e-05
26.50000000000011 -5.126319869572547e-05
26.60000000000011 -5.483618880847137e-05
26.70000000000011 -5.261360984335608e-05
26.80000000000011 -5.037456658837023e-05
26.90000000000011 -4.866567900537614e-05
27.00000000000011 -4.723597635134984e-05
27.10000000000012 -4.579916958666137e-05
27.20000000000012 -4.403839131565045e-05
27.30000000000012 -4.149003675733266e-05
27.40000000000012 -3.744029166454689e-05
27.50000000000012 -3.186633372909073e-05
27.60000000000012 -3.313859776889463e-05
27.70000000000012 -5.003713422852757e-05
27.80000000000013 -5.497643058873163e-05
27.90000000000013 -5.291307146083395e-05
28.00000000000013 -5.061035822025976e-05
28.10000000000013 -4.885105493617181e-05
28.20000000000013 -4.740357570246876e-05
28.30000000000013 -4.598081762082454e-05
28.40000000000013 -4.427366645620473e-05
28.50000000000014 -4.184183318593211e-05
28.60000000000014 -3.799710278015444e-05
28.70000000000014 -3.249400136179288e-05
28.80000000000014 -3.22135161199127e-05
28.90000000000014 -4.845085578551148e-05
29.00000000000014 -5.477775858962464e-05
29.10000000000014 -5.316569880433103e-05
29.20000000000014 -5.087643133476849e-05
29.30000000000015 -4.906337231457704e-05
29.40000000000015 -4.758601995178328e-05
29.50000000000015 -4.616449031084475e-05
29.60000000000015 -4.449432739723887e-05
29.70000000000015 -4.215268811507248e-05
29.80000000000015 -3.847553333519361e-05
29.90000000000015 -3.307554842686908e-05
30.00000000000016 -3.166637813067764e-05
30.10000000000016 -4.717489516814476e-05
30.20000000000016 -5.473533791950317e-05
30.30000000000016 -5.314270018054799e-05
30.40000000000016 -5.088347369547197e-05
30.50000000000016 -4.924031547681057e-05
30.60000000000016 -4.77839043922725e-05
30.70000000000017 -4.635516833661943e-05
30.80000000000017 -4.470563027756413e-05
30.90000000000017 -4.243240346883273e-05
31.00000000000017 -3.889301880212304e-05
31.10000000000017 -3.360317545632514e-05
31.20000000000017 -3.132109083679279e-05
31.30000000000017 -4.588679799419305e-05
31.40000000000018 -5.472692606278444e-05
31.50000000000018 -5.346306780387025e-05
31.60000000000018 -5.103322646430706e-05
31.70000000000018 -4.911275624535806e-05
31.80000000000018 -4.77419400802554e-05
31.90000000000018 -4.651201356679585e-05
32.00000000000018 -4.491710656206287e-05
32.10000000000019 -4.269457847784744e-05
32.20000000000019 -3.926495312837081e-05
32.30000000000019 -3.408070067157879e-05
32.40000000000019 -3.112268076894187e-05
32.50000000000019 -4.464621007468954e-05
32.60000000000019 -5.462444191075878e-05
32.70000000000019 -5.370282859858244e-05
32.8000000000002 -5.129231688901118e-05
32.9000000000002 -4.935165589025308e-05
33.0000000000002 -4.778375856957495e-05
33.1000000000002 -4.634019710544329e-05
33.2000000000002 -4.490751794868625e-05
33.3000000000002 -4.291998462089439e-05
33.4000000000002 -3.961625176146799e-05
33.50000000000021 -3.452774895174413e-05
33.60000000000021 -3.102262271601634e-05
33.70000000000021 -4.34581530713574e-05
33.80000000000021 -5.446956648029851e-05
33.90000000000021 -5.389137122332903e-05
34.00000000000021 -5.148256116027219e-05
34.10000000000021 -4.952773326284358e-05
34.20000000000022 -4.797655141048743e-05
34.30000000000022 -4.65415572020529e-05
34.40000000000022 -4.492584057250447e-05
34.50000000000022 -4.280122886982565e-05
34.60000000000022 -3.976415973225563e-05
34.70000000000022 -3.494402004516148e-05
34.80000000000022 -3.100014980664743e-05
34.90000000000023 -4.229255199729447e-05
35.00000000000023 -5.427628733371919e-05
35.10000000000023 -5.406108607445363e-05
35.20000000000023 -5.164767791769166e-05
35.30000000000023 -4.966251147661256e-05
35.40000000000023 -4.810433267019408e-05
35.50000000000023 -4.669168733029728e-05
35.60000000000024 -4.513211708653453e-05
35.70000000000024 -4.3055233939954e-05
35.80000000000024 -3.988844595435636e-05
35.90000000000024 -3.502169045783266e-05
36.00000000000024 -3.087226137682433e-05
36.10000000000024 -4.108437562154866e-05
36.20000000000024 -5.404614261778963e-05
36.30000000000025 -5.423646559800569e-05
36.40000000000025 -5.181377814613032e-05
36.50000000000025 -4.978776405304574e-05
36.60000000000025 -4.821069405227179e-05
36.70000000000025 -4.680334538191653e-05
36.80000000000025 -4.527698612683863e-05
36.90000000000025 -4.327502736099367e-05
37.00000000000026 -4.024348263890483e-05
37.10000000000026 -3.548154968049292e-05
37.20000000000026 -3.072755654858966e-05
37.30000000000026 -3.945144130088067e-05
37.40000000000026 -5.361043016593796e-05
37.50000000000026 -5.442242550351616e-05
37.60000000000026 -5.2006910680062e-05
37.70000000000027 -4.992696535197542e-05
37.80000000000027 -4.831969601351154e-05
37.90000000000027 -4.690858337881383e-05
38.00000000000027 -4.540550990782219e-05
38.10000000000027 -4.346389322758512e-05
38.20000000000027 -4.05509728159365e-05
38.30000000000027 -3.595143244898292e-05
38.40000000000028 -3.091591434806716e-05
38.50000000000028 -3.80446557572477e-05
38.60000000000028 -5.292341356437854e-05
38.70000000000028 -5.429813321306751e-05
38.80000000000028 -5.212730931835118e-05
38.90000000000028 -5.009252870036206e-05
39.00000000000028 -4.845491106779254e-05
39.10000000000029 -4.702928283274254e-05
39.20000000000029 -4.554163769508359e-05
39.30000000000029 -4.365487508972649e-05
39.40000000000029 -4.085628291737138e-05
39.50000000000029 -3.64208880711071e-05
39.60000000000029 -3.11434006864206e-05
39.70000000000029 -3.655146358408976e-05
39.8000000000003 -5.235555866485275e-05
39.9000000000003 -5.448678611625297e-05
40.0000000000003 -5.209345113061395e-05
40.1000000000003 -4.99852390793846e-05
40.2000000000003 -4.854303234905549e-05
40.3000000000003 -4.718074528844526e-05
40.4000000000003 -4.570717214674352e-05
40.50000000000031 -4.38669617005453e-05
40.60000000000031 -4.117863944891148e-05
40.70000000000031 -3.691710331084779e-05
40.80000000000031 -3.147096872752957e-05
40.90000000000031 -3.503628756274977e-05
41.00000000000031 -5.150463246994595e-05
41.10000000000031 -5.469911509743105e-05
41.20000000000032 -5.24238647233096e-05
41.30000000000032 -5.016545909246014e-05
41.40000000000032 -4.842162069917689e-05
41.50000000000032 -4.708259264727799e-05
41.60000000000032 -4.584746433945707e-05
41.70000000000032 -4.411222853207375e-05
41.80000000000032 -4.152852147123745e-05
41.90000000000033 -3.744093342963348e-05
42.00000000000033 -3.191634575205514e-05
42.10000000000033 -3.368905135490441e-05
42.20000000000033 -5.039899670780437e-05
42.30000000000033 -5.483839267282014e-05
42.40000000000033 -5.272473592109652e-05
42.50000000000033 -5.044324275165e-05
42.60000000000034 -4.868341471860606e-05
42.70000000000034 -4.720074893761034e-05
42.80000000000034 -4.573009281970841e-05
42.90000000000034 -4.412451983943425e-05
43.00000000000034 -4.185305244767308e-05
43.10000000000034 -3.798203517487173e-05
43.20000000000034 -3.246123195828628e-05
43.30000000000035 -3.265570789672288e-05
43.40000000000035 -4.911488159800301e-05
43.50000000000035 -5.49132594491663e-05
43.60000000000035 -5.30108587602787e-05
43.70000000000035 -5.069201565137711e-05
43.80000000000035 -4.890611771290816e-05
43.90000000000035 -4.743806630001104e-05
44.00000000000036 -4.599685347916419e-05
44.10000000000036 -4.427133405056961e-05
44.20000000000036 -4.186340420034473e-05
44.30000000000036 -3.827760014169583e-05
44.40000000000036 -3.302170677772542e-05
44.50000000000036 -3.198101080768403e-05
44.60000000000036 -4.777179457095962e-05
44.70000000000037 -5.492857942625552e-05
44.80000000000037 -5.328305092961923e-05
44.90000000000037 -5.092786092732945e-05
45.00000000000037 -4.910227233931479e-05
45.10000000000037 -4.762461681124674e-05
45.20000000000037 -4.620811510135958e-05
45.30000000000037 -4.455005656595605e-05
45.40000000000038 -4.223372101371537e-05
45.50000000000038 -3.860498902652765e-05
45.60000000000038 -3.324698172550909e-05
45.70000000000038 -3.139168726101819e-05
45.80000000000038 -4.644516689972442e-05
45.90000000000038 -5.490448925018391e-05
46.00000000000038 -5.35436511782814e-05
46.10000000000039 -5.115377302015888e-05
46.20000000000039 -4.928308909350951e-05
46.30000000000039 -4.778578470658771e-05
46.40000000000039 -4.637596954972368e-05
46.50000000000039 -4.475613773562677e-05
46.60000000000039 -4.25270752665166e-05
46.70000000000039 -3.905905390056326e-05
46.8000000000004 -3.381593797872898e-05
46.9000000000004 -3.101324262416602e-05
47.0000000000004 -4.48627915238015e-05
47.1000000000004 -5.46660531462222e-05
47.2000000000004 -5.377657809687156e-05
47.3000000000004 -5.138050741475974e-05
47.4000000000004 -4.94594210283047e-05
47.50000000000041 -4.793426564291911e-05
47.60000000000041 -4.652155002383438e-05
47.70000000000041 -4.492558588483195e-05
47.80000000000041 -4.27587011678346e-05
47.90000000000041 -3.941221740944445e-05
48.00000000000041 -3.430081294609223e-05
48.10000000000041 -3.095773541583861e-05
48.20000000000041 -4.372768361427727e-05
48.30000000000042 -5.435780890427911e-05
48.40000000000042 -5.365663985872096e-05
48.50000000000042 -5.145054034454443e-05
48.60000000000042 -4.962592972517154e-05
48.70000000000042 -4.808700487485912e-05
48.80000000000042 -4.666209566161409e-05
48.90000000000042 -4.507907874769915e-05
49.00000000000043 -4.296086699119671e-05
49.10000000000043 -3.971547960377829e-05
49.20000000000043 -3.471679354994635e-05
49.30000000000043 -3.091105818575335e-05
49.40000000000043 -4.259362680712052e-05
49.50000000000043 -5.425290636473683e-05
49.60000000000043 -5.388460507393402e-05
49.70000000000044 -5.142114279224323e-05
49.80000000000044 -4.945735778957194e-05
49.90000000000044 -4.811823956024641e-05
50.00000000000044 -4.68014414934869e-05
