0 -5.499268128212023e-05
0.1 -3.197021988823031e-05
0.2 -1.526763121174193e-05
0.3 -6.405148544346098e-06
0.4 -2.763793537198842e-06
0.5 -1.386719097084067e-06
0.6 -8.580858486108579e-07
0.7 -6.475803563299717e-07
0.7999999999999999 -5.622821432668584e-07
0.8999999999999999 -5.289008684682486e-07
0.9999999999999999 -5.178868912187045e-07
1.1 -5.166481406622612e-07
1.2 -5.195776047242967e-07
1.3 -5.241049674921606e-07
1.4 -5.290399878116471e-07
1.5 -5.338410932473571e-07
1.6 -5.382783107727574e-07
1.7 -5.422724594608012e-07
1.8 -5.458164063068016e-07
1.900000000000001 -5.489358523783484e-07
2 -5.516696917273646e-07
2.100000000000001 -5.54060265020298e-07
2.200000000000001 -5.561486832864328e-07
2.300000000000001 -5.579727621666873e-07
2.400000000000001 -5.595662911542306e-07
2.500000000000001 -5.609589689200773e-07
2.600000000000001 -5.621766524402453e-07
2.700000000000001 -5.6324173529774e-07
2.800000000000001 -5.641735601629491e-07
2.900000000000001 -5.649888185604525e-07
3.000000000000001 -5.657019167593694e-07
3.100000000000001 -5.66325300195617e-07
3.200000000000002 -5.668697357751203e-07
3.300000000000002 -5.673445547401011e-07
3.400000000000002 -5.677578601712674e-07
3.500000000000002 -5.681167035678372e-07
3.600000000000002 -5.684272348037892e-07
3.700000000000002 -5.686948293803575e-07
3.800000000000002 -5.689241964318918e-07
3.900000000000002 -5.691194704724935e-07
4.000000000000002 -5.692842894317385e-07
4.100000000000001 -5.694218611359111e-07
4.200000000000001 -5.69535020050145e-07
4.300000000000001 -5.696262758050524e-07
4.4 -5.696978547848377e-07
4.5 -5.697517358462003e-07
4.6 -5.697896810640299e-07
4.699999999999999 -5.698132622549799e-07
4.799999999999999 -5.698238839093301e-07
4.899999999999999 -5.698228030610591e-07
4.999999999999998 -5.698111465422743e-07
5.099999999999998 -5.697899259983281e-07
5.199999999999998 -5.697600509816779e-07
5.299999999999997 -5.697223403936907e-07
5.399999999999997 -5.696775325031452e-07
5.499999999999996 -5.696262937354779e-07
5.599999999999996 -5.695692263986023e-07
5.699999999999996 -5.695068754864814e-07
5.799999999999995 -5.694397346816078e-07
5.899999999999995 -5.693682516600506e-07
5.999999999999995 -5.692928327881346e-07
6.099999999999994 -5.692138472876519e-07
6.199999999999994 -5.691316309356732e-07
6.299999999999994 -5.690464893562108e-07
6.399999999999993 -5.689587009533158e-07
6.499999999999993 -5.688685195285812e-07
6.599999999999993 -5.687761766204096e-07
6.699999999999992 -5.6868188359764e-07
6.799999999999992 -5.685858335358353e-07
6.899999999999991 -5.684882029011794e-07
6.999999999999991 -5.683891530635337e-07
7.099999999999991 -5.682888316578574e-07
7.19999999999999 -5.681873738105874e-07
7.29999999999999 -5.680849032457866e-07
7.39999999999999 -5.679815332839586e-07
7.499999999999989 -5.678773677449662e-07
7.599999999999989 -5.677725017652502e-07
7.699999999999989 -5.676670225381053e-07
7.799999999999988 -5.675610099851719e-07
7.899999999999988 -5.674545373659553e-07
7.999999999999988 -5.673476718317934e-07
8.099999999999987 -5.67240474929691e-07
8.199999999999987 -5.671330030611206e-07
8.299999999999986 -5.670253079000625e-07
8.399999999999986 -5.669174367743166e-07
8.499999999999986 -5.668094330136347e-07
8.599999999999985 -5.667013362677325e-07
8.699999999999985 -5.665931827971137e-07
8.799999999999985 -5.664850057392007e-07
8.899999999999984 -5.663768353520575e-07
8.999999999999984 -5.662686992377546e-07
9.099999999999984 -5.661606225472437e-07
9.199999999999983 -5.660526281683801e-07
9.299999999999983 -5.659447368986202e-07
9.399999999999983 -5.658369676037258e-07
9.499999999999982 -5.657293373637256e-07
9.599999999999982 -5.656218616072131e-07
9.699999999999982 -5.655145542350186e-07
9.799999999999981 -5.654074277341409e-07
9.899999999999981 -5.653004932827746e-07
9.99999999999998 -5.651937608471714e-07
10.09999999999998 -5.650872392710369e-07
10.19999999999998 -5.649809363580662e-07
10.29999999999998 -5.648748589481775e-07
10.39999999999998 -5.647690129879707e-07
10.49999999999998 -5.646634035958853e-07
10.59999999999998 -5.645580351224581e-07
10.69999999999998 -5.6445291120608e-07
10.79999999999998 -5.643480348246486e-07
10.89999999999998 -5.642434083433638e-07
10.99999999999998 -5.641390335590357e-07
11.09999999999998 -5.640349117411455e-07
11.19999999999998 -5.639310436699131e-07
11.29999999999998 -5.638274296715962e-07
11.39999999999998 -5.637240696512448e-07
11.49999999999998 -5.63620963123095e-07
11.59999999999997 -5.635181092387804e-07
11.69999999999997 -5.634155068135215e-07
11.79999999999997 -5.633131543504474e-07
11.89999999999997 -5.632110500631972e-07
11.99999999999997 -5.631091918968865e-07
12.09999999999997 -5.630075775476375e-07
12.19999999999997 -5.629062044806829e-07
12.29999999999997 -5.62805069947212e-07
12.39999999999997 -5.627041710000327e-07
12.49999999999997 -5.626035045081244e-07
12.59999999999997 -5.625030671701684e-07
12.69999999999997 -5.624028555271126e-07
12.79999999999997 -5.623028659738908e-07
12.89999999999997 -5.622030947702781e-07
12.99999999999997 -5.62103538050999e-07
13.09999999999997 -5.620041918351283e-07
13.19999999999997 -5.619050520348094e-07
13.29999999999997 -5.618061144633908e-07
13.39999999999997 -5.617073748429603e-07
13.49999999999997 -5.616088288113272e-07
13.59999999999997 -5.61510471928565e-07
13.69999999999997 -5.614122996830305e-07
13.79999999999997 -5.613143074969902e-07
13.89999999999997 -5.612164907318112e-07
13.99999999999997 -5.611188446927897e-07
14.09999999999997 -5.610213646336469e-07
14.19999999999997 -5.609240457606643e-07
14.29999999999997 -5.608268832365289e-07
14.39999999999996 -5.607298721839098e-07
14.49999999999996 -5.60633007688732e-07
14.59999999999996 -5.605362848032361e-07
14.69999999999996 -5.604396985487973e-07
14.79999999999996 -5.603432439185139e-07
14.89999999999996 -5.60246915879621e-07
14.99999999999996 -5.601507093756921e-07
15.09999999999996 -5.600546193286875e-07
15.19999999999996 -5.5995864064083e-07
15.29999999999996 -5.598627681963193e-07
15.39999999999996 -5.59766996862932e-07
15.49999999999996 -5.596713214934691e-07
15.59999999999996 -5.595757369270833e-07
15.69999999999996 -5.594802379905225e-07
15.79999999999996 -5.593848194992211e-07
15.89999999999996 -5.592894762583428e-07
15.99999999999996 -5.591942030636976e-07
16.09999999999996 -5.590989947026103e-07
16.19999999999996 -5.590038459546853e-07
16.29999999999996 -5.589087515925164e-07
16.39999999999996 -5.588137063823388e-07
16.49999999999996 -5.587187050846184e-07
16.59999999999997 -5.586237424545907e-07
16.69999999999997 -5.585288132427538e-07
16.79999999999997 -5.584339121953315e-07
16.89999999999997 -5.58339034054666e-07
16.99999999999997 -5.582441735596491e-07
17.09999999999997 -5.58149325446044e-07
17.19999999999997 -5.580544844468559e-07
17.29999999999998 -5.579596452926427e-07
17.39999999999998 -5.578648027118399e-07
17.49999999999998 -5.577699514310618e-07
17.59999999999998 -5.576750861754055e-07
17.69999999999998 -5.57580201668758e-07
17.79999999999998 -5.574852926341132e-07
17.89999999999998 -5.57390353793885e-07
17.99999999999999 -5.572953798702518e-07
18.09999999999999 -5.57200365585508e-07
18.19999999999999 -5.571053056624528e-07
18.29999999999999 -5.570101948247859e-07
18.39999999999999 -5.569150277975714e-07
18.49999999999999 -5.568197993076947e-07
18.59999999999999 -5.567245040844196e-07
18.7 -5.566291368599338e-07
18.8 -5.565336923699962e-07
18.9 -5.564381653546346e-07
19 -5.563425505588881e-07
19.1 -5.562468427336493e-07
19.2 -5.561510366365763e-07
19.3 -5.560551270330911e-07
19.40000000000001 -5.559591086974772e-07
19.50000000000001 -5.558629764140691e-07
19.60000000000001 -5.557667249785736e-07
19.70000000000001 -5.556703491994809e-07
19.80000000000001 -5.555738438996349e-07
19.90000000000001 -5.554772039179351e-07
20.00000000000001 -5.553804241111586e-07
20.10000000000002 -5.552834993560028e-07
20.20000000000002 -5.551864245512305e-07
20.30000000000002 -5.550891946200692e-07
20.40000000000002 -5.549918045127574e-07
20.50000000000002 -5.5489424920933e-07
20.60000000000002 -5.547965237226406e-07
20.70000000000002 -5.546986231016081e-07
20.80000000000003 -5.5460054243475e-07
20.90000000000003 -5.545022768539792e-07
21.00000000000003 -5.544038215387328e-07
21.10000000000003 -5.543051717203983e-07
21.20000000000003 -5.542063226871076e-07
21.30000000000003 -5.541072697889141e-07
21.40000000000003 -5.5400800844334e-07
21.50000000000004 -5.539085341414119e-07
21.60000000000004 -5.538088424541005e-07
21.70000000000004 -5.537089290392947e-07
21.80000000000004 -5.536087896493165e-07
21.90000000000004 -5.535084201389824e-07
22.00000000000004 -5.534078164743021e-07
22.10000000000004 -5.533069747418462e-07
22.20000000000005 -5.532058911587953e-07
22.30000000000005 -5.531045620837928e-07
22.40000000000005 -5.530029840285978e-07
22.50000000000005 -5.529011536706287e-07
22.60000000000005 -5.527990678664674e-07
22.70000000000005 -5.526967236663709e-07
22.80000000000005 -5.525941183299063e-07
22.90000000000006 -5.524912493427647e-07
23.00000000000006 -5.523881144348513e-07
23.10000000000006 -5.522847115997738e-07
23.20000000000006 -5.521810391157995e-07
23.30000000000006 -5.52077095568425e-07
23.40000000000006 -5.519728798746805e-07
23.50000000000006 -5.518683913093161e-07
23.60000000000007 -5.517636295329722e-07
23.70000000000007 -5.516585946225782e-07
23.80000000000007 -5.515532871040881e-07
23.90000000000007 -5.514477079877648e-07
24.00000000000007 -5.513418588062349e-07
24.10000000000007 -5.512357416555441e-07
24.20000000000007 -5.511293592394308e-07
24.30000000000008 -5.51022714917143e-07
24.40000000000008 -5.509158127550336e-07
24.50000000000008 -5.50808657582299e-07
24.60000000000008 -5.507012550512299e-07
24.70000000000008 -5.50593611702292e-07
24.80000000000008 -5.504857350345442e-07
24.90000000000008 -5.503776335818044e-07
25.00000000000009 -5.502693169950788e-07
25.10000000000009 -5.501607961318575e-07
25.20000000000009 -5.500520831527878e-07
25.30000000000009 -5.499431916265495e-07
25.40000000000009 -5.498341366435193e-07
25.50000000000009 -5.497249349391368e-07
25.60000000000009 -5.496156050278441e-07
25.7000000000001 -5.495061673485604e-07
25.8000000000001 -5.493966444228468e-07
25.9000000000001 -5.49287061026864e-07
26.0000000000001 -5.491774443785794e-07
26.1000000000001 -5.490678243415844e-07
26.2000000000001 -5.489582336472091e-07
26.3000000000001 -5.488487081367372e-07
26.40000000000011 -5.487392870257026e-07
26.50000000000011 -5.48630013192493e-07
26.60000000000011 -5.485209334937664e-07
26.70000000000011 -5.484120991093677e-07
26.80000000000011 -5.483035659198587e-07
26.90000000000011 -5.481953949200414e-07
27.00000000000011 -5.480876526722888e-07
27.10000000000012 -5.479804118039536e-07
27.20000000000012 -5.47873751553545e-07
27.30000000000012 -5.477677583710955e-07
27.40000000000012 -5.476625265785884e-07
27.50000000000012 -5.475581590971987e-07
27.60000000000012 -5.474547682488088e-07
27.70000000000012 -5.473524766403773e-07
27.80000000000013 -5.472514181404842e-07
27.90000000000013 -5.471517389590256e-07
28.00000000000013 -5.470535988419565e-07
28.10000000000013 -5.469571723949546e-07
28.20000000000013 -5.468626505514164e-07
28.30000000000013 -5.467702422023789e-07
28.40000000000013 -5.466801760082741e-07
28.50000000000014 -5.465927024152452e-07
28.60000000000014 -5.465080959016539e-07
28.70000000000014 -5.464266574842276e-07
28.80000000000014 -5.463487175172218e-07
28.90000000000014 -5.462746388228593e-07
29.00000000000014 -5.46204820196632e-07
29.10000000000014 -5.461397003375487e-07
29.20000000000014 -5.460797622604997e-07
29.30000000000015 -5.460255382564846e-07
29.40000000000015 -5.459776154761284e-07
29.50000000000015 -5.459366422231719e-07
29.60000000000015 -5.459033350576305e-07
29.70000000000015 -5.458784868234391e-07
29.80000000000015 -5.458629757325939e-07
29.90000000000015 -5.458577756579752e-07
30.00000000000016 -5.458639678099553e-07
30.10000000000016 -5.458827539982145e-07
30.20000000000016 -5.459154717101533e-07
30.30000000000016 -5.459636112713586e-07
30.40000000000016 -5.46028835391353e-07
30.50000000000016 -5.461130014399953e-07
30.60000000000016 -5.462181868449184e-07
30.70000000000017 -5.463467180479179e-07
30.80000000000017 -5.465012035047105e-07
30.90000000000017 -5.466845712546039e-07
31.00000000000017 -5.469001116155591e-07
31.10000000000017 -5.471515255648751e-07
31.20000000000017 -5.47442979324922e-07
31.30000000000017 -5.477791655561633e-07
31.40000000000018 -5.481653713138401e-07
31.50000000000018 -5.486075524703036e-07
31.60000000000018 -5.491124135116685e-07
31.70000000000018 -5.496874902804002e-07
31.80000000000018 -5.503412310245714e-07
31.90000000000018 -5.510830674983283e-07
32.00000000000018 -5.519234619757642e-07
32.10000000000019 -5.528739064807152e-07
32.20000000000019 -5.539468349676616e-07
32.30000000000019 -5.551553837201261e-07
32.40000000000019 -5.565128932794046e-07
32.50000000000019 -5.580319754961615e-07
32.60000000000019 -5.597228522039658e-07
32.70000000000019 -5.615904729337928e-07
32.8000000000002 -5.636295758968319e-07
32.9000000000002 -5.658162556749243e-07
33.0000000000002 -5.680935314720524e-07
33.1000000000002 -5.703464706887374e-07
33.2000000000002 -5.723588386723119e-07
33.3000000000002 -5.737364875209185e-07
33.4000000000002 -5.737696949681306e-07
33.50000000000021 -5.711811718415147e-07
33.60000000000021 -5.636556955436691e-07
33.70000000000021 -5.469454871866828e-07
33.80000000000021 -5.131430899264704e-07
33.90000000000021 -4.473304804472999e-07
34.00000000000021 -3.211918090226164e-07
34.10000000000021 -8.166068196599236e-08
34.20000000000022 3.6541537611326e-07
34.30000000000022 1.164111745934925e-06
34.40000000000022 2.4629847818786e-06
34.50000000000022 4.255161945631431e-06
34.60000000000022 6.217801370560092e-06
34.70000000000022 7.879584800892902e-06
34.80000000000022 9.000511350548502e-06
34.90000000000023 9.641042892563773e-06
35.00000000000023 9.968345598880253e-06
35.10000000000023 1.012106213992183e-05
35.20000000000023 1.018385133504173e-05
35.30000000000023 1.020231452362506e-05
35.40000000000023 1.019976405997156e-05
35.50000000000023 1.0187867768865e-05
35.60000000000024 1.017239720964031e-05
35.70000000000024 1.015616031731726e-05
35.80000000000024 1.014047404784055e-05
35.90000000000024 1.012590497581435e-05
36.00000000000024 1.011264467879926e-05
36.10000000000024 1.010070158636763e-05
36.20000000000024 1.008999948977575e-05
36.30000000000025 1.008042799024341e-05
36.40000000000025 1.007186794381659e-05
36.50000000000025 1.006420381885717e-05
36.60000000000025 1.005732920617713e-05
36.70000000000025 1.005114878382157e-05
36.80000000000025 1.004557849506523e-05
36.90000000000025 1.00405448769498e-05
37.00000000000026 1.003598403534745e-05
37.10000000000026 1.003184052384903e-05
37.20000000000026 1.002806625448871e-05
37.30000000000026 1.002461949864122e-05
37.40000000000026 1.002146399943042e-05
37.50000000000026 1.001856819794148e-05
37.60000000000026 1.001590456630913e-05
37.70000000000027 1.001344903685336e-05
37.80000000000027 1.001118051534559e-05
37.90000000000027 1.000908046682134e-05
38.00000000000027 1.000713256334516e-05
38.10000000000027 1.000532238436621e-05
38.20000000000027 1.000363716156344e-05
38.30000000000027 1.000206556126048e-05
38.40000000000028 1.000059749854912e-05
38.50000000000028 9.999223978181598e-06
38.60000000000028 9.997936958081911e-06
38.70000000000028 9.996729231994818e-06
38.80000000000028 9.995594328353757e-06
38.90000000000028 9.994526422919732e-06
39.00000000000028 9.993520263136518e-06
39.10000000000029 9.992571102475473e-06
39.20000000000029 9.991674643316621e-06
39.30000000000029 9.990826987140491e-06
39.40000000000029 9.99002459099569e-06
39.50000000000029 9.989264229365644e-06
39.60000000000029 9.988542960691459e-06
39.70000000000029 9.987858097918753e-06
39.8000000000003 9.987207182530154e-06
39.9000000000003 9.986587961603748e-06
40.0000000000003 9.985998367504167e-06
40.1000000000003 9.985436499868843e-06
40.2000000000003 9.984900609599578e-06
40.3000000000003 9.984389084609603e-06
40.4000000000003 9.983900437110706e-06
40.50000000000031 9.983433292253745e-06
40.60000000000031 9.982986377961291e-06
40.70000000000031 9.982558515811699e-06
40.80000000000031 9.982148612852773e-06
40.90000000000031 9.981755654238372e-06
41.00000000000031 9.981378696595055e-06
41.10000000000031 9.981016862037269e-06
41.20000000000032 9.980669332759851e-06
41.30000000000032 9.980335346145027e-06
41.40000000000032 9.980014190328812e-06
41.50000000000032 9.97970520017825e-06
41.60000000000032 9.979407753636503e-06
41.70000000000032 9.979121268397905e-06
41.80000000000032 9.978845198879389e-06
41.90000000000033 9.978579033458353e-06
42.00000000000033 9.978322291950672e-06
42.10000000000033 9.978074523305138e-06
42.20000000000033 9.97783530349341e-06
42.30000000000033 9.977604233576703e-06
42.40000000000033 9.977380937932524e-06
42.50000000000033 9.977165062626419e-06
42.60000000000034 9.976956273915369e-06
42.70000000000034 9.976754256870697e-06
42.80000000000034 9.97655871410987e-06
42.90000000000034 9.976369364627209e-06
43.00000000000034 9.976185942714965e-06
43.10000000000034 9.97600819696675e-06
43.20000000000034 9.975835889356235e-06
43.30000000000035 9.975668794384675e-06
43.40000000000035 9.975506698291413e-06
43.50000000000035 9.975349398322115e-06
43.60000000000035 9.975196702049897e-06
43.70000000000035 9.975048426745136e-06
43.80000000000035 9.974904398789785e-06
43.90000000000035 9.974764453132882e-06
44.00000000000036 9.974628432783747e-06
44.10000000000036 9.974496188340066e-06
44.20000000000036 9.974367577547996e-06
44.30000000000036 9.97424246489199e-06
44.40000000000036 9.974120721211862e-06
44.50000000000036 9.974002223345233e-06
44.60000000000036 9.973886853793322e-06
44.70000000000037 9.973774500408354e-06
44.80000000000037 9.9736650561011e-06
44.90000000000037 9.973558418566929e-06
45.00000000000037 9.973454490029169e-06
45.10000000000037 9.973353176998468e-06
45.20000000000037 9.973254390046986e-06
45.30000000000037 9.973158043596511e-06
45.40000000000038 9.973064055719358e-06
45.50000000000038 9.972972347951286e-06
45.60000000000038 9.972882845115591e-06
45.70000000000038 9.972795475157555e-06
45.80000000000038 9.972710168988636e-06
45.90000000000038 9.972626860339712e-06
46.00000000000038 9.972545485622748e-06
46.10000000000039 9.972465983800404e-06
46.20000000000039 9.972388296263011e-06
46.30000000000039 9.972312366712475e-06
46.40000000000039 9.972238141052595e-06
46.50000000000039 9.972165567285531e-06
46.60000000000039 9.97209459541388e-06
46.70000000000039 9.972025177348088e-06
46.8000000000004 9.971957266818888e-06
46.9000000000004 9.971890819294368e-06
47.0000000000004 9.971825791901501e-06
47.1000000000004 9.971762143351762e-06
47.2000000000004 9.97169983387066e-06
47.3000000000004 9.97163882513091e-06
47.4000000000004 9.971579080189064e-06
47.50000000000041 9.971520563425331e-06
47.60000000000041 9.971463240486525e-06
47.70000000000041 9.971407078231799e-06
47.80000000000041 9.971352044681153e-06
47.90000000000041 9.971298108966472e-06
48.00000000000041 9.971245241284957e-06
48.10000000000041 9.971193412854852e-06
48.20000000000041 9.971142595873318e-06
48.30000000000042 9.971092763476317e-06
48.40000000000042 9.971043889700454e-06
48.50000000000042 9.970995949446555e-06
48.60000000000042 9.970948918445058e-06
48.70000000000042 9.970902773222952e-06
48.80000000000042 9.970857491072273e-06
48.90000000000042 9.970813050020065e-06
49.00000000000043 9.970769428799719e-06
49.10000000000043 9.970726606823589e-06
49.20000000000043 9.970684564156893e-06
49.30000000000043 9.970643281492735e-06
49.40000000000043 9.970602740128283e-06
49.50000000000043 9.970562921941987e-06
49.60000000000043 9.970523809371789e-06
49.70000000000044 9.970485385394319e-06
49.80000000000044 9.970447633504956e-06
49.90000000000044 9.970410537698772e-06
50.00000000000044 9.970374082452307e-06
