0 -5.499268128212023e-05
0.1 -5.497048527529216e-05
0.2 -5.485620302346374e-05
0.3 -5.47034972264061e-05
0.4 -5.457295842369535e-05
0.5 -5.450107822181716e-05
0.6 -5.450121960632109e-05
0.7 -5.457332982177332e-05
0.7999999999999999 -5.470392768431598e-05
0.8999999999999999 -5.485644380105342e-05
0.9999999999999999 -5.497038583437244e-05
1.1 -5.499137945680256e-05
1.2 -5.490893804565848e-05
1.3 -5.476358267169649e-05
1.4 -5.461858684799036e-05
1.5 -5.452131302262168e-05
1.6 -5.449291170505677e-05
1.7 -5.453778916204432e-05
1.8 -5.464833323158798e-05
1.900000000000001 -5.479796729321446e-05
2 -5.493385206684699e-05
2.100000000000001 -5.499461694653205e-05
2.200000000000001 -5.495027819110436e-05
2.300000000000001 -5.482297373051542e-05
2.400000000000001 -5.467172223509726e-05
2.500000000000001 -5.455264668550812e-05
2.600000000000001 -5.449644343368229e-05
2.700000000000001 -5.451309861690656e-05
2.800000000000001 -5.459991946513862e-05
2.900000000000001 -5.473880169004588e-05
3.000000000000001 -5.488665188567299e-05
3.100000000000001 -5.498129705463321e-05
3.200000000000002 -5.497717063760058e-05
3.300000000000002 -5.487667483460899e-05
3.400000000000002 -5.472838915075814e-05
3.500000000000002 -5.459324783898326e-05
3.600000000000002 -5.45114786782015e-05
3.700000000000002 -5.449983049847846e-05
3.800000000000002 -5.456050969766924e-05
3.900000000000002 -5.468249283244395e-05
4.000000000000002 -5.483293279854512e-05
4.100000000000001 -5.495404898601266e-05
4.200000000000001 -5.49891936725675e-05
4.300000000000001 -5.49214471606546e-05
4.4 -5.478475126445453e-05
4.5 -5.463999136236684e-05
4.6 -5.453637914457282e-05
4.699999999999999 -5.449783503834153e-05
4.799999999999999 -5.453131306670536e-05
4.899999999999999 -5.463186375241855e-05
4.999999999999998 -5.477639755331238e-05
5.099999999999998 -5.491540649785478e-05
5.199999999999998 -5.498689753521217e-05
5.299999999999997 -5.4955846784088e-05
5.399999999999997 -5.483841310850554e-05
5.499999999999996 -5.469042754120664e-05
5.599999999999996 -5.456870071665574e-05
5.699999999999996 -5.450555966472064e-05
5.799999999999995 -5.451248789731972e-05
5.899999999999995 -5.458900934445145e-05
5.999999999999995 -5.472058789122119e-05
6.099999999999994 -5.486819815377349e-05
6.199999999999994 -5.497077592158947e-05
6.299999999999994 -5.4978544680066e-05
6.399999999999993 -5.488784147339622e-05
6.499999999999993 -5.474351245531518e-05
6.599999999999993 -5.460719515295042e-05
6.699999999999992 -5.452112919147857e-05
6.799999999999992 -5.450266967279863e-05
6.899999999999991 -5.455463884308441e-05
6.999999999999991 -5.46684789870189e-05
7.099999999999991 -5.481580338370311e-05
7.19999999999999 -5.494199772635523e-05
7.29999999999999 -5.498803415305176e-05
7.39999999999999 -5.493061441298592e-05
7.499999999999989 -5.479839628910918e-05
7.599999999999989 -5.465210088168288e-05
7.699999999999989 -5.454422835202294e-05
7.799999999999988 -5.450058888664164e-05
7.899999999999988 -5.452787119771212e-05
7.999999999999988 -5.462152098207439e-05
8.099999999999987 -5.476151169063242e-05
8.199999999999987 -5.490272595298499e-05
8.299999999999986 -5.498358765862844e-05
8.399999999999986 -5.496372285291275e-05
8.499999999999986 -5.485263599986887e-05
8.599999999999985 -5.470344595239752e-05
8.699999999999985 -5.457603510551061e-05
8.799999999999985 -5.45066997000009e-05
8.899999999999984 -5.450823828637831e-05
8.999999999999984 -5.457969750446064e-05
9.099999999999984 -5.470734181142881e-05
9.199999999999983 -5.485549782144446e-05
9.299999999999983 -5.496554989369171e-05
9.399999999999983 -5.498470816712379e-05
9.499999999999982 -5.490274070200262e-05
9.599999999999982 -5.475945756774831e-05
9.699999999999982 -5.461722101751386e-05
9.799999999999981 -5.45227792860237e-05
9.899999999999981 -5.449696768795162e-05
9.99999999999998 -5.454365129662347e-05
10.09999999999998 -5.465435606568979e-05
10.19999999999998 -5.48021520976061e-05
10.29999999999998 -5.493475121188611e-05
10.39999999999998 -5.499198890727537e-05
10.49999999999998 -5.494521122254977e-05
10.59999999999998 -5.481716558153928e-05
10.69999999999998 -5.466679576921941e-05
10.79999999999998 -5.454981253005689e-05
10.89999999999998 -5.449623382043493e-05
10.99999999999998 -5.45155456738152e-05
11.09999999999998 -5.460458424765967e-05
11.19999999999998 -5.474453770195517e-05
11.29999999999998 -5.489182998938402e-05
11.39999999999998 -5.498429228022616e-05
11.49999999999998 -5.497685046523794e-05
11.59999999999997 -5.487309365482478e-05
11.69999999999997 -5.472275344294106e-05
11.79999999999997 -5.458738668043897e-05
11.89999999999997 -5.450712377455001e-05
11.99999999999997 -5.449793248568013e-05
12.09999999999997 -5.456136135899488e-05
12.19999999999997 -5.468602386063727e-05
12.29999999999997 -5.483855469408627e-05
12.39999999999997 -5.496042661667503e-05
12.49999999999997 -5.499432818827003e-05
12.59999999999997 -5.492328942812145e-05
12.69999999999997 -5.478241660596212e-05
12.79999999999997 -5.463438322766651e-05
12.89999999999997 -5.452957555380834e-05
12.99999999999997 -5.449198664640763e-05
13.09999999999997 -5.452776329796983e-05
13.19999999999997 -5.463121331406805e-05
13.29999999999997 -5.477898955303439e-05
13.39999999999997 -5.492115427168067e-05
13.49999999999997 -5.499455334446437e-05
13.59999999999997 -5.496292569748948e-05
13.69999999999997 -5.484207086373067e-05
13.79999999999997 -5.468909052017341e-05
13.89999999999997 -5.456308476585234e-05
13.99999999999997 -5.449790087850345e-05
14.09999999999997 -5.450523525904491e-05
14.19999999999997 -5.458390640733571e-05
14.29999999999997 -5.471863634190072e-05
14.39999999999996 -5.487016092563159e-05
14.49999999999996 -5.497685140132844e-05
14.59999999999996 -5.498736222774584e-05
14.69999999999996 -5.489645312387052e-05
14.79999999999996 -5.474854276683371e-05
14.89999999999996 -5.460667228244682e-05
14.99999999999996 -5.451556153245704e-05
15.09999999999996 -5.449430281482326e-05
15.19999999999996 -5.454612968567595e-05
15.29999999999996 -5.466200834829327e-05
15.39999999999996 -5.481286681065234e-05
15.49999999999996 -5.494366892445285e-05
15.59999999999996 -5.499449917828109e-05
15.69999999999996 -5.494027926985701e-05
15.79999999999996 -5.480798925826101e-05
15.89999999999996 -5.465804442902637e-05
15.99999999999996 -5.454441098974201e-05
16.09999999999996 -5.449520373728902e-05
16.19999999999996 -5.451902695262464e-05
16.29999999999996 -5.461200672297826e-05
16.39999999999996 -5.475393013604664e-05
16.49999999999996 -5.48990566686473e-05
16.59999999999997 -5.498505489620067e-05
16.69999999999997 -5.497036100351244e-05
16.79999999999997 -5.486268685442282e-05
16.89999999999997 -5.471357901315301e-05
16.99999999999997 -5.458273208749532e-05
17.09999999999997 -5.450760781775481e-05
17.19999999999997 -5.450317606011326e-05
17.29999999999998 -5.457055301180467e-05
17.39999999999998 -5.469705516780286e-05
17.49999999999998 -5.484716565073224e-05
17.59999999999998 -5.496156339966196e-05
17.69999999999998 -5.498618084205821e-05
17.79999999999998 -5.49093777723192e-05
17.89999999999998 -5.476941034401183e-05
17.99999999999999 -5.462740570305657e-05
18.09999999999999 -5.452991027480321e-05
18.19999999999999 -5.449855198484507e-05
18.29999999999999 -5.453905673293785e-05
18.39999999999999 -5.464519700927363e-05
18.49999999999999 -5.479153297498246e-05
18.59999999999999 -5.492615803594851e-05
18.7 -5.498797226356803e-05
18.8 -5.494662489613072e-05
18.9 -5.482340133055268e-05
19 -5.467613441021992e-05
19.1 -5.455964641877131e-05
19.2 -5.450355578958647e-05
19.3 -5.451775114021403e-05
19.40000000000001 -5.460062168871944e-05
19.50000000000001 -5.473574757806533e-05
19.60000000000001 -5.488142649521621e-05
19.70000000000001 -5.497589647790811e-05
19.80000000000001 -5.497291972512549e-05
19.90000000000001 -5.487420772981441e-05
20.00000000000001 -5.472815847482201e-05
20.10000000000002 -5.459570680921722e-05
20.20000000000002 -5.451629772311298e-05
20.30000000000002 -5.450523226071475e-05
20.40000000000002 -5.456413272103785e-05
20.50000000000002 -5.468290181370988e-05
20.60000000000002 -5.483061928536213e-05
20.70000000000002 -5.49508106764493e-05
20.80000000000003 -5.498645734186194e-05
20.90000000000003 -5.491937528863233e-05
21.00000000000003 -5.478288083888786e-05
21.10000000000003 -5.463859549990346e-05
21.20000000000003 -5.453659614000718e-05
21.30000000000003 -5.450025968538876e-05
21.40000000000003 -5.45348538338005e-05
21.50000000000004 -5.463452065124988e-05
21.60000000000004 -5.477698690342727e-05
21.70000000000004 -5.491461676532724e-05
21.80000000000004 -5.498620486764649e-05
21.90000000000004 -5.495572967675792e-05
22.00000000000004 -5.483795285227593e-05
22.10000000000004 -5.468855524711713e-05
22.20000000000005 -5.456585333538708e-05
22.30000000000005 -5.450344056263621e-05
22.40000000000005 -5.451241899590959e-05
22.50000000000005 -5.459064240821905e-05
22.60000000000005 -5.472251487287107e-05
22.70000000000005 -5.486962316127569e-05
22.80000000000005 -5.497220622928022e-05
22.90000000000006 -5.498058493879523e-05
23.00000000000006 -5.488989982235638e-05
23.10000000000006 -5.474394179640851e-05
23.20000000000006 -5.460487489416859e-05
23.30000000000006 -5.451673991715975e-05
23.40000000000006 -5.449825371125602e-05
23.50000000000006 -5.455209397662e-05
23.60000000000007 -5.466832222588045e-05
23.70000000000007 -5.481744987244374e-05
23.80000000000007 -5.494494868619849e-05
23.90000000000007 -5.499207868375875e-05
24.00000000000007 -5.493516232235745e-05
24.10000000000007 -5.480191634065313e-05
24.20000000000007 -5.465276579717059e-05
24.30000000000008 -5.454120438986364e-05
24.40000000000008 -5.449469911894267e-05
24.50000000000008 -5.452129754652872e-05
24.60000000000008 -5.461667314446577e-05
24.70000000000008 -5.475991311195796e-05
24.80000000000008 -5.490469614138017e-05
24.90000000000008 -5.498856095705309e-05
25.00000000000009 -5.49703651924015e-05
25.10000000000009 -5.485910619364227e-05
25.20000000000009 -5.470766836787507e-05
25.30000000000009 -5.457646983093787e-05
25.40000000000009 -5.450286444824821e-05
25.50000000000009 -5.450096918895835e-05
25.60000000000009 -5.457121143889548e-05
25.7000000000001 -5.470058040845188e-05
25.8000000000001 -5.485304564568238e-05
25.9000000000001 -5.496841834042497e-05
26.0000000000001 -5.499183209985346e-05
26.1000000000001 -5.491154528253091e-05
26.2000000000001 -5.476707665942755e-05
26.3000000000001 -5.462153050741909e-05
26.40000000000011 -5.452270928341588e-05
26.50000000000011 -5.449230520312228e-05
26.60000000000011 -5.45351871061665e-05
26.70000000000011 -5.464435160077866e-05
26.80000000000011 -5.479412554080847e-05
26.90000000000011 -5.493216348109125e-05
27.00000000000011 -5.499608321570807e-05
27.10000000000012 -5.495418846430334e-05
27.20000000000012 -5.482737433685082e-05
27.30000000000012 -5.467482598040296e-05
27.40000000000012 -5.455380349603064e-05
27.50000000000012 -5.449552369482667e-05
27.60000000000012 -5.451009994635954e-05
27.70000000000012 -5.459519607707957e-05
27.80000000000013 -5.473361354819378e-05
27.90000000000013 -5.488340169204362e-05
28.00000000000013 -5.498220221856833e-05
28.10000000000013 -5.498212843538712e-05
28.20000000000013 -5.48832388372507e-05
28.30000000000013 -5.473349397488895e-05
28.40000000000013 -5.459526540779806e-05
28.50000000000014 -5.451056898778552e-05
28.60000000000014 -5.449653651283367e-05
28.70000000000014 -5.455524323784725e-05
28.80000000000014 -5.467612477296287e-05
28.90000000000014 -5.482752925763095e-05
29.00000000000014 -5.495250172057445e-05
29.10000000000014 -5.499309202020911e-05
29.20000000000014 -5.492932333548549e-05
29.30000000000015 -5.47928122373685e-05
29.40000000000015 -5.464487487151105e-05
29.50000000000015 -5.453693101491682e-05
29.60000000000015 -5.44947765703947e-05
29.70000000000015 -5.452570655199705e-05
29.80000000000015 -5.462464487199612e-05
29.90000000000015 -5.476918691688838e-05
30.00000000000016 -5.491097043882519e-05
30.10000000000016 -5.498784456537045e-05
30.20000000000016 -5.496254049901744e-05
30.30000000000016 -5.484813111971312e-05
30.40000000000016 -5.469882186658539e-05
30.50000000000016 -5.457273329871012e-05
30.60000000000016 -5.450449860424305e-05
30.70000000000017 -5.450733265282152e-05
30.80000000000017 -5.458130130499532e-05
30.90000000000017 -5.471201106094159e-05
31.00000000000017 -5.486123769665107e-05
31.10000000000017 -5.496836181039561e-05
31.20000000000017 -5.498222658338524e-05
31.30000000000017 -5.489657156435167e-05
31.40000000000018 -5.475380416807324e-05
31.50000000000018 -5.461499763882228e-05
31.60000000000018 -5.452393351911627e-05
31.70000000000018 -5.449998176771482e-05
31.80000000000018 -5.454757515889561e-05
31.90000000000018 -5.4659142656561e-05
32.00000000000018 -5.480682508164698e-05
32.10000000000019 -5.493646627120504e-05
32.20000000000019 -5.498823371036691e-05
32.30000000000019 -5.493663746561682e-05
32.40000000000019 -5.480799302963353e-05
32.50000000000019 -5.466182696908555e-05
32.60000000000019 -5.455085128018235e-05
32.70000000000019 -5.450203230586297e-05
32.8000000000002 -5.452367913590469e-05
32.9000000000002 -5.461291874877071e-05
33.0000000000002 -5.475130406221523e-05
33.1000000000002 -5.489449279509371e-05
33.2000000000002 -5.498037806562434e-05
33.3000000000002 -5.496656562357565e-05
33.4000000000002 -5.486013730821405e-05
33.50000000000021 -5.47127461366693e-05
33.60000000000021 -5.45843678920189e-05
33.70000000000021 -5.451174529531886e-05
33.80000000000021 -5.450823504665716e-05
33.90000000000021 -5.45742107887604e-05
34.00000000000021 -5.469783849840693e-05
34.10000000000021 -5.484552723364942e-05
34.20000000000022 -5.495918288969331e-05
34.30000000000022 -5.498420446567478e-05
34.40000000000022 -5.490764468359917e-05
34.50000000000022 -5.476728386392772e-05
34.60000000000022 -5.462527433670463e-05
34.70000000000022 -5.452920567266863e-05
34.80000000000022 -5.450020984211381e-05
34.90000000000023 -5.454222195976396e-05
35.00000000000023 -5.464796073642354e-05
35.10000000000023 -5.479269610101449e-05
35.20000000000023 -5.492626928093517e-05
35.30000000000023 -5.498823526075968e-05
35.40000000000023 -5.494719531604163e-05
35.50000000000023 -5.48231134210496e-05
35.60000000000024 -5.467387768332419e-05
35.70000000000024 -5.455600603844321e-05
35.80000000000024 -5.450047868692714e-05
35.90000000000024 -5.451687099137857e-05
36.00000000000024 -5.460188061557668e-05
36.10000000000024 -5.473788816835299e-05
36.20000000000024 -5.488362253755261e-05
36.30000000000025 -5.497837179428301e-05
36.40000000000025 -5.497589750664772e-05
36.50000000000025 -5.487679691965708e-05
36.60000000000025 -5.472859991882829e-05
36.70000000000025 -5.459293918077902e-05
36.80000000000025 -5.451112310871245e-05
36.90000000000025 -5.449987673270669e-05
37.00000000000026 -5.456078228351315e-05
37.10000000000026 -5.46824179828282e-05
37.20000000000026 -5.483260794803801e-05
37.30000000000026 -5.495467078473532e-05
37.40000000000026 -5.499157292190667e-05
37.50000000000026 -5.492473714223032e-05
37.60000000000026 -5.47867443461769e-05
37.70000000000027 -5.463915940569562e-05
37.80000000000027 -5.453312188398658e-05
37.90000000000027 -5.44936430382396e-05
38.00000000000027 -5.452741155563624e-05
38.10000000000027 -5.46289359821082e-05
38.20000000000027 -5.477515720331072e-05
38.30000000000027 -5.491704013316567e-05
38.40000000000028 -5.499211561555617e-05
38.50000000000028 -5.496334534071968e-05
38.60000000000028 -5.484504572148795e-05
38.70000000000028 -5.469295904570199e-05
38.80000000000028 -5.456613214745325e-05
38.90000000000028 -5.449919696234037e-05
39.00000000000028 -5.450452269930366e-05
39.10000000000029 -5.458141464702337e-05
39.20000000000029 -5.471515699195975e-05
39.30000000000029 -5.486706528125607e-05
39.40000000000029 -5.497556783680954e-05
39.50000000000029 -5.498854525383236e-05
39.60000000000029 -5.489947558300984e-05
39.70000000000029 -5.475198200482462e-05
39.8000000000003 -5.460925895204919e-05
39.9000000000003 -5.451650919716278e-05
40.0000000000003 -5.449325736749881e-05
40.1000000000003 -5.454314133327436e-05
40.2000000000003 -5.465776473259812e-05
40.3000000000003 -5.48090297299299e-05
40.4000000000003 -5.49423646202054e-05
40.50000000000031 -5.499659888521404e-05
40.60000000000031 -5.49447543085223e-05
40.70000000000031 -5.481263718248743e-05
40.80000000000031 -5.466105145880449e-05
40.90000000000031 -5.454522024608358e-05
41.00000000000031 -5.449386159661071e-05
41.10000000000031 -5.451562088518929e-05
41.20000000000032 -5.460697853208559e-05
41.30000000000032 -5.474868497991666e-05
41.40000000000032 -5.489610157001058e-05
41.50000000000032 -5.498651836483764e-05
41.60000000000032 -5.49758891338398e-05
41.70000000000032 -5.48695594200202e-05
41.80000000000032 -5.471866249779967e-05
41.90000000000033 -5.458449024507998e-05
42.00000000000033 -5.450633063578557e-05
42.10000000000033 -5.449951046219201e-05
42.20000000000033 -5.456499827937194e-05
42.30000000000033 -5.469060505221511e-05
42.40000000000033 -5.484200329818329e-05
42.50000000000033 -5.496051965817953e-05
42.60000000000034 -5.499059631031468e-05
42.70000000000034 -5.49175521850317e-05
42.80000000000034 -5.477744788341098e-05
42.90000000000034 -5.463205475269076e-05
43.00000000000034 -5.453013772677327e-05
43.10000000000034 -5.449514670859231e-05
43.20000000000034 -5.453316498215388e-05
43.30000000000035 -5.463786689217272e-05
43.40000000000035 -5.478451902994314e-05
43.50000000000035 -5.492223816778913e-05
43.60000000000035 -5.498950916135254e-05
43.70000000000035 -5.495366646339797e-05
43.80000000000035 -5.483308824524746e-05
43.90000000000035 -5.468422843723643e-05
44.00000000000036 -5.456330852250386e-05
44.10000000000036 -5.450215704562526e-05
44.20000000000036 -5.451231085385067e-05
44.30000000000036 -5.459276726313866e-05
44.40000000000036 -5.47273041745785e-05
44.50000000000036 -5.487496286055595e-05
44.60000000000036 -5.497417892908141e-05
44.70000000000037 -5.497713725682662e-05
44.80000000000037 -5.488301210023002e-05
44.90000000000037 -5.473809942371854e-05
45.00000000000037 -5.460301522401343e-05
45.10000000000037 -5.451867194319676e-05
45.20000000000037 -5.450224026689473e-05
45.30000000000037 -5.455688605207402e-05
45.40000000000038 -5.467359846229647e-05
45.50000000000038 -5.482204351963174e-05
45.60000000000038 -5.494601676989298e-05
45.70000000000038 -5.498741542778567e-05
45.80000000000038 -5.492578022073296e-05
45.90000000000038 -5.479227929429243e-05
46.00000000000038 -5.464772525842953e-05
46.10000000000039 -5.454257351504324e-05
46.20000000000039 -5.450120974614924e-05
46.30000000000039 -5.453039381409127e-05
46.40000000000039 -5.462588340779588e-05
46.50000000000039 -5.476706797072761e-05
46.60000000000039 -5.490706553581178e-05
46.70000000000039 -5.498386435442252e-05
46.8000000000004 -5.495923436648595e-05
46.9000000000004 -5.484557728404345e-05
47.0000000000004 -5.469741774644806e-05
47.1000000000004 -5.457344427387549e-05
47.2000000000004 -5.450775842405407e-05
47.3000000000004 -5.451189365340225e-05
47.4000000000004 -5.458494750634805e-05
47.50000000000041 -5.471318278815533e-05
47.60000000000041 -5.48602505221993e-05
47.70000000000041 -5.49667456401671e-05
47.80000000000041 -5.498094369786045e-05
47.90000000000041 -5.489523689197301e-05
48.00000000000041 -5.475161085381806e-05
48.10000000000041 -5.461231811425253e-05
48.20000000000041 -5.452236049232497e-05
48.30000000000042 -5.45007611117957e-05
48.40000000000042 -5.455019743122892e-05
48.50000000000042 -5.466186495385919e-05
48.60000000000042 -5.480843312687923e-05
48.70000000000042 -5.493732313580669e-05
48.80000000000042 -5.498929794265376e-05
48.90000000000042 -5.493784283903449e-05
49.00000000000043 -5.480801475668111e-05
49.10000000000043 -5.465948001891582e-05
49.20000000000043 -5.454670559796501e-05
49.30000000000043 -5.449812881056347e-05
49.40000000000043 -5.452191316228312e-05
49.50000000000043 -5.46136037707617e-05
49.60000000000043 -5.475342060831299e-05
49.70000000000044 -5.489721421814222e-05
49.80000000000044 -5.498365390536437e-05
49.90000000000044 -5.497029516407573e-05
50.00000000000044 -5.48632289901015e-05
