0 -5.499268128212023e-05
0.1 -4.623768962627207e-05
0.2 -3.945018166033555e-05
0.3 -3.517455597575822e-05
0.4 -3.271409656637715e-05
0.5 -3.126039161036722e-05
0.6 -3.033160170549765e-05
0.7 -2.968502831700242e-05
0.7999999999999999 -2.919906835288967e-05
0.8999999999999999 -2.880955052196738e-05
0.9999999999999999 -2.848017383322452e-05
1.1 -2.818879570628843e-05
1.2 -2.792076708845522e-05
1.3 -2.766546539600423e-05
1.4 -2.74143220813687e-05
1.5 -2.71595483465656e-05
1.6 -2.689315030268206e-05
1.7 -2.660599214014236e-05
1.8 -2.628674304134986e-05
1.900000000000001 -2.592061268158908e-05
2 -2.548795349750636e-05
2.100000000000001 -2.496331314164486e-05
2.200000000000001 -2.431673643788502e-05
2.300000000000001 -2.352112563063881e-05
2.400000000000001 -2.257006052327732e-05
2.500000000000001 -2.15025894852679e-05
2.600000000000001 -2.041207320180736e-05
2.700000000000001 -1.941299637277095e-05
2.800000000000001 -1.858486997552767e-05
2.900000000000001 -1.794662365153324e-05
3.000000000000001 -1.747388162845323e-05
3.100000000000001 -1.712769104404047e-05
3.200000000000002 -1.687208334330112e-05
3.300000000000002 -1.667962322166166e-05
3.400000000000002 -1.653104940995003e-05
3.500000000000002 -1.641327540483457e-05
3.600000000000002 -1.631746874895438e-05
3.700000000000002 -1.62376239420668e-05
3.800000000000002 -1.616959667459526e-05
3.900000000000002 -1.611047339415145e-05
4.000000000000002 -1.605816375689673e-05
4.100000000000001 -1.601113618056918e-05
4.200000000000001 -1.596824436138355e-05
4.300000000000001 -1.592861174953517e-05
4.4 -1.589155327547238e-05
4.5 -1.585652129673692e-05
4.6 -1.582306748673198e-05
4.699999999999999 -1.579081533129159e-05
4.799999999999999 -1.575943973453431e-05
4.899999999999999 -1.5728651387605e-05
4.999999999999998 -1.569818427957782e-05
5.099999999999998 -1.566778518387074e-05
5.199999999999998 -1.563720422882364e-05
5.299999999999997 -1.560618581213148e-05
5.399999999999997 -1.5574459175589e-05
5.499999999999996 -1.554172793221864e-05
5.599999999999996 -1.550765773250199e-05
5.699999999999996 -1.547186105883692e-05
5.799999999999995 -1.543387782490834e-05
5.899999999999995 -1.53931499954512e-05
5.999999999999995 -1.534898778896079e-05
6.099999999999994 -1.530052413976863e-05
6.199999999999994 -1.524665296855493e-05
6.299999999999994 -1.518594555123725e-05
6.399999999999993 -1.511653831221397e-05
6.499999999999993 -1.503598588531608e-05
6.599999999999993 -1.494107812140594e-05
6.699999999999992 -1.482763492393484e-05
6.799999999999992 -1.469032960697838e-05
6.899999999999991 -1.452266633149845e-05
6.999999999999991 -1.431736111333642e-05
7.099999999999991 -1.406751438335954e-05
7.19999999999999 -1.376895268210317e-05
7.29999999999999 -1.34236167212081e-05
7.39999999999999 -1.304265059813962e-05
7.499999999999989 -1.264662497419547e-05
7.599999999999989 -1.226106725912316e-05
7.699999999999989 -1.190893412755724e-05
7.799999999999988 -1.160458538027607e-05
7.899999999999988 -1.135243608238547e-05
7.999999999999988 -1.114948394168336e-05
8.099999999999987 -1.098889283597603e-05
8.199999999999987 -1.086273360238842e-05
8.299999999999986 -1.076353874754658e-05
8.399999999999986 -1.068499013336495e-05
8.499999999999986 -1.062207937241456e-05
8.599999999999985 -1.057099065057004e-05
8.699999999999985 -1.052887843342196e-05
8.799999999999985 -1.049363893920016e-05
8.899999999999984 -1.046371691830195e-05
8.999999999999984 -1.043795656676e-05
9.099999999999984 -1.041549165177011e-05
9.199999999999983 -1.039566629373932e-05
9.299999999999983 -1.037797833232531e-05
9.399999999999983 -1.036203886269079e-05
9.499999999999982 -1.034754320839872e-05
9.599999999999982 -1.033424995718702e-05
9.699999999999982 -1.032196569294071e-05
9.799999999999981 -1.031053377285584e-05
9.899999999999981 -1.029982599760015e-05
9.99999999999998 -1.028973636720794e-05
10.09999999999998 -1.028017635365694e-05
10.19999999999998 -1.027107128600891e-05
10.29999999999998 -1.026235755875925e-05
10.39999999999998 -1.025398045440285e-05
10.49999999999998 -1.02458924278996e-05
10.59999999999998 -1.023805174099395e-05
10.69999999999998 -1.023042136317373e-05
10.79999999999998 -1.022296807684137e-05
10.89999999999998 -1.021566173935922e-05
10.99999999999998 -1.020847466563891e-05
11.09999999999998 -1.020138110300478e-05
11.19999999999998 -1.019435677596274e-05
11.29999999999998 -1.018737848280431e-05
11.39999999999998 -1.018042372905961e-05
11.49999999999998 -1.017347038495213e-05
11.59999999999997 -1.016649635538554e-05
11.69999999999997 -1.01594792517233e-05
11.79999999999997 -1.015239605476987e-05
11.89999999999997 -1.01452227579424e-05
11.99999999999997 -1.01379339786094e-05
12.09999999999997 -1.013050252389371e-05
12.19999999999997 -1.01228988947677e-05
12.29999999999997 -1.011509070882065e-05
12.39999999999997 -1.010704201738211e-05
12.49999999999997 -1.009871248636455e-05
12.59999999999997 -1.009005640172119e-05
12.69999999999997 -1.008102144908693e-05
12.79999999999997 -1.007154720199872e-05
12.89999999999997 -1.006156323274166e-05
12.99999999999997 -1.005098673251982e-05
13.09999999999997 -1.003971949086251e-05
13.19999999999997 -1.002764403469844e-05
13.29999999999997 -1.001461866114819e-05
13.39999999999997 -1.000047100954733e-05
13.49999999999997 -9.984989701445463e-06
13.59999999999997 -9.967913426359742e-06
13.69999999999997 -9.948916662548622e-06
13.79999999999997 -9.927591001137943e-06
13.89999999999997 -9.903420814721221e-06
13.99999999999997 -9.875751850489567e-06
14.09999999999997 -9.843751399831621e-06
14.19999999999997 -9.806359347749183e-06
14.29999999999997 -9.762231299016323e-06
14.39999999999996 -9.709679269690946e-06
14.49999999999996 -9.646623887394877e-06
14.59999999999996 -9.57058673951723e-06
14.69999999999996 -9.478773279370976e-06
14.79999999999996 -9.368320908401952e-06
14.89999999999996 -9.236795726978034e-06
14.99999999999996 -9.08297753938469e-06
15.09999999999996 -8.907831040173798e-06
15.19999999999996 -8.715326270376995e-06
15.29999999999996 -8.512583955756366e-06
15.39999999999996 -8.308941559800744e-06
15.49999999999996 -8.11407748571897e-06
15.59999999999996 -7.93595728276739e-06
15.69999999999996 -7.779502570731784e-06
15.79999999999996 -7.64638769783838e-06
15.89999999999996 -7.53571824631983e-06
15.99999999999996 -7.44504613307839e-06
16.09999999999996 -7.371279767256837e-06
16.19999999999996 -7.311301047270674e-06
16.29999999999996 -7.262293387061145e-06
16.39999999999996 -7.221865227116564e-06
16.49999999999996 -7.188059368066737e-06
16.59999999999997 -7.159316116394299e-06
16.69999999999997 -7.134432119141782e-06
16.79999999999997 -7.112531650165673e-06
16.89999999999997 -7.093041215351297e-06
16.99999999999997 -7.075639931325326e-06
17.09999999999997 -7.060168346502595e-06
17.19999999999997 -7.04651864550798e-06
17.29999999999998 -7.034555651983491e-06
17.39999999999998 -7.024095209261555e-06
17.49999999999998 -7.014924201024075e-06
17.59999999999998 -7.006830767449558e-06
17.69999999999998 -6.999625333990565e-06
17.79999999999998 -6.993149010505002e-06
17.89999999999998 -6.98727339231222e-06
17.99999999999999 -6.981896423207663e-06
18.09999999999999 -6.976937292737397e-06
18.19999999999999 -6.97233174835221e-06
18.29999999999999 -6.968028262812888e-06
18.39999999999999 -6.963985067393772e-06
18.49999999999999 -6.960167911889214e-06
18.59999999999999 -6.956548388053718e-06
18.7 -6.953102673932523e-06
18.8 -6.949810587661343e-06
18.9 -6.946654867897146e-06
19 -6.9436206206916e-06
19.1 -6.940694889448347e-06
19.2 -6.937866316735332e-06
19.3 -6.935124875353241e-06
19.40000000000001 -6.932461652178025e-06
19.50000000000001 -6.929868672642733e-06
19.60000000000001 -6.927338756830375e-06
19.70000000000001 -6.924865400387839e-06
19.80000000000001 -6.922442675097798e-06
19.90000000000001 -6.920065145140291e-06
20.00000000000001 -6.917727795960861e-06
20.10000000000002 -6.915425973324433e-06
20.20000000000002 -6.913155330634807e-06
20.30000000000002 -6.910911782979794e-06
20.40000000000002 -6.90869146665406e-06
20.50000000000002 -6.906490703136673e-06
20.60000000000002 -6.904305966673923e-06
20.70000000000002 -6.902133854752995e-06
20.80000000000003 -6.899971060855523e-06
20.90000000000003 -6.897814348959658e-06
21.00000000000003 -6.895660529318818e-06
21.10000000000003 -6.893506435088181e-06
21.20000000000003 -6.891348899399147e-06
21.30000000000003 -6.889184732498339e-06
21.40000000000003 -6.887010698572745e-06
21.50000000000004 -6.884823491876647e-06
21.60000000000004 -6.882619711758537e-06
21.70000000000004 -6.880395836157531e-06
21.80000000000004 -6.878148193096874e-06
21.90000000000004 -6.87587292964608e-06
22.00000000000004 -6.873565977750144e-06
22.10000000000004 -6.8712230162316e-06
22.20000000000005 -6.868839428154232e-06
22.30000000000005 -6.866410252591549e-06
22.40000000000005 -6.863930129661224e-06
22.50000000000005 -6.861393237460219e-06
22.60000000000005 -6.858793219253298e-06
22.70000000000005 -6.856123098915286e-06
22.80000000000005 -6.853375182186608e-06
22.90000000000006 -6.850540940748137e-06
23.00000000000006 -6.847610875424491e-06
23.10000000000006 -6.844574353943602e-06
23.20000000000006 -6.841419417562761e-06
23.30000000000006 -6.838132549447624e-06
23.40000000000006 -6.834698395870709e-06
23.50000000000006 -6.831099428961032e-06
23.60000000000007 -6.827315536729484e-06
23.70000000000007 -6.823323522209794e-06
23.80000000000007 -6.819096488520682e-06
23.90000000000007 -6.814603080114925e-06
24.00000000000007 -6.809806541970105e-06
24.10000000000007 -6.80466354738881e-06
24.20000000000007 -6.799122730641212e-06
24.30000000000008 -6.793122841929131e-06
24.40000000000008 -6.786590417901573e-06
24.50000000000008 -6.779436829859469e-06
24.60000000000008 -6.771554532471801e-06
24.70000000000008 -6.762812287221183e-06
24.80000000000008 -6.753049076914432e-06
24.90000000000008 -6.742066363039461e-06
25.00000000000009 -6.729618274631754e-06
25.10000000000009 -6.715399274524643e-06
25.20000000000009 -6.699028865251713e-06
25.30000000000009 -6.680033046309569e-06
25.40000000000009 -6.657822648455278e-06
25.50000000000009 -6.631669567472652e-06
25.60000000000009 -6.60068362985046e-06
25.7000000000001 -6.563795776702598e-06
25.8000000000001 -6.519757850459592e-06
25.9000000000001 -6.467175480978914e-06
26.0000000000001 -6.40459706625294e-06
26.1000000000001 -6.330684647155442e-06
26.2000000000001 -6.244483849997221e-06
26.3000000000001 -6.145780055204969e-06
26.40000000000011 -6.035472263439766e-06
26.50000000000011 -5.915830935798562e-06
26.60000000000011 -5.790477479255723e-06
26.70000000000011 -5.663985925660499e-06
26.80000000000011 -5.541166674007e-06
26.90000000000011 -5.426261112872947e-06
27.00000000000011 -5.322328731823529e-06
27.10000000000012 -5.231001115413715e-06
27.20000000000012 -5.15259529421115e-06
27.30000000000012 -5.086447975087599e-06
27.40000000000012 -5.031307289529525e-06
27.50000000000012 -4.985669088310758e-06
27.60000000000012 -4.948012259122778e-06
27.70000000000012 -4.91693552638214e-06
27.80000000000013 -4.891219629440012e-06
27.90000000000013 -4.869841799016534e-06
28.00000000000013 -4.851964121073526e-06
28.10000000000013 -4.836910268317051e-06
28.20000000000013 -4.824139112092051e-06
28.30000000000013 -4.813219608001773e-06
28.40000000000013 -4.803808837499569e-06
28.50000000000014 -4.795633706926609e-06
28.60000000000014 -4.78847612773098e-06
28.70000000000014 -4.782161223417916e-06
28.80000000000014 -4.776548039147056e-06
28.90000000000014 -4.771522258094307e-06
29.00000000000014 -4.7669904948257e-06
29.10000000000014 -4.762875809841231e-06
29.20000000000014 -4.759114157398115e-06
29.30000000000015 -4.755651535514475e-06
29.40000000000015 -4.752441651686507e-06
29.50000000000015 -4.74944395132682e-06
29.60000000000015 -4.746621880440866e-06
29.70000000000015 -4.743941273212069e-06
29.80000000000015 -4.741368775359976e-06
29.90000000000015 -4.738870247394698e-06
30.00000000000016 -4.73640916045548e-06
30.10000000000016 -4.733945138837208e-06
30.20000000000016 -4.731433069397637e-06
30.30000000000016 -4.728823627926297e-06
30.40000000000016 -4.726066599967732e-06
30.50000000000016 -4.723118633707003e-06
30.60000000000016 -4.719956201222831e-06
30.70000000000017 -4.716591522853179e-06
30.80000000000017 -4.713084353913452e-06
30.90000000000017 -4.709539650971078e-06
31.00000000000017 -4.706086022405118e-06
31.10000000000017 -4.702842387988481e-06
31.20000000000017 -4.699889648506028e-06
31.30000000000017 -4.697260188856953e-06
31.40000000000018 -4.694945112878897e-06
31.50000000000018 -4.692910043835787e-06
31.60000000000018 -4.691110365799031e-06
31.70000000000018 -4.689501566918629e-06
31.80000000000018 -4.688044483178918e-06
31.90000000000018 -4.686706989820317e-06
32.00000000000018 -4.685463775491199e-06
32.10000000000019 -4.684295328507654e-06
32.20000000000019 -4.683186753989159e-06
32.30000000000019 -4.682126697943944e-06
32.40000000000019 -4.681106467487463e-06
32.50000000000019 -4.680119350062789e-06
32.60000000000019 -4.67916010234187e-06
32.70000000000019 -4.678224572667796e-06
32.8000000000002 -4.67730942423195e-06
32.9000000000002 -4.676411932491121e-06
33.0000000000002 -4.675529836631024e-06
33.1000000000002 -4.674661230160332e-06
33.2000000000002 -4.673804479805886e-06
33.3000000000002 -4.672958164914277e-06
33.4000000000002 -4.672121031768987e-06
33.50000000000021 -4.671291958811881e-06
33.60000000000021 -4.670469929884535e-06
33.70000000000021 -4.669654013405943e-06
33.80000000000021 -4.668843345973766e-06
33.90000000000021 -4.66803711928369e-06
34.00000000000021 -4.667234569553446e-06
34.10000000000021 -4.666434968848207e-06
34.20000000000022 -4.665637617856453e-06
34.30000000000022 -4.664841839775935e-06
34.40000000000022 -4.664046975050589e-06
34.50000000000022 -4.663252376758808e-06
34.60000000000022 -4.662457406497322e-06
34.70000000000022 -4.661661430637683e-06
34.80000000000022 -4.66086381685653e-06
34.90000000000023 -4.660063930858547e-06
35.00000000000023 -4.65926113322446e-06
35.10000000000023 -4.65845477632577e-06
35.20000000000023 -4.657644201254908e-06
35.30000000000023 -4.656828734723887e-06
35.40000000000023 -4.656007685887604e-06
35.50000000000023 -4.655180343048866e-06
35.60000000000024 -4.654345970202482e-06
35.70000000000024 -4.653503803374305e-06
35.80000000000024 -4.652653046708953e-06
35.90000000000024 -4.651792868256164e-06
36.00000000000024 -4.650922395401165e-06
36.10000000000024 -4.650040709878471e-06
36.20000000000024 -4.649146842300949e-06
36.30000000000025 -4.648239766127107e-06
36.40000000000025 -4.647318390978516e-06
36.50000000000025 -4.646381555206214e-06
36.60000000000025 -4.645428017589315e-06
36.70000000000025 -4.644456448030204e-06
36.80000000000025 -4.643465417088261e-06
36.90000000000025 -4.642453384167212e-06
37.00000000000026 -4.641418684138971e-06
37.10000000000026 -4.640359512147956e-06
37.20000000000026 -4.639273906293391e-06
37.30000000000026 -4.638159727830301e-06
37.40000000000026 -4.637014638462036e-06
37.50000000000026 -4.635836074213683e-06
37.60000000000026 -4.634621215274857e-06
37.70000000000027 -4.633366951076487e-06
37.80000000000027 -4.632069839714758e-06
37.90000000000027 -4.630726060648685e-06
38.00000000000027 -4.62933135936768e-06
38.10000000000027 -4.627880982440604e-06
38.20000000000027 -4.626369601003417e-06
38.30000000000027 -4.624791220301996e-06
38.40000000000028 -4.623139072354325e-06
38.50000000000028 -4.621405488105338e-06
38.60000000000028 -4.61958174457674e-06
38.70000000000028 -4.617657881416814e-06
38.80000000000028 -4.615622479865825e-06
38.90000000000028 -4.61346239539188e-06
39.00000000000028 -4.611162433013577e-06
39.10000000000029 -4.608704951478128e-06
39.20000000000029 -4.606069378835096e-06
39.30000000000029 -4.603231617324539e-06
39.40000000000029 -4.60016330961717e-06
39.50000000000029 -4.596830930981075e-06
39.60000000000029 -4.593194662522726e-06
39.70000000000029 -4.58920698883727e-06
39.8000000000003 -4.584810948777157e-06
39.9000000000003 -4.579937950277544e-06
40.0000000000003 -4.574505039210526e-06
40.1000000000003 -4.56841148867087e-06
40.2000000000003 -4.561534550805705e-06
40.3000000000003 -4.553724192588884e-06
40.4000000000003 -4.544796628404772e-06
40.50000000000031 -4.534526481851616e-06
40.60000000000031 -4.522637484560977e-06
40.70000000000031 -4.508791796937778e-06
40.80000000000031 -4.492578385891895e-06
40.90000000000031 -4.473501520057863e-06
41.00000000000031 -4.450971472191929e-06
41.10000000000031 -4.424301074297617e-06
41.20000000000032 -4.392713880928043e-06
41.30000000000032 -4.355372103622828e-06
41.40000000000032 -4.31143433749958e-06
41.50000000000032 -4.260152630708687e-06
41.60000000000032 -4.201012898747801e-06
41.70000000000032 -4.133909285533203e-06
41.80000000000032 -4.059321670646157e-06
41.90000000000033 -3.978442436356426e-06
42.00000000000033 -3.89318830660162e-06
42.10000000000033 -3.806052157472931e-06
42.20000000000033 -3.719802087602014e-06
42.30000000000033 -3.637099582187493e-06
42.40000000000033 -3.560147082585924e-06
42.50000000000033 -3.490461564228111e-06
42.60000000000034 -3.428814140118055e-06
42.70000000000034 -3.375312574746777e-06
42.80000000000034 -3.329566614456707e-06
42.90000000000034 -3.290873457366088e-06
43.00000000000034 -3.258380032327274e-06
43.10000000000034 -3.23120282113094e-06
43.20000000000034 -3.208503983539574e-06
43.30000000000035 -3.189531858725175e-06
43.40000000000035 -3.173636488639302e-06
43.50000000000035 -3.160269704516407e-06
43.60000000000035 -3.148976904519702e-06
43.70000000000035 -3.139385236359626e-06
43.80000000000035 -3.131190996421161e-06
43.90000000000035 -3.124147743916198e-06
44.00000000000036 -3.118055804263794e-06
44.10000000000036 -3.112753360019655e-06
44.20000000000036 -3.108109077617342e-06
44.30000000000036 -3.104016104117083e-06
44.40000000000036 -3.100387230535107e-06
44.50000000000036 -3.097151020332102e-06
44.60000000000036 -3.094248721802432e-06
44.70000000000037 -3.091631809599313e-06
44.80000000000037 -3.089260027396278e-06
44.90000000000037 -3.087099827945094e-06
45.00000000000037 -3.085123127545953e-06
45.10000000000037 -3.08330630910332e-06
45.20000000000037 -3.08162942181933e-06
45.30000000000037 -3.080075536645477e-06
45.40000000000038 -3.078630225362079e-06
45.50000000000038 -3.077281138029636e-06
45.60000000000038 -3.076017658941503e-06
45.70000000000038 -3.07483062541731e-06
45.80000000000038 -3.073712097069009e-06
45.90000000000038 -3.07265516574526e-06
46.00000000000038 -3.07165379837707e-06
46.10000000000039 -3.070702706529478e-06
46.20000000000039 -3.069797237708634e-06
46.30000000000039 -3.06893328445484e-06
46.40000000000039 -3.068107208027685e-06
46.50000000000039 -3.067315774104662e-06
46.60000000000039 -3.066556098403831e-06
46.70000000000039 -3.065825600531261e-06
46.8000000000004 -3.065121964666364e-06
46.9000000000004 -3.064443105948617e-06
47.0000000000004 -3.06378714163098e-06
47.1000000000004 -3.063152366227551e-06
47.2000000000004 -3.062537230014642e-06
47.3000000000004 -3.061940320350452e-06
47.4000000000004 -3.061360345364445e-06
47.50000000000041 -3.060796119636785e-06
47.60000000000041 -3.060246551543472e-06
47.70000000000041 -3.059710631986997e-06
47.80000000000041 -3.059187424266146e-06
47.90000000000041 -3.058676054863807e-06
48.00000000000041 -3.058175704948805e-06
48.10000000000041 -3.057685602396741e-06
48.20000000000041 -3.057205014135898e-06
48.30000000000042 -3.056733238616258e-06
48.40000000000042 -3.056269598180871e-06
48.50000000000042 -3.055813431087879e-06
48.60000000000042 -3.055364082883662e-06
48.70000000000042 -3.054920896759199e-06
48.80000000000042 -3.054483202424892e-06
48.90000000000042 -3.054050302905074e-06
49.00000000000043 -3.053621458467863e-06
49.10000000000043 -3.053195866651526e-06
49.20000000000043 -3.052772636999048e-06
49.30000000000043 -3.052350758635574e-06
49.40000000000043 -3.051929058173811e-06
49.50000000000043 -3.051506144556526e-06
49.60000000000043 -3.051080336278056e-06
49.70000000000044 -3.050649564905981e-06
49.80000000000044 -3.050211246915937e-06
49.90000000000044 -3.049762113611931e-06
50.00000000000044 -3.049297986613914e-06
