0 -5.499268128212023e-05
0.1 -4.270192358195313e-05
0.2 -3.353730095187269e-05
0.3 -2.826975049688897e-05
0.4 -2.556616303844873e-05
0.5 -2.413822747290433e-05
0.6 -2.331316119802446e-05
0.7 -2.278742386099105e-05
0.7999999999999999 -2.242230646182769e-05
0.8999999999999999 -2.215022706938034e-05
0.9999999999999999 -2.193570348349497e-05
1.1 -2.175872395773229e-05
1.2 -2.16072447851099e-05
1.3 -2.147358038956098e-05
1.4 -2.135255394477372e-05
1.5 -2.124049237695651e-05
1.6 -2.113464849853148e-05
1.7 -2.103284896504681e-05
1.8 -2.093326517007008e-05
1.900000000000001 -2.083425103761548e-05
2 -2.073421449851388e-05
2.100000000000001 -2.063150021350481e-05
2.200000000000001 -2.052426505929359e-05
2.300000000000001 -2.041032705713275e-05
2.400000000000001 -2.028696304260085e-05
2.500000000000001 -2.015061942493145e-05
2.600000000000001 -1.999648185289307e-05
2.700000000000001 -1.98178214512687e-05
2.800000000000001 -1.960499953830878e-05
2.900000000000001 -1.934398986000387e-05
3.000000000000001 -1.901434941730183e-05
3.100000000000001 -1.858698462992301e-05
3.200000000000002 -1.802339245886617e-05
3.300000000000002 -1.72810108257866e-05
3.400000000000002 -1.633250773310271e-05
3.500000000000002 -1.52012023249913e-05
3.600000000000002 -1.39879270220092e-05
3.700000000000002 -1.284293948761744e-05
3.800000000000002 -1.188716842628663e-05
3.900000000000002 -1.116041636288075e-05
4.000000000000002 -1.063692071123503e-05
4.100000000000001 -1.026831541694728e-05
4.200000000000001 -1.001067288289263e-05
4.300000000000001 -9.830384240502682e-06
4.4 -9.702661154096124e-06
4.5 -9.610065219587266e-06
4.6 -9.540979807372996e-06
4.699999999999999 -9.487887353711993e-06
4.799999999999999 -9.445930759775573e-06
4.899999999999999 -9.411925861418534e-06
4.999999999999998 -9.383739899150925e-06
5.099999999999998 -9.359910491435288e-06
5.199999999999998 -9.339411458930732e-06
5.299999999999997 -9.321506736208903e-06
5.399999999999997 -9.305657429801252e-06
5.499999999999996 -9.29146144257973e-06
5.599999999999996 -9.278613438176195e-06
5.699999999999996 -9.266877765114305e-06
5.799999999999995 -9.2560698018633e-06
5.899999999999995 -9.246042877470201e-06
5.999999999999995 -9.236678950147112e-06
6.099999999999994 -9.22788186153265e-06
6.199999999999994 -9.219572384287959e-06
6.299999999999994 -9.21168453686091e-06
6.399999999999993 -9.204162806073922e-06
6.499999999999993 -9.196960028542573e-06
6.599999999999993 -9.190035756018509e-06
6.699999999999992 -9.183354980189249e-06
6.799999999999992 -9.176887127262599e-06
6.899999999999991 -9.170605256966061e-06
6.999999999999991 -9.164485417764197e-06
7.099999999999991 -9.158506122363195e-06
7.19999999999999 -9.152647916421857e-06
7.29999999999999 -9.146893019830666e-06
7.39999999999999 -9.141225024647673e-06
7.499999999999989 -9.135628637269608e-06
7.599999999999989 -9.130089455003501e-06
7.699999999999989 -9.124593769122772e-06
7.799999999999988 -9.119128387908098e-06
7.899999999999988 -9.113680474204247e-06
7.999999999999988 -9.108237392752496e-06
8.099999999999987 -9.10278656303853e-06
8.199999999999987 -9.097315313666176e-06
8.299999999999986 -9.091810734346673e-06
8.399999999999986 -9.08625952148903e-06
8.499999999999986 -9.08064781308203e-06
8.599999999999985 -9.074961008053049e-06
8.699999999999985 -9.069183564536971e-06
8.799999999999985 -9.063298770435498e-06
8.899999999999984 -9.057288478214888e-06
8.999999999999984 -9.051132793965633e-06
9.099999999999984 -9.044809708176771e-06
9.199999999999983 -9.038294652241958e-06
9.299999999999983 -9.031559960109917e-06
9.399999999999983 -9.024574208293073e-06
9.499999999999982 -9.017301399047539e-06
9.599999999999982 -9.00969994007986e-06
9.699999999999982 -9.001721358382786e-06
9.799999999999981 -8.99330866397592e-06
9.899999999999981 -8.984394248828985e-06
9.99999999999998 -8.974897163271722e-06
10.09999999999998 -8.964719551121621e-06
10.19999999999998 -8.953741937238584e-06
10.29999999999998 -8.941816934770619e-06
10.39999999999998 -8.928760755318553e-06
10.49999999999998 -8.914341635668502e-06
10.59999999999998 -8.898263897992524e-06
10.69999999999998 -8.880145775301908e-06
10.79999999999998 -8.859488272861485e-06
10.89999999999998 -8.835631080405187e-06
10.99999999999998 -8.807689755725561e-06
11.09999999999998 -8.774465942587039e-06
11.19999999999998 -8.734319303592489e-06
11.29999999999998 -8.684986741085942e-06
11.39999999999998 -8.623333476915782e-06
11.49999999999998 -8.545027452323791e-06
11.59999999999997 -8.444156721028806e-06
11.69999999999997 -8.312885424330979e-06
11.79999999999997 -8.141406526845412e-06
11.89999999999997 -7.918718205199686e-06
11.99999999999997 -7.635007965872608e-06
12.09999999999997 -7.28620897155085e-06
12.19999999999997 -6.879821549992132e-06
12.29999999999997 -6.438433228360231e-06
12.39999999999997 -5.996315490231848e-06
12.49999999999997 -5.588708550516926e-06
12.59999999999997 -5.240281666959244e-06
12.69999999999997 -4.960191370736152e-06
12.79999999999997 -4.744797992255344e-06
12.89999999999997 -4.583690248383204e-06
12.99999999999997 -4.464833700356713e-06
13.09999999999997 -4.37741579939096e-06
13.19999999999997 -4.312826977783109e-06
13.29999999999997 -4.264641975470039e-06
13.39999999999997 -4.228228583038993e-06
13.49999999999997 -4.200302222196796e-06
13.59999999999997 -4.178546600755878e-06
13.69999999999997 -4.161325815227753e-06
13.79999999999997 -4.147477697243371e-06
13.89999999999997 -4.136169528854895e-06
13.99999999999997 -4.126798548048413e-06
14.09999999999997 -4.11892357691769e-06
14.19999999999997 -4.112217940272773e-06
14.29999999999997 -4.106436864399132e-06
14.39999999999996 -4.101394723890462e-06
14.49999999999996 -4.096949008100476e-06
14.59999999999996 -4.092988894015466e-06
14.69999999999996 -4.089426989874482e-06
14.79999999999996 -4.086193262301702e-06
14.89999999999996 -4.083230452775518e-06
14.99999999999996 -4.080490474440174e-06
15.09999999999996 -4.077931385664694e-06
15.19999999999996 -4.075514575163893e-06
15.29999999999996 -4.073201763974621e-06
15.39999999999996 -4.070951317429603e-06
15.49999999999996 -4.068713139045545e-06
15.59999999999996 -4.066421066897469e-06
15.69999999999996 -4.063981270792044e-06
15.79999999999996 -4.061255047431832e-06
15.89999999999996 -4.058036051131611e-06
15.99999999999996 -4.054029212729106e-06
16.09999999999996 -4.048858236274719e-06
16.19999999999996 -4.042161078593336e-06
16.29999999999996 -4.033834209924161e-06
16.39999999999996 -4.024342042556519e-06
16.49999999999996 -4.014744163667741e-06
16.59999999999997 -4.006201227476204e-06
16.69999999999997 -3.999372355393311e-06
16.79999999999997 -3.994279694697361e-06
16.89999999999997 -3.99058291102601e-06
16.99999999999997 -3.987874493710785e-06
17.09999999999997 -3.985821737452646e-06
17.19999999999997 -3.984192693305186e-06
17.29999999999998 -3.982837047266413e-06
17.39999999999998 -3.981660311446227e-06
17.49999999999998 -3.980603506469629e-06
17.59999999999998 -3.979629581289839e-06
17.69999999999998 -3.978714924467008e-06
17.79999999999998 -3.977844197066184e-06
17.89999999999998 -3.977007207821982e-06
17.99999999999999 -3.976197015491968e-06
18.09999999999999 -3.975408764902044e-06
18.19999999999999 -3.974638963590637e-06
18.29999999999999 -3.973885025596724e-06
18.39999999999999 -3.973144979241508e-06
18.49999999999999 -3.972417276980181e-06
18.59999999999999 -3.971700669702754e-06
18.7 -3.970994122324067e-06
18.8 -3.970296756207956e-06
18.9 -3.969607809278144e-06
19 -3.968926607947284e-06
19.1 -3.96825254704872e-06
19.2 -3.967585075257777e-06
19.3 -3.966923684326403e-06
19.40000000000001 -3.966267900999541e-06
19.50000000000001 -3.965617280840032e-06
19.60000000000001 -3.964971403427971e-06
19.70000000000001 -3.964329868561096e-06
19.80000000000001 -3.963692293192535e-06
19.90000000000001 -3.963058308917531e-06
20.00000000000001 -3.962427559872982e-06
20.10000000000002 -3.961799700950625e-06
20.20000000000002 -3.961174396250359e-06
20.30000000000002 -3.960551317718955e-06
20.40000000000002 -3.959930143932633e-06
20.50000000000002 -3.959310558991662e-06
20.60000000000002 -3.958692251502254e-06
20.70000000000002 -3.958074913626133e-06
20.80000000000003 -3.957458240182063e-06
20.90000000000003 -3.956841927786312e-06
21.00000000000003 -3.956225674021339e-06
21.10000000000003 -3.955609176623251e-06
21.20000000000003 -3.954992132679968e-06
21.30000000000003 -3.954374237832646e-06
21.40000000000003 -3.9537551854735e-06
21.50000000000004 -3.953134665933596e-06
21.60000000000004 -3.952512365654201e-06
21.70000000000004 -3.951887966335408e-06
21.80000000000004 -3.95126114405563e-06
21.90000000000004 -3.950631568355259e-06
22.00000000000004 -3.949998901277541e-06
22.10000000000004 -3.949362796359206e-06
22.20000000000005 -3.948722897562722e-06
22.30000000000005 -3.948078838141516e-06
22.40000000000005 -3.947430239428456e-06
22.50000000000005 -3.946776709536916e-06
22.60000000000005 -3.946117841962641e-06
22.70000000000005 -3.945453214073105e-06
22.80000000000005 -3.94478238546937e-06
22.90000000000006 -3.944104896203794e-06
23.00000000000006 -3.943420264834209e-06
23.10000000000006 -3.942727986293157e-06
23.20000000000006 -3.942027529547161e-06
23.30000000000006 -3.941318335017748e-06
23.40000000000006 -3.940599811731592e-06
23.50000000000006 -3.939871334162155e-06
23.60000000000007 -3.939132238719479e-06
23.70000000000007 -3.938381819837588e-06
23.80000000000007 -3.937619325601133e-06
23.90000000000007 -3.936843952842814e-06
24.00000000000007 -3.936054841631664e-06
24.10000000000007 -3.935251069058429e-06
24.20000000000007 -3.934431642207498e-06
24.30000000000008 -3.933595490184918e-06
24.40000000000008 -3.93274145504774e-06
24.50000000000008 -3.931868281450874e-06
24.60000000000008 -3.930974604791744e-06
24.70000000000008 -3.930058937589841e-06
24.80000000000008 -3.929119653785168e-06
24.90000000000008 -3.928154970573971e-06
25.00000000000009 -3.927162927319817e-06
25.10000000000009 -3.926141360977902e-06
25.20000000000009 -3.925087877346429e-06
25.30000000000009 -3.923999817303128e-06
25.40000000000009 -3.922874216990142e-06
25.50000000000009 -3.921707760664317e-06
25.60000000000009 -3.920496724617916e-06
25.7000000000001 -3.919236910177795e-06
25.8000000000001 -3.917923563282534e-06
25.9000000000001 -3.91655127748311e-06
26.0000000000001 -3.915113876366836e-06
26.1000000000001 -3.913604270304414e-06
26.2000000000001 -3.912014280981817e-06
26.3000000000001 -3.910334425287543e-06
26.40000000000011 -3.908553647624358e-06
26.50000000000011 -3.90665898638668e-06
26.60000000000011 -3.90463515589067e-06
26.70000000000011 -3.902464019045954e-06
26.80000000000011 -3.900123917933781e-06
26.90000000000011 -3.897588818383044e-06
27.00000000000011 -3.894827209457462e-06
27.10000000000012 -3.891800677840436e-06
27.20000000000012 -3.888462048100588e-06
27.30000000000012 -3.884752939427429e-06
27.40000000000012 -3.880600532946667e-06
27.50000000000012 -3.875913264526455e-06
27.60000000000012 -3.870575046804379e-06
27.70000000000012 -3.864437468300286e-06
27.80000000000013 -3.857309200089005e-06
27.90000000000013 -3.848941540598604e-06
28.00000000000013 -3.839008623659958e-06
28.10000000000013 -3.827080286505697e-06
28.20000000000013 -3.812584951224455e-06
28.30000000000013 -3.794759196199801e-06
28.40000000000013 -3.772580238270402e-06
28.50000000000014 -3.744677941881432e-06
28.60000000000014 -3.70922558519095e-06
28.70000000000014 -3.663816096514408e-06
28.80000000000014 -3.605347303045349e-06
28.90000000000014 -3.529971815766084e-06
29.00000000000014 -3.433217952223698e-06
29.10000000000014 -3.310446416487808e-06
29.20000000000014 -3.157824515769107e-06
29.30000000000015 -2.973872018212346e-06
29.40000000000015 -2.761254259240625e-06
29.50000000000015 -2.527954679834113e-06
29.60000000000015 -2.286733805018172e-06
29.70000000000015 -2.052475732366193e-06
29.80000000000015 -1.838443620202366e-06
29.90000000000015 -1.653334061596791e-06
30.00000000000016 -1.500390751655231e-06
30.10000000000016 -1.378398275805123e-06
30.20000000000016 -1.283493600149802e-06
30.30000000000016 -1.210829376559906e-06
30.40000000000016 -1.155666488025639e-06
30.50000000000016 -1.113906842935947e-06
30.60000000000016 -1.082247782815202e-06
30.70000000000017 -1.058137892978597e-06
30.80000000000017 -1.039655043018204e-06
30.90000000000017 -1.025371394450775e-06
31.00000000000017 -1.014233369319157e-06
31.10000000000017 -1.005464903507298e-06
31.20000000000017 -9.984934330529379e-07
31.30000000000017 -9.928949050884657e-07
31.40000000000018 -9.883535798856271e-07
31.50000000000018 -9.846328843937324e-07
31.60000000000018 -9.815543421337802e-07
31.70000000000018 -9.789823352222905e-07
31.80000000000018 -9.768130545299748e-07
31.90000000000018 -9.749664530624671e-07
32.00000000000018 -9.733803556796464e-07
32.10000000000019 -9.720061219441824e-07
32.20000000000019 -9.708054325282312e-07
32.30000000000019 -9.697478926476218e-07
32.40000000000019 -9.688092330279537e-07
32.50000000000019 -9.679699505223554e-07
32.60000000000019 -9.672142742334691e-07
32.70000000000019 -9.665293741487974e-07
32.8000000000002 -9.659047515966622e-07
32.9000000000002 -9.653317668712387e-07
33.0000000000002 -9.648032709762595e-07
33.1000000000002 -9.643133168770593e-07
33.2000000000002 -9.638569318246831e-07
33.3000000000002 -9.634299368597115e-07
33.4000000000002 -9.63028802966579e-07
33.50000000000021 -9.626505358532476e-07
33.60000000000021 -9.622925832052377e-07
33.70000000000021 -9.619527596748808e-07
33.80000000000021 -9.616291859344913e-07
33.90000000000021 -9.613202389358498e-07
34.00000000000021 -9.61024511139776e-07
34.10000000000021 -9.607407769582878e-07
34.20000000000022 -9.604679650212454e-07
34.30000000000022 -9.60205135166189e-07
34.40000000000022 -9.599514592740138e-07
34.50000000000022 -9.597062052484685e-07
34.60000000000022 -9.594687235752955e-07
34.70000000000022 -9.592384360061589e-07
34.80000000000022 -9.590148259988699e-07
34.90000000000023 -9.587974306144456e-07
35.00000000000023 -9.585858336267402e-07
35.10000000000023 -9.583796596447158e-07
35.20000000000023 -9.581785690829517e-07
35.30000000000023 -9.579822538451837e-07
35.40000000000023 -9.577904336087277e-07
35.50000000000023 -9.576028526171081e-07
35.60000000000024 -9.574192769034195e-07
35.70000000000024 -9.572394918802114e-07
35.80000000000024 -9.570633002415958e-07
35.90000000000024 -9.568905201325857e-07
36.00000000000024 -9.567209835473367e-07
36.10000000000024 -9.565545349241992e-07
36.20000000000024 -9.563910299103176e-07
36.30000000000025 -9.562303342726959e-07
36.40000000000025 -9.560723229361097e-07
36.50000000000025 -9.559168791309974e-07
36.60000000000025 -9.557638936371835e-07
36.70000000000025 -9.556132641110245e-07
36.80000000000025 -9.554648944855264e-07
36.90000000000025 -9.553186944343274e-07
37.00000000000026 -9.551745788917602e-07
37.10000000000026 -9.55032467622207e-07
37.20000000000026 -9.54892284832948e-07
37.30000000000026 -9.547539588253207e-07
37.40000000000026 -9.546174216798936e-07
37.50000000000026 -9.544826089717123e-07
37.60000000000026 -9.543494595122892e-07
37.70000000000027 -9.542179151154218e-07
37.80000000000027 -9.540879203841567e-07
37.90000000000027 -9.539594225168079e-07
38.00000000000027 -9.538323711298305e-07
38.10000000000027 -9.537067180959831e-07
38.20000000000027 -9.535824173960859e-07
38.30000000000027 -9.534594249830703e-07
38.40000000000028 -9.533376986571248e-07
38.50000000000028 -9.532171979507463e-07
38.60000000000028 -9.530978840229171e-07
38.70000000000028 -9.529797195613675e-07
38.80000000000028 -9.528626686922778e-07
38.90000000000028 -9.527466968967125e-07
39.00000000000028 -9.526317709331565e-07
39.10000000000029 -9.525178587656356e-07
39.20000000000029 -9.524049294969186e-07
39.30000000000029 -9.522929533063307e-07
39.40000000000029 -9.521819013918597e-07
39.50000000000029 -9.52071745916106e-07
39.60000000000029 -9.519624599558418e-07
39.70000000000029 -9.518540174547844e-07
39.8000000000003 -9.517463931794428e-07
39.9000000000003 -9.516395626776777e-07
40.0000000000003 -9.515335022398762e-07
40.1000000000003 -9.51428188862405e-07
40.2000000000003 -9.513236002133182e-07
40.3000000000003 -9.512197146000276e-07
40.4000000000003 -9.511165109388531e-07
40.50000000000031 -9.510139687262957e-07
40.60000000000031 -9.509120680119176e-07
40.70000000000031 -9.508107893727016e-07
40.80000000000031 -9.507101138888118e-07
40.90000000000031 -9.506100231206127e-07
41.00000000000031 -9.505104990869256e-07
41.10000000000031 -9.504115242443564e-07
41.20000000000032 -9.503130814677142e-07
41.30000000000032 -9.502151540313609e-07
41.40000000000032 -9.501177255915054e-07
41.50000000000032 -9.500207801693293e-07
41.60000000000032 -9.499243021349267e-07
41.70000000000032 -9.498282761919701e-07
41.80000000000032 -9.497326873631121e-07
41.90000000000033 -9.496375209760038e-07
42.00000000000033 -9.495427626499808e-07
42.10000000000033 -9.494483982832963e-07
42.20000000000033 -9.493544140409301e-07
42.30000000000033 -9.492607963428858e-07
42.40000000000033 -9.491675318530158e-07
42.50000000000033 -9.490746074682956e-07
42.60000000000034 -9.489820103085084e-07
42.70000000000034 -9.488897277063874e-07
42.80000000000034 -9.487977471981241e-07
42.90000000000034 -9.487060565142581e-07
43.00000000000034 -9.486146435709252e-07
43.10000000000034 -9.485234964614263e-07
43.20000000000034 -9.484326034481362e-07
43.30000000000035 -9.483419529547065e-07
43.40000000000035 -9.482515335585574e-07
43.50000000000035 -9.481613339836525e-07
43.60000000000035 -9.480713430935558e-07
43.70000000000035 -9.479815498846988e-07
43.80000000000035 -9.47891943479928e-07
43.90000000000035 -9.478025131222952e-07
44.00000000000036 -9.477132481690229e-07
44.10000000000036 -9.476241380857427e-07
44.20000000000036 -9.475351724408899e-07
44.30000000000036 -9.47446340900349e-07
44.40000000000036 -9.473576332222229e-07
44.50000000000036 -9.472690392518435e-07
44.60000000000036 -9.471805489169142e-07
44.70000000000037 -9.470921522228215e-07
44.80000000000037 -9.470038392480939e-07
44.90000000000037 -9.469156001399917e-07
45.00000000000037 -9.468274251102022e-07
45.10000000000037 -9.467393044306307e-07
45.20000000000037 -9.466512284292478e-07
45.30000000000037 -9.465631874859597e-07
45.40000000000038 -9.464751720284733e-07
45.50000000000038 -9.463871725280704e-07
45.60000000000038 -9.462991794952477e-07
45.70000000000038 -9.462111834751024e-07
45.80000000000038 -9.461231750423949e-07
45.90000000000038 -9.460351447960749e-07
46.00000000000038 -9.459470833531572e-07
46.10000000000039 -9.458589813416362e-07
46.20000000000039 -9.457708293921901e-07
46.30000000000039 -9.456826181282505e-07
46.40000000000039 -9.455943381539536e-07
46.50000000000039 -9.455059800393089e-07
46.60000000000039 -9.454175343018111e-07
46.70000000000039 -9.453289913833602e-07
46.8000000000004 -9.452403416212186e-07
46.9000000000004 -9.451515752111527e-07
47.0000000000004 -9.450626821605488e-07
47.1000000000004 -9.449736522285388e-07
47.2000000000004 -9.448844748492228e-07
47.3000000000004 -9.447951390330776e-07
47.4000000000004 -9.44705633239823e-07
47.50000000000041 -9.446159452142112e-07
47.60000000000041 -9.445260617731865e-07
47.70000000000041 -9.44435968529276e-07
47.80000000000041 -9.443456495299609e-07
47.90000000000041 -9.442550867858775e-07
48.00000000000041 -9.441642596513229e-07
48.10000000000041 -9.44073144007647e-07
48.20000000000041 -9.439817111821282e-07
48.30000000000042 -9.438899265100219e-07
48.40000000000042 -9.437977474124895e-07
48.50000000000042 -9.437051208134082e-07
48.60000000000042 -9.436119796476669e-07
48.70000000000042 -9.43518238111903e-07
48.80000000000042 -9.434237851617286e-07
48.90000000000042 -9.433284755446015e-07
49.00000000000043 -9.432321173404429e-07
49.10000000000043 -9.43134454510429e-07
49.20000000000043 -9.430351422448966e-07
49.30000000000043 -9.429337118252776e-07
49.40000000000043 -9.428295200658518e-07
49.50000000000043 -9.427216758510253e-07
49.60000000000043 -9.426089323054688e-07
49.70000000000044 -9.424895268799395e-07
49.80000000000044 -9.423609417455577e-07
49.90000000000044 -9.422195412064199e-07
50.00000000000044 -9.420600180300623e-07
