0 -5.499268128212023e-05
0.1 -5.49932234660123e-05
0.2 -5.49910052859732e-05
0.3 -5.498894994271594e-05
0.4 -5.498683544699052e-05
0.5 -5.498543848883137e-05
0.6 -5.498501734875957e-05
0.7 -5.498553450893844e-05
0.7999999999999999 -5.498694876270052e-05
0.8999999999999999 -5.498903809403215e-05
0.9999999999999999 -5.499104758829968e-05
1.1 -5.499189263938206e-05
1.2 -5.499102889323049e-05
1.3 -5.498902363889523e-05
1.4 -5.498695498090503e-05
1.5 -5.49855396656461e-05
1.6 -5.498499313256427e-05
1.7 -5.498541424102046e-05
1.8 -5.498684189124624e-05
1.900000000000001 -5.498898176533835e-05
2 -5.499103539836867e-05
2.100000000000001 -5.499191944721121e-05
2.200000000000001 -5.499110073968294e-05
2.300000000000001 -5.498914105321328e-05
2.400000000000001 -5.498705836168542e-05
2.500000000000001 -5.498552058738797e-05
2.600000000000001 -5.498487289593571e-05
2.700000000000001 -5.498530376865402e-05
2.800000000000001 -5.498678258454203e-05
2.900000000000001 -5.498896860650283e-05
3.000000000000001 -5.499106267224133e-05
3.100000000000001 -5.49919913073513e-05
3.200000000000002 -5.499121750790711e-05
3.300000000000002 -5.498924722337019e-05
3.400000000000002 -5.498704495778269e-05
3.500000000000002 -5.498540094710317e-05
3.600000000000002 -5.49847588022718e-05
3.700000000000002 -5.498524067800857e-05
3.800000000000002 -5.498676686006572e-05
3.900000000000002 -5.498899483913368e-05
4.000000000000002 -5.499113456570094e-05
4.100000000000001 -5.499210882679384e-05
4.200000000000001 -5.499132776250949e-05
4.300000000000001 -5.49892404367284e-05
4.4 -5.49869265405606e-05
4.5 -5.498528333969782e-05
4.6 -5.498469163606626e-05
4.699999999999999 -5.498522152173084e-05
4.799999999999999 -5.49867904708382e-05
4.899999999999999 -5.498906527760035e-05
4.999999999999998 -5.499125277557699e-05
5.099999999999998 -5.499222443999944e-05
5.199999999999998 -5.499132923555603e-05
5.299999999999997 -5.498912438485966e-05
5.399999999999997 -5.49868057541745e-05
5.499999999999996 -5.498521205255637e-05
5.599999999999996 -5.498466875249948e-05
5.699999999999996 -5.498524167997848e-05
5.799999999999995 -5.498685789727655e-05
5.899999999999995 -5.498918260312919e-05
5.999999999999995 -5.499137351177262e-05
6.099999999999994 -5.499223571521711e-05
6.199999999999994 -5.499121741385877e-05
6.299999999999994 -5.498900131595379e-05
6.399999999999993 -5.498673056024939e-05
6.499999999999993 -5.498518541529674e-05
6.599999999999993 -5.498468521153343e-05
6.699999999999992 -5.498530529381286e-05
6.799999999999992 -5.498697269024639e-05
6.899999999999991 -5.498930666400051e-05
6.999999999999991 -5.499139455227485e-05
7.099999999999991 -5.499212992608635e-05
7.19999999999999 -5.499109372521508e-05
7.29999999999999 -5.498892300642419e-05
7.39999999999999 -5.498670040986038e-05
7.499999999999989 -5.498519819707324e-05
7.599999999999989 -5.498474478830022e-05
7.699999999999989 -5.49854166484841e-05
7.799999999999988 -5.498709816666763e-05
7.899999999999988 -5.498933582992324e-05
7.999999999999988 -5.49912950832634e-05
8.099999999999987 -5.499200726893119e-05
8.199999999999987 -5.499101386001028e-05
8.299999999999986 -5.498889015318572e-05
8.399999999999986 -5.498670978916714e-05
8.499999999999986 -5.498525375527801e-05
8.599999999999985 -5.498485233856503e-05
8.699999999999985 -5.498554232779266e-05
8.799999999999985 -5.498713368210694e-05
8.899999999999984 -5.49892414457474e-05
8.999999999999984 -5.499117365431437e-05
9.099999999999984 -5.49919273985631e-05
9.199999999999983 -5.499097987208168e-05
9.299999999999983 -5.498889694577935e-05
9.399999999999983 -5.498676151669288e-05
9.499999999999982 -5.498535719696559e-05
9.599999999999982 -5.498497728410569e-05
9.699999999999982 -5.498558290580947e-05
9.799999999999981 -5.498704287990044e-05
9.899999999999981 -5.498911926834158e-05
9.99999999999998 -5.499109374634526e-05
10.09999999999998 -5.499189385460962e-05
10.19999999999998 -5.499098528158333e-05
10.29999999999998 -5.498894543277132e-05
10.39999999999998 -5.498686369452273e-05
10.49999999999998 -5.498548933168563e-05
10.59999999999998 -5.498503175350598e-05
10.69999999999998 -5.498549800067251e-05
10.79999999999998 -5.498691719204851e-05
10.89999999999998 -5.498903500760982e-05
10.99999999999998 -5.499105876165246e-05
11.09999999999998 -5.499190078006232e-05
11.19999999999998 -5.499103646483114e-05
11.29999999999998 -5.49890499205016e-05
11.39999999999998 -5.498699693970575e-05
11.49999999999998 -5.498554173682187e-05
11.59999999999997 -5.498493927420754e-05
11.69999999999997 -5.498536475697943e-05
11.79999999999997 -5.49868289954244e-05
11.89999999999997 -5.498899952932779e-05
11.99999999999997 -5.499106670687954e-05
12.09999999999997 -5.499195260896844e-05
12.19999999999997 -5.499114020527582e-05
12.29999999999997 -5.498918292307213e-05
12.39999999999997 -5.498705194186182e-05
12.49999999999997 -5.498545081159201e-05
12.59999999999997 -5.498480415708612e-05
12.69999999999997 -5.498527393231391e-05
12.79999999999997 -5.498679181858377e-05
12.89999999999997 -5.498900717600745e-05
12.99999999999997 -5.499111921476114e-05
13.09999999999997 -5.49920568642028e-05
13.19999999999997 -5.499127415719937e-05
13.29999999999997 -5.498924121235539e-05
13.39999999999997 -5.498696305975023e-05
13.49999999999997 -5.498531403924924e-05
13.59999999999997 -5.498471055610958e-05
13.69999999999997 -5.498523437849231e-05
13.79999999999997 -5.498679787983596e-05
13.89999999999997 -5.498905915896174e-05
13.99999999999997 -5.499122400938215e-05
14.09999999999997 -5.499219293974496e-05
14.19999999999997 -5.499133699391966e-05
14.29999999999997 -5.498915518682311e-05
14.39999999999996 -5.498682492002247e-05
14.49999999999996 -5.498521764827049e-05
14.59999999999996 -5.498466838303684e-05
14.69999999999996 -5.498523816033542e-05
14.79999999999996 -5.498684806671308e-05
14.89999999999996 -5.498916330513422e-05
14.99999999999996 -5.499136222007074e-05
15.09999999999996 -5.499226155721719e-05
15.19999999999996 -5.499125519393356e-05
15.29999999999996 -5.498901637228691e-05
15.39999999999996 -5.498672590760615e-05
15.49999999999996 -5.498517282199965e-05
15.59999999999996 -5.4984669662459e-05
15.69999999999996 -5.498528588775291e-05
15.79999999999996 -5.498695030963181e-05
15.89999999999996 -5.498930241865494e-05
15.99999999999996 -5.499143661524521e-05
16.09999999999996 -5.499218528822315e-05
16.19999999999996 -5.499111698628214e-05
16.29999999999996 -5.498891535689195e-05
16.39999999999996 -5.498667860693438e-05
16.49999999999996 -5.498517159946037e-05
16.59999999999997 -5.498471474240641e-05
16.69999999999997 -5.498538557354295e-05
16.79999999999997 -5.498708899544085e-05
16.89999999999997 -5.498938128896482e-05
16.99999999999997 -5.499136594333092e-05
17.09999999999997 -5.499204895415115e-05
17.19999999999997 -5.499101520620918e-05
17.29999999999998 -5.498886622165212e-05
17.39999999999998 -5.498667509474477e-05
17.49999999999998 -5.498521405479988e-05
17.59999999999998 -5.498481166598491e-05
17.69999999999998 -5.498552306209367e-05
17.79999999999998 -5.498717091020336e-05
17.89999999999998 -5.498931502033336e-05
17.99999999999999 -5.49912315787892e-05
18.09999999999999 -5.499194765590179e-05
18.19999999999999 -5.49909654914524e-05
18.29999999999999 -5.498886107694573e-05
18.39999999999999 -5.498671512714845e-05
18.49999999999999 -5.49853081603491e-05
18.59999999999999 -5.49849475544269e-05
18.7 -5.498560710905213e-05
18.8 -5.49871077668219e-05
18.9 -5.498918151632877e-05
19 -5.499113085504914e-05
19.1 -5.499189862992828e-05
19.2 -5.499095998934109e-05
19.3 -5.498889919236081e-05
19.40000000000001 -5.498680594264008e-05
19.50000000000001 -5.498544088932516e-05
19.60000000000001 -5.498503173200124e-05
19.70000000000001 -5.498554544586738e-05
19.80000000000001 -5.498697441126731e-05
19.90000000000001 -5.498908147167595e-05
20.00000000000001 -5.499108363549579e-05
20.10000000000002 -5.499189428770509e-05
20.20000000000002 -5.499099731075575e-05
20.30000000000002 -5.498898798147198e-05
20.40000000000002 -5.49869380104882e-05
20.50000000000002 -5.498552867528136e-05
20.60000000000002 -5.4984975013967e-05
20.70000000000002 -5.498541294310492e-05
20.80000000000003 -5.498687259139452e-05
20.90000000000003 -5.498903319697047e-05
21.00000000000003 -5.499107992343994e-05
21.10000000000003 -5.499193243719606e-05
21.20000000000003 -5.499108531207395e-05
21.30000000000003 -5.498911853824602e-05
21.40000000000003 -5.498702694548716e-05
21.50000000000004 -5.498547405113824e-05
21.60000000000004 -5.498484081674558e-05
21.70000000000004 -5.498530806498516e-05
21.80000000000004 -5.498682230831564e-05
21.90000000000004 -5.498902912111994e-05
22.00000000000004 -5.499111880987718e-05
22.10000000000004 -5.499202084187619e-05
22.20000000000005 -5.499121603501859e-05
22.30000000000005 -5.498921012481785e-05
22.40000000000005 -5.498697540600796e-05
22.50000000000005 -5.498533894248378e-05
22.60000000000005 -5.498473303202221e-05
22.70000000000005 -5.498525515305242e-05
22.80000000000005 -5.498681653323414e-05
22.90000000000006 -5.498906749369185e-05
23.00000000000006 -5.499120764911167e-05
23.10000000000006 -5.499215292804558e-05
23.20000000000006 -5.499131149659247e-05
23.30000000000006 -5.498916251709047e-05
23.40000000000006 -5.498683979047736e-05
23.50000000000006 -5.498522829657245e-05
23.60000000000007 -5.498467725313651e-05
23.70000000000007 -5.498524695149795e-05
23.80000000000007 -5.498685306249387e-05
23.90000000000007 -5.498915553818397e-05
24.00000000000007 -5.499134111711526e-05
24.10000000000007 -5.499225349932254e-05
24.20000000000007 -5.499126924210863e-05
24.30000000000008 -5.498902718185857e-05
24.40000000000008 -5.498672648410526e-05
24.50000000000008 -5.498516961124645e-05
24.60000000000008 -5.498466637912649e-05
24.70000000000008 -5.498528093009698e-05
24.80000000000008 -5.498693900260175e-05
24.90000000000008 -5.498928913128097e-05
25.00000000000009 -5.499144679775101e-05
25.10000000000009 -5.499221797156139e-05
25.20000000000009 -5.49911355679901e-05
25.30000000000009 -5.498891186082233e-05
25.40000000000009 -5.498666506122548e-05
25.50000000000009 -5.498515604815757e-05
25.60000000000009 -5.498469759664941e-05
25.7000000000001 -5.49853640836134e-05
25.8000000000001 -5.498707136690108e-05
25.9000000000001 -5.498939858428546e-05
26.0000000000001 -5.499141808637929e-05
26.1000000000001 -5.499208731860324e-05
26.2000000000001 -5.499101951171222e-05
26.3000000000001 -5.498884833983583e-05
26.40000000000011 -5.498664901267092e-05
26.50000000000011 -5.498518452398007e-05
26.60000000000011 -5.498477776786068e-05
26.70000000000011 -5.498549446681313e-05
26.80000000000011 -5.498718311275722e-05
26.90000000000011 -5.49893754332154e-05
27.00000000000011 -5.499129058815578e-05
27.10000000000012 -5.499197182267525e-05
27.20000000000012 -5.499095517304957e-05
27.30000000000012 -5.498883047522686e-05
27.40000000000012 -5.498667497123334e-05
27.50000000000012 -5.498526171680122e-05
27.60000000000012 -5.498490585887486e-05
27.70000000000012 -5.498560758769668e-05
27.80000000000013 -5.498716414497187e-05
27.90000000000013 -5.498924995515216e-05
28.00000000000013 -5.499117576122602e-05
28.10000000000013 -5.49919079646164e-05
28.20000000000013 -5.499093678956773e-05
28.30000000000013 -5.498885457217225e-05
28.40000000000013 -5.498674931115188e-05
28.50000000000014 -5.498538725475244e-05
28.60000000000014 -5.498501972846524e-05
28.70000000000014 -5.498559194587702e-05
28.80000000000014 -5.498703944450003e-05
28.90000000000014 -5.498913450985925e-05
29.00000000000014 -5.499111293864001e-05
29.10000000000014 -5.495794163744114e-05
29.20000000000014 -5.495681563696378e-05
29.30000000000015 -5.495462410268621e-05
29.40000000000015 -5.496600693482568e-05
29.50000000000015 -5.488481879401368e-05
29.60000000000015 -5.488433444218777e-05
29.70000000000015 -5.48848487198283e-05
29.80000000000015 -5.488655460693276e-05
29.90000000000015 -5.488913496905906e-05
30.00000000000016 -5.489173127000152e-05
30.10000000000016 -5.489968190013063e-05
30.20000000000016 -5.468904412948241e-05
30.30000000000016 -5.468765069254237e-05
30.40000000000016 -5.468500819704485e-05
30.50000000000016 -5.468321054473457e-05
30.60000000000016 -5.468254490705122e-05
30.70000000000017 -5.468306451437894e-05
30.80000000000017 -5.468472498232541e-05
30.90000000000017 -5.468725657778223e-05
31.00000000000017 -5.468987857226689e-05
31.10000000000017 -5.468889283403953e-05
31.20000000000017 -5.473449548325885e-05
31.30000000000017 -5.473477499589009e-05
31.40000000000018 -5.473210540987028e-05
31.50000000000018 -5.473024568027877e-05
31.60000000000018 -5.472951218380265e-05
31.70000000000018 -5.472996579545137e-05
31.80000000000018 -5.473157328327178e-05
31.90000000000018 -5.47341085052162e-05
32.00000000000018 -5.47359679283088e-05
32.10000000000019 -5.491519419696021e-05
32.20000000000019 -5.487901452406168e-05
32.30000000000019 -5.48766516992251e-05
32.40000000000019 -5.487398285338797e-05
32.50000000000019 -5.487208136868504e-05
32.60000000000019 -5.487132571696701e-05
32.70000000000019 -5.487173809650084e-05
32.8000000000002 -5.489652906084635e-05
32.9000000000002 -5.468017858596792e-05
33.0000000000002 -5.46835362829759e-05
33.1000000000002 -5.468493256809375e-05
33.2000000000002 -5.46842757298201e-05
33.3000000000002 -5.468196708714793e-05
33.4000000000002 -5.467932567959046e-05
33.50000000000021 -5.467737199040883e-05
33.60000000000021 -5.467652155218927e-05
33.70000000000021 -5.467690472423433e-05
33.80000000000021 -5.467720157272164e-05
33.90000000000021 -5.488450143326286e-05
34.00000000000021 -5.488363118526815e-05
34.10000000000021 -5.488511125351897e-05
34.20000000000022 -5.48845608210856e-05
34.30000000000022 -5.488232774067762e-05
34.40000000000022 -5.487973811992911e-05
34.50000000000022 -5.487752950227817e-05
34.60000000000022 -5.496494154854419e-05
34.70000000000022 -5.494376178036481e-05
34.80000000000022 -5.494483668173489e-05
34.90000000000023 -5.494714197996602e-05
35.00000000000023 -5.494984227579022e-05
35.10000000000023 -5.495179456269522e-05
35.20000000000023 -5.496729693969892e-05
35.30000000000023 -5.487425989508378e-05
35.40000000000023 -5.487191175526259e-05
35.50000000000023 -5.486978033099389e-05
35.60000000000024 -5.486876981258777e-05
35.70000000000024 -5.486897227579625e-05
35.80000000000024 -5.487039090665594e-05
35.90000000000024 -5.487291438630005e-05
36.00000000000024 -5.476369413472912e-05
36.10000000000024 -5.476700987124094e-05
36.20000000000024 -5.476668236070145e-05
36.30000000000025 -5.476456142168091e-05
36.40000000000025 -5.476188465801655e-05
36.50000000000025 -5.475977252996278e-05
36.60000000000025 -5.475873877619549e-05
36.70000000000025 -5.475885992443367e-05
36.80000000000025 -5.476053037229565e-05
36.90000000000025 -5.413709997301373e-05
37.00000000000026 -5.413765861301136e-05
37.10000000000026 -5.41393457446407e-05
37.20000000000026 -5.413918259080609e-05
37.30000000000026 -5.413714813716168e-05
37.40000000000026 -5.413446842432199e-05
37.50000000000026 -5.413229811098684e-05
37.60000000000026 -5.413116724134602e-05
37.70000000000027 -5.41312094074285e-05
37.80000000000027 -5.413242126684346e-05
37.90000000000027 -5.413465183516774e-05
38.00000000000027 -5.413732908140533e-05
38.10000000000027 -5.413925866108748e-05
38.20000000000027 -5.413924354918188e-05
38.30000000000027 -5.413729417964053e-05
38.40000000000028 -5.413461622133793e-05
38.50000000000028 -5.413239707784726e-05
38.60000000000028 -5.41312007096247e-05
38.70000000000028 -5.413117466271571e-05
38.80000000000028 -5.41323209571475e-05
38.90000000000028 -5.413450263970192e-05
39.00000000000028 -5.413718126296273e-05
39.10000000000029 -5.413919243512921e-05
39.20000000000029 -5.413930452662071e-05
39.30000000000029 -5.413744012259452e-05
39.40000000000029 -5.413476666979681e-05
39.50000000000029 -5.413249998316497e-05
39.60000000000029 -5.41312383148361e-05
39.70000000000029 -5.413114396201733e-05
39.8000000000003 -5.413222426677624e-05
39.9000000000003 -5.413435534421948e-05
40.0000000000003 -5.413703131652305e-05
40.1000000000003 -5.413911954070793e-05
40.2000000000003 -5.413935853712973e-05
40.3000000000003 -5.413758341027045e-05
40.4000000000003 -5.413491868338966e-05
40.50000000000031 -5.413260635242261e-05
40.60000000000031 -5.413127983471545e-05
40.70000000000031 -5.413111719278716e-05
40.80000000000031 -5.413213117164253e-05
40.90000000000031 -5.413421006371933e-05
41.00000000000031 -5.413687949973266e-05
41.10000000000031 -5.413904014823149e-05
41.20000000000032 -5.41394054264239e-05
41.30000000000032 -5.413772374387276e-05
41.40000000000032 -5.413507207559172e-05
41.50000000000032 -5.413271612436902e-05
41.60000000000032 -5.413132525776934e-05
41.70000000000032 -5.413109435739291e-05
41.80000000000032 -5.413204171075435e-05
41.90000000000033 -5.413406694554582e-05
42.00000000000033 -5.413672609211563e-05
42.10000000000033 -5.413895445957073e-05
42.20000000000033 -5.413944506940423e-05
42.30000000000033 -5.413786083174723e-05
42.40000000000033 -5.413522665658185e-05
42.50000000000033 -5.413282923660185e-05
42.60000000000034 -5.413137457402726e-05
42.70000000000034 -5.413107545944948e-05
42.80000000000034 -5.413195592093869e-05
42.90000000000034 -5.413392612997205e-05
43.00000000000034 -5.413657136950596e-05
43.10000000000034 -5.413886269096335e-05
43.20000000000034 -5.413947736017676e-05
43.30000000000035 -5.413799438315348e-05
43.40000000000035 -5.413538222822739e-05
43.50000000000035 -5.413294562172299e-05
43.60000000000035 -5.413142777237452e-05
43.70000000000035 -5.413106050206047e-05
43.80000000000035 -5.413187383577392e-05
43.90000000000035 -5.413378774942238e-05
44.00000000000036 -5.413641560268695e-05
44.10000000000036 -5.413876507146467e-05
44.20000000000036 -5.413950221234162e-05
44.30000000000036 -5.413812410917722e-05
44.40000000000036 -5.41355385841317e-05
44.50000000000036 -5.413306520717133e-05
44.60000000000036 -5.413148484067535e-05
44.70000000000037 -5.413104948830729e-05
44.80000000000037 -5.41317954864708e-05
44.90000000000037 -5.413365192956795e-05
45.00000000000037 -5.413625905801656e-05
45.10000000000037 -5.413866184354499e-05
45.20000000000037 -5.413951956186322e-05
45.30000000000037 -5.413824972716907e-05
45.40000000000038 -5.413569551446425e-05
45.50000000000038 -5.413318792172089e-05
45.60000000000038 -5.413154577555962e-05
45.70000000000038 -5.413104243619628e-05
45.80000000000038 -5.413172092500989e-05
45.90000000000038 -5.413351882577869e-05
46.00000000000038 -5.413610205645195e-05
46.10000000000039 -5.413855336447894e-05
46.20000000000039 -5.41395295539492e-05
46.30000000000039 -5.413837132559519e-05
46.40000000000039 -5.413585358390024e-05
46.50000000000039 -5.413331558129649e-05
46.60000000000039 -5.413161605524152e-05
46.70000000000039 -5.4131060242919e-05
46.8000000000004 -5.413177470531233e-05
46.9000000000004 -5.41348623255734e-05
47.0000000000004 -5.401424211856009e-05
47.1000000000004 -5.414553143247217e-05
47.2000000000004 -5.414529310369301e-05
47.3000000000004 -5.414414685984459e-05
47.4000000000004 -5.41416542410102e-05
47.50000000000041 -5.413908269786759e-05
47.60000000000041 -5.413731817747317e-05
47.70000000000041 -5.413667861948149e-05
47.80000000000041 -5.41372213171607e-05
47.90000000000041 -5.41388990247189e-05
48.00000000000041 -5.414142535090497e-05
48.10000000000041 -5.414395923764571e-05
48.20000000000041 -5.414516461743138e-05
48.30000000000042 -5.41442376476994e-05
48.40000000000042 -5.414180594649323e-05
48.50000000000042 -5.413921226931869e-05
48.60000000000042 -5.413738973549559e-05
48.70000000000042 -5.413668301286835e-05
48.80000000000042 -5.413715798942638e-05
48.90000000000042 -5.413877448639368e-05
49.00000000000043 -5.414126820313065e-05
49.10000000000043 -5.414383616333773e-05
49.20000000000043 -5.414515164440454e-05
49.30000000000043 -5.414434396573648e-05
49.40000000000043 -5.41419627447789e-05
49.50000000000043 -5.413934647574605e-05
49.60000000000043 -5.413746585627783e-05
49.70000000000044 -5.413669172097768e-05
49.80000000000044 -5.413709869767002e-05
49.90000000000044 -5.413865312570643e-05
50.00000000000044 -5.414111155843629e-05
