108
155
191
199
322
346
385
410
435
276
686
475
641
1076
1020
1060
1153
1155
1217
1508
1568
1636
1709
2131
2235
2326
2479
2440
2487
2495
3116
3117
3235
3159
3793
3841
3979
4035
4028
4732
4876
4889
5030
5174
5794
5981
5887
6036
6051
6908
7032
7146
7286
7381
8240
8337
8291
8409
8497
8834
8899
9794
10126
10269
11959
11376
11637
12292
11979
11753
13173
13410
13489
13608
14696
14526
14996
15116
15128
14993
16759
17020
16958
16717
18521
17830
18227
19101
18973
19474
21074
20597
20741
21136
21436
22272
22442
22570
