109
147
205
191
319
343
373
412
432
279
690
482
639
1024
1039
1049
1127
1151
1200
1501
1563
1617
1704
1861
2196
2312
2385
2434
2440
2482
3105
3117
3239
3140
3773
3853
3966
4173
4029
4720
4907
4866
4969
5219
5845
6176
5861
6062
6058
6867
7026
7137
7292
7388
8237
8365
8290
8396
8529
8851
8936
9792
10062
10317
11898
11345
11453
12214
12028
12202
13065
13362
13436
13679
14847
14619
15132
14937
15196
14999
16223
17072
17126
16735
18388
17771
18235
19236
18954
19356
21004
20800
20696
21166
21280
22200
22429
21935
