243
278
341
593
639
688
786
786
843
925
1408
1322
735
2120
2120
2368
2153
2462
2996
3090
3161
3135
4811
4364
4925
4590
4644
4722
4595
5945
6055
5899
6145
7237
7495
7602
9864
7657
9155
9383
9702
9530
10197
11422
11741
11612
11318
11773
13250
13419
13786
14043
14072
16161
16125
16097
16220
16351
16334
17345
19297
19182
19078
24424
22677
22784
22213
22518
23075
25339
25059
26178
26789
28884
28396
28385
29646
29321
28991
31504
32691
32674
32718
34890
34894
34962
34675
36560
36931
39035
39468
40260
40639
40731
44102
42344
42887
42679
