338
359
425
443
913
912
966
1001
1064
882
1777
1651
1760
2606
2709
2709
2832
2809
2820
3870
3923
3909
4096
5009
5606
5747
5942
5757
5854
5801
7568
7360
7408
7454
9328
9416
10170
10037
9424
11399
11983
11592
11916
12393
14197
14789
14034
14441
13952
16525
17046
17061
17284
17398
20045
19699
20152
20168
19953
20888
20569
23825
23842
23667
28178
27271
28648
27681
27762
27753
30994
30975
32642
33097
36132
35065
36883
36121
36033
35111
40137
40325
39704
38840
43395
42110
43007
45771
44396
44859
49898
46690
50541
48912
48184
53378
51721
53788
