0 -0.02806816500052849
0.1 -0.02807823270755818
0.2 -0.02809899678650283
0.3 -0.02811621638653355
0.4 -0.02812531963548489
0.5 -0.02812850821028776
0.6 -0.02812890789289992
0.7 -0.02812854766716041
0.7999999999999999 -0.02812838619069589
0.8999999999999999 -0.0281286462902313
0.9999999999999999 -0.02812892441554699
1.1 -0.02812800352893785
1.2 -0.02812351672109577
1.3 -0.028112250730686
1.4 -0.02809317132504344
1.5 -0.02807375418668913
1.6 -0.02806905410289914
1.7 -0.02808359277202323
1.8 -0.02810443673653391
1.900000000000001 -0.02811946113857921
2 -0.02812663856025287
2.100000000000001 -0.02812882303485287
2.200000000000001 -0.02812889383055791
2.300000000000001 -0.02812854676984974
2.400000000000001 -0.0281285068015669
2.500000000000001 -0.02812881798297439
2.600000000000001 -0.02812886687272661
2.700000000000001 -0.02812712669367262
2.800000000000001 -0.02812089052371503
2.900000000000001 -0.02810713269403445
3.000000000000001 -0.02808673398983579
3.100000000000001 -0.028070311825029
3.200000000000002 -0.0280718800675431
3.300000000000002 -0.02808992083567868
3.400000000000002 -0.02810972352828909
3.500000000000002 -0.02812223695363721
3.600000000000002 -0.02812759457739695
3.700000000000002 -0.02812893134604757
3.800000000000002 -0.02812877683904356
3.900000000000002 -0.02812849328820623
4.000000000000002 -0.02812858032191777
4.100000000000001 -0.02812889404664597
4.200000000000001 -0.02812857932367983
4.300000000000001 -0.02812576283423171
4.4 -0.02811745572039018
4.5 -0.02810121367237191
4.6 -0.02808050579461807
4.699999999999999 -0.02806859094522876
4.799999999999999 -0.02807634965707535
4.899999999999999 -0.02809645652821935
4.999999999999998 -0.0281144005673926
5.099999999999998 -0.02812441990068317
5.199999999999998 -0.02812819880618782
5.299999999999997 -0.02812886645381215
5.399999999999997 -0.02812857693921401
5.499999999999996 -0.02812839221946507
5.599999999999996 -0.02812860925276427
5.699999999999996 -0.02812889776894682
5.799999999999995 -0.02812814510183301
5.899999999999995 -0.02812412399013177
5.999999999999995 -0.02811366762518008
6.099999999999994 -0.02809529466007847
6.199999999999994 -0.02807536254967406
6.299999999999994 -0.02806865666384468
6.399999999999993 -0.02808157085349855
6.499999999999993 -0.02810240012163298
6.599999999999993 -0.02811821552640582
6.699999999999992 -0.02812608387406442
6.799999999999992 -0.02812863179501819
6.899999999999991 -0.02812882616439974
6.999999999999991 -0.02812848282645508
7.099999999999991 -0.02812841536778345
7.19999999999999 -0.02812874217327433
7.29999999999999 -0.02812894192158701
7.39999999999999 -0.02812761899904809
7.499999999999989 -0.02812218660060894
7.599999999999989 -0.02810945639510204
7.699999999999989 -0.02808938584077126
7.799999999999988 -0.02807138605609887
7.899999999999988 -0.02807034867621122
7.999999999999988 -0.0280872879223271
8.099999999999987 -0.02810777027251494
8.199999999999987 -0.02812133607331757
8.299999999999986 -0.02812735773327223
8.399999999999986 -0.0281289555127413
8.499999999999986 -0.02812883509013545
8.599999999999985 -0.02812850021573417
8.699999999999985 -0.02812854474673238
8.799999999999985 -0.02812891002709187
8.899999999999984 -0.02812885565144162
8.999999999999984 -0.02812666160085308
9.099999999999984 -0.02811941424011491
9.199999999999983 -0.02810424881669277
9.299999999999983 -0.02808329662784557
9.399999999999983 -0.02806888316051805
9.499999999999982 -0.02807389699420294
9.599999999999982 -0.02809349970196221
9.699999999999982 -0.02811255215349402
9.799999999999981 -0.02812371958023003
9.899999999999981 -0.02812813231643822
9.99999999999998 -0.02812901796999621
10.09999999999998 -0.0281287285940273
10.19999999999998 -0.02812846360891928
10.29999999999998 -0.02812860919087855
10.39999999999998 -0.02812892054497517
10.49999999999998 -0.02812840772698416
10.59999999999998 -0.02812500842916222
10.69999999999998 -0.02811561211662494
10.79999999999998 -0.02809820069080641
10.89999999999998 -0.02807770664897114
10.99999999999998 -0.02806837741653966
11.09999999999998 -0.02807894454745063
11.19999999999998 -0.02809959790574258
11.29999999999998 -0.02811648171618082
11.39999999999998 -0.02812535894661449
11.49999999999998 -0.02812846882072712
11.59999999999997 -0.02812887155825387
11.69999999999997 -0.02812853983961476
11.79999999999997 -0.02812839789486647
11.89999999999997 -0.02812864195703587
11.99999999999997 -0.02812883566324499
12.09999999999997 -0.0281277167864877
12.19999999999997 -0.02812288301173905
12.29999999999997 -0.02811119678249838
12.39999999999997 -0.02809198669342224
12.49999999999997 -0.02807322041328426
12.59999999999997 -0.02806964565074834
12.69999999999997 -0.0280846894248431
12.79999999999997 -0.02810522009181709
12.89999999999997 -0.02811975100035106
12.99999999999997 -0.02812662474464488
13.09999999999997 -0.02812869998513863
13.19999999999997 -0.02812876800437134
13.29999999999997 -0.02812845896789238
13.39999999999997 -0.02812846096598615
13.49999999999997 -0.02812879262042987
13.59999999999997 -0.0281288098446316
13.69999999999997 -0.02812693952648886
13.79999999999997 -0.02812042808822359
13.89999999999997 -0.0281063006744369
13.99999999999997 -0.02808576807478794
14.09999999999997 -0.02806989779036178
14.19999999999997 -0.02807241637785386
14.29999999999997 -0.02809090462840329
14.39999999999996 -0.02811050810600375
14.49999999999996 -0.02812264330111594
14.59999999999996 -0.02812772965984417
14.69999999999996 -0.02812893555052209
14.79999999999996 -0.02812874537637607
14.89999999999996 -0.02812847984928949
14.99999999999996 -0.02812861263404281
15.09999999999996 -0.0281289801671397
15.19999999999996 -0.02812869888034372
15.29999999999996 -0.02812584047938235
15.39999999999996 -0.02811733432466401
15.49999999999996 -0.02810072169852286
15.59999999999996 -0.02807975853031738
15.69999999999996 -0.0280681991541874
15.79999999999996 -0.02807675264666281
15.89999999999996 -0.02809731035534981
15.99999999999996 -0.02811517536203371
16.09999999999996 -0.02812491883161852
16.19999999999996 -0.02812846360340594
16.29999999999996 -0.02812899338588173
16.39999999999996 -0.02812864364949798
16.49999999999996 -0.02812844825526053
16.59999999999997 -0.02812868114369301
16.69999999999997 -0.02812898930125702
16.79999999999997 -0.02812822584294148
16.89999999999997 -0.02812410749573158
16.99999999999997 -0.02811341292702178
17.09999999999997 -0.0280947346768228
17.19999999999997 -0.02807478301026024
17.29999999999998 -0.02806860544531698
17.39999999999998 -0.0280821236553975
17.49999999999998 -0.02810309459756992
17.59999999999998 -0.02811871318524124
17.69999999999998 -0.02812634720597564
17.79999999999998 -0.0281287416114144
17.89999999999998 -0.02812885897045306
17.99999999999999 -0.02812848271624216
18.09999999999999 -0.02812839771419606
18.19999999999999 -0.02812869824459041
18.29999999999999 -0.02812883723962523
18.39999999999999 -0.02812738928183981
18.49999999999999 -0.02812175216028686
18.59999999999999 -0.02810880702829868
18.7 -0.02808875632255597
18.8 -0.02807124112896188
18.9 -0.028070809779065
19 -0.02808787329021403
19.1 -0.02810808033161711
19.2 -0.02812137320084027
19.3 -0.02812726910726648
19.40000000000001 -0.02812884702952068
19.50000000000001 -0.02812874939505346
19.60000000000001 -0.02812844012591875
19.70000000000001 -0.02812848958114975
19.80000000000001 -0.02812881873418708
19.90000000000001 -0.02812866201475759
20.00000000000001 -0.02812627455789304
20.10000000000002 -0.02811875926020723
20.20000000000002 -0.02810340967088083
20.30000000000002 -0.02808268920922645
20.40000000000002 -0.02806899881980093
20.50000000000002 -0.02807457834013073
20.60000000000002 -0.02809410650502862
20.70000000000002 -0.02811279618695242
20.80000000000003 -0.02812370982130084
20.90000000000003 -0.02812803952335925
21.00000000000003 -0.02812894045934708
21.10000000000003 -0.02812870144443888
21.20000000000003 -0.02812848771979931
21.30000000000003 -0.02812866497851814
21.40000000000003 -0.02812896534603464
21.50000000000004 -0.02812836067962338
21.60000000000004 -0.0281247350681579
21.70000000000004 -0.02811495991219751
21.80000000000004 -0.02809719706158823
21.90000000000004 -0.02807686687466896
22.00000000000004 -0.02806843226789341
22.10000000000004 -0.02807984523720927
22.20000000000005 -0.02810060234253568
22.30000000000005 -0.02811713531752218
22.40000000000005 -0.0281256650131451
22.50000000000005 -0.02812857772584566
22.60000000000005 -0.02812890758710727
22.70000000000005 -0.0281285750733237
22.80000000000005 -0.02812846673917931
22.90000000000006 -0.02812875150392737
23.00000000000006 -0.028128960747512
23.10000000000006 -0.02812777661230443
23.20000000000006 -0.02812271025090005
23.30000000000006 -0.02811057229490538
23.40000000000006 -0.02809091132132763
23.50000000000006 -0.02807233126316556
23.60000000000007 -0.02806979999363923
23.70000000000007 -0.02808576920824714
23.80000000000007 -0.02810639120866533
23.90000000000007 -0.02812052935921257
24.00000000000007 -0.02812700122101194
24.10000000000007 -0.02812882306377771
24.20000000000007 -0.02812876992558427
24.30000000000008 -0.02812842339874605
24.40000000000008 -0.02812843380967683
24.50000000000008 -0.02812879283302266
24.60000000000008 -0.02812882847054837
24.70000000000008 -0.02812692435102997
24.80000000000008 -0.02812026567649582
24.90000000000008 -0.02810585917670565
25.00000000000009 -0.02808511211755144
25.10000000000009 -0.02806949614485169
25.20000000000009 -0.02807268537700992
25.30000000000009 -0.02809159270331025
25.40000000000009 -0.02811112647974549
25.50000000000009 -0.02812299912741563
25.60000000000009 -0.02812786552674964
25.7000000000001 -0.0281289442639536
25.8000000000001 -0.02812869559289995
25.9000000000001 -0.02812840919890291
26.0000000000001 -0.02812853622131703
26.1000000000001 -0.02812889658333581
26.2000000000001 -0.02812859133774484
26.3000000000001 -0.02812567761426607
26.40000000000011 -0.02811708644262324
26.50000000000011 -0.02810041932682315
26.60000000000011 -0.02807956104536412
26.70000000000011 -0.02806827622163831
26.80000000000011 -0.02807701134376238
26.90000000000011 -0.02809751323973558
27.00000000000011 -0.0281152437618512
27.10000000000012 -0.02812490961288227
27.20000000000012 -0.02812844161957374
27.30000000000012 -0.02812899015822851
27.40000000000012 -0.02812866429675681
27.50000000000012 -0.02812848172670916
27.60000000000012 -0.02812870252579554
27.70000000000012 -0.02812895486298101
27.80000000000013 -0.02812806556110634
27.90000000000013 -0.02812373200792562
28.00000000000013 -0.02811278127599537
28.10000000000013 -0.02809402511448406
28.20000000000013 -0.02807446822884373
28.30000000000013 -0.02806896896010658
28.40000000000013 -0.02808277747784419
28.50000000000014 -0.02810354372660283
28.60000000000014 -0.02811887505379434
28.70000000000014 -0.02812635982861227
28.80000000000014 -0.02812872766452623
28.90000000000014 -0.02812887601455728
29.00000000000014 -0.0281285434409909
29.10000000000014 -0.02812848802151576
29.20000000000014 -0.02812877938056721
29.30000000000015 -0.0281288334169439
29.40000000000015 -0.02812716814531653
29.50000000000015 -0.02812113212013909
29.60000000000015 -0.02810769308836101
29.70000000000015 -0.02808749239865884
29.80000000000015 -0.02807072887573253
29.90000000000015 -0.02807153322324117
30.00000000000016 -0.02808913040577157
30.10000000000016 -0.02810902599928526
30.20000000000016 -0.02812181456022584
30.30000000000016 -0.02812737829258886
30.40000000000016 -0.02812881373531648
30.50000000000016 -0.02812868736515555
30.60000000000016 -0.02812840121687816
30.70000000000017 -0.02812848711611529
30.80000000000017 -0.02812883536688682
30.90000000000017 -0.02812863965279937
31.00000000000017 -0.02812609173046984
31.10000000000017 -0.02811823195773586
31.20000000000017 -0.02810243150270544
31.30000000000017 -0.02808159959436966
31.40000000000018 -0.02806864771463106
31.50000000000018 -0.02807532442724497
31.60000000000018 -0.02809527377408189
31.70000000000018 -0.02811367737706698
31.80000000000018 -0.02812414546709156
31.90000000000018 -0.02812816101456309
32.00000000000018 -0.02812890380144051
32.10000000000019 -0.02812861142682067
32.20000000000019 -0.02812840402589881
32.30000000000019 -0.02812861957228952
32.40000000000019 -0.02812897084318989
32.50000000000019 -0.02812840470001156
32.60000000000019 -0.02812475900127407
32.70000000000019 -0.02811484006529751
32.8000000000002 -0.0280968122041385
32.9000000000002 -0.02807634391197793
33.0000000000002 -0.02806823426687655
33.1000000000002 -0.02808020344473445
33.2000000000002 -0.02810120815396525
33.3000000000002 -0.02811764115001516
33.4000000000002 -0.02812597051465656
33.50000000000021 -0.02812872664410132
33.60000000000021 -0.02812896821062397
33.70000000000021 -0.02812859907844639
33.80000000000021 -0.02812848602994161
33.90000000000021 -0.02812878226796024
34.00000000000021 -0.0281290035594469
34.10000000000021 -0.02812780910871638
34.20000000000022 -0.02812267574270645
34.30000000000022 -0.02811039124730339
34.40000000000022 -0.02809057818051588
34.50000000000022 -0.02807205887457274
34.60000000000022 -0.02806986541871388
34.70000000000022 -0.02808611807542717
34.80000000000022 -0.02810675870642355
34.90000000000023 -0.02812078278983261
35.00000000000023 -0.02812715281609581
35.10000000000023 -0.02812892149209519
35.20000000000023 -0.02812884975379219
35.30000000000023 -0.02812849796678037
35.40000000000023 -0.02812849715269764
35.50000000000023 -0.02812881744093106
35.60000000000024 -0.02812875685965754
35.70000000000024 -0.02812666185934093
35.80000000000024 -0.02811970709728537
35.90000000000024 -0.02810502211521076
36.00000000000024 -0.02808436725621192
36.10000000000024 -0.02806944176712102
36.20000000000024 -0.02807335234560886
36.30000000000025 -0.02809233453899213
36.40000000000025 -0.02811152021835441
36.50000000000025 -0.02812308503506271
36.60000000000025 -0.02812781525546863
36.70000000000025 -0.02812887351605299
36.80000000000025 -0.02812865042962988
36.90000000000025 -0.02812839208456849
37.00000000000026 -0.02812852134063395
37.10000000000026 -0.02812882929379138
37.20000000000026 -0.02812837740949227
37.30000000000026 -0.02812518037453391
37.40000000000026 -0.02811618893761787
37.50000000000026 -0.02809924644416424
37.60000000000026 -0.02807873680263281
37.70000000000027 -0.0280684944376287
37.80000000000027 -0.02807801272846987
37.90000000000027 -0.02809842289773335
38.00000000000027 -0.02811566991022743
38.10000000000027 -0.02812496755638887
38.20000000000027 -0.0281283397345878
38.30000000000027 -0.02812886080208674
38.40000000000028 -0.02812856561402232
38.50000000000028 -0.02812842881887099
38.60000000000028 -0.02812868479525456
38.70000000000028 -0.02812893612193717
38.80000000000028 -0.02812797041024448
38.90000000000028 -0.0281234321834994
39.00000000000028 -0.02811213800645194
39.10000000000029 -0.02809309743189078
39.20000000000029 -0.02807378302097571
39.30000000000029 -0.02806914849160871
39.40000000000029 -0.02808365377550576
39.50000000000029 -0.02810443584282831
39.60000000000029 -0.02811942943783846
39.70000000000029 -0.02812660363232422
39.8000000000003 -0.02812879567187433
39.9000000000003 -0.02812887734212979
40.0000000000003 -0.02812854440340669
40.1000000000003 -0.02812852517341959
40.2000000000003 -0.0281288686730921
40.3000000000003 -0.02812896613099518
40.4000000000003 -0.02812728896841749
40.50000000000031 -0.02812110576020631
40.60000000000031 -0.02810732340828358
40.70000000000031 -0.02808675158107137
40.80000000000031 -0.02807010677224507
40.90000000000031 -0.02807167532086061
41.00000000000031 -0.02808993606819508
41.10000000000031 -0.02810990603416519
41.20000000000032 -0.02812243418068121
41.30000000000032 -0.02812772340359955
41.40000000000032 -0.02812898004023941
41.50000000000032 -0.02812876506705445
41.60000000000032 -0.02812845030956561
41.70000000000032 -0.02812854110512029
41.80000000000032 -0.02812890461664538
41.90000000000033 -0.02812870477286882
42.00000000000033 -0.02812608555095117
42.10000000000033 -0.02811802972328237
42.20000000000033 -0.02810192845601438
42.30000000000033 -0.02808095958656519
42.40000000000033 -0.02806839838777012
42.50000000000033 -0.02807573938334642
42.60000000000034 -0.02809597392671478
42.70000000000034 -0.02811423129385262
42.80000000000034 -0.02812444604885611
42.90000000000034 -0.02812827962060552
43.00000000000034 -0.02812892770368905
43.10000000000034 -0.02812859499920836
43.20000000000034 -0.02812836962045043
43.30000000000035 -0.02812856464592694
43.40000000000035 -0.02812886938716834
43.50000000000035 -0.0281282042490102
43.60000000000035 -0.02812438692806907
43.70000000000035 -0.02811425837599343
43.80000000000035 -0.0280961631710278
43.90000000000035 -0.0280760348584468
44.00000000000036 -0.02806853670359231
44.10000000000036 -0.02808077500851972
44.20000000000036 -0.02810157116566789
44.30000000000036 -0.02811770950852
44.40000000000036 -0.02812588295449956
44.50000000000036 -0.02812860725393897
44.60000000000036 -0.02812887316765351
44.70000000000037 -0.02812853818982639
44.80000000000037 -0.02812844368623661
44.90000000000037 -0.02812872422025298
45.00000000000037 -0.02812887337714774
45.10000000000037 -0.02812752341990421
45.20000000000037 -0.02812214322843975
45.30000000000037 -0.02810961108130547
45.40000000000038 -0.02808983198441188
45.50000000000038 -0.02807188157423101
45.60000000000038 -0.028070397984951
45.70000000000038 -0.02808681171835303
45.80000000000038 -0.02810715096645387
45.90000000000038 -0.02812087120852559
46.00000000000038 -0.02812710435239557
46.10000000000039 -0.02812885913143165
46.20000000000039 -0.02812882751678616
46.30000000000039 -0.02812852797326249
46.40000000000039 -0.02812856817906079
46.50000000000039 -0.02812889677534172
46.60000000000039 -0.02812877762042722
46.70000000000039 -0.02812650237575692
46.8000000000004 -0.02811919621301907
46.9000000000004 -0.02810407298947354
47.0000000000004 -0.0280833129179492
47.1000000000004 -0.0280690913744992
47.2000000000004 -0.02807405848391092
47.3000000000004 -0.02809345814572752
47.4000000000004 -0.02811238309432583
47.50000000000041 -0.02812354023830313
47.60000000000041 -0.0281279946957964
47.70000000000041 -0.02812892686513966
47.80000000000041 -0.02812867396438018
47.90000000000041 -0.02812843595192133
48.00000000000041 -0.02812860421791071
48.10000000000041 -0.02812894015111431
48.20000000000041 -0.02812845918191683
48.30000000000042 -0.02812509874790158
48.40000000000042 -0.02811572989490926
48.50000000000042 -0.02809828731048063
48.60000000000042 -0.02807767485295926
48.70000000000042 -0.02806824257249039
48.80000000000042 -0.02807885917677042
48.90000000000042 -0.02809963874456262
49.00000000000043 -0.02811658579707768
49.10000000000043 -0.02812544864340356
49.20000000000043 -0.02812851251267145
49.30000000000043 -0.02812887189587109
49.40000000000043 -0.02812851465412336
49.50000000000043 -0.02812837271131452
49.60000000000043 -0.02812865149584705
49.70000000000044 -0.02812892953403438
49.80000000000044 -0.02812796200582272
49.90000000000044 -0.02812334297776023
50.00000000000044 -0.02811184565609416
