0 -0.02806816500052849
0.1 -0.02857981601483861
0.2 -0.0288397238598342
0.3 -0.02885858067494854
0.4 -0.02872946348024668
0.5 -0.02853357257341574
0.6 -0.02831684953293873
0.7 -0.02809934045823849
0.7999999999999999 -0.02788763934475679
0.8999999999999999 -0.02768328326722144
0.9999999999999999 -0.02748814124494591
1.1 -0.02730891905653106
1.2 -0.02716215858101009
1.3 -0.02707913203926225
1.4 -0.02710527177137541
1.5 -0.02728208883702284
1.6 -0.02760524427943622
1.7 -0.02799179245155172
1.8 -0.02831659816109486
1.900000000000001 -0.02849728213227758
2 -0.02852950786880907
2.100000000000001 -0.02845409571905
2.200000000000001 -0.02831576737488691
2.300000000000001 -0.02814549053969
2.400000000000001 -0.02795995555255786
2.500000000000001 -0.02776636732219951
2.600000000000001 -0.02756729012932192
2.700000000000001 -0.02736484203700029
2.800000000000001 -0.02716527311851118
2.900000000000001 -0.02698537137920284
3.000000000000001 -0.02686107080660027
3.100000000000001 -0.02685315152863684
3.200000000000002 -0.02703170774879719
3.300000000000002 -0.02741611029386228
3.400000000000002 -0.02790508851311262
3.500000000000002 -0.028315120736527
3.600000000000002 -0.0285239289801492
3.700000000000002 -0.02853258267327811
3.800000000000002 -0.02840533913487388
3.900000000000002 -0.02820366163365655
4.000000000000002 -0.02796479234112331
4.100000000000001 -0.02770578907795358
4.200000000000001 -0.02743315935010014
4.300000000000001 -0.02715259123376949
4.4 -0.02688097399064927
4.5 -0.02666508358641675
4.6 -0.02660463242337643
4.699999999999999 -0.02684386750133436
4.799999999999999 -0.02744775215815216
4.899999999999999 -0.02821138445049683
4.999999999999998 -0.02876870747749168
5.099999999999998 -0.02895791350625262
5.199999999999998 -0.02886697687414589
5.299999999999997 -0.02863608601254728
5.399999999999997 -0.02835475867018768
5.499999999999996 -0.02806213979313734
5.599999999999996 -0.02777016380096448
5.699999999999996 -0.02748111834055712
5.799999999999995 -0.02719994125767962
5.899999999999995 -0.02694721124585637
5.999999999999995 -0.02677699474037752
6.099999999999994 -0.02679157325701211
6.199999999999994 -0.02710978844086391
6.299999999999994 -0.02773180373809812
6.399999999999993 -0.02842050902884612
6.499999999999993 -0.02887790924520744
6.599999999999993 -0.02901579212190945
6.699999999999992 -0.02892810774492989
6.799999999999992 -0.02873215171124598
6.899999999999991 -0.02850075443344315
6.999999999999991 -0.02826645039039796
7.099999999999991 -0.02803946853523188
7.19999999999999 -0.02782031828089583
7.29999999999999 -0.02760673220647759
7.39999999999999 -0.02739802763704987
7.499999999999989 -0.02719946908536322
7.599999999999989 -0.02702843073305688
7.699999999999989 -0.02692231140834247
7.799999999999988 -0.02694186202041071
7.899999999999988 -0.02715094423013906
7.999999999999988 -0.02755489330492486
8.099999999999987 -0.02804280267880277
8.199999999999987 -0.02844068654776887
8.299999999999986 -0.02864474065021335
8.399999999999986 -0.02866488863844362
8.499999999999986 -0.02856435411357899
8.599999999999985 -0.02840146094872659
8.699999999999985 -0.02821185348957642
8.799999999999985 -0.02801228485596888
8.899999999999984 -0.02780828603492908
8.999999999999984 -0.02760008911167764
9.099999999999984 -0.02738686187382193
9.199999999999983 -0.02717083921712921
9.299999999999983 -0.0269633118256482
9.399999999999983 -0.02679412254257048
9.499999999999982 -0.02672263635664145
9.599999999999982 -0.02683465298103874
9.699999999999982 -0.02719052369954501
9.799999999999981 -0.02772520553779621
9.899999999999981 -0.02823382693873322
9.99999999999998 -0.02853427953495954
10.09999999999998 -0.02859550497802922
10.19999999999998 -0.02848708441481299
10.29999999999998 -0.02828657178578125
10.39999999999998 -0.02804306726664631
10.49999999999998 -0.02777988134475572
10.59999999999998 -0.02750643617110373
10.69999999999998 -0.02722962566677611
10.79999999999998 -0.026965893275078
10.89999999999998 -0.02675776277248613
10.99999999999998 -0.02669233326302703
11.09999999999998 -0.02689242207043947
11.19999999999998 -0.02741621870736322
11.29999999999998 -0.02810174156171454
11.39999999999998 -0.02863556367865987
11.49999999999998 -0.02884989521415959
11.59999999999997 -0.02879745777865384
11.69999999999997 -0.0285988656629809
11.79999999999997 -0.02834093572561166
11.89999999999997 -0.02806639709612089
11.99999999999997 -0.02779188671365283
12.09999999999997 -0.02752446017411172
12.19999999999997 -0.02727391661283117
12.29999999999997 -0.02706475160673171
12.39999999999997 -0.02694906858186078
12.49999999999997 -0.02700987078656906
12.59999999999997 -0.02732182461038326
12.69999999999997 -0.02785075402352623
12.79999999999997 -0.02840231766794309
12.89999999999997 -0.02876472658531396
12.99999999999997 -0.02887693004619649
13.09999999999997 -0.02880475599575397
13.19999999999997 -0.02863587882575221
13.29999999999997 -0.02842926150414803
13.39999999999997 -0.02821386860491914
13.49999999999997 -0.02800030934651915
13.59999999999997 -0.02779041489070156
13.69999999999997 -0.02758319399370193
13.79999999999997 -0.0273790148853142
13.89999999999997 -0.02718406298462266
13.99999999999997 -0.02701669581023625
14.09999999999997 -0.02691554375801323
14.19999999999997 -0.02694270902922815
14.29999999999997 -0.0271623957662428
14.39999999999996 -0.02757720734543242
14.49999999999996 -0.02807082001351142
14.59999999999996 -0.02846642965494549
14.69999999999996 -0.02866289392507316
14.79999999999996 -0.02867437206928137
14.89999999999996 -0.02856630503655209
14.99999999999996 -0.02839721613700781
15.09999999999996 -0.02820203632937644
15.19999999999996 -0.027996526003436
15.29999999999996 -0.02778508180416257
15.39999999999996 -0.02756657308548351
15.49999999999996 -0.02733845591960555
15.59999999999996 -0.02710097848959341
15.69999999999996 -0.02686400753744562
15.79999999999996 -0.02665947862251677
15.89999999999996 -0.02655925463182987
15.99999999999996 -0.02667967036564239
16.09999999999996 -0.02711601365780641
16.19999999999996 -0.02778746139336683
16.29999999999996 -0.02840648172106418
16.39999999999996 -0.02873728147874809
16.49999999999996 -0.02877121415156893
16.59999999999997 -0.02861916425659766
16.69999999999997 -0.02838036787585194
16.79999999999997 -0.02810863647868352
16.89999999999997 -0.02782500917568604
16.99999999999997 -0.02753467198940156
17.09999999999997 -0.02723951317866864
17.19999999999997 -0.02694997785073128
17.29999999999998 -0.0267021107819982
17.39999999999998 -0.02658120861375859
17.49999999999998 -0.02672745651533091
17.59999999999998 -0.02724503030841892
17.69999999999998 -0.02800153792562679
17.79999999999998 -0.02863660191839715
17.89999999999998 -0.02891859338544665
17.99999999999999 -0.02889093477884103
18.09999999999999 -0.02869453056198721
18.19999999999999 -0.02843282474372503
18.29999999999999 -0.02815610317095229
18.39999999999999 -0.02788327775513391
18.49999999999999 -0.02762106055114623
18.59999999999999 -0.02737659132219526
18.7 -0.02716773662199842
18.8 -0.02703337249610275
18.9 -0.02703793421385881
19 -0.02724913264314749
19.1 -0.02766837926700911
19.2 -0.02816815904073448
19.3 -0.0285594576330945
19.40000000000001 -0.02874087144213063
19.50000000000001 -0.02873432766072572
19.60000000000001 -0.02861140021815458
19.70000000000001 -0.02843294537892801
19.80000000000001 -0.02823446735664038
19.90000000000001 -0.02803236602711383
20.00000000000001 -0.02783270682302192
20.10000000000002 -0.02763766693493785
20.20000000000002 -0.02745018605488936
20.30000000000002 -0.02727831761331236
20.40000000000002 -0.02714026186543819
20.50000000000002 -0.02706907806341011
20.60000000000002 -0.02711107599812338
20.70000000000002 -0.02730547481864068
20.80000000000003 -0.02764111100636696
20.90000000000003 -0.02802792738200748
21.00000000000003 -0.02834097449478804
21.10000000000003 -0.0285050270948413
21.20000000000003 -0.02852227527591764
21.30000000000003 -0.02843564580767719
21.40000000000003 -0.02828899737439958
21.50000000000004 -0.02811158315816489
21.60000000000004 -0.02791846608067572
21.70000000000004 -0.02771545422699261
21.80000000000004 -0.02750388068749398
21.90000000000004 -0.02728489049910136
22.00000000000004 -0.02706464827621766
22.10000000000004 -0.02686256245359248
22.20000000000005 -0.02672361534287516
22.30000000000005 -0.02672807458088632
22.40000000000005 -0.02696989168969834
22.50000000000005 -0.02746532433994275
22.60000000000005 -0.02805624156308413
22.70000000000005 -0.02849919156766405
22.80000000000005 -0.02867554529068861
22.90000000000006 -0.02862730949458751
23.00000000000006 -0.02844715338045455
23.10000000000006 -0.02820425040301276
23.20000000000006 -0.027933566636073
23.30000000000006 -0.02764771753584731
23.40000000000006 -0.02734972929775466
23.50000000000006 -0.02704446925085499
23.60000000000007 -0.02675373112493314
23.70000000000007 -0.02654107817398445
23.80000000000007 -0.02653952260829484
23.90000000000007 -0.02691939961803837
24.00000000000007 -0.02768846392156078
24.10000000000007 -0.02850626925019944
24.20000000000007 -0.0289824858887212
24.30000000000008 -0.02905806516904655
24.40000000000008 -0.02888901686329619
24.50000000000008 -0.02862010811334088
24.60000000000008 -0.02832624385373069
24.70000000000008 -0.02803498296302622
24.80000000000008 -0.02775266508896362
24.90000000000008 -0.02748030369974919
25.00000000000009 -0.02722423220141718
25.10000000000009 -0.02700722827619111
25.20000000000009 -0.02688186768852963
25.30000000000009 -0.02693535664047597
25.40000000000009 -0.02725033356256049
25.50000000000009 -0.02779749541755645
25.60000000000009 -0.02837511731021628
25.7000000000001 -0.02875846449192803
25.8000000000001 -0.02888199158381419
25.9000000000001 -0.02881475359124529
26.0000000000001 -0.02864838356552109
26.1000000000001 -0.02844409487490594
26.2000000000001 -0.02823190172628901
26.3000000000001 -0.02802301656048189
26.40000000000011 -0.02781981987887581
26.50000000000011 -0.02762193093633769
26.60000000000011 -0.02743026476141736
26.70000000000011 -0.02725095451966695
26.80000000000011 -0.02710034486416018
26.90000000000011 -0.02701052130383647
27.00000000000011 -0.02702999173633518
27.10000000000012 -0.02720624079487207
27.20000000000012 -0.02754065009635
27.30000000000012 -0.02794872575469506
27.40000000000012 -0.02829537665833125
27.50000000000012 -0.02848928851869038
27.60000000000012 -0.02852473562916378
27.70000000000012 -0.02844573579168324
27.80000000000013 -0.02830024721170789
27.90000000000013 -0.02812097042467547
28.00000000000013 -0.02792511915672786
28.10000000000013 -0.02771983332010201
28.20000000000013 -0.02750756089063989
28.30000000000013 -0.02729086187870761
28.40000000000013 -0.02707802565789079
28.50000000000014 -0.02689130658919216
28.60000000000014 -0.02677771789378878
28.70000000000014 -0.0268134314266829
28.80000000000014 -0.02707406012066953
28.90000000000014 -0.02754848307562272
29.00000000000014 -0.02807624324619461
29.10000000000014 -0.02845095814077569
29.20000000000014 -0.02858633981060015
29.30000000000015 -0.02852520227476966
29.40000000000015 -0.02834704217931136
29.50000000000015 -0.02811086377488495
29.60000000000015 -0.02784762680421985
29.70000000000015 -0.02757055490237212
29.80000000000015 -0.02728715553419812
29.90000000000015 -0.02701173359847634
30.00000000000016 -0.02678229491644691
30.10000000000016 -0.02668203723023745
30.20000000000016 -0.02684123149265169
30.30000000000016 -0.02734919291558432
30.40000000000016 -0.02807363567978129
30.50000000000016 -0.02867723896132107
30.60000000000016 -0.02894397825708528
30.70000000000017 -0.02891326461305528
30.80000000000017 -0.0287181627040418
30.90000000000017 -0.02845798710477061
31.00000000000017 -0.02818116027593884
31.10000000000017 -0.02790485651459032
31.20000000000017 -0.02763290963748986
31.30000000000017 -0.02736755120028345
31.40000000000018 -0.02711936273484558
31.50000000000018 -0.02691981921069422
31.60000000000018 -0.02683586484088653
31.70000000000018 -0.02696827890815363
31.80000000000018 -0.0273876895828149
31.90000000000018 -0.02800709701241696
32.00000000000018 -0.02857325848213819
32.10000000000019 -0.02888494207030749
32.20000000000019 -0.0289336962860721
32.30000000000019 -0.02881615375802429
32.40000000000019 -0.02862286399152576
32.50000000000019 -0.02840590466092396
32.60000000000019 -0.02818763987609938
32.70000000000019 -0.02797439425575471
32.8000000000002 -0.02776544728230432
32.9000000000002 -0.02755812109964549
33.0000000000002 -0.02735131126897966
33.1000000000002 -0.02714954263659135
33.2000000000002 -0.02696931508249503
33.3000000000002 -0.02684818739429928
33.4000000000002 -0.02685099534396314
33.50000000000021 -0.02705281067293292
33.60000000000021 -0.02747290658575976
33.70000000000021 -0.02799987492283757
33.80000000000021 -0.02843843640682502
33.90000000000021 -0.02866544577834337
34.00000000000021 -0.02868936991511732
34.10000000000021 -0.02858132769712862
34.20000000000022 -0.02840640190139548
34.30000000000022 -0.02820337060475063
34.40000000000022 -0.02798964513585872
34.50000000000022 -0.02777022157735908
34.60000000000022 -0.02754435173927845
34.70000000000022 -0.02731030903575528
34.80000000000022 -0.02707038499249863
34.90000000000023 -0.02683888115272254
35.00000000000023 -0.02665565638683959
35.10000000000023 -0.02660188986505211
35.20000000000023 -0.02679140607984171
35.30000000000023 -0.02728191582086154
35.40000000000023 -0.02793563422119982
35.50000000000023 -0.02846753795784161
35.60000000000024 -0.02870640909888723
35.70000000000024 -0.02868378134070859
35.80000000000024 -0.02850719655736714
35.90000000000024 -0.02826036812345951
36.00000000000024 -0.02798652520864111
36.10000000000024 -0.02770279650727674
36.20000000000024 -0.02741580936025559
36.30000000000025 -0.02713459997668646
36.40000000000025 -0.02688500246619478
36.50000000000025 -0.02672840051666282
36.60000000000025 -0.02677305211742034
36.70000000000025 -0.02712874236105886
36.80000000000025 -0.02776061146039768
36.90000000000025 -0.02840565373129464
37.00000000000026 -0.02879164435219416
37.10000000000026 -0.02886883442731536
37.20000000000026 -0.02874056490373152
37.30000000000026 -0.0285156545933874
37.40000000000026 -0.0282580857941289
37.50000000000026 -0.02799617396593356
37.60000000000026 -0.0277405979048514
37.70000000000027 -0.02749765547236903
37.80000000000027 -0.02727918851545077
37.90000000000027 -0.02711217433324523
38.00000000000027 -0.02704680087440592
38.10000000000027 -0.02715081210700264
38.20000000000027 -0.02746622610246382
38.30000000000027 -0.02793482959989436
38.40000000000028 -0.02838983602746116
38.50000000000028 -0.02867744831765104
38.60000000000028 -0.02876143426557061
38.70000000000028 -0.02869449518030321
38.80000000000028 -0.02854447379890054
38.90000000000028 -0.02835861069854965
39.00000000000028 -0.02816150736149529
39.10000000000029 -0.02796310364514334
39.20000000000029 -0.02776594496722572
39.30000000000029 -0.02757013074509209
39.40000000000029 -0.02737710293554922
39.50000000000029 -0.02719381792680504
39.60000000000029 -0.02703852173425761
39.70000000000029 -0.02694763176889677
39.8000000000003 -0.02697741317563167
39.9000000000003 -0.0271836203233969
40.0000000000003 -0.02756602381536139
40.1000000000003 -0.02802074574129206
40.2000000000003 -0.02839012725014602
40.3000000000003 -0.02857924819284019
40.4000000000003 -0.02859479107213292
40.50000000000031 -0.02849308367950246
40.60000000000031 -0.02832767678412541
40.70000000000031 -0.02813186546076628
40.80000000000031 -0.02792121060579698
40.90000000000031 -0.02770032973073886
41.00000000000031 -0.02746858454200359
41.10000000000031 -0.0272247863891599
41.20000000000032 -0.02697304805496425
41.30000000000032 -0.02673305892734904
41.40000000000032 -0.02655779118426529
41.50000000000032 -0.02655195583102384
41.60000000000032 -0.02684858832005948
41.70000000000032 -0.0274729777403323
41.80000000000032 -0.02819388828575319
41.90000000000033 -0.02868451150538444
42.00000000000033 -0.02883193046570667
42.10000000000033 -0.02872900112848097
42.20000000000033 -0.02849988118896068
42.30000000000033 -0.02822139830754964
42.40000000000033 -0.02792665759842103
42.50000000000033 -0.02762539043206526
42.60000000000034 -0.02731988282108916
42.70000000000034 -0.02701810529398396
42.80000000000034 -0.02675067589222888
42.90000000000034 -0.02659552158385941
43.00000000000034 -0.02669204771944023
43.10000000000034 -0.02716912372145506
43.20000000000034 -0.02793725467826712
43.30000000000035 -0.02863368001858171
43.40000000000035 -0.02897649485493642
43.50000000000035 -0.02898258082360014
43.60000000000035 -0.0287993143220624
43.70000000000035 -0.02854248917074314
43.80000000000035 -0.02826958739051255
43.90000000000035 -0.02800191264769108
44.00000000000036 -0.02774528934266029
44.10000000000036 -0.02750267527372106
44.20000000000036 -0.02728291100077084
44.30000000000036 -0.0271092824835784
44.40000000000036 -0.02702741705350082
44.50000000000036 -0.02710228203841366
44.60000000000036 -0.02738197107344547
44.70000000000037 -0.02782689415518633
44.80000000000037 -0.02828634011644384
44.90000000000037 -0.02860103434081504
45.00000000000037 -0.0287167132752898
45.10000000000037 -0.02867451402836153
45.20000000000037 -0.0285404003764019
45.30000000000037 -0.02836400745854682
45.40000000000038 -0.0281728010419004
45.50000000000038 -0.02797895141067105
45.60000000000038 -0.02778665326328571
45.70000000000038 -0.02759735435314515
45.80000000000038 -0.027413712797343
45.90000000000038 -0.02724361488760304
46.00000000000038 -0.02710510522122871
46.10000000000039 -0.027031217894003
46.20000000000039 -0.02706876765221671
46.30000000000039 -0.02725851380877535
46.40000000000039 -0.02759159105652747
46.50000000000039 -0.02797916149520535
46.60000000000039 -0.02829490485384471
46.70000000000039 -0.02846097055229047
46.8000000000004 -0.02847785716977271
46.9000000000004 -0.02838809124426708
47.0000000000004 -0.02823569014237425
47.1000000000004 -0.02805010963881713
47.2000000000004 -0.02784658475993772
47.3000000000004 -0.02763129540399401
47.4000000000004 -0.0274067058277135
47.50000000000041 -0.02717700685819382
47.60000000000041 -0.02695551166462435
47.70000000000041 -0.02677609765921769
47.80000000000041 -0.02670661645567732
47.90000000000041 -0.02684527695773863
48.00000000000041 -0.02725614734438335
48.10000000000041 -0.02784878412432684
48.20000000000041 -0.02837860031854299
48.30000000000042 -0.0286563896968649
48.40000000000042 -0.0286753567502393
48.50000000000042 -0.02852601447442208
48.60000000000042 -0.02829245079928504
48.70000000000042 -0.0280223098853954
48.80000000000042 -0.02773539417879512
48.90000000000042 -0.02743805915897595
49.00000000000043 -0.02713594103415935
49.10000000000043 -0.02684868245386123
49.20000000000043 -0.02663245715011926
49.30000000000043 -0.02660579199478422
49.40000000000043 -0.02692827460846967
49.50000000000043 -0.02763339607125858
49.60000000000043 -0.02843583180761088
49.70000000000044 -0.02894938626156773
49.80000000000044 -0.02907239250774595
49.90000000000044 -0.02893706133931032
50.00000000000044 -0.02868862242497529
