0 -0.02806816500052849
0.1 -0.02773835214000908
0.2 -0.02747315498049245
0.3 -0.02728566071663865
0.4 -0.02715693191283077
0.5 -0.02706350773976487
0.6 -0.02698890323468119
0.7 -0.02692352296233399
0.7999999999999999 -0.02686182871525682
0.8999999999999999 -0.02679991373906131
0.9999999999999999 -0.02673363029725402
1.1 -0.02665671883525442
1.2 -0.02655857283389854
1.3 -0.02642249445599868
1.4 -0.02622867041880653
1.5 -0.02596914862663932
1.6 -0.02566996050286639
1.7 -0.02538717185801172
1.8 -0.02516538655575609
1.900000000000001 -0.02501138443146382
2 -0.02490793695694424
2.100000000000001 -0.02483513913097614
2.200000000000001 -0.02477899196813419
2.300000000000001 -0.02473131191027505
2.400000000000001 -0.02468755612329273
2.500000000000001 -0.02464502589463714
2.600000000000001 -0.02460170937618378
2.700000000000001 -0.02455549858410766
2.800000000000001 -0.02450352875798573
2.900000000000001 -0.02444153203243547
3.000000000000001 -0.02436338038912093
3.100000000000001 -0.02426154685235924
3.200000000000002 -0.02412983716585786
3.300000000000002 -0.02396900496017608
3.400000000000002 -0.02379178974395349
3.500000000000002 -0.02362011488191113
3.600000000000002 -0.02347363698272481
3.700000000000002 -0.02336043324762187
3.800000000000002 -0.02327759731874932
3.900000000000002 -0.02321737925910891
4.000000000000002 -0.02317209790290047
4.100000000000001 -0.02313601236304192
4.200000000000001 -0.02310535479579513
4.300000000000001 -0.0230777876231519
4.4 -0.02305186386867519
4.5 -0.02302663351161853
4.6 -0.02300137859652913
4.699999999999999 -0.02297542663145414
4.799999999999999 -0.02294799734156537
4.899999999999999 -0.02291805113669841
4.999999999999998 -0.02288412554488938
5.099999999999998 -0.02284417898842649
5.199999999999998 -0.02279552795237136
5.299999999999997 -0.02273507196364132
5.399999999999997 -0.02266009091899107
5.499999999999996 -0.02256975718834051
5.599999999999996 -0.02246685421951006
5.699999999999996 -0.0223583014346729
5.799999999999995 -0.02225326410704108
5.899999999999995 -0.02215964156317936
5.999999999999995 -0.0220814661423597
6.099999999999994 -0.02201875383198388
6.199999999999994 -0.02196905783271381
6.299999999999994 -0.02192917390826845
6.399999999999993 -0.02189617823518196
6.499999999999993 -0.02186779852651978
6.599999999999993 -0.0218424074742937
6.699999999999992 -0.02181887773412738
6.799999999999992 -0.02179641979182843
6.899999999999991 -0.02177444317807127
6.999999999999991 -0.02175244303292684
7.099999999999991 -0.02172989972876919
7.19999999999999 -0.02170617518851131
7.29999999999999 -0.02168038978405253
7.39999999999999 -0.02165126935380764
7.499999999999989 -0.02161697163289253
7.599999999999989 -0.02157495301947999
7.699999999999989 -0.02152203918488549
7.799999999999988 -0.02145499303230355
7.899999999999988 -0.02137186366852505
7.999999999999988 -0.02127390899762346
8.099999999999987 -0.02116685818784476
8.199999999999987 -0.02105983292900801
8.299999999999986 -0.02096188703302799
8.399999999999986 -0.02087860591411207
8.499999999999986 -0.02081113468214316
8.599999999999985 -0.0207574915308183
8.699999999999985 -0.02071447569020849
8.799999999999985 -0.02067897930581342
8.899999999999984 -0.02064852554167547
8.999999999999984 -0.02062132254803707
9.099999999999984 -0.02059612209833161
9.199999999999983 -0.0205720401185466
9.299999999999983 -0.02054839477144226
9.399999999999983 -0.02052456686886411
9.499999999999982 -0.02049986768106945
9.599999999999982 -0.0204733940504603
9.699999999999982 -0.02044385467563762
9.799999999999981 -0.02040937087288811
9.899999999999981 -0.02036730912869672
9.99999999999998 -0.02031431589506271
10.09999999999998 -0.02024688073079344
10.19999999999998 -0.02016277463805487
10.29999999999998 -0.02006319353704701
10.39999999999998 -0.0199542532476808
10.49999999999998 -0.01984587409590528
10.59999999999998 -0.0197479193841655
10.69999999999998 -0.01966637090137732
10.79999999999998 -0.019602277627202
10.89999999999998 -0.01955328362107613
10.99999999999998 -0.01951577611914822
11.09999999999998 -0.01948632257883207
11.19999999999998 -0.01946223468140015
11.29999999999998 -0.01944160587795368
11.39999999999998 -0.0194231485929667
11.49999999999998 -0.01940600338417107
11.59999999999997 -0.01938958061921368
11.69999999999997 -0.0193734426012303
11.79999999999997 -0.01935721619161877
11.89999999999997 -0.01934052277399641
11.99999999999997 -0.01932291400938902
12.09999999999997 -0.01930380501394536
12.19999999999997 -0.01928240176347259
12.29999999999997 -0.01925762952823071
12.39999999999997 -0.01922808843556122
12.49999999999997 -0.01919209384908977
12.59999999999997 -0.01914789476149272
12.69999999999997 -0.01909416479831896
12.79999999999997 -0.0190307534746196
12.89999999999997 -0.01895942493035019
12.99999999999997 -0.0188840456902816
13.09999999999997 -0.01880979357486628
13.19999999999997 -0.01874161720630203
13.29999999999997 -0.01868282304961373
13.39999999999997 -0.01863455266362529
13.49999999999997 -0.01859617734717137
13.59999999999997 -0.01856609676209355
13.69999999999997 -0.01854244899947677
13.79999999999997 -0.01852353447297444
13.89999999999997 -0.0185079828815032
13.99999999999997 -0.01849476605862845
14.09999999999997 -0.01848314417308434
14.19999999999997 -0.01847259611378158
14.29999999999997 -0.01846275643341722
14.39999999999996 -0.01845336537580497
14.49999999999996 -0.01844423149890185
14.59999999999996 -0.01843520406520519
14.69999999999996 -0.01842615205020211
14.79999999999996 -0.01841694697438432
14.89999999999996 -0.01840744722770601
14.99999999999996 -0.01839748195625335
15.09999999999996 -0.01838683295431354
15.19999999999996 -0.01837521353400364
15.29999999999996 -0.01836224438227624
15.39999999999996 -0.01834742853628819
15.49999999999996 -0.01833013159183016
15.59999999999996 -0.01830957977185861
15.69999999999996 -0.01828489703577969
15.79999999999996 -0.01825520920306964
15.89999999999996 -0.01821983841252657
15.99999999999996 -0.01817858061975581
16.09999999999996 -0.01813199526388936
16.19999999999996 -0.01808156529823065
16.29999999999996 -0.01802957655909446
16.39999999999996 -0.01797867907565513
16.49999999999996 -0.01793128500009839
16.59999999999997 -0.01788907187584261
16.69999999999997 -0.01785278629562635
16.79999999999997 -0.01782235314106308
16.89999999999997 -0.01779715343280451
16.99999999999997 -0.01777631699253028
17.09999999999997 -0.01775894039583886
17.19999999999997 -0.01774421081736517
17.29999999999998 -0.01773145533469636
17.39999999999998 -0.01772014471383473
17.49999999999998 -0.01770987528328122
17.59999999999998 -0.01770034362872946
17.69999999999998 -0.01769132159450983
17.79999999999998 -0.01768263450260057
17.89999999999998 -0.01767414304991763
17.99999999999999 -0.01766572820512429
18.09999999999999 -0.01765727796720293
18.19999999999999 -0.01764867468308366
18.29999999999999 -0.01763978155242257
18.39999999999999 -0.01763042690891077
18.49999999999999 -0.01762038490932814
18.59999999999999 -0.01760935157951811
18.7 -0.01759691618138403
18.8 -0.01758253032823464
18.9 -0.01756548228645941
19 -0.01754489250320953
19.1 -0.01751975808099114
19.2 -0.01748908330795895
19.3 -0.01745212616030035
19.40000000000001 -0.01740874561065172
19.50000000000001 -0.01735974392445771
19.60000000000001 -0.01730700727016702
19.70000000000001 -0.01725326323449079
19.80000000000001 -0.01720146422665594
19.90000000000001 -0.01715406103381123
20.00000000000001 -0.0171125145366432
20.10000000000002 -0.01707721835488979
20.20000000000002 -0.01704774800216359
20.30000000000002 -0.01702322755738124
20.40000000000002 -0.01700264512932562
20.50000000000002 -0.01698505072241362
20.60000000000002 -0.01696964564423087
20.70000000000002 -0.01695580058605192
20.80000000000003 -0.01694303740957821
20.90000000000003 -0.01693099771677767
21.00000000000003 -0.01691941017332052
21.10000000000003 -0.01690806126612556
21.20000000000003 -0.0168967702398735
21.30000000000003 -0.01688536714767501
21.40000000000003 -0.01687367227832129
21.50000000000004 -0.0168614751303317
21.60000000000004 -0.01684851141969657
21.70000000000004 -0.01683443749696944
21.80000000000004 -0.01681880350691563
21.90000000000004 -0.01680103045481463
22.00000000000004 -0.01678040287275067
22.10000000000004 -0.0167560978259087
22.20000000000005 -0.01672727906707988
22.30000000000005 -0.01669328234871027
22.40000000000005 -0.01665388827986804
22.50000000000005 -0.01660961334173745
22.60000000000005 -0.01656187322666669
22.70000000000005 -0.01651286046827215
22.80000000000005 -0.01646509880535634
22.90000000000006 -0.01642084073439181
23.00000000000006 -0.01638158908150346
23.10000000000006 -0.01634793390631797
23.20000000000006 -0.01631969207483499
23.30000000000006 -0.01629619760448563
23.40000000000006 -0.01627658766460662
23.50000000000006 -0.01626000320137687
23.60000000000007 -0.01624569420802977
23.70000000000007 -0.01623305462739089
23.80000000000007 -0.01622161723923712
23.90000000000007 -0.01621103122095376
24.00000000000007 -0.01620103556998802
24.10000000000007 -0.01619143453673405
24.20000000000007 -0.01618207709074301
24.30000000000008 -0.01617284041621132
24.40000000000008 -0.01616361662345007
24.50000000000008 -0.01615430166515723
24.60000000000008 -0.01614478552483323
24.70000000000008 -0.01613494295344941
24.80000000000008 -0.01612462434205698
24.90000000000008 -0.01611364678103998
25.00000000000009 -0.01610178606837495
25.10000000000009 -0.01608877149868188
25.20000000000009 -0.01607428673179451
25.30000000000009 -0.01605798170738012
25.40000000000009 -0.01603950174305847
25.50000000000009 -0.01601853917981552
25.60000000000009 -0.01599490816934901
25.7000000000001 -0.01596863296178782
25.8000000000001 -0.01594002597525573
25.9000000000001 -0.015909721152375
26.0000000000001 -0.01587863172476516
26.1000000000001 -0.01584782603357667
26.2000000000001 -0.01581835198871683
26.3000000000001 -0.01579106738676937
26.40000000000011 -0.01576653030123211
26.50000000000011 -0.01574497336630627
26.60000000000011 -0.01572634962226319
26.70000000000011 -0.01571041669466661
26.80000000000011 -0.01569682580613826
26.90000000000011 -0.01568519429701461
27.00000000000011 -0.01567515415588056
27.10000000000012 -0.01566637841023161
27.20000000000012 -0.01565859121374372
27.30000000000012 -0.01565156780224845
27.40000000000012 -0.01564512917465293
27.50000000000012 -0.01563913471045822
27.60000000000012 -0.01563347456536538
27.70000000000012 -0.01562806274081023
27.80000000000013 -0.01562283114886919
27.90000000000013 -0.01561772468219563
28.00000000000013 -0.01561269715010182
28.10000000000013 -0.01560770788475279
28.20000000000013 -0.01560271881008528
28.30000000000013 -0.01559769177438071
28.40000000000013 -0.01559258596225363
28.50000000000014 -0.01558735521849314
28.60000000000014 -0.01558194513610852
28.70000000000014 -0.01557628979088975
28.80000000000014 -0.01557030805770257
28.90000000000014 -0.01556389954005867
29.00000000000014 -0.01555694031345055
29.10000000000014 -0.01554927896114791
29.20000000000014 -0.01554073380433297
29.30000000000015 -0.01553109280875874
29.40000000000015 -0.0155201183302172
29.50000000000015 -0.01550755944155664
29.60000000000015 -0.01549317464404304
29.70000000000015 -0.01547676665029713
29.80000000000015 -0.01545822793900664
29.90000000000015 -0.01543759073302563
30.00000000000016 -0.015415069083847
30.10000000000016 -0.01539107683465842
30.20000000000016 -0.01536620731146724
30.30000000000016 -0.01534117075833409
30.40000000000016 -0.01531670097105516
30.50000000000016 -0.01529345558605291
30.60000000000016 -0.01527193726283569
30.70000000000017 -0.01525245381061746
30.80000000000017 -0.01523511989353094
30.90000000000017 -0.01521988981924706
31.00000000000017 -0.01520660529684768
31.10000000000017 -0.01519504372359557
31.20000000000017 -0.01518495801143655
31.30000000000017 -0.0151761046076677
31.40000000000018 -0.01516826027126197
31.50000000000018 -0.01516123003801052
31.60000000000018 -0.01515484919283432
31.70000000000018 -0.01514898166991864
31.80000000000018 -0.01514351664528758
31.90000000000018 -0.01513836445903429
32.00000000000018 -0.01513345251607548
32.10000000000019 -0.01512872147758568
32.20000000000019 -0.01512412184216823
32.30000000000019 -0.01511961088927239
32.40000000000019 -0.01511514988479465
32.50000000000019 -0.01511070140588641
32.60000000000019 -0.01510622661225121
32.70000000000019 -0.01510168226452131
32.8000000000002 -0.01509701726180246
32.9000000000002 -0.01509216844072967
33.0000000000002 -0.0150870553553569
33.1000000000002 -0.01508157376088082
33.2000000000002 -0.01507558759454864
33.3000000000002 -0.01506891945575759
33.4000000000002 -0.01506134005045933
33.50000000000021 -0.01505255794747578
33.60000000000021 -0.01504221248023755
33.70000000000021 -0.01502987480535263
33.80000000000021 -0.01501506472104645
33.90000000000021 -0.01499729274692509
34.00000000000021 -0.01497613576942492
34.10000000000021 -0.01495134679086231
34.20000000000022 -0.01492298257765402
34.30000000000022 -0.01489151055162773
34.40000000000022 -0.0148578411459882
34.50000000000022 -0.01482324280923006
34.60000000000022 -0.01478914155620304
34.70000000000022 -0.0147568650452748
34.80000000000022 -0.01472742230519859
34.90000000000023 -0.01470138988222548
35.00000000000023 -0.01467891962034805
35.10000000000023 -0.01465983275755619
35.20000000000023 -0.01464374628907697
35.30000000000023 -0.01463018831090634
35.40000000000023 -0.01461868129110945
35.50000000000023 -0.0146087908104357
35.60000000000024 -0.01460014699808998
35.70000000000024 -0.01459244824337445
35.80000000000024 -0.01458545529722694
35.90000000000024 -0.01457898130054752
36.00000000000024 -0.01457288095628863
36.10000000000024 -0.01456704041726411
36.20000000000024 -0.01456136845277196
36.30000000000025 -0.01455578890568128
36.40000000000025 -0.01455023418281269
36.50000000000025 -0.01454463940815817
36.60000000000025 -0.01453893683247409
36.70000000000025 -0.01453305009406993
36.80000000000025 -0.01452688795331344
36.90000000000025 -0.01452033719196072
37.00000000000026 -0.01451325451998832
37.10000000000026 -0.01450545764326701
37.20000000000026 -0.01449671623021204
37.30000000000026 -0.01448674451743911
37.40000000000026 -0.01447519882731869
37.50000000000026 -0.01446168526695599
37.60000000000026 -0.01444578479760036
37.70000000000027 -0.01442710330383623
37.80000000000027 -0.01440535083198852
37.90000000000027 -0.01438044420106287
38.00000000000027 -0.01435261059446768
38.10000000000027 -0.01432245273265201
38.20000000000027 -0.01429093226389892
38.30000000000027 -0.01425924988407359
38.40000000000028 -0.01422864535664518
38.50000000000028 -0.01420018257779037
38.60000000000028 -0.014174593521183
38.70000000000028 -0.01415222333906708
38.80000000000028 -0.01413307093845765
38.90000000000028 -0.01411688621372808
39.00000000000028 -0.01410327966432814
39.10000000000029 -0.01409181414033192
39.20000000000029 -0.01408206691043181
39.30000000000029 -0.01407366345647716
39.40000000000029 -0.01406629030013315
39.50000000000029 -0.01405969487901237
39.60000000000029 -0.01405367880573674
39.70000000000029 -0.01404808866083438
39.8000000000003 -0.01404280665575493
39.9000000000003 -0.01403774226767036
40.0000000000003 -0.01403282521536798
40.1000000000003 -0.01402799976264386
40.2000000000003 -0.01402322016567127
40.3000000000003 -0.01401844702765083
40.4000000000003 -0.01401364432837112
40.50000000000031 -0.01400877692532592
40.60000000000031 -0.01400380836084691
40.70000000000031 -0.01399869885057424
40.80000000000031 -0.0139934033727927
40.90000000000031 -0.01398786982972964
41.00000000000031 -0.01398203731721833
41.10000000000031 -0.0139758346256426
41.20000000000032 -0.01396917920925721
41.30000000000032 -0.01396197700432339
41.40000000000032 -0.01395412363868114
41.50000000000032 -0.01394550772414434
41.60000000000032 -0.01393601699289146
41.70000000000032 -0.01392554792495195
41.80000000000032 -0.01391401908449294
41.90000000000033 -0.01390138752939908
42.00000000000033 -0.01388766639276557
42.10000000000033 -0.01387294030801068
42.20000000000033 -0.01385737431673384
42.30000000000033 -0.01384121199952015
42.40000000000033 -0.01382476035367385
42.50000000000033 -0.01380836227102323
42.60000000000034 -0.01379236127443032
42.70000000000034 -0.01377706581943136
42.80000000000034 -0.01376272066705411
42.90000000000034 -0.01374949047155715
43.00000000000034 -0.01373745694748535
43.10000000000034 -0.01372662744564796
43.20000000000034 -0.01371695069766561
43.30000000000035 -0.01370833517262441
43.40000000000035 -0.01370066644468695
43.50000000000035 -0.01369382143679222
43.60000000000035 -0.01368767876625494
43.70000000000035 -0.01368212536660834
43.80000000000035 -0.01367706005667696
43.90000000000035 -0.01367239487641034
44.00000000000036 -0.0136680549490328
44.10000000000036 -0.01366397747668894
44.20000000000036 -0.01366011030679708
44.30000000000036 -0.01365641035691651
44.40000000000036 -0.01365284207053759
44.50000000000036 -0.01364937599471299
44.60000000000036 -0.01364598751698373
44.70000000000037 -0.0136426557663748
44.80000000000037 -0.0136393626648351
44.90000000000037 -0.01363609210629867
45.00000000000037 -0.01363282923693329
45.10000000000037 -0.01362955980972216
45.20000000000037 -0.01362626958782905
45.30000000000037 -0.01362294377344161
45.40000000000038 -0.01361956644168325
45.50000000000038 -0.01361611996283198
45.60000000000038 -0.013612584400913
45.70000000000038 -0.0136089368834839
45.80000000000038 -0.01360515094715876
45.90000000000038 -0.01360119587745585
46.00000000000038 -0.01359703608142342
46.10000000000039 -0.01359263055864021
46.20000000000039 -0.01358793257143137
46.30000000000039 -0.01358288965775086
46.40000000000039 -0.01357744417640954
46.50000000000039 -0.01357153461548167
46.60000000000039 -0.01356509791522069
46.70000000000039 -0.01355807303323956
46.8000000000004 -0.01355040588283146
46.9000000000004 -0.01354205557752963
47.0000000000004 -0.01353300160522034
47.1000000000004 -0.01352325115954578
47.2000000000004 -0.01351284545764056
47.3000000000004 -0.01350186361257969
47.4000000000004 -0.01349042267332977
47.50000000000041 -0.01347867291503004
47.60000000000041 -0.01346678834336651
47.70000000000041 -0.0134549534674088
47.80000000000041 -0.01344334834905804
47.90000000000041 -0.01343213440310231
48.00000000000041 -0.01342144321647581
48.10000000000041 -0.01341136986031008
48.20000000000041 -0.01340197108659935
48.30000000000042 -0.01339326780212343
48.40000000000042 -0.01338525056626224
48.50000000000042 -0.01337788665390921
48.60000000000042 -0.01337112738330931
48.70000000000042 -0.0133649147721549
48.80000000000042 -0.01335918699571629
48.90000000000042 -0.01335388247068726
49.00000000000043 -0.01334894263079131
49.10000000000043 -0.01334431359400333
49.20000000000043 -0.01333994696983579
49.30000000000043 -0.01333580004847995
49.40000000000043 -0.01333183557795134
49.50000000000043 -0.01332802128947192
49.60000000000043 -0.01332432928632162
49.70000000000044 -0.01332073537273126
49.80000000000044 -0.01331721836874603
49.90000000000044 -0.01331375943396735
50.00000000000044 -0.01331034140636033
