0 -0.02806816500052849
0.1 -0.02806807930474745
0.2 -0.02806795402579462
0.3 -0.02806791053300749
0.4 -0.02806791966000443
0.5 -0.02806793722787711
0.6 -0.02806794902414907
0.7 -0.02806795470162709
0.7999999999999999 -0.0280679560207247
0.8999999999999999 -0.02806795356028009
0.9999999999999999 -0.028067946292332
1.1 -0.02806793248822395
1.2 -0.02806791479429089
1.3 -0.02806791516018304
1.4 -0.02806798376015146
1.5 -0.0280681179446475
1.6 -0.02806815633436358
1.7 -0.02806803776978098
1.8 -0.02806793250436661
1.900000000000001 -0.02806791033069651
2 -0.02806792501546373
2.100000000000001 -0.02806794139745282
2.200000000000001 -0.02806795122743
2.300000000000001 -0.02806795548075203
2.400000000000001 -0.0280679557101666
2.500000000000001 -0.02806795201834267
2.600000000000001 -0.02806794298837018
2.700000000000001 -0.02806792730549483
2.800000000000001 -0.02806791121271426
2.900000000000001 -0.02806792578875252
3.000000000000001 -0.02806802056689772
3.100000000000001 -0.02806814768439685
3.200000000000002 -0.02806813203800306
3.300000000000002 -0.02806799870408556
3.400000000000002 -0.02806791886643043
3.500000000000002 -0.02806791305532608
3.600000000000002 -0.02806793032290774
3.700000000000002 -0.02806794495646082
3.800000000000002 -0.02806795295472278
3.900000000000002 -0.02806795592687739
4.000000000000002 -0.02806795507652175
4.100000000000001 -0.02806795002606079
4.200000000000001 -0.02806793908092365
4.300000000000001 -0.0280679219221309
4.4 -0.02806790999590635
4.5 -0.02806794382514345
4.6 -0.02806806158926217
4.699999999999999 -0.02806816340399735
4.799999999999999 -0.02806809650731373
4.899999999999999 -0.02806796574181118
4.999999999999998 -0.02806791187342789
5.099999999999998 -0.02806791748228744
5.199999999999998 -0.02806793526884011
5.299999999999997 -0.02806794792523135
5.399999999999997 -0.02806795426066144
5.499999999999996 -0.02806795605850984
5.599999999999996 -0.02806795409430873
5.699999999999996 -0.02806794752668321
5.799999999999995 -0.02806793457586993
5.899999999999995 -0.02806791676609215
5.999999999999995 -0.02806791253705253
6.099999999999994 -0.02806797008788757
6.199999999999994 -0.02806810218922986
6.299999999999994 -0.02806816213432052
6.399999999999993 -0.02806805549309527
6.499999999999993 -0.0280679406827457
6.599999999999993 -0.0280679099738667
6.699999999999992 -0.02806792270705465
6.799999999999992 -0.02806793969029674
6.899999999999991 -0.02806795034781049
6.999999999999991 -0.02806795519018172
7.099999999999991 -0.02806795588104198
7.19999999999999 -0.02806795272806067
7.29999999999999 -0.02806794447023217
7.39999999999999 -0.02806792955820203
7.499999999999989 -0.02806791252120825
7.599999999999989 -0.02806792042356682
7.699999999999989 -0.02806800414487284
7.799999999999988 -0.02806813645281658
7.899999999999988 -0.02806814407589636
7.999999999999988 -0.02806801478566236
8.099999999999987 -0.0280679237852479
8.199999999999987 -0.02806791162136157
8.299999999999986 -0.02806792808975759
8.399999999999986 -0.02806794351302714
8.499999999999986 -0.02806795227275553
8.599999999999985 -0.02806795577585793
8.699999999999985 -0.02806795538746064
8.799999999999985 -0.0280679509340649
8.899999999999984 -0.02806794082175883
8.999999999999984 -0.02806792422093345
9.099999999999984 -0.02806791014708136
9.199999999999983 -0.02806793516355772
9.299999999999983 -0.02806804384328415
9.399999999999983 -0.02806815865429754
9.499999999999982 -0.02806811265892618
9.599999999999982 -0.02806797889130368
9.699999999999982 -0.02806791414354267
9.799999999999981 -0.02806791545494409
9.899999999999981 -0.02806793321900132
9.99999999999998 -0.02806794672965166
10.09999999999998 -0.02806795375240641
10.19999999999998 -0.0280679560403442
10.29999999999998 -0.02806795455816049
10.39999999999998 -0.02806794865877286
10.49999999999998 -0.0280679365685087
10.59999999999998 -0.02806791890220238
10.69999999999998 -0.02806791089544642
10.79999999999998 -0.02806795786779245
10.89999999999998 -0.02806808527461956
10.99999999999998 -0.02806816481177496
11.09999999999998 -0.0280680732750517
11.19999999999998 -0.02806795036383252
11.29999999999998 -0.02806791026581517
11.39999999999998 -0.02806792042762216
11.49999999999998 -0.0280679378743679
11.59999999999997 -0.02806794937774633
11.69999999999997 -0.02806795483718987
11.79999999999997 -0.02806795599483151
11.89999999999997 -0.02806795336088438
11.99999999999997 -0.0280679458455747
12.09999999999997 -0.0280679317523004
12.19999999999997 -0.02806791416375928
12.29999999999997 -0.02806791629555578
12.39999999999997 -0.02806798874702079
12.49999999999997 -0.02806812300443019
12.59999999999997 -0.02806815369900385
12.69999999999997 -0.02806803179973896
12.79999999999997 -0.0280679300344291
12.89999999999997 -0.02806791057400881
12.99999999999997 -0.02806792580216213
13.09999999999997 -0.02806794195559828
13.19999999999997 -0.02806795150844917
13.29999999999997 -0.02806795556613759
13.39999999999997 -0.02806795563751477
13.49999999999997 -0.02806795175462982
13.59999999999997 -0.02806794245122798
13.69999999999997 -0.02806792651691623
13.79999999999997 -0.02806791085350419
13.89999999999997 -0.02806792794949188
13.99999999999997 -0.02806802643822705
14.09999999999997 -0.02806815098831514
14.19999999999997 -0.02806812738511826
14.29999999999997 -0.02806799340125114
14.39999999999996 -0.02806791745203487
14.49999999999996 -0.02806791362415371
14.59999999999996 -0.02806793107899245
14.69999999999996 -0.02806794542991236
14.79999999999996 -0.02806795317240807
14.89999999999996 -0.02806795596580104
14.99999999999996 -0.02806795495461185
15.09999999999996 -0.02806794969157954
15.19999999999996 -0.02806793845550381
15.29999999999996 -0.02806792113907448
15.39999999999996 -0.02806791010394873
15.49999999999996 -0.02806794717280256
15.59999999999996 -0.02806806771266913
15.69999999999996 -0.02806816429053489
15.79999999999996 -0.02806809065763442
15.89999999999996 -0.02806796154136645
15.99999999999996 -0.02806791131951445
16.09999999999996 -0.02806791822253892
16.19999999999996 -0.0280679359559042
16.29999999999996 -0.02806794831487671
16.39999999999996 -0.02806795442009977
16.49999999999996 -0.0280679560521503
16.59999999999997 -0.02806795391953452
16.69999999999997 -0.02806794711586322
16.79999999999997 -0.02806793387200527
16.89999999999997 -0.02806791607138016
16.99999999999997 -0.02806791332175244
17.09999999999997 -0.02806797461071879
17.19999999999997 -0.02806810772796232
17.29999999999998 -0.02806816047813609
17.39999999999998 -0.02806804939513197
17.49999999999998 -0.02806793772016567
17.59999999999998 -0.02806791003259997
17.69999999999998 -0.02806792349768042
17.79999999999998 -0.02806794028756889
17.89999999999998 -0.02806795065899152
17.99999999999999 -0.02806795529652892
18.09999999999999 -0.02806795582883353
18.19999999999999 -0.02806795249332728
18.29999999999999 -0.02806794397333903
18.39999999999999 -0.02806792878887768
18.49999999999999 -0.02806791202569204
18.59999999999999 -0.02806792211425302
18.7 -0.02806800968024747
18.8 -0.02806814059613548
18.9 -0.02806814021380651
19 -0.02806800914675386
19.1 -0.02806792194578876
19.2 -0.02806791207074046
19.3 -0.0280679288623466
19.40000000000001 -0.02806794402118074
19.50000000000001 -0.02806795251606481
19.60000000000001 -0.02806795583413497
19.70000000000001 -0.02806795528688952
19.80000000000001 -0.02806795063025036
19.90000000000001 -0.02806794023204719
20.00000000000001 -0.02806792342309982
20.10000000000002 -0.02806791002272104
20.20000000000002 -0.02806793798785003
20.30000000000002 -0.02806804996481503
20.40000000000002 -0.02806816065404025
20.50000000000002 -0.02806810722285548
20.60000000000002 -0.02806797418256761
20.70000000000002 -0.0280679132423036
20.80000000000003 -0.02806791613408269
20.90000000000003 -0.02806793393737182
21.00000000000003 -0.02806794715429456
21.10000000000003 -0.02806795393603009
21.20000000000003 -0.02806795605311388
21.30000000000003 -0.02806795440603804
21.40000000000003 -0.02806794828011069
21.50000000000004 -0.02806793589407839
21.60000000000004 -0.02806791815408695
21.70000000000004 -0.02806791136257313
21.80000000000004 -0.02806796191000074
21.90000000000004 -0.02806809119166522
22.00000000000004 -0.02806816423527891
22.10000000000004 -0.02806806716778035
22.20000000000005 -0.0280679468635931
22.30000000000005 -0.02806791008880628
22.40000000000005 -0.02806792120807612
22.50000000000005 -0.02806793851180619
22.60000000000005 -0.02806794972197207
22.70000000000005 -0.02806795496583989
22.80000000000005 -0.02806795596249588
22.90000000000006 -0.02806795315296495
23.00000000000006 -0.02806794538730827
23.10000000000006 -0.02806793101035669
23.20000000000006 -0.02806791357059103
23.30000000000006 -0.02806791757463836
23.40000000000006 -0.02806799387894626
23.50000000000006 -0.02806812782035822
23.60000000000007 -0.02806815070084694
23.70000000000007 -0.02806802589823942
23.80000000000007 -0.02806792774462922
23.90000000000007 -0.02806791088378971
24.00000000000007 -0.02806792658916933
24.10000000000007 -0.02806794250101867
24.20000000000007 -0.02806795177926893
24.30000000000008 -0.02806795564444334
24.40000000000008 -0.0280679555583792
24.50000000000008 -0.02806795148253237
24.60000000000008 -0.02806794190400441
24.70000000000008 -0.02806792572937757
24.80000000000008 -0.02806791055139828
24.90000000000008 -0.02806793026376349
25.00000000000009 -0.02806803235825924
25.10000000000009 -0.0280681539498961
25.20000000000009 -0.02806812252516644
25.30000000000009 -0.02806798826926792
25.40000000000009 -0.02806791618590338
25.50000000000009 -0.02806791422431084
25.60000000000009 -0.02806793182315685
25.7000000000001 -0.02806794588860874
25.8000000000001 -0.02806795338017123
25.9000000000001 -0.02806795599760938
26.0000000000001 -0.0280679548248499
26.1000000000001 -0.02806794934524446
26.2000000000001 -0.0280679378149167
26.3000000000001 -0.02806792035698839
26.40000000000011 -0.02806791029009056
26.50000000000011 -0.02806795070135459
26.60000000000011 -0.02806807383600635
26.70000000000011 -0.02806816483303315
26.80000000000011 -0.02806808471346218
26.90000000000011 -0.02806795750329755
27.00000000000011 -0.02806791086070341
27.10000000000012 -0.02806791897418363
27.20000000000012 -0.02806793663112168
27.30000000000012 -0.02806794869343919
27.40000000000012 -0.02806795457187896
27.50000000000012 -0.02806795603890147
27.60000000000012 -0.0280679537351913
27.70000000000012 -0.02806794669007122
27.80000000000013 -0.02806793315215415
27.90000000000013 -0.02806791539210994
28.00000000000013 -0.02806791422846099
28.10000000000013 -0.02806797932778686
28.20000000000013 -0.02806811315422469
28.30000000000013 -0.0280681584661561
28.40000000000013 -0.02806804329053413
28.50000000000014 -0.02806793491222505
28.60000000000014 -0.02806791015920763
28.70000000000014 -0.02806792429242368
28.80000000000014 -0.0280679408744234
28.90000000000014 -0.02806795096112066
29.00000000000014 -0.02806795539621822
29.10000000000014 -0.02806795577007137
29.20000000000014 -0.02806795224966245
29.30000000000015 -0.02806794346482228
29.40000000000015 -0.02806792801616088
29.50000000000015 -0.02806791157776191
29.60000000000015 -0.02806792395761929
29.70000000000015 -0.02806801531531129
29.80000000000015 -0.02806814443766033
29.90000000000015 -0.02806813607341953
30.00000000000016 -0.02806800363948256
30.10000000000016 -0.02806792026865101
30.20000000000016 -0.02806791256502014
30.30000000000016 -0.02806792962743456
30.40000000000016 -0.02806794451514411
30.50000000000016 -0.02806795274926051
30.60000000000016 -0.02806795588550488
30.70000000000017 -0.02806795517984
30.80000000000017 -0.02806795031816117
30.90000000000017 -0.02806793963382148
31.00000000000017 -0.02806792263342104
31.10000000000017 -0.0280679099725278
31.20000000000017 -0.02806794096908717
31.30000000000017 -0.02806805606362461
31.40000000000018 -0.02806816226974146
31.50000000000018 -0.02806810166388181
31.60000000000018 -0.02806796967389182
31.70000000000018 -0.02806791246976797
31.80000000000018 -0.02806791683205242
31.90000000000018 -0.02806793464106273
32.00000000000018 -0.02806794756443527
32.10000000000019 -0.02806795411021819
32.20000000000019 -0.02806795605885461
32.30000000000019 -0.02806795424570159
32.40000000000019 -0.02806794788923584
32.50000000000019 -0.02806793520647605
32.60000000000019 -0.02806791741841749
32.70000000000019 -0.02806791193498015
32.8000000000002 -0.02806796613725535
32.9000000000002 -0.02806809702459759
33.0000000000002 -0.02806816328357843
33.1000000000002 -0.02806806102166519
33.2000000000002 -0.02806794353274272
33.3000000000002 -0.02806790999520557
33.4000000000002 -0.02806792199639944
33.50000000000021 -0.02806793913824904
33.60000000000021 -0.0280679500562711
33.70000000000021 -0.02806795508732
33.80000000000021 -0.0280679559230338
33.90000000000021 -0.02806795293454769
34.00000000000021 -0.02806794491300516
34.10000000000021 -0.02806793025443396
34.20000000000022 -0.02806791300702308
34.30000000000022 -0.02806791900470748
34.40000000000022 -0.02806799919324968
34.50000000000022 -0.02806813244172837
34.60000000000022 -0.0280681473588866
34.70000000000022 -0.02806802003498278
34.80000000000022 -0.02806792560250071
34.90000000000023 -0.02806791125016989
35.00000000000023 -0.02806792737817325
35.10000000000023 -0.02806794303707162
35.20000000000023 -0.02806795204202546
35.30000000000023 -0.02806795571641714
35.40000000000023 -0.02806795547234757
35.50000000000023 -0.02806795120050978
35.60000000000024 -0.02806794134406202
35.70000000000024 -0.028067924940334
35.80000000000024 -0.02806791030839903
35.90000000000024 -0.02806793274255141
36.00000000000024 -0.02806803833720609
36.10000000000024 -0.02806815657585655
36.20000000000024 -0.02806811746581584
36.30000000000025 -0.02806798329755528
36.40000000000025 -0.02806791505674527
36.50000000000025 -0.02806791485318273
36.60000000000025 -0.02806793255632958
36.70000000000025 -0.02806794633359098
36.80000000000025 -0.02806795357858728
36.90000000000025 -0.02806795602279236
37.00000000000026 -0.02806795468833788
37.10000000000026 -0.02806794898988408
37.20000000000026 -0.02806793716536469
37.30000000000026 -0.02806791958608806
37.40000000000026 -0.0280679105599619
37.50000000000026 -0.0280679543797705
37.60000000000026 -0.02806807987914394
37.70000000000027 -0.02806816501246574
37.80000000000027 -0.02806807874293282
37.90000000000027 -0.02806795366947756
38.00000000000027 -0.02806791050033038
38.10000000000027 -0.02806791973029674
38.20000000000027 -0.02806793728876876
38.30000000000027 -0.02806794905779043
38.40000000000028 -0.02806795471471521
38.50000000000028 -0.02806795601869309
38.60000000000028 -0.02806795354227337
38.70000000000028 -0.02806794625174184
38.80000000000028 -0.02806793242103636
38.90000000000028 -0.02806791473531729
39.00000000000028 -0.02806791525885228
39.10000000000029 -0.02806798421057655
39.20000000000029 -0.02806811841626385
39.30000000000029 -0.02806815610783665
39.40000000000029 -0.02806803722188531
39.50000000000029 -0.02806793227176754
39.60000000000029 -0.02806791035039003
39.70000000000029 -0.02806792508732019
39.8000000000003 -0.02806794144889053
39.9000000000003 -0.02806795125345672
40.0000000000003 -0.02806795548885076
40.1000000000003 -0.02806795570396868
40.2000000000003 -0.02806795199512192
40.3000000000003 -0.02806794294092644
40.4000000000003 -0.02806792723561292
40.50000000000031 -0.02806791117986699
40.60000000000031 -0.02806792597755588
40.70000000000031 -0.02806802108815554
40.80000000000031 -0.02806814798632179
40.90000000000031 -0.02806813162460831
41.00000000000031 -0.0280679982227821
41.10000000000031 -0.0280679187358362
41.20000000000032 -0.02806791310640674
41.30000000000032 -0.0280679303917821
41.40000000000032 -0.02806794499976166
41.50000000000032 -0.02806795297473608
41.60000000000032 -0.02806795593059908
41.70000000000032 -0.0280679550655838
41.80000000000032 -0.02806794999572347
41.90000000000033 -0.02806793902392023
42.00000000000033 -0.0280679218501871
42.10000000000033 -0.02806791000396652
42.20000000000033 -0.0280679441292954
42.30000000000033 -0.02806806215551036
42.40000000000033 -0.02806816349509033
42.50000000000033 -0.02806809596412987
42.60000000000034 -0.02806796534439504
42.70000000000034 -0.02806791181895808
42.80000000000034 -0.02806791755151752
42.90000000000034 -0.02806793533375388
43.00000000000034 -0.02806794796220851
43.10000000000034 -0.02806795427591061
43.20000000000034 -0.02806795605811075
43.30000000000035 -0.02806795407803686
43.40000000000035 -0.02806794748814243
43.50000000000035 -0.02806793450946666
43.60000000000035 -0.0280679166995175
43.70000000000035 -0.02806791260785976
43.80000000000035 -0.02806797051276705
43.90000000000035 -0.02806810272223923
44.00000000000036 -0.02806816198868825
44.10000000000036 -0.02806805490924941
44.20000000000036 -0.02806794039302068
44.30000000000036 -0.0280679099769611
44.40000000000036 -0.02806792278265682
44.50000000000036 -0.02806793974785786
44.60000000000036 -0.02806795037790378
44.70000000000037 -0.02806795520064125
44.80000000000037 -0.02806795587651443
44.90000000000037 -0.02806795270655182
45.00000000000037 -0.02806794442439613
45.10000000000037 -0.02806792948657856
45.20000000000037 -0.02806791247256937
45.30000000000037 -0.02806792057304371
45.40000000000038 -0.02806800465380895
45.50000000000038 -0.02806813685255928
45.60000000000038 -0.02806814373455919
45.70000000000038 -0.02806801425960521
45.80000000000038 -0.02806792360740738
45.90000000000038 -0.02806791166012984
46.00000000000038 -0.0280679281609715
46.10000000000039 -0.02806794356030446
46.20000000000039 -0.02806795229552632
46.30000000000039 -0.02806795578154765
46.40000000000039 -0.02806795537869332
46.50000000000039 -0.02806795090697386
46.60000000000039 -0.02806794076869275
46.70000000000039 -0.02806792414769304
46.8000000000004 -0.02806791013011742
46.9000000000004 -0.02806793540731677
47.0000000000004 -0.02806804439560487
47.1000000000004 -0.02806815886101453
47.2000000000004 -0.0280681121857231
47.3000000000004 -0.02806797846056201
47.4000000000004 -0.02806791405420504
47.50000000000041 -0.02806791551306891
47.60000000000041 -0.02806793328328709
47.70000000000041 -0.02806794676815586
47.80000000000041 -0.02806795376923694
47.90000000000041 -0.02806795604169473
48.00000000000041 -0.02806795454454123
48.10000000000041 -0.02806794862452243
48.20000000000041 -0.02806793650699572
48.30000000000042 -0.02806791883247573
48.40000000000042 -0.028067910932937
48.50000000000042 -0.02806795823060207
48.60000000000042 -0.02806808582346235
48.70000000000042 -0.02806816477859199
48.80000000000042 -0.02806807271684163
48.90000000000042 -0.02806795003348168
49.00000000000043 -0.02806791024468316
49.10000000000043 -0.02806792049861188
49.20000000000043 -0.02806793793348167
49.30000000000043 -0.02806794940995614
49.40000000000043 -0.02806795484938009
49.50000000000043 -0.02806795599202457
49.60000000000043 -0.02806795334176941
49.70000000000044 -0.02806794580331178
49.80000000000044 -0.02806793168390494
49.90000000000044 -0.02806791410922621
50.00000000000044 -0.02806791641436331
