0 -0.02806816500052849
0.1 -0.02806819432050325
0.2 -0.02806835023323733
0.3 -0.02806859928642916
0.4 -0.02806880750044292
0.5 -0.02806892781143698
0.6 -0.0280689826863558
0.7 -0.02806900299942709
0.7999999999999999 -0.02806900701938326
0.8999999999999999 -0.02806899929692163
0.9999999999999999 -0.02806897144269064
1.1 -0.02806890100870634
1.2 -0.0280687557677859
1.3 -0.02806852579483363
1.4 -0.02806828938451487
1.5 -0.02806817685846306
1.6 -0.02806816650936992
1.7 -0.02806822378967656
1.8 -0.02806841973343732
1.900000000000001 -0.02806866847371738
2 -0.02806885133495411
2.100000000000001 -0.02806894906753184
2.200000000000001 -0.02806899111207016
2.300000000000001 -0.02806900542628229
2.400000000000001 -0.02806900611920067
2.500000000000001 -0.02806899398822538
2.600000000000001 -0.02806895666743082
2.700000000000001 -0.02806886773660043
2.800000000000001 -0.02806869616473253
2.900000000000001 -0.02806845105269304
3.000000000000001 -0.02806824048995033
3.100000000000001 -0.02806816828568539
3.200000000000002 -0.02806817230581158
3.300000000000002 -0.02806826688534254
3.400000000000002 -0.02806849380970267
3.500000000000002 -0.02806873125404848
3.600000000000002 -0.02806888764826161
3.700000000000002 -0.02806896561466805
3.800000000000002 -0.02806899725162868
3.900000000000002 -0.02806900674986458
4.000000000000002 -0.02806900417937735
4.100000000000001 -0.02806898659912824
4.200000000000001 -0.02806893752650517
4.300000000000001 -0.02806882718475451
4.4 -0.02806862950826105
4.5 -0.02806837906305369
4.6 -0.02806820525619139
4.699999999999999 -0.02806816521964986
4.799999999999999 -0.02806818551159532
4.899999999999999 -0.0280683229378527
4.999999999999998 -0.02806856826336249
5.099999999999998 -0.02806878638642068
5.199999999999998 -0.02806891709604947
5.299999999999997 -0.02806897825968754
5.399999999999997 -0.02806900157704469
5.499999999999996 -0.02806900711081168
5.599999999999996 -0.02806900103754878
5.699999999999996 -0.02806897662279861
5.799999999999995 -0.02806891319589585
5.899999999999995 -0.02806877885836485
5.999999999999995 -0.02806855756732891
6.099999999999994 -0.02806831410249325
6.199999999999994 -0.02806818303510172
6.299999999999994 -0.0280681654644953
6.399999999999993 -0.02806820955636274
6.499999999999993 -0.02806838919994466
6.599999999999993 -0.02806863956550068
6.699999999999992 -0.02806883353217063
6.799999999999992 -0.02806894059014439
6.899999999999991 -0.02806898780377752
6.999999999999991 -0.02806900451751409
7.099999999999991 -0.02806900660753523
7.19999999999999 -0.02806899647015535
7.29999999999999 -0.0280689634593964
7.39999999999999 -0.02806888280951206
7.499999999999989 -0.02806872259602071
7.599999999999989 -0.02806848296212767
7.699999999999989 -0.02806825982664221
7.799999999999988 -0.02806817112927038
7.899999999999988 -0.02806816915211092
7.999999999999988 -0.02806824678248897
8.099999999999987 -0.02806846183077698
8.199999999999987 -0.02806870526797939
8.299999999999986 -0.02806887299108185
8.399999999999986 -0.02806895906345001
8.499999999999986 -0.02806899488558802
8.599999999999985 -0.02806900632591013
8.699999999999985 -0.02806900516410839
8.799999999999985 -0.02806899006077856
8.899999999999984 -0.028068946308468
8.999999999999984 -0.02806884545746001
9.099999999999984 -0.02806865877956109
9.199999999999983 -0.02806840923422786
9.299999999999983 -0.02806821864935802
9.399999999999983 -0.02806816605664317
9.499999999999982 -0.02806817874796805
9.599999999999982 -0.02806829755127467
9.699999999999982 -0.02806853665339658
9.799999999999981 -0.02806876380842249
9.899999999999981 -0.02806890531222321
9.99999999999998 -0.02806897330427691
10.09999999999998 -0.02806899994989732
10.19999999999998 -0.02806900709639606
10.29999999999998 -0.0280690025670464
10.39999999999998 -0.02806898125815302
10.49999999999998 -0.02806892428693927
10.59999999999998 -0.0280688004594651
10.69999999999998 -0.0280685887587685
10.79999999999998 -0.028068340687648
10.89999999999998 -0.02806819104331631
10.99999999999998 -0.02806816499647727
11.09999999999998 -0.0280681977859294
11.19999999999998 -0.02806835992170015
11.29999999999998 -0.02806860972175819
11.39999999999998 -0.02806881439310019
11.49999999999998 -0.02806893123635934
11.59999999999997 -0.02806898406438651
11.69999999999997 -0.02806900340694789
11.79999999999997 -0.02806900692162992
11.89999999999997 -0.02806899860804789
11.99999999999997 -0.02806896950706251
12.09999999999997 -0.02806889657236582
12.19999999999997 -0.02806874756497942
12.29999999999997 -0.028068514909925
12.39999999999997 -0.02806828147041412
12.49999999999997 -0.02806817515254022
12.59999999999997 -0.02806816703162622
12.69999999999997 -0.02806822919537987
12.79999999999997 -0.0280684303113968
12.89999999999997 -0.02806867801973904
12.99999999999997 -0.02806885704122085
13.09999999999997 -0.02806895171234159
13.19999999999997 -0.02806899209779452
13.29999999999997 -0.02806900564598817
13.39999999999997 -0.02806900587003295
13.49999999999997 -0.02806899302622426
13.59999999999997 -0.02806895416179518
13.69999999999997 -0.02806886232302642
13.79999999999997 -0.02806868693516134
13.89999999999997 -0.02806844039748826
13.99999999999997 -0.02806823457444652
14.09999999999997 -0.02806816759890576
14.19999999999997 -0.02806817368333768
14.29999999999997 -0.02806827422813741
14.39999999999996 -0.02806850462518818
14.49999999999996 -0.0280687396977641
14.59999999999996 -0.02806889230442179
14.69999999999996 -0.02806896766981384
14.79999999999996 -0.02806899799192571
14.89999999999996 -0.02806900687755016
14.99999999999996 -0.02806900382511519
15.09999999999996 -0.02806898534971364
15.19999999999996 -0.02806893436387618
15.29999999999996 -0.02806882068972761
15.39999999999996 -0.02806861937229014
15.49999999999996 -0.02806836912757504
15.59999999999996 -0.02806820127856346
15.69999999999996 -0.02806816507031198
15.79999999999996 -0.02806818824905075
15.89999999999996 -0.02806833199632853
15.99999999999996 -0.02806857887610995
16.09999999999996 -0.02806879373811371
16.19999999999996 -0.02806892088397545
16.29999999999996 -0.02806897986198669
16.39999999999996 -0.02806900212853333
16.49999999999996 -0.02806900713802682
16.59999999999997 -0.02806900051202438
16.69999999999997 -0.02806897495415046
16.79999999999997 -0.02806890918380782
16.89999999999997 -0.02806877114434076
16.99999999999997 -0.02806854675610995
17.09999999999997 -0.02806830542001425
17.19999999999997 -0.02806818072355807
17.29999999999998 -0.02806816575091958
17.39999999999998 -0.02806821415238093
17.49999999999998 -0.02806839953319377
17.59999999999998 -0.02806864957711201
17.69999999999998 -0.02806883977544039
17.79999999999998 -0.02806894358567188
17.89999999999998 -0.02806898897842849
17.99999999999999 -0.02806900484347176
18.09999999999999 -0.028069006450452
18.19999999999999 -0.02806899564886987
18.29999999999999 -0.02806896120922637
18.39999999999999 -0.0280688777929908
18.49999999999999 -0.02806871371322449
18.59999999999999 -0.02806847203514733
18.7 -0.02806825296000702
18.8 -0.02806817005357384
18.9 -0.02806817012276073
19 -0.02806825338650064
19.1 -0.02806847271638027
19.2 -0.02806871426960812
19.3 -0.02806887810663944
19.40000000000001 -0.02806896134691403
19.50000000000001 -0.02806899569469117
19.60000000000001 -0.02806900645395828
19.70000000000001 -0.02806900481859088
19.80000000000001 -0.02806898890584796
19.90000000000001 -0.02806894340860203
20.00000000000001 -0.02806883940561317
20.10000000000002 -0.02806864897079559
20.20000000000002 -0.02806839887919406
20.30000000000002 -0.02806821382509909
20.40000000000002 -0.02806816569641904
20.50000000000002 -0.02806818082467818
20.60000000000002 -0.02806830591561316
20.70000000000002 -0.02806854740917945
20.80000000000003 -0.02806877162199783
20.90000000000003 -0.02806890943217925
21.00000000000003 -0.0280689750511661
21.10000000000003 -0.02806900053279754
21.20000000000003 -0.02806900712253827
21.30000000000003 -0.02806900208320303
21.40000000000003 -0.02806897976022035
21.50000000000004 -0.02806892066244607
21.60000000000004 -0.02806879331489953
21.70000000000004 -0.02806857825819385
21.80000000000004 -0.0280683314521937
21.90000000000004 -0.02806818806795226
22.00000000000004 -0.02806816505755695
22.10000000000004 -0.02806820147411464
22.20000000000005 -0.02806836968099794
22.30000000000005 -0.02806861995733034
22.40000000000005 -0.02806882106812087
22.50000000000005 -0.02806893454473536
22.60000000000005 -0.02806898541475775
22.70000000000005 -0.02806900383533229
22.80000000000005 -0.02806900685897873
22.90000000000006 -0.02806899793908497
23.00000000000006 -0.02806896754485291
23.10000000000006 -0.02806889203724487
23.20000000000006 -0.02806873922485276
23.30000000000006 -0.02806850402882113
23.40000000000006 -0.02806827383590887
23.50000000000006 -0.02806817362902069
23.60000000000007 -0.02806816764984633
23.70000000000007 -0.02806823490654216
23.80000000000007 -0.02806844099230352
23.90000000000007 -0.0280686874496934
24.00000000000007 -0.02806886262582448
24.10000000000007 -0.02806895430599923
24.20000000000007 -0.02806899308835971
24.30000000000008 -0.02806900589507922
24.40000000000008 -0.02806900564516537
24.50000000000008 -0.02806899205139734
24.60000000000008 -0.02806895156696934
24.70000000000008 -0.02806885671613188
24.80000000000008 -0.02806867747418984
24.90000000000008 -0.0280684297139376
25.00000000000009 -0.02806822890488859
25.10000000000009 -0.02806816702584817
25.20000000000009 -0.02806817527446115
25.30000000000009 -0.02806828194755415
25.40000000000009 -0.02806851555256148
25.50000000000009 -0.0280687480502531
25.60000000000009 -0.02806889684368556
25.7000000000001 -0.02806896963976852
25.8000000000001 -0.02806899867338709
25.9000000000001 -0.02806900695475532
26.0000000000001 -0.02806900340915086
26.1000000000001 -0.02806898400361596
26.2000000000001 -0.02806893104286317
26.3000000000001 -0.02806881397552954
26.40000000000011 -0.02806860907181844
26.50000000000011 -0.02806835930454778
26.60000000000011 -0.02806819755415365
26.70000000000011 -0.02806816499487355
26.80000000000011 -0.02806819125360982
26.90000000000011 -0.02806834129610958
27.00000000000011 -0.02806858943429471
27.10000000000012 -0.02806880091631444
27.20000000000012 -0.02806892452015812
27.30000000000012 -0.0280689813566152
27.40000000000012 -0.02806900260053578
27.50000000000012 -0.02806900709632135
27.60000000000012 -0.02806899991293078
27.70000000000012 -0.02806897319127057
27.80000000000013 -0.02806890504491865
27.90000000000013 -0.02806876330038349
28.00000000000013 -0.02806853595104207
28.10000000000013 -0.02806829699750044
28.20000000000013 -0.02806817859576476
28.30000000000013 -0.02806816606807851
28.40000000000013 -0.02806821895715608
28.50000000000014 -0.02806840989485304
28.60000000000014 -0.02806865939904865
28.70000000000014 -0.02806884582905476
28.80000000000014 -0.02806894647040643
28.90000000000014 -0.02806899010449068
29.00000000000014 -0.0280690051523115
29.10000000000014 -0.02806900628404758
29.20000000000014 -0.02806899480594899
29.30000000000015 -0.02806895890338031
29.40000000000015 -0.02806887267390853
29.50000000000015 -0.02806870473222059
29.60000000000015 -0.02806846119010678
29.70000000000015 -0.02806824639193237
29.80000000000015 -0.02806816908478393
29.90000000000015 -0.02806817117565809
30.00000000000016 -0.02806826020712645
30.10000000000016 -0.0280684835779089
30.20000000000016 -0.02806872309370942
30.30000000000016 -0.02806888308172717
30.40000000000016 -0.02806896356890077
30.50000000000016 -0.028068996495235
30.60000000000016 -0.02806900659431871
30.70000000000017 -0.02806900447902549
30.80000000000017 -0.02806898772242702
30.90000000000017 -0.02806894041491824
31.00000000000017 -0.02806883318729259
31.10000000000017 -0.02806863902530307
31.20000000000017 -0.02806838865413582
31.30000000000017 -0.02806820932438618
31.40000000000018 -0.02806816544927568
31.50000000000018 -0.02806818315140332
31.60000000000018 -0.02806831456292943
31.70000000000018 -0.02806855814337151
31.80000000000018 -0.02806877927336852
31.90000000000018 -0.0280689134197401
32.00000000000018 -0.0280689767274322
32.10000000000019 -0.02806900108512892
32.20000000000019 -0.02806900713025681
32.30000000000019 -0.02806900156616358
32.40000000000019 -0.02806897818462161
32.50000000000019 -0.02806891688835184
32.60000000000019 -0.02806878596723878
32.70000000000019 -0.02806856766048266
32.8000000000002 -0.02806832244253759
32.9000000000002 -0.02806818538295676
33.0000000000002 -0.02806816524374448
33.1000000000002 -0.02806820550952323
33.2000000000002 -0.02806837965581416
33.3000000000002 -0.02806863010087151
33.4000000000002 -0.02806882756859326
33.50000000000021 -0.02806893772697013
33.60000000000021 -0.02806898669733952
33.70000000000021 -0.02806900422999417
33.80000000000021 -0.02806900677153177
33.90000000000021 -0.02806899723017418
34.00000000000021 -0.02806896550051819
34.10000000000021 -0.02806888735684654
34.20000000000022 -0.02806873071438589
34.30000000000022 -0.02806849312830084
34.40000000000022 -0.02806826644437936
34.50000000000022 -0.02806817224413707
34.60000000000022 -0.02806816836186374
34.70000000000022 -0.02806824091009
34.80000000000022 -0.02806845175067393
34.90000000000023 -0.02806869674867275
35.00000000000023 -0.02806886807197641
35.10000000000023 -0.02806895682009253
35.20000000000023 -0.0280689940454403
35.30000000000023 -0.028069006132094
35.40000000000023 -0.02806900540860149
35.50000000000023 -0.02806899104356127
35.60000000000024 -0.02806894889067949
35.70000000000024 -0.02806885096126504
35.80000000000024 -0.02806866785724797
35.90000000000024 -0.02806841905796619
36.00000000000024 -0.02806822344715793
36.10000000000024 -0.02806816647775406
36.20000000000024 -0.02806817698186721
36.30000000000025 -0.02806828990028592
36.40000000000025 -0.02806852648086219
36.50000000000025 -0.02806875627192993
36.60000000000025 -0.02806890126890217
36.70000000000025 -0.02806897154142269
36.80000000000025 -0.02806899931494978
36.90000000000025 -0.02806900700022584
37.00000000000026 -0.02806900295178329
37.10000000000026 -0.02806898258584697
37.20000000000026 -0.02806892759677387
37.30000000000026 -0.0280688070872182
37.40000000000026 -0.02806859866419452
37.50000000000026 -0.02806834964622788
37.60000000000026 -0.02806819409048511
37.70000000000027 -0.02806816497230766
37.80000000000027 -0.0280681944866771
37.90000000000027 -0.02806835077346415
38.00000000000027 -0.02806859989393071
38.10000000000027 -0.02806880790818094
38.20000000000027 -0.02806892801130962
38.30000000000027 -0.02806898275955837
38.40000000000028 -0.02806900301171003
38.50000000000028 -0.02806900700191547
38.60000000000028 -0.02806899924908658
38.70000000000028 -0.02806897133110105
38.80000000000028 -0.02806890076446283
38.90000000000028 -0.02806875531567594
39.00000000000028 -0.02806852518270007
39.10000000000029 -0.02806828892092359
39.20000000000029 -0.02806817674011432
39.30000000000029 -0.02806816650976838
39.40000000000029 -0.02806822405427743
39.50000000000029 -0.02806842031012126
39.60000000000029 -0.02806866901566086
39.70000000000029 -0.02806885166856594
39.8000000000003 -0.02806894922837139
39.9000000000003 -0.02806899117757614
40.0000000000003 -0.02806900544720199
40.1000000000003 -0.02806900611260188
40.2000000000003 -0.02806899393998969
40.3000000000003 -0.02806895652959473
40.4000000000003 -0.02806886743086582
40.50000000000031 -0.02806869564024706
40.60000000000031 -0.02806845044991652
40.70000000000031 -0.02806824016619575
40.80000000000031 -0.02806816826431408
40.90000000000031 -0.02806817239335257
41.00000000000031 -0.02806826731174405
41.10000000000031 -0.02806849443723087
41.20000000000032 -0.02806873174507826
41.30000000000032 -0.02806888792286452
41.40000000000032 -0.02806896574287746
41.50000000000032 -0.02806899730711023
41.60000000000032 -0.02806900677105157
41.70000000000032 -0.02806900417078274
41.80000000000032 -0.02806898653311626
41.90000000000033 -0.02806893734033587
42.00000000000033 -0.02806882679491397
42.10000000000033 -0.02806862890344438
42.20000000000033 -0.02806837848255138
42.30000000000033 -0.02806820504495214
42.40000000000033 -0.02806816524344878
42.50000000000033 -0.02806818570935198
42.60000000000034 -0.02806832350619289
42.70000000000034 -0.02806856891015643
42.80000000000034 -0.02806878682931027
42.90000000000034 -0.02806891732538198
43.00000000000034 -0.02806897836154006
43.10000000000034 -0.02806900161910921
43.20000000000034 -0.02806900712285702
43.30000000000035 -0.02806900101564312
43.40000000000035 -0.02806897652903347
43.50000000000035 -0.02806891295537628
43.60000000000035 -0.02806877838633408
43.70000000000035 -0.02806855689768967
43.80000000000035 -0.02806831355376659
43.90000000000035 -0.02806818288088458
44.00000000000036 -0.02806816548510003
44.10000000000036 -0.02806820984561691
44.20000000000036 -0.02806838984552585
44.30000000000036 -0.02806864019400576
44.40000000000036 -0.02806883392641466
44.50000000000036 -0.02806894078027758
44.60000000000036 -0.0280689878784231
44.70000000000037 -0.02806900453813254
44.80000000000037 -0.02806900659844752
44.90000000000037 -0.02806899642216561
45.00000000000037 -0.0280689633271495
45.10000000000037 -0.02806888251009384
45.20000000000037 -0.02806872205364219
45.30000000000037 -0.02806848227075937
45.40000000000038 -0.02806825935743631
45.50000000000038 -0.02806817102230866
45.60000000000038 -0.02806816917943226
45.70000000000038 -0.02806824715774413
45.80000000000038 -0.02806846249453586
45.90000000000038 -0.02806870583255978
46.00000000000038 -0.02806887331358479
46.10000000000039 -0.02806895920136521
46.20000000000039 -0.02806899492391431
46.30000000000039 -0.02806900631764605
46.40000000000039 -0.02806900512680771
46.50000000000039 -0.02806898997919872
46.60000000000039 -0.02806894613119157
46.70000000000039 -0.02806884510226366
46.8000000000004 -0.02806865820331699
46.9000000000004 -0.02806840861120848
47.0000000000004 -0.02806821834004742
47.1000000000004 -0.02806816601548791
47.2000000000004 -0.02806817883834248
47.3000000000004 -0.02806829801128828
47.4000000000004 -0.02806853727440739
47.50000000000041 -0.02806876426531804
47.60000000000041 -0.02806890554840604
47.70000000000041 -0.02806897339480871
47.80000000000041 -0.02806899996779008
47.90000000000041 -0.0280690070801344
48.00000000000041 -0.02806900252243745
48.10000000000041 -0.02806898115966891
48.20000000000041 -0.0280689240753204
48.30000000000042 -0.02806880006003667
48.40000000000042 -0.02806858818209094
48.50000000000042 -0.02806834018861704
48.60000000000042 -0.02806819089609932
48.70000000000042 -0.02806816501176562
48.80000000000042 -0.02806819798676463
48.90000000000042 -0.02806836045534409
49.00000000000043 -0.02806861028457547
49.10000000000043 -0.02806881476153488
49.20000000000043 -0.02806893142203796
49.30000000000043 -0.02806898414568958
49.40000000000043 -0.02806900344036908
49.50000000000043 -0.02806900692927173
49.60000000000043 -0.02806899858112054
49.70000000000044 -0.02806896940458851
49.80000000000044 -0.02806889632077672
49.90000000000044 -0.02806874709622501
50.00000000000044 -0.02806851430116959
