0 -0.02806816500052849
0.1 -0.02785137811765664
0.2 -0.02768230538783766
0.3 -0.02756443128040517
0.4 -0.0274830677587721
0.5 -0.02742293487503512
0.6 -0.02737388786351583
0.7 -0.02733012183201925
0.7999999999999999 -0.02728822727126741
0.8999999999999999 -0.02724563910782305
0.9999999999999999 -0.02719939352700739
1.1 -0.02714478479374395
1.2 -0.02707370736640828
1.3 -0.02697351821782552
1.4 -0.0268300787608659
1.5 -0.02664049601847937
1.6 -0.02642887226965868
1.7 -0.02623725005504799
1.8 -0.02609236225926734
1.900000000000001 -0.02599318074138777
2 -0.02592560408566378
2.100000000000001 -0.02587630390358645
2.200000000000001 -0.02583661580995374
2.300000000000001 -0.02580162619412713
2.400000000000001 -0.02576855587480914
2.500000000000001 -0.02573557008024686
2.600000000000001 -0.02570097689434397
2.700000000000001 -0.02566257134023454
2.800000000000001 -0.02561694791547559
2.900000000000001 -0.02555882443324547
3.000000000000001 -0.02548098591030216
3.100000000000001 -0.02537643377751313
3.200000000000002 -0.02524427510958859
3.300000000000002 -0.02509623205338082
3.400000000000002 -0.02495415994084515
3.500000000000002 -0.02483662188481847
3.600000000000002 -0.02474915365039054
3.700000000000002 -0.0246869081393485
3.800000000000002 -0.02464193025531011
3.900000000000002 -0.02460749881390543
4.000000000000002 -0.02457910533696345
4.100000000000001 -0.02455400687203312
4.200000000000001 -0.02453056171295324
4.300000000000001 -0.02450771562381884
4.4 -0.02448465225925368
4.5 -0.02446053685129886
4.6 -0.02443428306213636
4.699999999999999 -0.02440429551837869
4.799999999999999 -0.0243681893836613
4.899999999999999 -0.02432260891363848
4.999999999999998 -0.02426350992098769
5.099999999999998 -0.02418752619105399
5.199999999999998 -0.02409469671917758
5.299999999999997 -0.02399106744028157
5.399999999999997 -0.02388784779773393
5.499999999999996 -0.0237961548427639
5.599999999999996 -0.02372182442909501
5.699999999999996 -0.02366468439994715
5.799999999999995 -0.02362121853099031
5.899999999999995 -0.02358730017652351
5.999999999999995 -0.02355954300602231
6.099999999999994 -0.02353556644580261
6.199999999999994 -0.02351380502643157
6.299999999999994 -0.02349323085958874
6.399999999999993 -0.02347311590497971
6.499999999999993 -0.02345284565514517
6.599999999999993 -0.0234317578018254
6.699999999999992 -0.02340897134866828
6.799999999999992 -0.02338317573239319
6.899999999999991 -0.02335237340602575
6.999999999999991 -0.02331364765391188
7.099999999999991 -0.02326321436099042
7.19999999999999 -0.02319729126136969
7.29999999999999 -0.02311429796418274
7.39999999999999 -0.02301772866232912
7.499999999999989 -0.02291691357135955
7.599999999999989 -0.02282329301250501
7.699999999999989 -0.02274474571625648
7.799999999999988 -0.0226831289617448
7.899999999999988 -0.02263597834520706
7.999999999999988 -0.02259937660102172
8.099999999999987 -0.0225697644201016
8.199999999999987 -0.02254451406268525
8.299999999999986 -0.02252185725328258
8.399999999999986 -0.02250062649455142
8.499999999999986 -0.02248000247599917
8.599999999999985 -0.02245930700445384
8.699999999999985 -0.02243782220797284
8.799999999999985 -0.02241460122934961
8.899999999999984 -0.02238823937304708
8.999999999999984 -0.02235660455383553
9.099999999999984 -0.02231662024923575
9.199999999999983 -0.02226440658809927
9.299999999999983 -0.02219635920195905
9.399999999999983 -0.02211159491312307
9.499999999999982 -0.02201474525308618
9.599999999999982 -0.02191601803947623
9.699999999999982 -0.0218267241250793
9.799999999999981 -0.02175376408926768
9.899999999999981 -0.0216979819514646
9.99999999999998 -0.02165636151778282
10.09999999999998 -0.02162485381688268
10.19999999999998 -0.02159996967439452
10.29999999999998 -0.02157920257189549
10.39999999999998 -0.02156089975780248
10.49999999999998 -0.0215439995522301
10.59999999999998 -0.02152779767775061
10.69999999999998 -0.02151177290886038
10.79999999999998 -0.02149545671381281
10.89999999999998 -0.02147832261841377
10.99999999999998 -0.02145967380294843
11.09999999999998 -0.02143851593740997
11.19999999999998 -0.02141342232426922
11.29999999999998 -0.02138244493731983
11.39999999999998 -0.02134321203580972
11.49999999999998 -0.02129345165379785
11.59999999999997 -0.02123213112357605
11.69999999999997 -0.02116092514085295
11.79999999999997 -0.02108489292412233
11.89999999999997 -0.02101115601337435
11.99999999999997 -0.02094602137538462
12.09999999999997 -0.0208927269021387
12.19999999999997 -0.02085126603407419
12.29999999999997 -0.02081967614379811
12.39999999999997 -0.02079543677731398
12.49999999999997 -0.02077629159855999
12.59999999999997 -0.02076052160603089
12.69999999999997 -0.02074692317209736
12.79999999999997 -0.02073468719593128
12.89999999999997 -0.02072327376627354
12.99999999999997 -0.02071231207145651
13.09999999999997 -0.02070152693701957
13.19999999999997 -0.02069068442441933
13.29999999999997 -0.02067954764370952
13.39999999999997 -0.02066783485501525
13.49999999999997 -0.02065517331670812
13.59999999999997 -0.02064104449724407
13.69999999999997 -0.02062472116827605
13.79999999999997 -0.02060520839476266
13.89999999999997 -0.02058122365465235
13.99999999999997 -0.02055128739258103
14.09999999999997 -0.02051402565985434
14.19999999999997 -0.02046875022357409
14.29999999999997 -0.02041619192978128
14.39999999999996 -0.02035894942725167
14.49999999999996 -0.02030110889827135
14.59999999999996 -0.02024698170854802
14.69999999999996 -0.0201996922525552
14.79999999999996 -0.02016049771891151
14.89999999999996 -0.02012903636627314
14.99999999999996 -0.02010403990579413
15.09999999999996 -0.02008399223062869
15.19999999999996 -0.02006751718844826
15.29999999999996 -0.02005352234902737
15.39999999999996 -0.02004120191788187
15.49999999999996 -0.02002998307870753
15.59999999999996 -0.02001946167740402
15.69999999999996 -0.02000934534267238
15.79999999999996 -0.01999940764312869
15.89999999999996 -0.01998945084853702
15.99999999999996 -0.01997927285643267
16.09999999999996 -0.01996863335007383
16.19999999999996 -0.01995721428690698
16.29999999999996 -0.01994457053959538
16.39999999999996 -0.01993006932278932
16.49999999999996 -0.01991282510262316
16.59999999999997 -0.01989165514126003
16.69999999999997 -0.01986511397171784
16.79999999999997 -0.01983170461757618
16.89999999999997 -0.019790365196068
16.99999999999997 -0.01974120019927563
17.09999999999997 -0.01968612159805238
17.19999999999997 -0.01962881170563267
17.29999999999998 -0.019573694007788
17.39999999999998 -0.01952441945548966
17.49999999999998 -0.01948285616534786
17.59999999999998 -0.01944907346276243
17.69999999999998 -0.01942199345306206
17.79999999999998 -0.01940012154118644
17.89999999999998 -0.01938202657417087
17.99999999999999 -0.01936654476119745
18.09999999999999 -0.01935280833510717
18.19999999999999 -0.01934019712670802
18.29999999999999 -0.01932827071124692
18.39999999999999 -0.01931670533466377
18.49999999999999 -0.01930524136465279
18.59999999999999 -0.01929363900603655
18.7 -0.01928163729833995
18.8 -0.01926891100533269
18.9 -0.01925502104831853
19 -0.01923935757223239
19.1 -0.01922108338953619
19.2 -0.01919910377492737
19.3 -0.01917211875643369
19.40000000000001 -0.01913884487086164
19.50000000000001 -0.01909847985412042
19.60000000000001 -0.01905134896424934
19.70000000000001 -0.01899940399258411
19.80000000000001 -0.01894607667186278
19.90000000000001 -0.01889529758819911
20.00000000000001 -0.01885019145331288
20.10000000000002 -0.01881227611612869
20.20000000000002 -0.01878151220887211
20.30000000000002 -0.01875688818986255
20.40000000000002 -0.01873704899136613
20.50000000000002 -0.01872070506979113
20.60000000000002 -0.01870680648202348
20.70000000000002 -0.01869456796891012
20.80000000000003 -0.01868342790401088
20.90000000000003 -0.01867299037838599
21.00000000000003 -0.01866297177860682
21.10000000000003 -0.01865315765275985
21.20000000000003 -0.01864336891318318
21.30000000000003 -0.01863343424543636
21.40000000000003 -0.01862316535892588
21.50000000000004 -0.01861233226910478
21.60000000000004 -0.0186006369430118
21.70000000000004 -0.01858768582363032
21.80000000000004 -0.01857296593664681
21.90000000000004 -0.01855583658860188
22.00000000000004 -0.01853555906833437
22.10000000000004 -0.0185113960237865
22.20000000000005 -0.01848280758059223
22.30000000000005 -0.01844973248758711
22.40000000000005 -0.01841286137643448
22.50000000000005 -0.01837372923775904
22.60000000000005 -0.0183344778549341
22.70000000000005 -0.01829732304814023
22.80000000000005 -0.0182639810229265
22.90000000000006 -0.01823534151579215
23.00000000000006 -0.0182114859429667
23.10000000000006 -0.01819193520405846
23.20000000000006 -0.01817594544244328
23.30000000000006 -0.01816273352592214
23.40000000000006 -0.01815160230501556
23.50000000000006 -0.01814198669731955
23.60000000000007 -0.01813345358653998
23.70000000000007 -0.01812568141608601
23.80000000000007 -0.01811843460982856
23.90000000000007 -0.01811153979532773
24.00000000000007 -0.01810486606910436
24.10000000000007 -0.01809830926459422
24.20000000000007 -0.01809177928536697
24.30000000000008 -0.01808518931975309
24.40000000000008 -0.01807844576256669
24.50000000000008 -0.01807143776427345
24.60000000000008 -0.01806402548061739
24.70000000000008 -0.01805602639191607
24.80000000000008 -0.01804719970950387
24.90000000000008 -0.01803723024618271
25.00000000000009 -0.01802571568975584
25.10000000000009 -0.01801216539558746
25.20000000000009 -0.01799602425871585
25.30000000000009 -0.01797673944408856
25.40000000000009 -0.01795388449661927
25.50000000000009 -0.01792733541635768
25.60000000000009 -0.01789745260798292
25.7000000000001 -0.0178651782292103
25.8000000000001 -0.01783195465211692
25.9000000000001 -0.01779944397590515
26.0000000000001 -0.01776914974718952
26.1000000000001 -0.01774211020498092
26.2000000000001 -0.01771878175658202
26.3000000000001 -0.01769911155296451
26.40000000000011 -0.01768271184233856
26.50000000000011 -0.01766904115889392
26.60000000000011 -0.01765753833609242
26.70000000000011 -0.01764769836058726
26.80000000000011 -0.01763910248779833
26.90000000000011 -0.01763142048595993
27.00000000000011 -0.01762439943266055
27.10000000000012 -0.01761784804146541
27.20000000000012 -0.01761162107217772
27.30000000000012 -0.01760560557866622
27.40000000000012 -0.01759970923375853
27.50000000000012 -0.0175938502456631
27.60000000000012 -0.01758794806156058
27.70000000000012 -0.01758191390705102
27.80000000000013 -0.01757564011983936
27.90000000000013 -0.01756898718156207
28.00000000000013 -0.01756176741233115
28.10000000000013 -0.01755372469473121
28.20000000000013 -0.01754451079841599
28.30000000000013 -0.01753366166530244
28.40000000000013 -0.01752058241221365
28.50000000000014 -0.01750455839433072
28.60000000000014 -0.01748481956236842
28.70000000000014 -0.01746068853631444
28.80000000000014 -0.01743182285703541
28.90000000000014 -0.01739850255746667
29.00000000000014 -0.0173618292693216
29.10000000000014 -0.01732366584742177
29.20000000000014 -0.01728624672437388
29.30000000000015 -0.0172516041582281
29.40000000000015 -0.01722109730273574
29.50000000000015 -0.01719525005093252
29.60000000000015 -0.01717388729336825
29.70000000000015 -0.01715641253448435
29.80000000000015 -0.01714207217375667
29.90000000000015 -0.017130132407401
30.00000000000016 -0.01711996562442848
30.10000000000016 -0.01711107399917902
30.20000000000016 -0.0171030797647059
30.30000000000016 -0.01709570253516778
30.40000000000016 -0.01708873462759839
30.50000000000016 -0.01708201893939665
30.60000000000016 -0.01707543043576702
30.70000000000017 -0.01706886067551319
30.80000000000017 -0.01706220417081584
30.90000000000017 -0.01705534519408814
31.00000000000017 -0.01704814365852278
31.10000000000017 -0.01704041887065071
31.20000000000017 -0.01703193044124678
31.30000000000017 -0.01702235683514788
31.40000000000018 -0.01701127460766514
31.50000000000018 -0.01699814615861437
31.60000000000018 -0.01698233123874746
31.70000000000018 -0.01696314571056164
31.80000000000018 -0.01693999330201326
31.90000000000018 -0.01691257855043759
32.00000000000018 -0.0168811586110787
32.10000000000019 -0.01684671968906959
32.20000000000019 -0.01681093094857643
32.30000000000019 -0.01677581097136986
32.40000000000019 -0.01674322336597054
32.50000000000019 -0.01671444696530991
32.60000000000019 -0.01669000933148311
32.70000000000019 -0.01666978967095352
32.8000000000002 -0.01665326107346433
32.9000000000002 -0.01663973262695408
33.0000000000002 -0.01662851819931855
33.1000000000002 -0.01661902323946717
33.2000000000002 -0.01661077203916892
33.3000000000002 -0.01660340201369395
33.4000000000002 -0.01659664433973278
33.50000000000021 -0.01659030185395383
33.60000000000021 -0.01658422908664419
33.70000000000021 -0.01657831589193171
33.80000000000021 -0.01657247452509827
33.90000000000021 -0.01656662941052603
34.00000000000021 -0.01656070871612055
34.10000000000021 -0.01655463692033736
34.20000000000022 -0.01654832770519956
34.30000000000022 -0.01654167670923727
34.40000000000022 -0.01653455396833844
34.50000000000022 -0.01652679635009823
34.60000000000022 -0.01651820107492849
34.70000000000022 -0.01650852263583537
34.80000000000022 -0.01649747707557287
34.90000000000023 -0.01648475928234354
35.00000000000023 -0.0164700796219628
35.10000000000023 -0.01645322378814046
35.20000000000023 -0.0164341318451847
35.30000000000023 -0.01641297866811126
35.40000000000023 -0.0163902235590917
35.50000000000023 -0.01636659360819513
35.60000000000024 -0.01634298464727265
35.70000000000024 -0.01632030192770819
35.80000000000024 -0.01629929630590394
35.90000000000024 -0.01628045461051199
36.00000000000024 -0.01626397250754448
36.10000000000024 -0.01624979845087719
36.20000000000024 -0.01623771412625616
36.30000000000025 -0.01622741711423692
36.40000000000025 -0.01621858533825479
36.50000000000025 -0.01621091753724114
36.60000000000025 -0.0162041530561019
36.70000000000025 -0.01619807742455577
36.80000000000025 -0.01619251982022225
36.90000000000025 -0.01618734681818657
37.00000000000026 -0.01618245509712375
37.10000000000026 -0.01617776447561839
37.20000000000026 -0.01617321183355072
37.30000000000026 -0.01616874601873997
37.40000000000026 -0.01616432361719972
37.50000000000026 -0.01615990537524633
37.60000000000026 -0.01615545303837639
37.70000000000027 -0.01615092637903965
37.80000000000027 -0.01614628020687379
37.90000000000027 -0.01614146118831411
38.00000000000027 -0.01613640435671738
38.10000000000027 -0.01613102928944015
38.20000000000027 -0.01612523609705262
38.30000000000027 -0.01611890165556601
38.40000000000028 -0.01611187696077292
38.50000000000028 -0.01610398711446714
38.60000000000028 -0.01609503619957213
38.70000000000028 -0.01608481991446456
38.80000000000028 -0.0160731487733941
38.90000000000028 -0.01605988310585644
39.00000000000028 -0.01604497720965629
39.10000000000029 -0.01602852393442136
39.20000000000029 -0.01601078481758976
39.30000000000029 -0.01599218901843512
39.40000000000029 -0.0159732910222077
39.50000000000029 -0.01595469226719355
39.60000000000029 -0.01593694825432879
39.70000000000029 -0.01592048989502562
39.8000000000003 -0.01590558078311589
39.9000000000003 -0.01589231571770784
40.0000000000003 -0.01588065057497305
40.1000000000003 -0.0158704468056186
40.2000000000003 -0.01586151563510626
40.3000000000003 -0.01585365317219101
40.4000000000003 -0.01584666372315133
40.50000000000031 -0.01584037251501133
40.60000000000031 -0.0158346306278564
40.70000000000031 -0.01582931501152429
40.80000000000031 -0.01582432585176715
40.90000000000031 -0.0158195828023102
41.00000000000031 -0.0158150209658386
41.10000000000031 -0.01581058705621214
41.20000000000032 -0.01580623588665573
41.30000000000032 -0.01580192715868056
41.40000000000032 -0.01579762243039255
41.50000000000032 -0.01579328208822919
41.60000000000032 -0.01578886211301403
41.70000000000032 -0.01578431041106002
41.80000000000032 -0.01577956247720679
41.90000000000033 -0.01577453618713841
42.00000000000033 -0.01576912561991517
42.10000000000033 -0.01576319405661788
42.20000000000033 -0.01575656679143785
42.30000000000033 -0.01574902525796643
42.40000000000033 -0.0157403053175109
42.50000000000033 -0.01573010430030821
42.60000000000034 -0.0157181029881666
42.70000000000034 -0.01570400879701252
42.80000000000034 -0.01568762266912222
42.90000000000034 -0.01566892244498412
43.00000000000034 -0.01564814055135368
43.10000000000034 -0.01562580094922435
43.20000000000034 -0.0156026823405213
43.30000000000035 -0.01557970028652143
43.40000000000035 -0.01555774082237696
43.50000000000035 -0.01553750551687595
43.60000000000035 -0.01551942105370656
43.70000000000035 -0.01550363104157143
43.80000000000035 -0.01549005085742392
43.90000000000035 -0.01547844961562815
44.00000000000036 -0.01546852826059421
44.10000000000036 -0.01545997750483409
44.20000000000036 -0.01545251261310791
44.30000000000036 -0.0154458893508267
44.40000000000036 -0.01543990747427218
44.50000000000036 -0.01543440733304754
44.60000000000036 -0.01542926344031925
44.70000000000037 -0.01542437726676797
44.80000000000037 -0.01541967036074772
44.90000000000037 -0.01541507817953835
45.00000000000037 -0.01541054461493781
45.10000000000037 -0.01540601698937464
45.20000000000037 -0.01540144119755936
45.30000000000037 -0.01539675662056471
45.40000000000038 -0.01539189042228489
45.50000000000038 -0.01538675085948105
45.60000000000038 -0.01538121933638118
45.70000000000038 -0.01537514119819586
45.80000000000038 -0.01536831582904604
45.90000000000038 -0.01536048770200105
46.00000000000038 -0.01535134182885606
46.10000000000039 -0.01534050959150681
46.20000000000039 -0.01532759360041256
46.30000000000039 -0.01531222114280093
46.40000000000039 -0.01529413143542805
46.50000000000039 -0.01527328839129159
46.60000000000039 -0.01524998819023807
46.70000000000039 -0.01522491034242306
46.8000000000004 -0.01519906319993205
46.9000000000004 -0.01517361473748063
47.0000000000004 -0.01514966099152806
47.1000000000004 -0.01512802281475054
47.2000000000004 -0.01510914382980342
47.3000000000004 -0.01509310426818275
47.4000000000004 -0.01507971302500421
47.50000000000041 -0.0150686236495516
47.60000000000041 -0.01505943417046239
47.70000000000041 -0.01505175426378541
47.80000000000041 -0.01504524077600434
47.90000000000041 -0.01503961025703548
48.00000000000041 -0.01503463787958391
48.10000000000041 -0.01503014986695248
48.20000000000041 -0.01502601385295744
48.30000000000042 -0.01502212949059822
48.40000000000042 -0.01501842028138324
48.50000000000042 -0.01501482685397596
48.60000000000042 -0.01501130156440519
48.70000000000042 -0.01500780415106157
48.80000000000042 -0.0150042981469065
48.90000000000042 -0.01500074776697635
49.00000000000043 -0.01499711502071391
49.10000000000043 -0.01499335683431092
49.20000000000043 -0.01498942200863087
49.30000000000043 -0.01498524789319917
49.40000000000043 -0.01498075674513062
49.50000000000043 -0.01497585189279767
49.60000000000043 -0.01497041407636465
49.70000000000044 -0.0149642987329722
49.80000000000044 -0.01495733555696127
49.90000000000044 -0.01494933235241973
50.00000000000044 -0.01494008581538963
