0 -0.02806816500052849
0.1 -0.02806833096670795
0.2 -0.02806853580714744
0.3 -0.02806862097536026
0.4 -0.02806862607125977
0.5 -0.02806861229280702
0.6 -0.02806860169345309
0.7 -0.02806859688499291
0.7999999999999999 -0.02806859656953289
0.8999999999999999 -0.02806860025270737
0.9999999999999999 -0.02806860903737384
1.1 -0.02806862465555927
1.2 -0.0280686437005616
1.3 -0.0280686411215409
1.4 -0.02806856328081336
1.5 -0.02806842733687198
1.6 -0.02806843423605489
1.7 -0.02806863976780051
1.8 -0.02806881467413587
1.900000000000001 -0.02806886842966696
2 -0.02806886355775667
2.100000000000001 -0.02806884974450664
2.200000000000001 -0.02806884090790805
2.300000000000001 -0.02806883754670342
2.400000000000001 -0.02806883838199976
2.500000000000001 -0.02806884337883014
2.600000000000001 -0.0280688540343956
2.700000000000001 -0.02806887155694424
2.800000000000001 -0.02806888841419695
2.900000000000001 -0.02806886958984607
3.000000000000001 -0.02806876457981497
3.100000000000001 -0.02806864555467217
3.200000000000002 -0.02806872347205033
3.300000000000002 -0.02806894456495646
3.400000000000002 -0.02806908234039656
3.500000000000002 -0.02806911122976188
3.600000000000002 -0.02806910059927582
3.700000000000002 -0.02806908776609375
3.800000000000002 -0.02806908067355945
3.900000000000002 -0.02806907864030694
4.000000000000002 -0.02806908062536481
4.100000000000001 -0.02806908707514261
4.200000000000001 -0.02806909975448187
4.300000000000001 -0.02806911867384661
4.4 -0.0280691303762939
4.5 -0.02806908990715139
4.6 -0.02806896302570638
4.699999999999999 -0.02806888333622848
4.799999999999999 -0.02806902667158621
4.899999999999999 -0.02806924025317124
4.999999999999998 -0.0280693401655833
5.099999999999998 -0.02806935093933731
5.199999999999998 -0.02806933761702733
5.299999999999997 -0.02806932630685657
5.399999999999997 -0.02806932085710973
5.499999999999996 -0.02806932005412487
5.599999999999996 -0.02806932322646358
5.699999999999996 -0.02806933129257032
5.799999999999995 -0.02806934606188002
5.899999999999995 -0.02806936538130913
5.999999999999995 -0.02806936795210968
6.099999999999994 -0.0280693015238677
6.199999999999994 -0.02806916470520619
6.299999999999994 -0.02806914360760312
6.399999999999993 -0.0280693356144115
6.499999999999993 -0.02806952419272564
6.599999999999993 -0.02806959018482119
6.699999999999992 -0.02806958884716211
6.799999999999992 -0.02806957489003949
6.899999999999991 -0.02806956532043299
6.999999999999991 -0.02806956137717201
7.099999999999991 -0.02806956174041744
7.19999999999999 -0.0280695661811067
7.29999999999999 -0.02806957604471096
7.39999999999999 -0.02806959282157936
7.499999999999989 -0.02806961088016401
7.599999999999989 -0.02806959941259324
7.699999999999989 -0.02806950530734248
7.799999999999988 -0.02806937662877979
7.899999999999988 -0.02806942523748632
7.999999999999988 -0.02806964287555325
8.099999999999987 -0.02806979636410106
8.199999999999987 -0.02806983466292011
8.299999999999986 -0.02806982597026765
8.399999999999986 -0.0280698126442963
8.499999999999986 -0.02806980484210833
8.599999999999985 -0.02806980227565776
8.699999999999985 -0.02806980378629166
8.799999999999985 -0.02806980962215327
8.899999999999984 -0.02806982145905214
8.999999999999984 -0.0280698398973959
9.099999999999984 -0.02806985413866125
9.199999999999983 -0.0280698231518856
9.299999999999983 -0.02806970415882041
9.399999999999983 -0.02806960570041801
9.499999999999982 -0.0280697237233881
9.599999999999982 -0.02806994291082006
9.699999999999982 -0.0280700580725067
9.799999999999981 -0.02807007547733945
9.899999999999981 -0.02807006295220285
9.99999999999998 -0.0280700509751939
10.09999999999998 -0.02807004486819023
10.19999999999998 -0.02807004357274959
10.29999999999998 -0.02807004625514841
10.39999999999998 -0.02807005364508894
10.49999999999998 -0.02807006756902232
10.59999999999998 -0.02807008688970879
10.69999999999998 -0.02807009371153383
10.79999999999998 -0.02807003818986815
10.89999999999998 -0.02806990349847636
10.99999999999998 -0.02806985674375913
11.09999999999998 -0.02807003163171506
11.19999999999998 -0.02807023203741892
11.29999999999998 -0.02807031111436418
11.39999999999998 -0.02807031402987696
11.49999999999998 -0.0280703001332187
11.59999999999997 -0.02807028984518369
11.69999999999997 -0.02807028530842554
11.79999999999997 -0.02807028520562992
11.89999999999997 -0.02807028912281053
11.99999999999997 -0.02807029824156357
12.09999999999997 -0.02807031423646557
12.19999999999997 -0.02807033305841425
12.29999999999997 -0.02807032788123776
12.39999999999997 -0.02807024486010279
12.49999999999997 -0.02807011037527468
12.59999999999997 -0.028070130304933
12.69999999999997 -0.0280703406437086
12.79999999999997 -0.02807050902363892
12.89999999999997 -0.02807055764701823
12.99999999999997 -0.02807055141792205
13.09999999999997 -0.02807053772338429
13.19999999999997 -0.02807052921461333
13.29999999999997 -0.02807052610911689
13.39999999999997 -0.02807052715846681
13.49999999999997 -0.02807053241682175
13.59999999999997 -0.02807054344372478
13.69999999999997 -0.02807056128239427
13.79999999999997 -0.02807057743227004
13.89999999999997 -0.02807055494169038
13.99999999999997 -0.02807044521302923
14.09999999999997 -0.02807033186434362
14.19999999999997 -0.02807042289160395
14.29999999999997 -0.02807064424130325
14.39999999999996 -0.02807077479569877
14.49999999999996 -0.0280707997761463
14.59999999999996 -0.02807078843590405
14.69999999999996 -0.02807077585803793
14.79999999999996 -0.02807076908392459
14.89999999999996 -0.02807076729036158
14.99999999999996 -0.02807076949880597
15.09999999999996 -0.02807077624793963
15.19999999999996 -0.02807078933294373
15.29999999999996 -0.02807080843347979
15.39999999999996 -0.02807081872367411
15.49999999999996 -0.0280707735099719
15.59999999999996 -0.02807064351461721
15.69999999999996 -0.02807057380394674
15.79999999999996 -0.0280707282037063
15.89999999999996 -0.02807093817429013
15.99999999999996 -0.02807103113293457
16.09999999999996 -0.02807103912047534
16.19999999999996 -0.0280710255342516
16.29999999999996 -0.02807101454843595
16.39999999999996 -0.02807100940180023
16.49999999999996 -0.0280710088320072
16.59999999999997 -0.02807101225021941
16.69999999999997 -0.0280710206649227
16.79999999999997 -0.02807103585685339
16.89999999999997 -0.02807105509072825
16.99999999999997 -0.02807105525931282
17.09999999999997 -0.02807098324578001
17.19999999999997 -0.02807084637216611
17.29999999999998 -0.02807083878351469
17.39999999999998 -0.02807103803935378
17.49999999999998 -0.02807122017772733
17.59999999999998 -0.02807128003964823
17.69999999999998 -0.02807127686151924
17.79999999999998 -0.02807126294293406
17.89999999999998 -0.02807125373023581
17.99999999999999 -0.02807125007580324
18.09999999999999 -0.02807125067397926
18.19999999999999 -0.02807125539105101
18.29999999999999 -0.02807126565037292
18.39999999999999 -0.02807128281338348
18.49999999999999 -0.02807130032881767
18.59999999999999 -0.02807128527550314
18.7 -0.02807118558318559
18.8 -0.02807106125943895
18.9 -0.02807112470353339
19 -0.02807134463233036
19.1 -0.02807149026354761
19.2 -0.02807152367560259
19.3 -0.02807151393271998
19.40000000000001 -0.02807150083957505
19.50000000000001 -0.02807149339640315
19.60000000000001 -0.02807149110171536
19.70000000000001 -0.02807149285330341
19.80000000000001 -0.02807149900035232
19.90000000000001 -0.02807151126897419
20.00000000000001 -0.02807152997812157
20.10000000000002 -0.02807154300862276
20.20000000000002 -0.02807150726532722
20.30000000000002 -0.02807138397004114
20.40000000000002 -0.02807129464900573
20.50000000000002 -0.02807142601126178
20.60000000000002 -0.02807164280547703
20.70000000000002 -0.0280717501062093
20.80000000000003 -0.02807176397633282
20.90000000000003 -0.02807175098942619
21.00000000000003 -0.02807173934642018
21.10000000000003 -0.02807173357989291
21.20000000000003 -0.02807173254165506
21.30000000000003 -0.0280717354807002
21.40000000000003 -0.02807174322710054
21.50000000000004 -0.02807175760692584
21.60000000000004 -0.02807177697284254
21.70000000000004 -0.02807178165408767
21.80000000000004 -0.02807172037194655
21.90000000000004 -0.0280715840990106
22.00000000000004 -0.02807155066932462
22.10000000000004 -0.02807173527332639
22.20000000000005 -0.02807192975824649
22.30000000000005 -0.02807200177392926
22.40000000000005 -0.0280720023095241
22.50000000000005 -0.02807198834131152
22.60000000000005 -0.02807197843121577
22.70000000000005 -0.02807197421446291
22.80000000000005 -0.02807197436541692
22.90000000000006 -0.02807197856919067
23.00000000000006 -0.02807198809906866
23.10000000000006 -0.02807200453914024
23.20000000000006 -0.02807202299644766
23.30000000000006 -0.02807201444678892
23.40000000000006 -0.02807192520942513
23.50000000000006 -0.02807179343532966
23.60000000000007 -0.0280718292647047
23.70000000000007 -0.02807204427168553
23.80000000000007 -0.02807220453305819
23.90000000000007 -0.02807224728411968
24.00000000000007 -0.02807223959935366
24.10000000000007 -0.02807222608689739
24.20000000000007 -0.02807221797026173
24.30000000000008 -0.02807221516776538
24.40000000000008 -0.0280722164767984
24.50000000000008 -0.02807222206000987
24.60000000000008 -0.02807223354545877
24.70000000000008 -0.02807225174004929
24.80000000000008 -0.02807226687430492
24.90000000000008 -0.02807223965747765
25.00000000000009 -0.02807212449450489
25.10000000000009 -0.02807201915256886
25.20000000000009 -0.02807212575102373
25.30000000000009 -0.02807234632240553
25.40000000000009 -0.02807246810062276
25.50000000000009 -0.02807248863965128
25.60000000000009 -0.02807247657006309
25.7000000000001 -0.02807246432455235
25.8000000000001 -0.02807245793213224
25.9000000000001 -0.02807245642486093
26.0000000000001 -0.02807245890508851
26.1000000000001 -0.02807246602192026
26.2000000000001 -0.02807247959451963
26.3000000000001 -0.02807249885309113
26.40000000000011 -0.02807250723194282
26.50000000000011 -0.02807245611970059
26.60000000000011 -0.02807232307558347
26.70000000000011 -0.02807226628985947
26.80000000000011 -0.02807243300553969
26.90000000000011 -0.02807263778894816
27.00000000000011 -0.02807272262113281
27.10000000000012 -0.02807272755681969
27.20000000000012 -0.02807271375187175
27.30000000000012 -0.02807270316588579
27.40000000000012 -0.02807269837621055
27.50000000000012 -0.02807269808173383
27.60000000000012 -0.02807270179550579
27.70000000000012 -0.02807271063061812
27.80000000000013 -0.02807272631469103
27.90000000000013 -0.02807274535588009
28.00000000000013 -0.02807274243418625
28.10000000000013 -0.02807266378800512
28.20000000000013 -0.02807252785522715
28.30000000000013 -0.02807253665238096
28.40000000000013 -0.02807274319353661
28.50000000000014 -0.02807291731449521
28.60000000000014 -0.02807297030925382
28.70000000000014 -0.02807296520260787
28.80000000000014 -0.02807295138989949
28.90000000000014 -0.02807294259822058
29.00000000000014 -0.02807293927795592
29.10000000000014 -0.02807294015311501
29.20000000000014 -0.02807294520433514
29.30000000000015 -0.02807295594175554
29.40000000000015 -0.02807297354227965
29.50000000000015 -0.02807299027259516
29.60000000000015 -0.02807297068330493
29.70000000000015 -0.02807286458791348
29.80000000000015 -0.02807274662831179
29.90000000000015 -0.02807282744776779
30.00000000000016 -0.02807304881674808
30.10000000000016 -0.02807318509687065
30.20000000000016 -0.02807321311519593
30.30000000000016 -0.02807320230764795
30.40000000000016 -0.02807318952114968
30.50000000000016 -0.02807318249684282
30.60000000000016 -0.02807318051858358
30.70000000000017 -0.02807318255876144
30.80000000000017 -0.02807318908611827
30.90000000000017 -0.02807320187445645
31.00000000000017 -0.02807322085355361
31.10000000000017 -0.02807323221537384
31.20000000000017 -0.02807319051985752
31.30000000000017 -0.02807306272203611
31.40000000000018 -0.02807298551927866
31.50000000000018 -0.0280731318880735
31.60000000000018 -0.02807334468742608
31.70000000000018 -0.02807344279019856
31.80000000000018 -0.02807345280323384
31.90000000000018 -0.02807343939494425
32.00000000000018 -0.02807342816548046
32.10000000000019 -0.02807342279655821
32.20000000000019 -0.02807342205967357
32.30000000000019 -0.02807342530661788
32.40000000000019 -0.02807343348350815
32.50000000000019 -0.0280734483945214
32.60000000000019 -0.02807346771293174
32.70000000000019 -0.02807346956880322
32.8000000000002 -0.02807340135466883
32.9000000000002 -0.02807326431445098
33.0000000000002 -0.0280732474142741
33.1000000000002 -0.02807344200183396
33.2000000000002 -0.02807362872025684
33.3000000000002 -0.02807369275610887
33.4000000000002 -0.02807369079410958
33.50000000000021 -0.0280736768308771
33.60000000000021 -0.02807366737110625
33.70000000000021 -0.02807366352283581
33.80000000000021 -0.02807366396905576
33.90000000000021 -0.02807366851388046
34.00000000000021 -0.02807367853275339
34.10000000000021 -0.02807369547238694
34.20000000000022 -0.02807371335774366
34.30000000000022 -0.02807370054659359
34.40000000000022 -0.02807360419559934
34.50000000000022 -0.02807347694980392
34.60000000000022 -0.02807353137113148
34.70000000000022 -0.02807375024875338
34.80000000000022 -0.02807390080956163
34.90000000000023 -0.02807393717051496
35.00000000000023 -0.02807392802970762
35.10000000000023 -0.02807391477944518
35.20000000000023 -0.02807390711520601
35.30000000000023 -0.02807390465841648
35.40000000000023 -0.02807390627128711
35.50000000000023 -0.02807391224399499
35.60000000000024 -0.02807392427533988
35.70000000000024 -0.02807394284726531
35.80000000000024 -0.02807395658417228
35.90000000000024 -0.02807392350687116
36.00000000000024 -0.02807380248426675
36.10000000000024 -0.02807370791239951
36.20000000000024 -0.02807383203520118
36.30000000000025 -0.0280740503923383
36.40000000000025 -0.0280741620731423
36.50000000000025 -0.02807417785684041
36.60000000000025 -0.02807416510059599
36.70000000000025 -0.02807415326578014
36.80000000000025 -0.02807414731113581
36.90000000000025 -0.02807414613381937
37.00000000000026 -0.02807414893703355
37.10000000000026 -0.02807415649761386
37.20000000000026 -0.02807417064420117
37.30000000000026 -0.02807419000349814
37.40000000000026 -0.02807419583548918
37.50000000000026 -0.02807413755328864
37.60000000000026 -0.02807400194755055
37.70000000000027 -0.02807396148542868
37.80000000000027 -0.0280741412584123
37.90000000000027 -0.02807433896998595
38.00000000000027 -0.02807441463146111
38.10000000000027 -0.02807441636283997
38.20000000000027 -0.028074402415924
38.30000000000027 -0.02807439230717054
38.40000000000028 -0.02807438792659443
38.50000000000028 -0.02807438795089526
38.60000000000028 -0.02807439201549673
38.70000000000028 -0.02807440135016907
38.80000000000028 -0.02807441758817387
38.90000000000028 -0.02807443625341176
39.00000000000028 -0.02807442936627561
39.10000000000029 -0.02807434304685021
39.20000000000029 -0.02807420972455197
39.30000000000029 -0.02807423796163043
39.40000000000029 -0.02807445108319612
39.50000000000029 -0.02807461535495316
39.60000000000029 -0.02807466086566241
39.70000000000029 -0.02807465383211611
39.8000000000003 -0.02807464021768219
39.9000000000003 -0.02807463191287844
40.0000000000003 -0.0280746289703134
40.1000000000003 -0.02807463016452064
40.2000000000003 -0.02807463560978365
40.3000000000003 -0.02807464690661965
40.4000000000003 -0.02807466496952241
40.50000000000031 -0.02807468057408537
40.60000000000031 -0.02807465537626495
40.70000000000031 -0.02807454235506961
40.80000000000031 -0.02807443340176019
40.90000000000031 -0.02807453365770073
41.00000000000031 -0.02807475490631498
41.10000000000031 -0.02807488041712305
41.20000000000032 -0.02807490275406621
41.30000000000032 -0.028074890951366
41.40000000000032 -0.02807487855591506
41.50000000000032 -0.0280748720043858
41.60000000000032 -0.02807487038247787
41.70000000000032 -0.0280748727584522
41.80000000000032 -0.02807487973837106
41.90000000000033 -0.02807489313408914
42.00000000000033 -0.02807491235022078
42.10000000000033 -0.02807492147346397
42.20000000000033 -0.0280748725538908
42.30000000000033 -0.02807474048429272
42.40000000000033 -0.02807467878214175
42.50000000000033 -0.02807484117046429
42.60000000000034 -0.02807504805743854
42.70000000000034 -0.0280751358714838
42.80000000000034 -0.02807514188432018
42.90000000000034 -0.02807512813909305
43.00000000000034 -0.0280751174013723
43.10000000000034 -0.02807511248140721
43.20000000000034 -0.02807511208897111
43.30000000000035 -0.02807511569999163
43.40000000000035 -0.02807512439128335
43.50000000000035 -0.0280751399116519
43.60000000000035 -0.02807515903742258
43.70000000000035 -0.02807515720890401
43.80000000000035 -0.02807508081408396
43.90000000000035 -0.02807494438834054
44.00000000000036 -0.02807494754600474
44.10000000000036 -0.02807515182623006
44.20000000000036 -0.02807532877281103
44.30000000000036 -0.02807538406739044
44.40000000000036 -0.02807537958211442
44.50000000000036 -0.02807536572182501
44.60000000000036 -0.02807535678583823
44.70000000000037 -0.02807535335431224
44.80000000000037 -0.02807535414008832
44.90000000000037 -0.02807535908690774
45.00000000000037 -0.02807536967931192
45.10000000000037 -0.02807538715813267
45.20000000000037 -0.0280754041673503
45.30000000000037 -0.02807538601783151
45.40000000000038 -0.02807528180203361
45.50000000000038 -0.02807516163859749
45.60000000000038 -0.02807523721180842
45.70000000000038 -0.02807545846007115
45.80000000000038 -0.02807559768692532
45.90000000000038 -0.02807562730860614
46.00000000000038 -0.02807561679123132
46.10000000000039 -0.02807560389991282
46.20000000000039 -0.02807559674753487
46.30000000000039 -0.02807559467717623
46.40000000000039 -0.02807559663832931
46.50000000000039 -0.02807560306688009
46.60000000000039 -0.02807561572669381
46.70000000000039 -0.02807563465762458
46.8000000000004 -0.02807564649643397
46.9000000000004 -0.02807560635183259
47.0000000000004 -0.02807547953366404
47.1000000000004 -0.02807539901125159
47.2000000000004 -0.02807554178684134
47.3000000000004 -0.02807575591327915
47.4000000000004 -0.02807585639628438
47.50000000000041 -0.02807586734104865
47.60000000000041 -0.02807585401033161
47.70000000000041 -0.02807584266737538
47.80000000000041 -0.02807583719810929
47.90000000000041 -0.02807583638942907
48.00000000000041 -0.02807583956722349
48.10000000000041 -0.02807584765112726
48.20000000000041 -0.02807586245249422
48.30000000000042 -0.02807588179968068
48.40000000000042 -0.02807588430042562
48.50000000000042 -0.02807581756917175
48.60000000000042 -0.02807568052684412
48.70000000000042 -0.02807566000149848
48.80000000000042 -0.02807585268349649
48.90000000000042 -0.0280760412063438
49.00000000000043 -0.02807610692754654
49.10000000000043 -0.02807610546247462
49.20000000000043 -0.02807609148322956
49.30000000000043 -0.02807608192443209
49.40000000000043 -0.02807607799877523
49.50000000000043 -0.02807607838511068
49.60000000000043 -0.02807608286271795
49.70000000000044 -0.02807609278719648
49.80000000000044 -0.02807610963529596
49.90000000000044 -0.02807612765053197
50.00000000000044 -0.02807611569568227
