0 -0.02806816500052849
0.1 -0.02778144951204384
0.2 -0.02755197616424161
0.3 -0.0273891946556066
0.4 -0.0272762600040413
0.5 -0.02719318175163992
0.6 -0.02712603341952747
0.7 -0.02706669237090533
0.7999999999999999 -0.02701041865390876
0.8999999999999999 -0.0269537909563585
0.9999999999999999 -0.0268930758577867
1.1 -0.02682254004961468
1.2 -0.02673239294455483
1.3 -0.02660721730251523
1.4 -0.0264289987735703
1.5 -0.02619158299587648
1.6 -0.02592087274282646
1.7 -0.02566862368654841
1.8 -0.02547302161992578
1.900000000000001 -0.02533750711728443
2 -0.02524560243968906
2.100000000000001 -0.02517969102009487
2.200000000000001 -0.02512774182087773
2.300000000000001 -0.02508280169850637
2.400000000000001 -0.02504098243168728
2.500000000000001 -0.02499987356250417
2.600000000000001 -0.02495750388045848
2.700000000000001 -0.02491158244703666
2.800000000000001 -0.02485879102145502
2.900000000000001 -0.02479408366468183
3.000000000000001 -0.02471036940174808
3.100000000000001 -0.02459974223840406
3.200000000000002 -0.02445790872263396
3.300000000000002 -0.02429108736769589
3.400000000000002 -0.02411850082076568
3.500000000000002 -0.02396350456742588
3.600000000000002 -0.02384025481930716
3.700000000000002 -0.02374955179334197
3.800000000000002 -0.02368434864540461
3.900000000000002 -0.02363626528984638
4.000000000000002 -0.02359869631229147
4.100000000000001 -0.02356725901212487
4.200000000000001 -0.0235392572320407
4.300000000000001 -0.02351305096592621
4.4 -0.02348758330498735
4.5 -0.0234620626358202
4.6 -0.02343573983424011
4.699999999999999 -0.02340772396286721
4.799999999999999 -0.02337679735332796
4.899999999999999 -0.02334121736562603
4.999999999999998 -0.02329854484864925
5.099999999999998 -0.02324564514933301
5.199999999999998 -0.02317916198196614
5.299999999999997 -0.0230968184565119
5.399999999999997 -0.02299946427383408
5.499999999999996 -0.0228926481606834
5.599999999999996 -0.02278574564257248
5.699999999999996 -0.02268829465902671
5.799999999999995 -0.02260618240578076
5.899999999999995 -0.02254050952640364
5.999999999999995 -0.02248904949776792
6.099999999999994 -0.02244835421641492
6.199999999999994 -0.02241515693293878
6.299999999999994 -0.02238691048676153
6.399999999999993 -0.02236181109455023
6.499999999999993 -0.02233863118639456
6.599999999999993 -0.02231652743681335
6.699999999999992 -0.02229487848152452
6.799999999999992 -0.02227315489489202
6.899999999999991 -0.02225080584680943
6.999999999999991 -0.02222714250367234
7.099999999999991 -0.02220119965846236
7.19999999999999 -0.02217156623997109
7.29999999999999 -0.02213620465207568
7.39999999999999 -0.02209235148933301
7.499999999999989 -0.02203672443714337
7.599999999999989 -0.02196638680532963
7.699999999999989 -0.02188046559819049
7.799999999999988 -0.0217820962270419
7.899999999999988 -0.0216788468087292
7.999999999999988 -0.02158026834256639
8.099999999999987 -0.02149390636464489
8.199999999999987 -0.02142288488565071
8.299999999999986 -0.02136635021584226
8.399999999999986 -0.02132140801090898
8.499999999999986 -0.02128482574477255
8.599999999999985 -0.02125388548921464
8.699999999999985 -0.02122658357022063
8.799999999999985 -0.02120152633926253
8.899999999999984 -0.02117774441333988
8.999999999999984 -0.02115451520343026
9.099999999999984 -0.02113121045970154
9.199999999999983 -0.02110715568927913
9.299999999999983 -0.02108147929863292
9.399999999999983 -0.02105293159908062
9.499999999999982 -0.02101967252280165
9.599999999999982 -0.02097908328970079
9.699999999999982 -0.02092778228804371
9.799999999999981 -0.02086220709090622
9.899999999999981 -0.02078015977967568
9.99999999999998 -0.02068311342400597
10.09999999999998 -0.02057769544476314
10.19999999999998 -0.02047417474100727
10.29999999999998 -0.02038213346000547
10.39999999999998 -0.02030670194880325
10.49999999999998 -0.02024804173654538
10.59999999999998 -0.02020329453085731
10.69999999999998 -0.02016876965186792
10.79999999999998 -0.02014120787375222
10.89999999999998 -0.02011817187355438
10.99999999999998 -0.02009798526898503
11.09999999999998 -0.02007953362796503
11.19999999999998 -0.02006206892071478
11.29999999999998 -0.02004505614859964
11.39999999999998 -0.02002805888262213
11.49999999999998 -0.02001064869957513
11.59999999999997 -0.01999232302193016
11.69999999999997 -0.01997241919434283
11.79999999999997 -0.01995001933045054
11.89999999999997 -0.01992385481144208
11.99999999999997 -0.01989224896324893
12.09999999999997 -0.01985318673811574
12.19999999999997 -0.01980465466152463
12.29999999999997 -0.01974537864615943
12.39999999999997 -0.01967586784974076
12.49999999999997 -0.01959922269051813
12.59999999999997 -0.01952087932925245
12.69999999999997 -0.01944699454452423
12.79999999999997 -0.01938234843471241
12.89999999999997 -0.01932912309699904
12.99999999999997 -0.01928706572130912
13.09999999999997 -0.01925446733026696
13.19999999999997 -0.01922915792045819
13.29999999999997 -0.01920912525440677
13.39999999999997 -0.01919276054446105
13.49999999999997 -0.01917887925180998
13.59999999999997 -0.01916664831771141
13.69999999999997 -0.01915549404348599
13.79999999999997 -0.01914502112217084
13.89999999999997 -0.01913495024913145
13.99999999999997 -0.01912507234937904
14.09999999999997 -0.01911521478556493
14.19999999999997 -0.01910521485109632
14.29999999999997 -0.01909489651572985
14.39999999999996 -0.01908404709824881
14.49999999999996 -0.0190723912260534
14.59999999999996 -0.01905956041961148
14.69999999999996 -0.01904505861107603
14.79999999999996 -0.01902822804504435
14.89999999999996 -0.01900822784861621
14.99999999999996 -0.01898405001174942
15.09999999999996 -0.01895461192668402
15.19999999999996 -0.01891896937071709
15.29999999999996 -0.0188766647771941
15.39999999999996 -0.01882813908966937
15.49999999999996 -0.01877501210893903
15.59999999999996 -0.01871998431074892
15.69999999999996 -0.01866626439311175
15.79999999999996 -0.01861674025012929
15.89999999999996 -0.01857331074618834
15.99999999999996 -0.01853666944128982
16.09999999999996 -0.01850651548974466
16.19999999999996 -0.01848195970558464
16.29999999999996 -0.01846190371377732
16.39999999999996 -0.01844528953219527
16.49999999999996 -0.01843121863073288
16.59999999999997 -0.01841898207941299
16.69999999999997 -0.01840804450405368
16.79999999999997 -0.01839801079111253
16.89999999999997 -0.01838859083168611
16.99999999999997 -0.01837956852769738
17.09999999999997 -0.01837077641677679
17.19999999999997 -0.01836207506982217
17.29999999999998 -0.01835333558766133
17.39999999999998 -0.01834442328002913
17.49999999999998 -0.01833518055395953
17.59999999999998 -0.01832540703707251
17.69999999999998 -0.01831483509234259
17.79999999999998 -0.01830309947533312
17.89999999999998 -0.01828970165706537
17.99999999999999 -0.01827397354111337
18.09999999999999 -0.01825505365361108
18.19999999999999 -0.0182319024845824
18.29999999999999 -0.01820339965073657
18.39999999999999 -0.01816857084597154
18.49999999999999 -0.01812695968423216
18.59999999999999 -0.01807906196370715
18.7 -0.01802660398695986
18.8 -0.01797239961010028
18.9 -0.0179197064590304
19 -0.01787135044039869
19.1 -0.0178290747841511
19.2 -0.01779338955230459
19.3 -0.01776384769664651
19.40000000000001 -0.01773948183417823
19.50000000000001 -0.01771917943179413
19.60000000000001 -0.01770191114315384
19.70000000000001 -0.01768682710988995
19.80000000000001 -0.01767327017590817
19.90000000000001 -0.01766074961822656
20.00000000000001 -0.01764890246251205
20.10000000000002 -0.01763745537117353
20.20000000000002 -0.01762619145836134
20.30000000000002 -0.0176149220382183
20.40000000000002 -0.01760346147181728
20.50000000000002 -0.01759160268829865
20.60000000000002 -0.01757909100973112
20.70000000000002 -0.01756559455331659
20.80000000000003 -0.01755067118197928
20.90000000000003 -0.01753373573639781
21.00000000000003 -0.01751403853252789
21.10000000000003 -0.01749067775591654
21.20000000000003 -0.01746268200497801
21.30000000000003 -0.01742920390099937
21.40000000000003 -0.01738983854482154
21.50000000000004 -0.01734499924889689
21.60000000000004 -0.01729616779614284
21.70000000000004 -0.01724579121209727
21.80000000000004 -0.01719674441065825
21.90000000000004 -0.01715157174919269
22.00000000000004 -0.01711189584466264
22.10000000000004 -0.01707824976700398
22.20000000000005 -0.01705029242523174
22.30000000000005 -0.01702718579467264
22.40000000000005 -0.01700793391351896
22.50000000000005 -0.01699159798071178
22.60000000000005 -0.01697739312499175
22.70000000000005 -0.01696470754857551
22.80000000000005 -0.01695308310408598
22.90000000000006 -0.01694218272162195
23.00000000000006 -0.01693175755805672
23.10000000000006 -0.01692161875022188
23.20000000000006 -0.01691161454520567
23.30000000000006 -0.01690161185470744
23.40000000000006 -0.01689148077370942
23.50000000000006 -0.01688108065417341
23.60000000000007 -0.016870246647166
23.70000000000007 -0.01685877618308847
23.80000000000007 -0.01684641577476994
23.90000000000007 -0.01683285003104452
24.00000000000007 -0.01681769708280154
24.10000000000007 -0.0168005176989548
24.20000000000007 -0.01678084834109144
24.30000000000008 -0.01675826885603288
24.40000000000008 -0.01673250922294135
24.50000000000008 -0.01670358264468881
24.60000000000008 -0.01667190588072068
24.70000000000008 -0.0166383460984441
24.80000000000008 -0.01660414091670243
24.90000000000008 -0.0165706883831073
25.00000000000009 -0.01653927381052497
25.10000000000009 -0.01651083892938807
25.20000000000009 -0.01648587304031263
25.30000000000009 -0.01646443786401279
25.40000000000009 -0.01644627993254393
25.50000000000009 -0.01643096780961039
25.60000000000009 -0.01641800882591128
25.7000000000001 -0.01640692715452403
25.8000000000001 -0.01639730486913527
25.9000000000001 -0.01638879619427892
26.0000000000001 -0.01638112588355562
26.1000000000001 -0.01637408002214709
26.2000000000001 -0.01636749441333668
26.3000000000001 -0.01636124325524629
26.40000000000011 -0.01635522924124469
26.50000000000011 -0.01634937534242417
26.60000000000011 -0.01634361810599341
26.70000000000011 -0.01633790213294486
26.80000000000011 -0.01633217535466812
26.90000000000011 -0.01632638473930417
27.00000000000011 -0.01632047208975124
27.10000000000012 -0.0163143696355945
27.20000000000012 -0.01630799517736615
27.30000000000012 -0.01630124663574487
27.40000000000012 -0.01629399603061029
27.50000000000012 -0.01628608322553522
27.60000000000012 -0.01627731029960144
27.70000000000012 -0.01626743822337662
27.80000000000013 -0.01625618862798875
27.90000000000013 -0.01624325468610845
28.00000000000013 -0.01622832591732032
28.10000000000013 -0.01621113099910469
28.20000000000013 -0.0161914989204887
28.30000000000013 -0.01616943103041272
28.40000000000013 -0.01614516589805324
28.50000000000014 -0.01611921050624501
28.60000000000014 -0.01609231314121452
28.70000000000014 -0.01606537060345064
28.80000000000014 -0.01603928996355193
28.90000000000014 -0.01601484723754407
29.00000000000014 -0.01599258684217857
29.10000000000014 -0.01597278548980958
29.20000000000014 -0.01595547639090039
29.30000000000015 -0.01594051065209859
29.40000000000015 -0.0159276291073554
29.50000000000015 -0.01591652526388231
29.60000000000015 -0.01590689063235106
29.70000000000015 -0.01589844191698916
29.80000000000015 -0.01589093375848454
29.90000000000015 -0.01588416178125407
30.00000000000016 -0.01587796006364306
30.10000000000016 -0.01587219596621119
30.20000000000016 -0.01586676413095583
30.30000000000016 -0.01586158062097144
30.40000000000016 -0.01585657761646085
30.50000000000016 -0.01585169875324313
30.60000000000016 -0.01584689500760744
30.70000000000017 -0.01584212093467229
30.80000000000017 -0.01583733101344326
30.90000000000017 -0.01583247581386489
31.00000000000017 -0.01582749766527247
31.10000000000017 -0.01582232546864907
31.20000000000017 -0.01581686826659932
31.30000000000017 -0.01581100719387704
31.40000000000018 -0.015804585538548
31.50000000000018 -0.01579739696143772
31.60000000000018 -0.01578917263322872
31.70000000000018 -0.01577956941292386
31.80000000000018 -0.01576816347556145
31.90000000000018 -0.015754457042423
32.00000000000018 -0.01573790935947205
32.10000000000019 -0.01571800452438028
32.20000000000019 -0.01569436379356179
32.30000000000019 -0.01566689351555096
32.40000000000019 -0.01563593142154119
32.50000000000019 -0.01560232603139409
32.60000000000019 -0.01556738265007175
32.70000000000019 -0.01553265596800299
32.8000000000002 -0.01549964835125177
32.9000000000002 -0.01546952932229255
33.0000000000002 -0.01544297840627511
33.1000000000002 -0.0154201821124215
33.2000000000002 -0.0154009435881496
33.3000000000002 -0.01538483442250795
33.4000000000002 -0.01537133183918488
33.50000000000021 -0.01535991486552912
33.60000000000021 -0.01535011778945711
33.70000000000021 -0.01534155121037901
33.80000000000021 -0.01533390313236953
33.90000000000021 -0.01532693001851927
34.00000000000021 -0.01532044417564226
34.10000000000021 -0.01531430090685164
34.20000000000022 -0.01530838692609199
34.30000000000022 -0.01530261041156505
34.40000000000022 -0.01529689250471393
34.50000000000022 -0.01529115980341966
34.60000000000022 -0.01528533729724748
34.70000000000022 -0.01527934116316979
34.80000000000022 -0.01527307084911424
34.90000000000023 -0.0152663999310186
35.00000000000023 -0.01525916539531871
35.10000000000023 -0.01525115539292606
35.20000000000023 -0.01524209633120298
35.30000000000023 -0.01523164168918686
35.40000000000023 -0.01521936741650811
35.50000000000023 -0.01520478217054642
35.60000000000024 -0.01518736402265848
35.70000000000024 -0.01516663592864066
35.80000000000024 -0.01514228540273156
35.90000000000024 -0.01511431458512437
36.00000000000024 -0.0150831767090527
36.10000000000024 -0.01504982974592938
36.20000000000024 -0.0150156459603326
36.30000000000025 -0.01498217366312262
36.40000000000025 -0.01495082856450266
36.50000000000025 -0.01492263603918988
36.60000000000025 -0.01489811433520067
36.70000000000025 -0.01487730928581543
36.80000000000025 -0.01485992526343735
36.90000000000025 -0.01484548024336831
37.00000000000026 -0.01483343463904293
37.10000000000026 -0.01482327516924119
37.20000000000026 -0.01481455714073649
37.30000000000026 -0.01480691746554634
37.40000000000026 -0.01480007091614566
37.50000000000026 -0.01479379879785344
37.60000000000026 -0.01478793557504378
37.70000000000027 -0.01478235624760984
37.80000000000027 -0.01477696557370728
37.90000000000027 -0.0147716893230917
38.00000000000027 -0.01476646732789623
38.10000000000027 -0.01476124795200205
38.20000000000027 -0.01475598358720689
38.30000000000027 -0.01475062682815091
38.40000000000028 -0.0147451270427906
38.50000000000028 -0.01473942712969971
38.60000000000028 -0.01473346034082038
38.70000000000028 -0.01472714716123059
38.80000000000028 -0.01472039239522825
38.90000000000028 -0.01471308283216421
39.00000000000028 -0.01470508617134556
39.10000000000029 -0.01469625226425558
39.20000000000029 -0.01468641812072667
39.30000000000029 -0.01467541836397594
39.40000000000029 -0.01466310262027901
39.50000000000029 -0.0146493603052572
39.60000000000029 -0.01463415109716617
39.70000000000029 -0.01461753615828327
39.8000000000003 -0.0145997018068417
39.9000000000003 -0.01458096573406235
40.0000000000003 -0.01456175811141714
40.1000000000003 -0.01454257675725474
40.2000000000003 -0.01452392479461094
40.3000000000003 -0.01450624638730194
40.4000000000003 -0.01448987705719525
40.50000000000031 -0.01447501917450877
40.60000000000031 -0.01446174391777838
40.70000000000031 -0.0144500131387394
40.80000000000031 -0.01443971109979232
40.90000000000031 -0.01443067691928189
41.00000000000031 -0.01442273179933164
41.10000000000031 -0.01441569861728424
41.20000000000032 -0.01440941401156293
41.30000000000032 -0.01440373441225009
41.40000000000032 -0.01439853782781601
41.50000000000032 -0.01439372301552317
41.60000000000032 -0.01438920726874154
41.70000000000032 -0.01438492364847008
41.80000000000032 -0.01438081815585706
41.90000000000033 -0.01437684710711328
42.00000000000033 -0.01437297482021098
42.10000000000033 -0.01436917163287797
42.20000000000033 -0.01436541222322745
42.30000000000033 -0.01436167418203649
42.40000000000033 -0.01435793677823276
42.50000000000033 -0.01435417985964958
42.60000000000034 -0.01435038283562173
42.70000000000034 -0.01434652369466933
42.80000000000034 -0.01434257801899156
42.90000000000034 -0.01433851796855203
43.00000000000034 -0.01433431122295217
43.10000000000034 -0.01432991989176028
43.20000000000034 -0.01432529943698849
43.30000000000035 -0.01432039769891267
43.40000000000035 -0.01431515418176545
43.50000000000035 -0.01430949983976172
43.60000000000035 -0.01430335770106151
43.70000000000035 -0.01429664476088372
43.80000000000035 -0.01428927563082949
43.90000000000035 -0.0142811683938306
44.00000000000036 -0.01427225290989044
44.10000000000036 -0.01426248137745326
44.20000000000036 -0.01425184025780574
44.30000000000036 -0.0142403618059981
44.40000000000036 -0.0142281326740611
44.50000000000036 -0.01421529675528054
44.60000000000036 -0.01420205001357912
44.70000000000037 -0.01418862662629706
44.80000000000037 -0.01417527802263715
44.90000000000037 -0.0141622485253964
45.00000000000037 -0.01414975239298958
45.10000000000037 -0.0141379566077197
45.20000000000037 -0.01412697197546734
45.30000000000037 -0.01411685278527302
45.40000000000038 -0.01410760333029154
45.50000000000038 -0.01409918857413597
45.60000000000038 -0.01409154620959016
45.70000000000038 -0.01408459798400619
45.80000000000038 -0.01407825903724313
45.90000000000038 -0.01407244478987034
46.00000000000038 -0.01406707547415391
46.10000000000039 -0.01406207869917992
46.20000000000039 -0.0140573905403812
46.30000000000039 -0.0140529556187303
46.40000000000039 -0.01404872655086463
46.50000000000039 -0.01404466305193016
46.60000000000039 -0.01404073088158253
46.70000000000039 -0.01403690074987968
46.8000000000004 -0.01403314724501773
46.9000000000004 -0.01402944780637305
47.0000000000004 -0.0140257817402369
47.1000000000004 -0.0140221292582025
47.2000000000004 -0.01401847050634572
47.3000000000004 -0.01401478454499562
47.4000000000004 -0.01401104823284844
47.50000000000041 -0.01400723496530872
47.60000000000041 -0.01400331321635314
47.70000000000041 -0.01399924483865337
47.80000000000041 -0.01399498309315276
47.90000000000041 -0.01399047041477664
48.00000000000041 -0.01398563598716832
48.10000000000041 -0.01398039331163648
48.20000000000041 -0.01397463813077193
48.30000000000042 -0.01396824731741062
48.40000000000042 -0.01396107965775772
48.50000000000042 -0.01395297979309681
48.60000000000042 -0.01394378681082296
48.70000000000042 -0.01393334886275665
48.80000000000042 -0.01392154442062784
48.90000000000042 -0.01390830907103581
49.00000000000043 -0.0138936641149514
49.10000000000043 -0.01387774031374237
49.20000000000043 -0.01386078833991403
49.30000000000043 -0.01384316860323713
49.40000000000043 -0.01382531803965108
49.50000000000043 -0.0138076989709399
49.60000000000043 -0.01379074191752477
49.70000000000044 -0.01377479662952108
49.80000000000044 -0.01376010223423368
49.90000000000044 -0.01374678024096092
50.00000000000044 -0.01373484696964362
