0 -0.02806816500052849
0.1 -0.0274058772556594
0.2 -0.02685713184752405
0.3 -0.0264635327487721
0.4 -0.02619449896699399
0.5 -0.02600293092962765
0.6 -0.02585374847723089
0.7 -0.02572614803183951
0.7999999999999999 -0.02560828297697074
0.8999999999999999 -0.0254923148098973
0.9999999999999999 -0.02537074805745596
1.1 -0.02523314005304079
1.2 -0.02506245237802327
1.3 -0.02483198769265994
1.4 -0.02450842030762902
1.5 -0.02407171792121703
1.6 -0.0235508315594324
1.7 -0.02303251629881532
1.8 -0.02260575578356711
1.900000000000001 -0.02230237530032771
2 -0.02210194251108128
2.100000000000001 -0.0219687484833916
2.200000000000001 -0.02187400655549407
2.300000000000001 -0.02179974622994337
2.400000000000001 -0.02173588906275058
2.500000000000001 -0.02167691390308944
2.600000000000001 -0.02161961515842539
2.700000000000001 -0.02156179052179948
2.800000000000001 -0.02150146789712994
2.900000000000001 -0.02143639657546618
3.000000000000001 -0.02136366757369474
3.100000000000001 -0.02127946018818786
3.200000000000002 -0.02117906703701485
3.300000000000002 -0.02105752532002045
3.400000000000002 -0.02091123699939209
3.500000000000002 -0.02074054868436553
3.600000000000002 -0.02055214035543474
3.700000000000002 -0.02035900892674031
3.800000000000002 -0.02017673292571305
3.900000000000002 -0.02001786657605208
4.000000000000002 -0.01988827648579982
4.100000000000001 -0.01978729530912997
4.200000000000001 -0.01971032780791963
4.300000000000001 -0.01965159605852845
4.4 -0.01960582953396092
4.5 -0.01956889961629703
4.6 -0.01953783545730166
4.699999999999999 -0.01951059942072156
4.799999999999999 -0.01948582681380774
4.899999999999999 -0.01946260799725906
4.999999999999998 -0.01944032789333735
5.099999999999998 -0.01941855451079625
5.199999999999998 -0.01939696300453449
5.299999999999997 -0.01937528324739478
5.399999999999997 -0.01935326184299071
5.499999999999996 -0.01933063222014893
5.599999999999996 -0.01930708859003769
5.699999999999996 -0.01928226130746498
5.799999999999995 -0.0192556929428178
5.899999999999995 -0.01922681661241419
5.999999999999995 -0.01919494131235653
6.099999999999994 -0.01915925342910564
6.199999999999994 -0.01911884881196899
6.299999999999994 -0.01907281370814138
6.399999999999993 -0.01902037079637275
6.499999999999993 -0.01896109156323334
6.599999999999993 -0.01889514330134131
6.699999999999992 -0.01882349425269995
6.799999999999992 -0.01874796997303896
6.899999999999991 -0.01867107614802538
6.999999999999991 -0.01859559391021513
7.099999999999991 -0.01852407130222273
7.19999999999999 -0.01845839560363553
7.29999999999999 -0.01839958590839084
7.39999999999999 -0.01834782960427445
7.499999999999989 -0.01830268488065192
7.599999999999989 -0.01826333777795507
7.699999999999989 -0.01822882854424874
7.799999999999988 -0.01819820909024755
7.899999999999988 -0.01817063045524207
7.999999999999988 -0.01814537711654735
8.099999999999987 -0.01812186814660745
8.199999999999987 -0.01809964126657286
8.299999999999986 -0.01807833021971721
8.399999999999986 -0.01805764113087137
8.499999999999986 -0.01803733026122374
8.599999999999985 -0.01801718360058218
8.699999999999985 -0.01799699763863254
8.799999999999985 -0.0179765600549405
8.899999999999984 -0.0179556287276008
8.999999999999984 -0.01793390728802596
9.099999999999984 -0.01791101550695825
9.199999999999983 -0.01788645335532449
9.299999999999983 -0.01785955921753546
9.399999999999983 -0.01782946642143069
9.499999999999982 -0.01779506930936497
9.599999999999982 -0.01775502154238878
9.699999999999982 -0.0177078040068311
9.799999999999981 -0.01765191031858576
9.899999999999981 -0.01758618707054041
9.99999999999998 -0.01751030921231052
10.09999999999998 -0.01742526014122928
10.19999999999998 -0.0173335715912727
10.29999999999998 -0.0172390797643683
10.39999999999998 -0.01714616231501473
10.49999999999998 -0.01705873979601823
10.59999999999998 -0.0169794889081784
10.69999999999998 -0.01690956539004657
10.79999999999998 -0.01684881638517608
10.89999999999998 -0.01679624468940576
10.99999999999998 -0.01675047767416973
11.09999999999998 -0.01671010592669311
11.19999999999998 -0.01667386881647054
11.29999999999998 -0.01664072258466177
11.39999999999998 -0.0166098381204178
11.49999999999998 -0.01658056498089131
11.59999999999997 -0.01655238325403774
11.69999999999997 -0.0165248529864687
11.79999999999997 -0.0164975633075628
11.89999999999997 -0.01647007904327365
11.99999999999997 -0.01644188034940965
12.09999999999997 -0.01641229021542705
12.19999999999997 -0.0163803862172106
12.29999999999997 -0.01634489882013328
12.39999999999997 -0.0163041130056754
12.49999999999997 -0.0162558183334586
12.59999999999997 -0.01619739617300393
12.69999999999997 -0.01612617537810386
12.79999999999997 -0.01604017403708737
12.89999999999997 -0.01593918311064931
12.99999999999997 -0.01582580114392894
13.09999999999997 -0.01570570398606062
13.19999999999997 -0.01558658904561314
13.29999999999997 -0.0154760592109283
13.39999999999997 -0.01537955852497461
13.49999999999997 -0.01529942426984453
13.59999999999997 -0.01523523672093863
13.69999999999997 -0.0151848723168022
13.79999999999997 -0.01514556705191231
13.89999999999997 -0.01511463309654024
13.99999999999997 -0.0150898007654418
14.09999999999997 -0.01506930375815131
14.19999999999997 -0.015051833805918
14.29999999999997 -0.01503644932481581
14.39999999999996 -0.01502248152111012
14.49999999999996 -0.01500945488529939
14.59999999999996 -0.01499702548544814
14.69999999999996 -0.01498493489597288
14.79999999999996 -0.01497297599966717
14.89999999999996 -0.01496096696332875
14.99999999999996 -0.0149487302800725
15.09999999999996 -0.01493607442955815
15.19999999999996 -0.01492277629993119
15.29999999999996 -0.01490856307552982
15.39999999999996 -0.01489309295107309
15.49999999999996 -0.01487593499231555
15.59999999999996 -0.01485655000176966
15.69999999999996 -0.01483427667006783
15.79999999999996 -0.01480833077687369
15.89999999999996 -0.01477782943765567
15.99999999999996 -0.01474185593249568
16.09999999999996 -0.01469958020118017
16.19999999999996 -0.01465044047990453
16.29999999999996 -0.01459436808169556
16.39999999999996 -0.01453200170340059
16.49999999999996 -0.01446480524980277
16.59999999999997 -0.01439500232428301
16.69999999999997 -0.01432529371861077
16.79999999999997 -0.01425841859223324
16.89999999999997 -0.01419670042769877
16.99999999999997 -0.01414172740393885
17.09999999999997 -0.01409424693445482
17.19999999999997 -0.01405425703817175
17.29999999999998 -0.01402121317004116
17.39999999999998 -0.01399426030984871
17.49999999999998 -0.01397242883253615
17.59999999999998 -0.01395476961455929
17.69999999999998 -0.01394043040790063
17.79999999999998 -0.01392868774819064
17.89999999999998 -0.01391895056376375
17.99999999999999 -0.01391074860476164
18.09999999999999 -0.0139037145626097
18.19999999999999 -0.01389756508799912
18.29999999999999 -0.01389208334127005
18.39999999999999 -0.01388710412530637
18.49999999999999 -0.01388250178273046
18.59999999999999 -0.01387818062339749
18.7 -0.01387406749120208
18.8 -0.01387010605629159
18.9 -0.01386625245674619
19 -0.01386247197301545
19.1 -0.01385873647928046
19.2 -0.01385502246993099
19.3 -0.01385130950376253
19.40000000000001 -0.01384757894328624
19.50000000000001 -0.01384381289280904
19.60000000000001 -0.01383999325809612
19.70000000000001 -0.0138361008638506
19.80000000000001 -0.01383211457413999
19.90000000000001 -0.01382801036630449
20.00000000000001 -0.01382376031172642
20.10000000000002 -0.01381933141805274
20.20000000000002 -0.01381468428812478
20.30000000000002 -0.01380977155241028
20.40000000000002 -0.01380453603620047
20.50000000000002 -0.01379890863322902
20.60000000000002 -0.01379280587805688
20.70000000000002 -0.01378612724670246
20.80000000000003 -0.01377875227683401
20.90000000000003 -0.01377053769560538
21.00000000000003 -0.01376131488598609
21.10000000000003 -0.01375088822008543
21.20000000000003 -0.01373903504088526
21.30000000000003 -0.01372550836302388
21.40000000000003 -0.01371004363471558
21.50000000000004 -0.013692371049249
21.60000000000004 -0.01367223474408544
21.70000000000004 -0.01364941955645732
21.80000000000004 -0.01362378461031267
21.90000000000004 -0.01359530083763908
22.00000000000004 -0.0135640868796243
22.10000000000004 -0.01353043545591635
22.20000000000005 -0.01349482144465346
22.30000000000005 -0.01345788477027973
22.40000000000005 -0.01342038614586111
22.50000000000005 -0.01338314069731771
22.60000000000005 -0.01334694104777985
22.70000000000005 -0.01331248478137954
22.80000000000005 -0.01328031980128581
22.90000000000006 -0.01325081560123645
23.00000000000006 -0.01322416131878897
23.10000000000006 -0.01320038540822851
23.20000000000006 -0.01317938858287968
23.30000000000006 -0.01316098149873169
23.40000000000006 -0.01314492052917346
23.50000000000006 -0.01313093763510224
23.60000000000007 -0.01311876277265715
23.70000000000007 -0.01310813901201086
23.80000000000007 -0.01309883149619127
23.90000000000007 -0.01309063171091523
24.00000000000007 -0.01308335849182658
24.10000000000007 -0.01307685696110648
24.20000000000007 -0.01307099629512129
24.30000000000008 -0.0130656669530381
24.40000000000008 -0.01306077777483572
24.50000000000008 -0.01305625319209196
24.60000000000008 -0.01305203068010789
24.70000000000008 -0.0130480585047224
24.80000000000008 -0.01304429377081627
24.90000000000008 -0.01304070075290875
25.00000000000009 -0.01303724947443633
25.10000000000009 -0.01303391449625337
25.20000000000009 -0.01303067387315045
25.30000000000009 -0.01302750823743483
25.40000000000009 -0.01302439996933009
25.50000000000009 -0.01302133241410054
25.60000000000009 -0.0130182891046575
25.7000000000001 -0.01301525294536754
25.8000000000001 -0.013012205307308
25.9000000000001 -0.01300912497672605
26.0000000000001 -0.01300598688632768
26.1000000000001 -0.01300276054259491
26.2000000000001 -0.01299940804102662
26.3000000000001 -0.01299588153477043
26.40000000000011 -0.01299211999114825
26.50000000000011 -0.01298804503743396
26.60000000000011 -0.01298355566770715
26.70000000000011 -0.01297852156866359
26.80000000000011 -0.0129727748464505
26.90000000000011 -0.01296610003834565
27.00000000000011 -0.01295822253676183
27.10000000000012 -0.01294879603534649
27.20000000000012 -0.01293739045700241
27.30000000000012 -0.01292348318019098
27.40000000000012 -0.01290645831689482
27.50000000000012 -0.01288562115715894
27.60000000000012 -0.01286023701326106
27.70000000000012 -0.01282960405462122
27.80000000000013 -0.01279316584971658
27.90000000000013 -0.0127506585224627
28.00000000000013 -0.01270226899769509
28.10000000000013 -0.01264875953553577
28.20000000000013 -0.01259150182024883
28.30000000000013 -0.01253237640868061
28.40000000000013 -0.01247353594666771
28.50000000000014 -0.01241708743289884
28.60000000000014 -0.01236478719880439
28.70000000000014 -0.01231783647117625
28.80000000000014 -0.01227681921874931
28.90000000000014 -0.01224176746402173
29.00000000000014 -0.01221230303266136
29.10000000000014 -0.01218779931769444
29.20000000000014 -0.01216752272364994
29.30000000000015 -0.01215073540469316
29.40000000000015 -0.01213675799150224
29.50000000000015 -0.0121250000104744
29.60000000000015 -0.01211496818830057
29.70000000000015 -0.01210626170036103
29.80000000000015 -0.01209856100035703
29.90000000000015 -0.0120916144753847
30.00000000000016 -0.01208522531798384
30.10000000000016 -0.01207923976150655
30.20000000000016 -0.012073537073619
30.30000000000016 -0.01206802129417901
30.40000000000016 -0.012062614509714
30.50000000000016 -0.01205725138559572
30.60000000000016 -0.01205187466999632
30.70000000000017 -0.01204643140617853
30.80000000000017 -0.0120408696229858
30.90000000000017 -0.01203513530896027
31.00000000000017 -0.01202916951096181
31.10000000000017 -0.01202290543523143
31.20000000000017 -0.01201626547239155
31.30000000000017 -0.01200915812558902
31.40000000000018 -0.01200147490329771
31.50000000000018 -0.01199308735795102
31.60000000000018 -0.01198384462188765
31.70000000000018 -0.01197357202255546
31.80000000000018 -0.0119620716462736
31.90000000000018 -0.01194912603299031
32.00000000000018 -0.01193450644329708
32.10000000000019 -0.01191798719288111
32.20000000000019 -0.01189936717178559
32.30000000000019 -0.0118784985929566
32.40000000000019 -0.01185532106777874
32.50000000000019 -0.01182989640493042
32.60000000000019 -0.01180243672735574
32.70000000000019 -0.01177331685798728
32.8000000000002 -0.01174306294118681
32.9000000000002 -0.01171231382570817
33.0000000000002 -0.01168175910828143
33.1000000000002 -0.01165206530947797
33.2000000000002 -0.01162380599523552
33.3000000000002 -0.0115974105378188
33.4000000000002 -0.01157314010135467
33.50000000000021 -0.01155109124141087
33.60000000000021 -0.01153122071168038
33.70000000000021 -0.01151338181121967
33.80000000000021 -0.01149736296719468
33.90000000000021 -0.01148292188530355
34.00000000000021 -0.01146981185780224
34.10000000000021 -0.01145779953052165
34.20000000000022 -0.01144667513102041
34.30000000000022 -0.01143625690636334
34.40000000000022 -0.01142639160143485
34.50000000000022 -0.01141695253811143
34.60000000000022 -0.01140783646347453
34.70000000000022 -0.01139895995618914
34.80000000000022 -0.01139025587323346
34.90000000000023 -0.01138167009709758
35.00000000000023 -0.01137315869657635
35.10000000000023 -0.01136468552495891
35.20000000000023 -0.01135622023049062
35.30000000000023 -0.01134773663138645
35.40000000000023 -0.01133921140117295
35.50000000000023 -0.01133062301283792
35.60000000000024 -0.01132195089783943
35.70000000000024 -0.01131317478591035
35.80000000000024 -0.01130427420238261
35.90000000000024 -0.01129522811071167
36.00000000000024 -0.01128601469859738
36.10000000000024 -0.01127661131622854
36.20000000000024 -0.01126699458424813
36.30000000000025 -0.01125714069626777
36.40000000000025 -0.0112470259449664
36.50000000000025 -0.01123662750035169
36.60000000000025 -0.01122592446162759
36.70000000000025 -0.0112148991881842
36.80000000000025 -0.01120353888881679
36.90000000000025 -0.01119183741092151
37.00000000000026 -0.01117979712486886
37.10000000000026 -0.01116743074797261
37.20000000000026 -0.01115476290609896
37.30000000000026 -0.01114183120085035
37.40000000000026 -0.01112868654951004
37.50000000000026 -0.0111153926043983
37.60000000000026 -0.01110202414218893
37.70000000000027 -0.01108866443582056
37.80000000000027 -0.01107540176383712
37.90000000000027 -0.01106232534697437
38.00000000000027 -0.01104952109961598
38.10000000000027 -0.01103706762060869
38.20000000000027 -0.0110250328140477
38.30000000000027 -0.01101347143362145
38.40000000000028 -0.01100242370653236
38.50000000000028 -0.01099191504521087
38.60000000000028 -0.01098195672600175
38.70000000000028 -0.01097254732396354
38.80000000000028 -0.01096367464991979
38.90000000000028 -0.01095531793655713
39.00000000000028 -0.01094745005362532
39.10000000000029 -0.01094003958410032
39.20000000000029 -0.01093305265041794
39.30000000000029 -0.01092645443278938
39.40000000000029 -0.01092021036444777
39.50000000000029 -0.01091428701934694
39.60000000000029 -0.01090865272683992
39.70000000000029 -0.01090327795717719
39.8000000000003 -0.01089813552381136
39.9000000000003 -0.01089320064592815
40.0000000000003 -0.01088845090939408
40.1000000000003 -0.01088386615794661
40.2000000000003 -0.01087942833998415
40.3000000000003 -0.01087512133035346
40.4000000000003 -0.01087093074139021
40.50000000000031 -0.01086684373324315
40.60000000000031 -0.01086284883017565
40.70000000000031 -0.0108589357469941
40.80000000000031 -0.01085509522787677
40.90000000000031 -0.01085131889854107
41.00000000000031 -0.01084759913177459
41.10000000000031 -0.01084392892576451
41.20000000000032 -0.01084030179430907
41.30000000000032 -0.01083671166781798
41.40000000000032 -0.01083315280395754
41.50000000000032 -0.01082961970683389
41.60000000000032 -0.01082610705370846
41.70000000000032 -0.01082260962838625
41.80000000000032 -0.01081912226059839
41.90000000000033 -0.0108156397709088
42.00000000000033 -0.01081215692090767
42.10000000000033 -0.01080866836870965
42.20000000000033 -0.01080516863005186
42.30000000000033 -0.01080165204558428
42.40000000000033 -0.01079811275526051
42.50000000000033 -0.0107945446810647
42.60000000000034 -0.01079094151964065
42.70000000000034 -0.01078729674670727
42.80000000000034 -0.01078360363542867
42.90000000000034 -0.01077985529112729
43.00000000000034 -0.0107760447048465
43.10000000000034 -0.01077216482823906
43.20000000000034 -0.01076820867202434
43.30000000000035 -0.01076416942976631
43.40000000000035 -0.01076004062791731
43.50000000000035 -0.01075581630190845
43.60000000000035 -0.0107514911965201
43.70000000000035 -0.01074706098684779
43.80000000000035 -0.01074252251394742
43.90000000000035 -0.0107378740268181
44.00000000000036 -0.01073311541994556
44.10000000000036 -0.01072824845343416
44.20000000000036 -0.0107232769411034
44.30000000000036 -0.01071820689113786
44.40000000000036 -0.01071304658426392
44.50000000000036 -0.010707806576209
44.60000000000036 -0.01070249961447958
44.70000000000037 -0.010697140464188
44.80000000000037 -0.01069174564347807
44.90000000000037 -0.01068633307555302
45.00000000000037 -0.0106809216707534
45.10000000000037 -0.01067553085784742
45.20000000000037 -0.01067018008799949
45.30000000000037 -0.01066488833723543
45.40000000000038 -0.01065967363332777
45.50000000000038 -0.01065455263087177
45.60000000000038 -0.01064954025419817
45.70000000000038 -0.01064464942219479
45.80000000000038 -0.01063989086275982
45.90000000000038 -0.01063527301819533
46.00000000000038 -0.01063080203701413
46.10000000000039 -0.01062648184286984
46.20000000000039 -0.01062231426792733
46.30000000000039 -0.01061829923606352
46.40000000000039 -0.01061443498074428
46.50000000000039 -0.01061071828304855
46.60000000000039 -0.01060714471681566
46.70000000000039 -0.01060370888996281
46.8000000000004 -0.01060040467336308
46.9000000000004 -0.01059722541104213
47.0000000000004 -0.01059416410765917
47.1000000000004 -0.01059121359116287
47.2000000000004 -0.01058836665009158
47.3000000000004 -0.01058561614620326
47.4000000000004 -0.01058295510399111
47.50000000000041 -0.01058037677920459
47.60000000000041 -0.01057787470880374
47.70000000000041 -0.0105754427448809
47.80000000000041 -0.01057307507503935
47.90000000000041 -0.0105707662315686
48.00000000000041 -0.01056851109154044
48.10000000000041 -0.01056630486969607
48.20000000000041 -0.01056414310572854
48.30000000000042 -0.01056202164729979
48.40000000000042 -0.0105599366298802
48.50000000000042 -0.01055788445426569
48.60000000000042 -0.01055586176241699
48.70000000000042 -0.01055386541207774
48.80000000000042 -0.01055189245046042
48.90000000000042 -0.01054994008714173
49.00000000000043 -0.01054800566617598
49.10000000000043 -0.01054608663731532
49.20000000000043 -0.01054418052611437
49.30000000000043 -0.01054228490259083
49.40000000000043 -0.01054039734800978
49.50000000000043 -0.01053851541925412
49.60000000000043 -0.01053663661013423
49.70000000000044 -0.01053475830887389
49.80000000000044 -0.01053287775088473
49.90000000000044 -0.01053099196580732
50.00000000000044 -0.01052909771765187
