0 -0.02806816500052849
0.1 -0.02804602619393121
0.2 -0.02799925413231761
0.3 -0.02795810449170519
0.4 -0.02793336202041372
0.5 -0.02792157820533261
0.6 -0.02791691154399835
0.7 -0.0279154337949833
0.7999999999999999 -0.02791525510751412
0.8999999999999999 -0.0279159427709468
0.9999999999999999 -0.02791831605666139
1.1 -0.02792475194963366
1.2 -0.02793966625408704
1.3 -0.02796857638462251
1.4 -0.02801188627343859
1.5 -0.02805314154192241
1.6 -0.02806243897101653
1.7 -0.02803142700085212
1.8 -0.0279856914672872
1.900000000000001 -0.02794998406946234
2 -0.02792977894805665
2.100000000000001 -0.02792051218556534
2.200000000000001 -0.0279169675047386
2.300000000000001 -0.02791590664307544
2.400000000000001 -0.02791584786451123
2.500000000000001 -0.02791654896668046
2.600000000000001 -0.0279188850567726
2.700000000000001 -0.02792517771088928
2.800000000000001 -0.02793965028417494
2.900000000000001 -0.02796752171143372
3.000000000000001 -0.02800919820887407
3.100000000000001 -0.02804934377148674
3.200000000000002 -0.02805963641670146
3.300000000000002 -0.02803103014209033
3.400000000000002 -0.02798692767461016
3.500000000000002 -0.02795152216337694
3.600000000000002 -0.02793096820245936
3.700000000000002 -0.02792125276625677
3.800000000000002 -0.02791734111690621
3.900000000000002 -0.02791599725107415
4.000000000000002 -0.02791569195589567
4.100000000000001 -0.02791613000258519
4.200000000000001 -0.02791814330854068
4.300000000000001 -0.02792405226157544
4.4 -0.02793821875499532
4.5 -0.02796631708057959
4.6 -0.02800948214720488
4.699999999999999 -0.02805229945966534
4.799999999999999 -0.02806431337612232
4.899999999999999 -0.02803475875723942
4.999999999999998 -0.02798847853151981
5.099999999999998 -0.02795152837615504
5.199999999999998 -0.02793033892485609
5.299999999999997 -0.02792047871376999
5.399999999999997 -0.02791658547213286
5.499999999999996 -0.02791529714809884
5.599999999999996 -0.02791509652530189
5.699999999999996 -0.0279158187169663
5.799999999999995 -0.02791859738789087
5.899999999999995 -0.02792631838518671
5.999999999999995 -0.02794409755694482
6.099999999999994 -0.02797760890455561
6.199999999999994 -0.02802472607217071
6.299999999999994 -0.02806322728226433
6.399999999999993 -0.02806234207423777
6.499999999999993 -0.02802289116337846
6.599999999999993 -0.02797604336855332
6.699999999999992 -0.02794319940042451
6.799999999999992 -0.0279259368273411
6.899999999999991 -0.02791850709483623
6.999999999999991 -0.02791587571801894
7.099999999999991 -0.02791523623900266
7.19999999999999 -0.02791550715459295
7.29999999999999 -0.02791688737305551
7.39999999999999 -0.02792091476062964
7.499999999999989 -0.02793094022003505
7.599999999999989 -0.0279522188069499
7.699999999999989 -0.0279888936169537
7.799999999999988 -0.02803422779320558
7.899999999999988 -0.02806256110488075
7.999999999999988 -0.02805019649353603
8.099999999999987 -0.02800810868884233
8.199999999999987 -0.02796584751165736
8.299999999999986 -0.0279382792753471
8.399999999999986 -0.02792430662374295
8.499999999999986 -0.02791842678945397
8.599999999999985 -0.02791638826967347
8.699999999999985 -0.02791591897463791
8.799999999999985 -0.02791620375260475
8.899999999999984 -0.02791754107270692
8.999999999999984 -0.02792145434088878
9.099999999999984 -0.02793115779329611
9.199999999999983 -0.0279516324771674
9.299999999999983 -0.02798680750835971
9.399999999999983 -0.02803051813629405
9.499999999999982 -0.02805882087920223
9.599999999999982 -0.02804863153865542
9.699999999999982 -0.02800886979139678
9.799999999999981 -0.02796750379704217
9.899999999999981 -0.02793975737762867
9.99999999999998 -0.02792529176693716
10.09999999999998 -0.02791896040732612
10.19999999999998 -0.02791657530027768
10.29999999999998 -0.02791582850325815
10.39999999999998 -0.02791585454523293
10.49999999999998 -0.02791691563892372
10.59999999999998 -0.02792054115784774
10.69999999999998 -0.02793006455249016
10.79999999999998 -0.02795083070933724
10.89999999999998 -0.02798739058682537
10.99999999999998 -0.02803370896002468
11.09999999999998 -0.02806405998102263
11.19999999999998 -0.0280530595157345
11.29999999999998 -0.02801060831487517
11.39999999999998 -0.02796718201861956
11.49999999999998 -0.0279386553243865
11.59999999999997 -0.02792412324455894
11.69999999999997 -0.02791792944226277
11.79999999999997 -0.02791568032947499
11.89999999999997 -0.02791505077214132
11.99999999999997 -0.02791527238761513
12.09999999999997 -0.02791683936870456
12.19999999999997 -0.02792174049505632
12.29999999999997 -0.02793405908341376
12.39999999999997 -0.0279597678469717
12.49999999999997 -0.02800204504591713
12.59999999999997 -0.02804895568618727
12.69999999999997 -0.02806925563399617
12.79999999999997 -0.02804471980451653
12.89999999999997 -0.02799703939434596
12.99999999999997 -0.02795630621815957
13.09999999999997 -0.02793227211781761
13.19999999999997 -0.0279210066421756
13.29999999999997 -0.02791663253520263
13.39999999999997 -0.02791530224646763
13.49999999999997 -0.02791519748186966
13.59999999999997 -0.02791593164798747
13.69999999999997 -0.02791835419806645
13.79999999999997 -0.02792486397232827
13.89999999999997 -0.0279398842625761
13.99999999999997 -0.02796889218464339
14.09999999999997 -0.02801216076887043
14.19999999999997 -0.02805311163814848
14.29999999999997 -0.02806202569661137
14.39999999999996 -0.02803091809523352
14.49999999999996 -0.02798536467365689
14.59999999999996 -0.02794986740496555
14.69999999999996 -0.027929786854161
14.79999999999996 -0.02792057290460251
14.89999999999996 -0.02791704563758358
14.99999999999996 -0.02791598932520141
15.09999999999996 -0.0279159305559351
15.19999999999996 -0.0279166248365939
15.29999999999996 -0.02791893312074024
15.39999999999996 -0.02792514420383587
15.49999999999996 -0.02793942514233125
15.59999999999996 -0.02796694694498792
15.69999999999996 -0.02800821243506041
15.79999999999996 -0.02804827049726361
15.89999999999996 -0.02805909841429128
15.99999999999996 -0.02803122730878104
16.09999999999996 -0.02798747868125672
16.19999999999996 -0.027952048087296
16.29999999999996 -0.02793134288829173
16.39999999999996 -0.02792149202664235
16.49999999999996 -0.02791749155009789
16.59999999999997 -0.02791609898940346
16.69999999999997 -0.02791577808468835
16.79999999999997 -0.02791623818798933
16.89999999999997 -0.02791833382381357
16.99999999999997 -0.02792443035463525
17.09999999999997 -0.02793894045502707
17.19999999999997 -0.02796749590287278
17.29999999999998 -0.02801087189613991
17.39999999999998 -0.02805301355993159
17.49999999999998 -0.02806356718581002
17.59999999999998 -0.0280330595678427
17.69999999999998 -0.02798692794170336
17.79999999999998 -0.02795059189258223
17.89999999999998 -0.02792990894231157
17.99999999999999 -0.02792032942303457
18.09999999999999 -0.02791656051807737
18.19999999999999 -0.0279153226586901
18.29999999999999 -0.02791516164685868
18.39999999999999 -0.02791597287806247
18.49999999999999 -0.02791897428490288
18.59999999999999 -0.0279271779231904
18.7 -0.02794581508730803
18.8 -0.02798037838957971
18.9 -0.02802774896143954
19 -0.02806440507995753
19.1 -0.02806051107730894
19.2 -0.02801963994078797
19.3 -0.02797337315011864
19.40000000000001 -0.02794166321303727
19.50000000000001 -0.02792522753639613
19.60000000000001 -0.02791823337150134
19.70000000000001 -0.02791578982059714
19.80000000000001 -0.02791521659450022
19.90000000000001 -0.02791550918945342
20.00000000000001 -0.02791691649383994
20.10000000000002 -0.02792102378764287
20.20000000000002 -0.02793124101862572
20.30000000000002 -0.02795287139280877
20.40000000000002 -0.02798997336101274
20.50000000000002 -0.02803541471503424
20.60000000000002 -0.02806311275347287
20.70000000000002 -0.0280497776272541
20.80000000000003 -0.02800722930506843
20.90000000000003 -0.02796508190484802
21.00000000000003 -0.02793779276854536
21.10000000000003 -0.02792403261712386
21.20000000000003 -0.02791826739875027
21.30000000000003 -0.02791627457269606
21.40000000000003 -0.0279158079572666
21.50000000000004 -0.02791606379461523
21.60000000000004 -0.02791733991931557
21.70000000000004 -0.02792115301457061
21.80000000000004 -0.02793072020614247
21.90000000000004 -0.02795107857122104
22.00000000000004 -0.02798633643763362
22.10000000000004 -0.02803057718820284
22.20000000000005 -0.02805973196967079
22.30000000000005 -0.02804999640220518
22.40000000000005 -0.02800995130395885
22.50000000000005 -0.02796803399168404
22.60000000000005 -0.02793989104034477
22.70000000000005 -0.02792523725274561
22.80000000000005 -0.02791884145705988
22.90000000000006 -0.02791644461646953
23.00000000000006 -0.0279157038155661
23.10000000000006 -0.02791574307744627
23.20000000000006 -0.02791683067674612
23.30000000000006 -0.0279205197404075
23.40000000000006 -0.02793019071249325
23.50000000000006 -0.02795124592136074
23.60000000000007 -0.02798820901936811
23.70000000000007 -0.02803473982506687
23.80000000000007 -0.02806466097426345
23.90000000000007 -0.0280527997061524
24.00000000000007 -0.02800985141477549
24.10000000000007 -0.02796648142681825
24.20000000000007 -0.02793821766434496
24.30000000000008 -0.0279239114406426
24.40000000000008 -0.02791785872981078
24.50000000000008 -0.02791569399321832
24.60000000000008 -0.02791513162121928
24.70000000000008 -0.02791544423909457
24.80000000000008 -0.02791717759473467
24.90000000000008 -0.027922390523482
25.00000000000009 -0.02793522845951098
25.10000000000009 -0.02796157242096804
25.20000000000009 -0.02800403771364494
25.30000000000009 -0.02804972538646103
25.40000000000009 -0.02806760881589446
25.50000000000009 -0.02804162871871788
25.60000000000009 -0.02799443016834876
25.7000000000001 -0.02795489429973539
25.8000000000001 -0.02793176322673089
25.9000000000001 -0.0279209608868484
26.0000000000001 -0.02791677458136749
26.1000000000001 -0.02791550781365768
26.2000000000001 -0.02791543042389703
26.3000000000001 -0.02791620573710001
26.40000000000011 -0.02791871875438735
26.50000000000011 -0.02792539577970337
26.60000000000011 -0.02794064981985216
26.70000000000011 -0.02796981320004888
26.80000000000011 -0.02801278354026775
26.90000000000011 -0.02805270097449217
27.00000000000011 -0.02806047802157903
27.10000000000012 -0.02802917141630989
27.20000000000012 -0.02798423242882949
27.30000000000012 -0.02794939503830084
27.40000000000012 -0.0279296921975437
27.50000000000012 -0.0279206233968241
27.60000000000012 -0.02791712072035998
27.70000000000012 -0.02791603843766188
27.80000000000013 -0.0279159344349027
27.90000000000013 -0.02791657605187856
28.00000000000013 -0.02791883149214387
28.10000000000013 -0.02792500656368443
28.20000000000013 -0.02793931519925748
28.30000000000013 -0.02796701976046645
28.40000000000013 -0.02800869443007353
28.50000000000014 -0.02804921366253754
28.60000000000014 -0.02806009875132109
28.70000000000014 -0.02803177971759119
28.80000000000014 -0.02798753013926088
28.90000000000014 -0.02795184135858975
29.00000000000014 -0.02793107257769402
29.10000000000014 -0.02792123302037686
29.20000000000014 -0.02791725212431067
29.30000000000015 -0.02791586529001681
29.40000000000015 -0.02791553490098983
29.50000000000015 -0.02791598142446942
29.60000000000015 -0.0279180899502242
29.70000000000015 -0.02792429763924893
29.80000000000015 -0.02793915684380389
29.90000000000015 -0.02796846478067222
30.00000000000016 -0.02801288417226514
30.10000000000016 -0.02805550966204763
30.20000000000016 -0.02806509752812599
30.30000000000016 -0.02803295606392284
30.40000000000016 -0.02798592772393546
30.50000000000016 -0.02794955162266382
30.60000000000016 -0.02792914842970865
30.70000000000017 -0.02791983967059485
30.80000000000017 -0.02791625398084412
30.90000000000017 -0.02791512964150116
31.00000000000017 -0.02791505045696201
31.10000000000017 -0.02791595492977603
31.20000000000017 -0.02791911695839793
31.30000000000017 -0.02792762450346644
31.40000000000018 -0.02794676854383662
31.50000000000018 -0.02798191306652392
31.60000000000018 -0.02802934894016972
31.70000000000018 -0.02806488037776449
31.80000000000018 -0.0280593381834714
31.90000000000018 -0.02801781027082211
32.00000000000018 -0.02797196550812731
32.10000000000019 -0.02794091974178512
32.20000000000019 -0.0279249500282396
32.30000000000019 -0.02791820391429318
32.40000000000019 -0.02791588025788162
32.50000000000019 -0.02791537192361408
32.60000000000019 -0.02791571741164597
32.70000000000019 -0.0279171878694392
32.8000000000002 -0.02792137163387154
32.9000000000002 -0.02793164356041824
33.0000000000002 -0.02795318822742619
33.1000000000002 -0.02798984621448888
33.2000000000002 -0.02803440628890334
33.3000000000002 -0.02806134603834288
33.4000000000002 -0.02804817691814203
33.50000000000021 -0.02800647796816533
33.60000000000021 -0.02796504793939581
33.70000000000021 -0.02793807331755641
33.80000000000021 -0.02792436995593855
33.90000000000021 -0.02791856586710558
34.00000000000021 -0.02791651841082116
34.10000000000021 -0.02791600859032196
34.20000000000022 -0.0279162386687213
34.30000000000022 -0.02791750588423225
34.40000000000022 -0.02792132291935568
34.50000000000022 -0.0279308942628219
34.60000000000022 -0.02795122140301472
34.70000000000022 -0.02798634344245372
34.80000000000022 -0.02803029753781844
34.90000000000023 -0.02805915300931838
35.00000000000023 -0.02804938239492896
35.10000000000023 -0.02800957226952434
35.20000000000023 -0.02796790853905078
35.30000000000023 -0.02793990186990021
35.40000000000023 -0.02792528491561067
35.50000000000023 -0.02791887599903106
35.60000000000024 -0.0279164481070372
35.70000000000024 -0.02791567598207702
35.80000000000024 -0.02791570046027907
35.90000000000024 -0.02791682115182312
36.00000000000024 -0.02792065732509567
36.10000000000024 -0.02793070946962373
36.20000000000024 -0.02795251512034506
36.30000000000025 -0.02799049013543074
36.40000000000025 -0.02803746460440733
36.50000000000025 -0.02806614964191787
36.60000000000025 -0.02805205250804732
36.70000000000025 -0.02800788027258882
36.80000000000025 -0.02796466047286482
36.90000000000025 -0.02793702226099846
37.00000000000026 -0.02792323310006713
37.10000000000026 -0.02791748186190868
37.20000000000026 -0.02791546426264337
37.30000000000026 -0.02791497003304195
37.40000000000026 -0.02791533498624142
37.50000000000026 -0.02791717315077796
37.60000000000026 -0.02792264474463753
37.70000000000027 -0.02793604043157555
37.80000000000027 -0.0279633263300019
37.90000000000027 -0.02800675106156982
38.00000000000027 -0.02805225584829728
38.10000000000027 -0.02806814889015508
38.20000000000027 -0.02804003300948942
38.30000000000027 -0.02799225804407281
38.40000000000028 -0.02795326347007673
38.50000000000028 -0.02793082356161118
38.60000000000028 -0.02792048934629809
38.70000000000028 -0.02791655428946586
38.80000000000028 -0.02791540664856534
38.90000000000028 -0.02791538106784914
39.00000000000028 -0.02791617752611707
39.10000000000029 -0.02791869891178101
39.20000000000029 -0.02792537734591048
39.30000000000029 -0.02794062115771188
39.40000000000029 -0.02796974937280966
39.50000000000029 -0.02801265831201754
39.60000000000029 -0.02805254348176518
39.70000000000029 -0.02806039501926557
39.8000000000003 -0.02802922281903976
39.9000000000003 -0.02798436130986167
40.0000000000003 -0.02794952556350312
40.1000000000003 -0.02792979336551847
40.2000000000003 -0.02792069587632932
40.3000000000003 -0.02791717410535609
40.4000000000003 -0.02791608082700202
40.50000000000031 -0.0279159689826425
40.60000000000031 -0.02791659823591303
40.70000000000031 -0.02791882341512176
40.80000000000031 -0.02792492637705798
40.90000000000031 -0.02793908635893482
41.00000000000031 -0.02796654965161801
41.10000000000031 -0.02800798798329172
41.20000000000032 -0.02804854821071648
41.30000000000032 -0.02805988524406176
41.40000000000032 -0.02803206074018122
41.50000000000032 -0.02798798528602581
41.60000000000032 -0.02795222311629424
41.70000000000032 -0.02793132545057709
41.80000000000032 -0.02792138712281141
41.90000000000033 -0.0279173474905954
42.00000000000033 -0.02791593386809073
42.10000000000033 -0.02791560672268782
42.20000000000033 -0.02791609949990351
42.30000000000033 -0.02791833266641951
42.40000000000033 -0.02792480671876119
42.50000000000033 -0.0279401398567014
42.60000000000034 -0.02797005534282441
42.70000000000034 -0.02801470122801194
42.80000000000034 -0.02805633340980376
42.90000000000034 -0.0280639800310573
43.00000000000034 -0.02803070230331434
43.10000000000034 -0.02798396851019512
43.20000000000034 -0.02794841247508805
43.30000000000035 -0.02792865033651192
43.40000000000035 -0.0279196885681148
43.50000000000035 -0.02791625646993653
43.60000000000035 -0.02791519704336635
43.70000000000035 -0.02791516896320971
43.80000000000035 -0.02791617642955241
43.90000000000035 -0.027919577189853
44.00000000000036 -0.02792857243013605
44.10000000000036 -0.02794852457536503
44.20000000000036 -0.02798452859185989
44.30000000000036 -0.02803185544374601
44.40000000000036 -0.02806531836384732
44.50000000000036 -0.0280570793334467
44.60000000000036 -0.02801464870226431
44.70000000000037 -0.02796960835826478
44.80000000000037 -0.0279396625228814
44.90000000000037 -0.02792442230985792
45.00000000000037 -0.02791803558033555
45.10000000000037 -0.0279158536451882
45.20000000000037 -0.02791538429917189
45.30000000000037 -0.02791573044595211
45.40000000000038 -0.02791720058069981
45.50000000000038 -0.02792141467278835
45.60000000000038 -0.02793178696505994
45.70000000000038 -0.02795354150078636
45.80000000000038 -0.02799048991903245
45.90000000000038 -0.02803520218744777
46.00000000000038 -0.02806186570955637
46.10000000000039 -0.02804814202651762
46.20000000000039 -0.02800609550065056
46.30000000000039 -0.02796464025674095
46.40000000000039 -0.02793777121279148
46.50000000000039 -0.02792416537888138
46.60000000000039 -0.02791841624844803
46.70000000000039 -0.02791638659841596
46.8000000000004 -0.02791586625690363
46.9000000000004 -0.02791606046711974
47.0000000000004 -0.0279172642629351
47.1000000000004 -0.02792098926199747
47.2000000000004 -0.02793045906849571
47.3000000000004 -0.02795075906504438
47.4000000000004 -0.02798612384638772
47.50000000000041 -0.02803076892875154
47.60000000000041 -0.02806045721885093
47.70000000000041 -0.02805089019982924
47.80000000000041 -0.02801054390223695
47.90000000000041 -0.02796823840444938
48.00000000000041 -0.02793985976701004
48.10000000000041 -0.02792510802274061
48.20000000000041 -0.02791867845086044
48.30000000000042 -0.027916267479026
48.40000000000042 -0.02791552026252138
48.50000000000042 -0.0279155752249438
48.60000000000042 -0.02791674869994283
48.70000000000042 -0.02792069972114877
48.80000000000042 -0.02793099747563028
48.90000000000042 -0.02795324656977849
49.00000000000043 -0.02799176912812295
49.10000000000043 -0.02803888702774712
49.20000000000043 -0.02806673962193898
49.30000000000043 -0.0280513764248985
49.40000000000043 -0.02800664664868164
49.50000000000043 -0.02796364536906248
49.60000000000043 -0.02793643449573349
49.70000000000044 -0.02792297029743142
49.80000000000044 -0.02791740895497329
49.90000000000044 -0.02791549867179524
50.00000000000044 -0.02791508401519861
