0 -0.02806816500052849
0.1 -0.02806819432050065
0.2 -0.02806835023322941
0.3 -0.02806859928641685
0.4 -0.02806880750042834
0.5 -0.0280689278114216
0.6 -0.02806898268634035
0.7 -0.02806900299941173
0.7999999999999999 -0.02806900701936795
0.8999999999999999 -0.02806899929690625
0.9999999999999999 -0.02806897144267518
1.1 -0.02806890100869108
1.2 -0.02806875576777177
1.3 -0.02806852579482239
1.4 -0.02806828938450853
1.5 -0.02806817685846168
1.6 -0.02806816650936968
1.7 -0.02806822378967249
1.8 -0.02806841973342791
1.900000000000001 -0.02806866847370417
2 -0.02806885133493916
2.100000000000001 -0.02806894906751637
2.200000000000001 -0.02806899111205471
2.300000000000001 -0.02806900542626694
2.400000000000001 -0.02806900611918534
2.500000000000001 -0.02806899398820994
2.600000000000001 -0.02806895666741534
2.700000000000001 -0.02806886773658537
2.800000000000001 -0.02806869616471901
2.900000000000001 -0.02806845105268303
3.000000000000001 -0.02806824048994557
3.100000000000001 -0.02806816828568488
3.200000000000002 -0.02806817230581061
3.300000000000002 -0.02806826688533687
3.400000000000002 -0.02806849380969191
3.500000000000002 -0.02806873125403456
3.600000000000002 -0.02806888764824638
3.700000000000002 -0.02806896561465252
3.800000000000002 -0.02806899725161324
3.900000000000002 -0.02806900674984919
4.000000000000002 -0.02806900417936196
4.100000000000001 -0.02806898659911276
4.200000000000001 -0.02806893752648973
4.300000000000001 -0.02806882718473973
4.4 -0.02806862950824831
4.5 -0.02806837906304509
4.6 -0.02806820525618815
4.699999999999999 -0.0280681652196498
4.799999999999999 -0.02806818551159327
4.899999999999999 -0.02806832293784546
4.999999999999998 -0.02806856826335059
5.099999999999998 -0.02806878638640625
5.199999999999998 -0.0280689170960341
5.299999999999997 -0.02806897825967204
5.399999999999997 -0.0280690015770293
5.499999999999996 -0.02806900711079634
5.599999999999996 -0.02806900103753339
5.699999999999996 -0.02806897662278314
5.799999999999995 -0.02806891319588053
5.899999999999995 -0.02806877885835052
5.999999999999995 -0.02806855756731719
6.099999999999994 -0.02806831410248622
6.199999999999994 -0.02806818303509986
6.299999999999994 -0.02806816546449523
6.399999999999993 -0.02806820955635934
6.499999999999993 -0.02806838919993587
6.599999999999993 -0.02806863956548786
6.699999999999992 -0.02806883353215582
6.799999999999992 -0.02806894059012897
6.899999999999991 -0.02806898780376209
6.999999999999991 -0.02806900451749877
7.099999999999991 -0.02806900660751994
7.19999999999999 -0.02806899647013997
7.29999999999999 -0.02806896345938096
7.39999999999999 -0.02806888280949693
7.499999999999989 -0.02806872259600695
7.599999999999989 -0.02806848296211716
7.699999999999989 -0.02806825982663681
7.799999999999988 -0.02806817112926958
7.899999999999988 -0.02806816915211036
7.999999999999988 -0.02806824678248404
8.099999999999987 -0.02806846183076684
8.199999999999987 -0.02806870526796583
8.299999999999986 -0.02806887299106679
8.399999999999986 -0.02806895906343457
8.499999999999986 -0.02806899488557262
8.599999999999985 -0.02806900632589483
8.699999999999985 -0.02806900516409306
8.799999999999985 -0.02806899006076314
8.899999999999984 -0.02806894630845259
8.999999999999984 -0.02806884545744513
9.099999999999984 -0.02806865877954806
9.199999999999983 -0.0280684092342187
9.299999999999983 -0.02806821864935422
9.399999999999983 -0.02806816605664301
9.499999999999982 -0.02806817874796655
9.599999999999982 -0.02806829755126812
9.699999999999982 -0.0280685366533852
9.799999999999981 -0.02806876380840831
9.899999999999981 -0.02806890531220796
9.99999999999998 -0.02806897330426146
10.09999999999998 -0.02806899994988194
10.19999999999998 -0.02806900709638075
10.29999999999998 -0.02806900256703105
10.39999999999998 -0.02806898125813756
10.49999999999998 -0.02806892428692393
10.59999999999998 -0.02806880045945059
10.69999999999998 -0.02806858875875638
10.79999999999998 -0.02806834068764032
10.89999999999998 -0.02806819104331391
10.99999999999998 -0.02806816499647728
11.09999999999998 -0.02806819778592662
11.19999999999998 -0.02806835992169201
11.29999999999998 -0.02806860972174575
11.39999999999998 -0.02806881439308554
11.49999999999998 -0.02806893123634398
11.59999999999997 -0.02806898406437107
11.69999999999997 -0.02806900340693255
11.79999999999997 -0.02806900692161463
11.89999999999997 -0.02806899860803252
11.99999999999997 -0.02806896950704706
12.09999999999997 -0.0280688965723506
12.19999999999997 -0.0280687475649654
12.29999999999997 -0.02806851490991395
12.39999999999997 -0.02806828147040803
12.49999999999997 -0.02806817515253902
12.59999999999997 -0.02806816703162593
12.69999999999997 -0.0280682291953756
12.79999999999997 -0.02806843031138722
12.89999999999997 -0.02806867801972579
12.99999999999997 -0.0280688570412059
13.09999999999997 -0.02806895171232616
13.19999999999997 -0.02806899209777912
13.29999999999997 -0.02806900564597286
13.39999999999997 -0.02806900587001764
13.49999999999997 -0.02806899302620885
13.59999999999997 -0.02806895416177974
13.69999999999997 -0.02806886232301142
13.79999999999997 -0.02806868693514795
13.89999999999997 -0.02806844039747849
13.99999999999997 -0.02806823457444203
14.09999999999997 -0.02806816759890541
14.19999999999997 -0.02806817368333663
14.29999999999997 -0.02806827422813152
14.39999999999996 -0.02806850462517729
14.49999999999996 -0.02806873969775015
14.59999999999996 -0.0280688923044066
14.69999999999996 -0.02806896766979838
14.79999999999996 -0.02806899799191033
14.89999999999996 -0.02806900687753486
14.99999999999996 -0.02806900382509985
15.09999999999996 -0.0280689853496982
15.19999999999996 -0.02806893436386081
15.29999999999996 -0.02806882068971291
15.39999999999996 -0.02806861937227758
15.49999999999996 -0.0280683691275667
15.59999999999996 -0.0280682012785605
15.69999999999996 -0.02806816507031199
15.79999999999996 -0.02806818824904855
15.89999999999996 -0.02806833199632108
15.99999999999996 -0.02806857887609794
16.09999999999996 -0.02806879373809925
16.19999999999996 -0.02806892088396011
16.29999999999996 -0.02806897986197124
16.39999999999996 -0.02806900212851797
16.49999999999996 -0.02806900713801152
16.59999999999997 -0.02806900051200901
16.69999999999997 -0.02806897495413499
16.79999999999997 -0.02806890918379255
16.89999999999997 -0.0280687711443265
16.99999999999997 -0.02806854675609841
17.09999999999997 -0.0280683054200075
17.19999999999997 -0.02806818072355641
17.29999999999998 -0.0280681657509195
17.39999999999998 -0.02806821415237735
17.49999999999998 -0.02806839953318484
17.59999999999998 -0.02806864957709912
17.69999999999998 -0.02806883977542559
17.79999999999998 -0.02806894358565649
17.89999999999998 -0.02806898897841312
17.99999999999999 -0.02806900484345649
18.09999999999999 -0.02806900645043675
18.19999999999999 -0.02806899564885451
18.29999999999999 -0.02806896120921098
18.39999999999999 -0.02806887779297575
18.49999999999999 -0.02806871371321086
18.59999999999999 -0.02806847203513705
18.7 -0.02806825296000192
18.8 -0.0280681700535732
18.9 -0.02806817012276009
19 -0.02806825338649551
19.1 -0.02806847271636995
19.2 -0.02806871426959449
19.3 -0.02806887810662438
19.40000000000001 -0.02806896134689862
19.50000000000001 -0.02806899569467582
19.60000000000001 -0.02806900645394302
19.70000000000001 -0.0280690048185756
19.80000000000001 -0.02806898890583257
19.90000000000001 -0.02806894340858666
20.00000000000001 -0.02806883940559837
20.10000000000002 -0.02806864897078269
20.20000000000002 -0.02806839887918514
20.30000000000002 -0.02806821382509552
20.40000000000002 -0.02806816569641898
20.50000000000002 -0.02806818082467655
20.60000000000002 -0.02806830591560637
20.70000000000002 -0.02806854740916792
20.80000000000003 -0.02806877162198357
20.90000000000003 -0.02806890943216398
21.00000000000003 -0.02806897505115064
21.10000000000003 -0.02806900053278218
21.20000000000003 -0.02806900712252298
21.30000000000003 -0.02806900208318769
21.40000000000003 -0.02806897976020491
21.50000000000004 -0.02806892066243076
21.60000000000004 -0.0280687933148851
21.70000000000004 -0.02806857825818185
21.80000000000004 -0.02806833145218626
21.90000000000004 -0.02806818806795007
22.00000000000004 -0.02806816505755697
22.10000000000004 -0.02806820147411167
22.20000000000005 -0.02806836968098961
22.30000000000005 -0.02806861995731779
22.40000000000005 -0.02806882106810622
22.50000000000005 -0.02806893454472002
22.60000000000005 -0.02806898541474236
22.70000000000005 -0.02806900383531697
22.80000000000005 -0.02806900685896345
22.90000000000006 -0.02806899793906962
23.00000000000006 -0.02806896754483748
23.10000000000006 -0.02806889203722971
23.20000000000006 -0.02806873922483885
23.30000000000006 -0.02806850402881028
23.40000000000006 -0.02806827383590303
23.50000000000006 -0.02806817362901966
23.60000000000007 -0.02806816764984599
23.70000000000007 -0.02806823490653768
23.80000000000007 -0.02806844099229375
23.90000000000007 -0.02806868744968001
24.00000000000007 -0.02806886262580948
24.10000000000007 -0.02806895430598378
24.20000000000007 -0.0280689930883443
24.30000000000008 -0.02806900589506391
24.40000000000008 -0.02806900564515007
24.50000000000008 -0.02806899205138192
24.60000000000008 -0.02806895156695392
24.70000000000008 -0.02806885671611693
24.80000000000008 -0.0280686774741766
24.90000000000008 -0.02806842971392803
25.00000000000009 -0.02806822890488436
25.10000000000009 -0.02806816702584793
25.20000000000009 -0.02806817527445998
25.30000000000009 -0.02806828194754811
25.40000000000009 -0.02806851555255049
25.50000000000009 -0.02806874805023913
25.60000000000009 -0.0280688968436704
25.7000000000001 -0.02806896963975312
25.8000000000001 -0.02806899867337177
25.9000000000001 -0.02806900695474008
26.0000000000001 -0.02806900340913557
26.1000000000001 -0.02806898400360057
26.2000000000001 -0.02806893104284785
26.3000000000001 -0.02806881397551496
26.40000000000011 -0.02806860907180608
26.50000000000011 -0.02806835930453969
26.60000000000011 -0.02806819755415092
26.70000000000011 -0.02806816499487361
26.80000000000011 -0.02806819125360746
26.90000000000011 -0.02806834129610194
27.00000000000011 -0.0280685894342826
27.10000000000012 -0.02806880091629997
27.20000000000012 -0.0280689245201428
27.30000000000012 -0.02806898135659979
27.40000000000012 -0.02806900260052048
27.50000000000012 -0.02806900709630609
27.60000000000012 -0.02806899991291544
27.70000000000012 -0.02806897319125516
27.80000000000013 -0.02806890504490344
27.90000000000013 -0.02806876330036935
28.00000000000013 -0.02806853595103071
28.10000000000013 -0.02806829699749392
28.20000000000013 -0.02806817859576329
28.30000000000013 -0.02806816606807837
28.40000000000013 -0.02806821895715228
28.50000000000014 -0.02806840989484388
28.60000000000014 -0.02806865939903563
28.70000000000014 -0.0280688458290399
28.80000000000014 -0.02806894647039104
28.90000000000014 -0.02806899010447531
29.00000000000014 -0.02806900515229621
29.10000000000014 -0.0280690062840323
29.20000000000014 -0.02806899480593361
29.30000000000015 -0.02806895890336489
29.40000000000015 -0.0280688726738935
29.50000000000015 -0.02806870473220704
29.60000000000015 -0.02806846119009664
29.70000000000015 -0.02806824639192744
29.80000000000015 -0.02806816908478338
29.90000000000015 -0.02806817117565728
30.00000000000016 -0.02806826020712103
30.10000000000016 -0.02806848357789838
30.20000000000016 -0.02806872309369566
30.30000000000016 -0.02806888308171204
30.40000000000016 -0.02806896356888534
30.50000000000016 -0.02806899649521962
30.60000000000016 -0.02806900659430342
30.70000000000017 -0.02806900447901019
30.80000000000017 -0.02806898772241162
30.90000000000017 -0.02806894041490286
31.00000000000017 -0.02806883318727783
31.10000000000017 -0.02806863902529029
31.20000000000017 -0.0280683886541271
31.30000000000017 -0.02806820932438282
31.40000000000018 -0.02806816544927562
31.50000000000018 -0.02806818315140147
31.60000000000018 -0.02806831456292241
31.70000000000018 -0.02806855814335979
31.80000000000018 -0.0280687792733542
31.90000000000018 -0.02806891341972481
32.00000000000018 -0.02806897672741676
32.10000000000019 -0.02806900108511357
32.20000000000019 -0.02806900713024153
32.30000000000019 -0.02806900156614824
32.40000000000019 -0.02806897818460618
32.50000000000019 -0.02806891688833652
32.60000000000019 -0.02806878596722441
32.70000000000019 -0.02806856766047079
32.8000000000002 -0.02806832244253036
32.9000000000002 -0.02806818538295475
33.0000000000002 -0.02806816524374447
33.1000000000002 -0.02806820550952004
33.2000000000002 -0.02806837965580558
33.3000000000002 -0.02806863010085881
33.4000000000002 -0.02806882756857851
33.50000000000021 -0.02806893772695471
33.60000000000021 -0.02806898669732407
33.70000000000021 -0.02806900422997884
33.80000000000021 -0.02806900677151647
33.90000000000021 -0.02806899723015879
34.00000000000021 -0.02806896550050274
34.10000000000021 -0.02806888735683137
34.20000000000022 -0.02806873071437204
34.30000000000022 -0.02806849312829013
34.40000000000022 -0.02806826644437376
34.50000000000022 -0.02806817224413617
34.60000000000022 -0.02806816836186329
34.70000000000022 -0.02806824091008529
34.80000000000022 -0.02806845175066397
34.90000000000023 -0.02806869674865931
35.00000000000023 -0.0280688680719614
35.10000000000023 -0.02806895682007713
35.20000000000023 -0.02806899404542492
35.30000000000023 -0.02806900613207871
35.40000000000023 -0.0280690054085862
35.50000000000023 -0.02806899104354588
35.60000000000024 -0.02806894889066409
35.70000000000024 -0.02806885096125016
35.80000000000024 -0.02806866785723487
35.90000000000024 -0.02806841905795686
36.00000000000024 -0.02806822344715395
36.10000000000024 -0.0280681664777539
36.20000000000024 -0.0280681769818659
36.30000000000025 -0.02806828990027962
36.40000000000025 -0.02806852648085099
36.50000000000025 -0.02806875627191589
36.60000000000025 -0.02806890126888699
36.70000000000025 -0.0280689715414073
36.80000000000025 -0.02806899931493447
36.90000000000025 -0.02806900700021059
37.00000000000026 -0.02806900295176802
37.10000000000026 -0.0280689825858316
37.20000000000026 -0.02806892759675857
37.30000000000026 -0.0280688070872037
37.40000000000026 -0.02806859866418231
37.50000000000026 -0.02806834964622006
37.60000000000026 -0.0280681940904826
37.70000000000027 -0.02806816497230775
37.80000000000027 -0.02806819448667458
37.90000000000027 -0.0280683507734563
38.00000000000027 -0.02806859989391846
38.10000000000027 -0.02806880790816644
38.20000000000027 -0.02806892801129431
38.30000000000027 -0.02806898275954296
38.40000000000028 -0.02806900301169475
38.50000000000028 -0.02806900700190021
38.60000000000028 -0.02806899924907127
38.70000000000028 -0.02806897133108565
38.80000000000028 -0.02806890076444764
38.90000000000028 -0.02806875531566191
39.00000000000028 -0.02806852518268892
39.10000000000029 -0.02806828892091734
39.20000000000029 -0.02806817674011305
39.30000000000029 -0.02806816650976822
39.40000000000029 -0.02806822405427345
39.50000000000029 -0.02806842031011194
39.60000000000029 -0.02806866901564777
39.70000000000029 -0.02806885166855109
39.8000000000003 -0.02806894922835604
39.9000000000003 -0.02806899117756081
40.0000000000003 -0.02806900544718674
40.1000000000003 -0.02806900611258665
40.2000000000003 -0.02806899393997437
40.3000000000003 -0.02806895652957936
40.4000000000003 -0.02806886743085087
40.50000000000031 -0.02806869564023366
40.60000000000031 -0.02806845044990663
40.70000000000031 -0.0280682401661911
40.80000000000031 -0.02806816826431366
40.90000000000031 -0.02806817239335166
41.00000000000031 -0.02806826731173842
41.10000000000031 -0.02806849443722017
41.20000000000032 -0.02806873174506442
41.30000000000032 -0.02806888792284937
41.40000000000032 -0.02806896574286203
41.50000000000032 -0.02806899730709486
41.60000000000032 -0.02806900677103629
41.70000000000032 -0.02806900417076743
41.80000000000032 -0.02806898653310084
41.90000000000033 -0.02806893734032049
42.00000000000033 -0.02806882679489925
42.10000000000033 -0.02806862890343172
42.20000000000033 -0.02806837848254286
42.30000000000033 -0.02806820504494897
42.40000000000033 -0.02806816524344877
42.50000000000033 -0.02806818570934996
42.60000000000034 -0.02806832350618565
42.70000000000034 -0.02806856891014456
42.80000000000034 -0.02806878682929585
42.90000000000034 -0.02806891732536665
43.00000000000034 -0.02806897836152459
43.10000000000034 -0.02806900161909384
43.20000000000034 -0.0280690071228417
43.30000000000035 -0.02806900101562773
43.40000000000035 -0.028068976529018
43.50000000000035 -0.02806891295536097
43.60000000000035 -0.02806877838631974
43.70000000000035 -0.02806855689767795
43.80000000000035 -0.02806831355375957
43.90000000000035 -0.02806818288088272
44.00000000000036 -0.02806816548509994
44.10000000000036 -0.02806820984561348
44.20000000000036 -0.02806838984551704
44.30000000000036 -0.0280686401939929
44.40000000000036 -0.02806883392639984
44.50000000000036 -0.02806894078026213
44.60000000000036 -0.02806898787840763
44.70000000000037 -0.02806900453811717
44.80000000000037 -0.02806900659843219
44.90000000000037 -0.02806899642215019
45.00000000000037 -0.02806896332713402
45.10000000000037 -0.02806888251007865
45.20000000000037 -0.02806872205362838
45.30000000000037 -0.02806848227074881
45.40000000000038 -0.02806825935743087
45.50000000000038 -0.02806817102230783
45.60000000000038 -0.02806816917943165
45.70000000000038 -0.02806824715773914
45.80000000000038 -0.02806846249452562
45.90000000000038 -0.02806870583254614
46.00000000000038 -0.02806887331356966
46.10000000000039 -0.02806895920134971
46.20000000000039 -0.02806899492389886
46.30000000000039 -0.02806900631763068
46.40000000000039 -0.02806900512679233
46.50000000000039 -0.02806898997918325
46.60000000000039 -0.02806894613117609
46.70000000000039 -0.02806884510224875
46.8000000000004 -0.02806865820330391
46.9000000000004 -0.02806840861119926
47.0000000000004 -0.02806821834004356
47.1000000000004 -0.02806816601548769
47.2000000000004 -0.02806817883834091
47.3000000000004 -0.02806829801128163
47.4000000000004 -0.02806853727439594
47.50000000000041 -0.0280687642653038
47.60000000000041 -0.02806890554839073
47.70000000000041 -0.02806897339479321
47.80000000000041 -0.02806899996777466
47.90000000000041 -0.02806900708011906
48.00000000000041 -0.02806900252242205
48.10000000000041 -0.02806898115965342
48.20000000000041 -0.02806892407530501
48.30000000000042 -0.02806880006002212
48.40000000000042 -0.02806858818207878
48.50000000000042 -0.02806834018860936
48.60000000000042 -0.02806819089609693
48.70000000000042 -0.02806816501176557
48.80000000000042 -0.02806819798676179
48.90000000000042 -0.02806836045533587
49.00000000000043 -0.02806861028456295
49.10000000000043 -0.02806881476152016
49.20000000000043 -0.0280689314220225
49.30000000000043 -0.02806898414567406
49.40000000000043 -0.02806900344035366
49.50000000000043 -0.02806900692925635
49.60000000000043 -0.02806899858110507
49.70000000000044 -0.02806896940457296
49.80000000000044 -0.02806889632076143
49.90000000000044 -0.02806874709621091
50.00000000000044 -0.02806851430115846
