0 -0.02806816500052849
0.1 -0.02774877799046063
0.2 -0.02749063460537395
0.3 -0.02730597808761308
0.4 -0.02717721562088717
0.5 -0.02708234493975522
0.6 -0.02700574141112869
0.7 -0.02693820687197459
0.7999999999999999 -0.02687436826035052
0.8999999999999999 -0.02681038973547871
0.9999999999999999 -0.0267421628915867
1.1 -0.0266634521236343
1.2 -0.02656363703431721
1.3 -0.0264259250441523
1.4 -0.02623038967038685
1.5 -0.02596933335218526
1.6 -0.02566967279548264
1.7 -0.02538792466756135
1.8 -0.02516768886476909
1.900000000000001 -0.02501445337140697
2 -0.02491058003095546
2.100000000000001 -0.02483640355686967
2.200000000000001 -0.02477828284079649
2.300000000000001 -0.02472828445246797
2.400000000000001 -0.02468198031843067
2.500000000000001 -0.02463666786045935
2.600000000000001 -0.02459021146311664
2.700000000000001 -0.02454022278763299
2.800000000000001 -0.02448332974408628
2.900000000000001 -0.02441446688043093
3.000000000000001 -0.02432651323515753
3.100000000000001 -0.02421133675737827
3.200000000000002 -0.02406384620396906
3.300000000000002 -0.02388876972588158
3.400000000000002 -0.02370420392481935
3.500000000000002 -0.02353441715465202
3.600000000000002 -0.02339630152403369
3.700000000000002 -0.02329309231383981
3.800000000000002 -0.02321859934730968
3.900000000000002 -0.02316408026781307
4.000000000000002 -0.02312215522998379
4.100000000000001 -0.02308773391721693
4.200000000000001 -0.02305761896457822
4.300000000000001 -0.02302986173885396
4.4 -0.02300324149273808
4.5 -0.02297691098385672
4.6 -0.02295015919018438
4.699999999999999 -0.02292223514788963
4.799999999999999 -0.0228921909930598
4.899999999999999 -0.0228587208692925
4.999999999999998 -0.02282000105893499
5.099999999999998 -0.02277359180822488
5.199999999999998 -0.02271655665651445
5.299999999999997 -0.02264605875329487
5.399999999999997 -0.02256064526195111
5.499999999999996 -0.02246195009844895
5.599999999999996 -0.02235566791970874
5.699999999999996 -0.02225039758283734
5.799999999999995 -0.02215447636682289
5.899999999999995 -0.02207298616358033
5.999999999999995 -0.02200693150732091
6.099999999999994 -0.02195442776048904
6.199999999999994 -0.02191242952956059
6.299999999999994 -0.02187794646123856
6.399999999999993 -0.0218485658741458
6.499999999999993 -0.02182252594046164
6.599999999999993 -0.02179859881685606
6.699999999999992 -0.02177593263006033
6.799999999999992 -0.0217539101871476
6.899999999999991 -0.0217320348675508
6.999999999999991 -0.02170983536996897
7.099999999999991 -0.02168677537799336
7.19999999999999 -0.02166215374448168
7.29999999999999 -0.0216349839452512
7.39999999999999 -0.0216038525983023
7.499999999999989 -0.02156678670191613
7.599999999999989 -0.02152122342009235
7.699999999999989 -0.0214642756685579
7.799999999999988 -0.02139354991845604
7.899999999999988 -0.02130858792148611
7.999999999999988 -0.02121235743562999
8.099999999999987 -0.02111147928708502
8.199999999999987 -0.02101426944016344
8.299999999999986 -0.02092757715166151
8.399999999999986 -0.02085468509177119
8.499999999999986 -0.0207953909412954
8.599999999999985 -0.02074744686331284
8.699999999999985 -0.02070802548054525
8.799999999999985 -0.02067457876382667
8.899999999999984 -0.02064513018607537
8.999999999999984 -0.02061825390188967
9.099999999999984 -0.02059294048139833
9.199999999999983 -0.02056844740886547
9.299999999999983 -0.02054416460008186
9.399999999999983 -0.02051949253536725
9.499999999999982 -0.02049371806413455
9.599999999999982 -0.020465870489406
9.699999999999982 -0.02043454752882214
9.799999999999981 -0.02039772725825472
9.899999999999981 -0.0203526493813416
9.99999999999998 -0.02029597470338309
10.09999999999998 -0.02022456446879662
10.19999999999998 -0.02013711967911907
10.29999999999998 -0.02003620250853898
10.39999999999998 -0.0199290283842562
10.49999999999998 -0.01982546221329431
10.59999999999998 -0.01973403324187548
10.69999999999998 -0.01965897666472202
10.79999999999998 -0.01960012833773815
10.89999999999998 -0.01955472950919965
10.99999999999998 -0.01951931833950259
11.09999999999998 -0.01949082172202947
11.19999999999998 -0.01946690687943071
11.29999999999998 -0.01944594015675882
11.39999999999998 -0.01942681664227116
11.49999999999998 -0.0194087856302034
11.59999999999997 -0.01939131003932371
11.69999999999997 -0.01937396004760635
11.79999999999997 -0.01935632936800234
11.89999999999997 -0.01933796114384931
11.99999999999997 -0.01931827258098744
12.09999999999997 -0.0192964719483593
12.19999999999997 -0.01927147091243501
12.29999999999997 -0.01924181459652625
12.39999999999997 -0.01920568688567891
12.49999999999997 -0.01916109539299202
12.59999999999997 -0.01910636292711999
12.69999999999997 -0.01904096153592112
12.79999999999997 -0.01896643475288025
12.89999999999997 -0.01888678405544546
12.99999999999997 -0.01880771418526497
13.09999999999997 -0.01873487811415128
13.19999999999997 -0.01867214682043523
13.29999999999997 -0.01862090560602416
13.39999999999997 -0.01858047955155669
13.49999999999997 -0.01854907072799081
13.59999999999997 -0.01852459302788411
13.69999999999997 -0.0185051609841507
13.79999999999997 -0.01848927307726104
13.89999999999997 -0.01847581724646246
13.99999999999997 -0.01846400340392659
14.09999999999997 -0.01845328150962291
14.19999999999997 -0.01844326958686704
14.29999999999997 -0.01843369787421387
14.39999999999996 -0.01842436770900673
14.49999999999996 -0.01841512146296764
14.59999999999996 -0.01840581974306057
14.69999999999996 -0.01839632261458616
14.79999999999996 -0.01838647219946132
14.89999999999996 -0.01837607450246881
14.99999999999996 -0.01836487880607006
15.09999999999996 -0.01835255371135447
15.19999999999996 -0.01833866036195238
15.29999999999996 -0.01832262630419482
15.39999999999996 -0.01830372871823171
15.49999999999996 -0.0182811039140127
15.59999999999996 -0.0182538095493258
15.69999999999996 -0.01822097067546309
15.79999999999996 -0.01818202699782961
15.89999999999996 -0.01813705086032772
15.99999999999996 -0.018087025764148
16.09999999999996 -0.01803391263182195
16.19999999999996 -0.01798037147124153
16.29999999999996 -0.0179291823645574
16.39999999999996 -0.01788260935353021
16.49999999999996 -0.01784199239370715
16.59999999999997 -0.01780769459660613
16.69999999999997 -0.01777932546043628
16.79999999999997 -0.01775606531305167
16.89999999999997 -0.01773694965731958
16.99999999999997 -0.01772105460277779
17.09999999999997 -0.01770758742531909
17.19999999999997 -0.01769591179292172
17.29999999999998 -0.01768553756600496
17.39999999999998 -0.01767609611420317
17.49999999999998 -0.01766731288876718
17.59999999999998 -0.01765898255039067
17.69999999999998 -0.01765094826696113
17.79999999999998 -0.01764308499212176
17.89999999999998 -0.01763528578948248
17.99999999999999 -0.01762745002613007
18.09999999999999 -0.01761947221061471
18.19999999999999 -0.01761123024442207
18.29999999999999 -0.01760257184638395
18.39999999999999 -0.0175932979360819
18.49999999999999 -0.01758314197007667
18.59999999999999 -0.01757174492445869
18.7 -0.01755862737300675
18.8 -0.01754316378922631
18.9 -0.01752457077365693
19 -0.01750193053515072
19.1 -0.01747428071427897
19.2 -0.01744080204927818
19.3 -0.01740110933859344
19.40000000000001 -0.017355584604468
19.50000000000001 -0.01730560273330312
19.60000000000001 -0.01725346459696468
19.70000000000001 -0.01720195885498035
19.80000000000001 -0.01715369808801052
19.90000000000001 -0.01711053728071423
20.00000000000001 -0.01707332264671996
20.10000000000002 -0.01704199689932565
20.20000000000002 -0.01701590676083853
20.30000000000002 -0.01699413051554714
20.40000000000002 -0.01697571916691613
20.50000000000002 -0.01695982933995679
20.60000000000002 -0.01694577218105901
20.70000000000002 -0.01693301258272782
20.80000000000003 -0.01692114570007365
20.90000000000003 -0.0169098668953156
21.00000000000003 -0.01689894279752828
21.10000000000003 -0.01688818603715888
21.20000000000003 -0.01687743358054721
21.30000000000003 -0.01686652742941623
21.40000000000003 -0.01685529604886326
21.50000000000004 -0.01684353488095021
21.60000000000004 -0.0168309846236836
21.70000000000004 -0.01681730681489152
21.80000000000004 -0.01680205815804187
21.90000000000004 -0.01678466874072181
22.00000000000004 -0.01676443560509641
22.10000000000004 -0.01674055182065131
22.20000000000005 -0.01671219886559742
22.30000000000005 -0.01667872720588399
22.40000000000005 -0.01663992119733083
22.50000000000005 -0.01659628103345966
22.60000000000005 -0.01654918100043907
22.70000000000005 -0.01650075161122024
22.80000000000005 -0.01645344892400082
22.90000000000006 -0.01640947082380609
23.00000000000006 -0.01637029129529084
23.10000000000006 -0.01633649890406934
23.20000000000006 -0.01630792921651426
23.30000000000006 -0.01628394520093714
23.40000000000006 -0.0162637150479682
23.50000000000006 -0.01624640790429616
23.60000000000007 -0.01623129704406057
23.70000000000007 -0.01621779437361903
23.80000000000007 -0.01620544570841828
23.90000000000007 -0.01619390895036133
24.00000000000007 -0.01618292806949503
24.10000000000007 -0.01617230891274494
24.20000000000007 -0.01616189881226547
24.30000000000008 -0.01615156996984358
24.40000000000008 -0.01614120579816809
24.50000000000008 -0.01613068921796916
24.60000000000008 -0.01611989202529926
24.70000000000008 -0.01610866473181281
24.80000000000008 -0.01609682674486729
24.90000000000008 -0.01608415747536436
25.00000000000009 -0.01607039005492534
25.10000000000009 -0.01605521087448047
25.20000000000009 -0.01603826996348401
25.30000000000009 -0.01601920864148688
25.40000000000009 -0.01599771040848973
25.50000000000009 -0.01597357647622036
25.60000000000009 -0.01594681688636409
25.7000000000001 -0.01591773315747266
25.8000000000001 -0.01588695619604514
25.9000000000001 -0.01585540590653292
26.0000000000001 -0.01582416431997597
26.1000000000001 -0.0157942936543062
26.2000000000001 -0.01576665988963834
26.3000000000001 -0.01574181960465862
26.40000000000011 -0.01571999513832546
26.50000000000011 -0.01570112434198113
26.60000000000011 -0.01568494922699158
26.70000000000011 -0.01567110818633784
26.80000000000011 -0.01565920990881839
26.90000000000011 -0.01564888184424358
27.00000000000011 -0.0156397957340916
27.10000000000012 -0.01563167660850359
27.20000000000012 -0.01562430175391379
27.30000000000012 -0.01561749463803997
27.40000000000012 -0.01561111701155258
27.50000000000012 -0.01560506098066326
27.60000000000012 -0.01559924188577869
27.70000000000012 -0.0155935922529391
27.80000000000013 -0.01558805678505971
27.90000000000013 -0.01558258822334444
28.00000000000013 -0.01557714386174627
28.10000000000013 -0.01557168249354848
28.20000000000013 -0.01556616158412506
28.30000000000013 -0.01556053448642039
28.40000000000013 -0.01555474754349191
28.50000000000014 -0.01554873696028504
28.60000000000014 -0.01554242538572429
28.70000000000014 -0.0155357182440732
28.80000000000014 -0.01552850001617771
28.90000000000014 -0.01552063092622687
29.00000000000014 -0.01551194486376408
29.10000000000014 -0.01550224986504065
29.20000000000014 -0.01549133302994812
29.30000000000015 -0.01547897217694376
29.40000000000015 -0.01546495647789875
29.50000000000015 -0.01544911723797941
29.60000000000015 -0.01543136737372909
29.70000000000015 -0.01541174393452498
29.80000000000015 -0.01539044322894471
29.90000000000015 -0.01536783517562176
30.00000000000016 -0.01534444543945541
30.10000000000016 -0.01532090225164126
30.20000000000016 -0.01529785725279232
30.30000000000016 -0.01527590024275246
30.40000000000016 -0.01525549028847416
30.50000000000016 -0.01523691867946762
30.60000000000016 -0.01522030694767827
30.70000000000017 -0.01520563220881504
30.80000000000017 -0.01519276683477555
30.90000000000017 -0.01518152017719482
31.00000000000017 -0.01517167418561022
31.10000000000017 -0.01516300941555009
31.20000000000017 -0.01515532137211149
31.30000000000017 -0.01514842895758695
31.40000000000018 -0.01514217732691645
31.50000000000018 -0.0151364372494253
31.60000000000018 -0.01513110257772409
31.70000000000018 -0.01512608690225698
31.80000000000018 -0.01512132004076199
31.90000000000018 -0.01511674470343993
32.00000000000018 -0.01511231347235947
32.10000000000019 -0.01510798610991733
32.20000000000019 -0.01510372713917808
32.30000000000019 -0.01509950359742717
32.40000000000019 -0.01509528283823449
32.50000000000019 -0.01509103023685555
32.60000000000019 -0.01508670663304418
32.70000000000019 -0.01508226532195342
32.8000000000002 -0.01507764837931218
32.9000000000002 -0.01507278208875593
33.0000000000002 -0.01506757124380939
33.1000000000002 -0.01506189215705831
33.2000000000002 -0.01505558438164231
33.3000000000002 -0.01504844152675903
33.4000000000002 -0.01504020225824273
33.50000000000021 -0.01503054376212134
33.60000000000021 -0.01501908169113436
33.70000000000021 -0.01500538272671841
33.80000000000021 -0.01498899758660448
33.90000000000021 -0.01496952183680485
34.00000000000021 -0.01494668655977216
34.10000000000021 -0.014920468553471
34.20000000000022 -0.01489119171344783
34.30000000000022 -0.01485957621065813
34.40000000000022 -0.01482669460760139
34.50000000000022 -0.01479382391426003
34.60000000000022 -0.01476223008328218
34.70000000000022 -0.01473295704315941
34.80000000000022 -0.0147066896885394
34.90000000000023 -0.01468372145661797
35.00000000000023 -0.01466401067441347
35.10000000000023 -0.01464728348231521
35.20000000000023 -0.01463314148386598
35.30000000000023 -0.01462114820837686
35.40000000000023 -0.01461088591876262
35.50000000000023 -0.01460198567796606
35.60000000000024 -0.01459413813833529
35.70000000000024 -0.01458709262274877
35.80000000000024 -0.01458065028250216
35.90000000000024 -0.01457465505171701
36.00000000000024 -0.01456898445702054
36.10000000000024 -0.0145635412225057
36.20000000000024 -0.01455824594182056
36.30000000000025 -0.01455303072774746
36.40000000000025 -0.01454783357108104
36.50000000000025 -0.0145425930590722
36.60000000000025 -0.01453724306761276
36.70000000000025 -0.01453170702593654
36.80000000000025 -0.01452589135519587
36.90000000000025 -0.01451967772274458
37.00000000000026 -0.01451291388146296
37.10000000000026 -0.0145054031682634
37.20000000000026 -0.01449689336161667
37.30000000000026 -0.01448706673846677
37.40000000000026 -0.01447553501522976
37.50000000000026 -0.01446184541403351
37.60000000000026 -0.01444550681428819
37.70000000000027 -0.01442604615717982
37.80000000000027 -0.01440310178850016
37.90000000000027 -0.01437654843096765
38.00000000000027 -0.01434662700650593
38.10000000000027 -0.01431402917683141
38.20000000000027 -0.01427987958509215
38.30000000000027 -0.01424558691150448
38.40000000000028 -0.01421259453376111
38.50000000000028 -0.01418211704076196
38.60000000000028 -0.0141549575487294
38.70000000000028 -0.0141314553760531
38.80000000000028 -0.01411154992894883
38.90000000000028 -0.01409490700318941
39.00000000000028 -0.01408105178176099
39.10000000000029 -0.01406947407240802
39.20000000000029 -0.01405969518993047
39.30000000000029 -0.01405130113215643
39.40000000000029 -0.014043952343323
39.50000000000029 -0.01403738000744001
39.60000000000029 -0.0140313761420884
39.70000000000029 -0.01402578194257161
39.8000000000003 -0.01402047669081936
39.9000000000003 -0.01401536818929297
40.0000000000003 -0.01401038493022305
40.1000000000003 -0.01400546985056578
40.2000000000003 -0.01400057538565263
40.3000000000003 -0.01399565951085905
40.4000000000003 -0.01399068248818482
40.50000000000031 -0.01398560408145642
40.60000000000031 -0.01398038105646766
40.70000000000031 -0.01397496483810415
40.80000000000031 -0.01396929925911843
40.90000000000031 -0.01396331841254036
41.00000000000031 -0.01395694472186089
41.10000000000031 -0.01395008748019632
41.20000000000032 -0.01394264228705661
41.30000000000032 -0.0139344920213631
41.40000000000032 -0.01392551019756066
41.50000000000032 -0.01391556767998831
41.60000000000032 -0.01390454364491364
41.70000000000032 -0.01389234119955647
41.80000000000032 -0.01387890702692375
41.90000000000033 -0.0138642528037856
42.00000000000033 -0.01384847424049069
42.10000000000033 -0.01383176215668961
42.20000000000033 -0.01381440006890071
42.30000000000033 -0.01379674511606592
42.40000000000033 -0.01377919360418893
42.50000000000033 -0.01376213748532445
42.60000000000034 -0.013745921396556
42.70000000000034 -0.01373080975469371
42.80000000000034 -0.01371696987795756
42.90000000000034 -0.01370447197279455
43.00000000000034 -0.01369330240228357
43.10000000000034 -0.01368338443240322
43.20000000000034 -0.01367460075535174
43.30000000000035 -0.01366681366670794
43.40000000000035 -0.01365988076206085
43.50000000000035 -0.01365366567449377
43.60000000000035 -0.01364804440771767
43.70000000000035 -0.01364290827113477
43.80000000000035 -0.01363816447535472
43.90000000000035 -0.01363373529011944
44.00000000000036 -0.01362955643983365
44.10000000000036 -0.01362557519375579
44.20000000000036 -0.01362174843193218
44.30000000000036 -0.0136180408407748
44.40000000000036 -0.0136144233076849
44.50000000000036 -0.01361087153214558
44.60000000000036 -0.01360736484135776
44.70000000000037 -0.01360388518382146
44.80000000000037 -0.01360041626852611
44.90000000000037 -0.0135969428167756
45.00000000000037 -0.01359344989576773
45.10000000000037 -0.0135899223065466
45.20000000000037 -0.01358634400325817
45.30000000000037 -0.01358269752568474
45.40000000000038 -0.01357896343312125
45.50000000000038 -0.01357511973539927
45.60000000000038 -0.01357114132713139
45.70000000000038 -0.01356699944508501
45.80000000000038 -0.01356266118708298
45.90000000000038 -0.01355808915480025
46.00000000000038 -0.0135532413123489
46.10000000000039 -0.01354807118610864
46.20000000000039 -0.01354252856462758
46.30000000000039 -0.01353656088228237
46.40000000000039 -0.013530115473293
46.50000000000039 -0.01352314284512771
46.60000000000039 -0.01351560102145461
46.70000000000039 -0.01350746082829403
46.8000000000004 -0.01349871174281684
46.9000000000004 -0.01348936762281136
47.0000000000004 -0.01347947135758639
47.1000000000004 -0.01346909733574637
47.2000000000004 -0.01345835072664021
47.3000000000004 -0.0134473629886534
47.4000000000004 -0.01343628371332276
47.50000000000041 -0.01342526972556067
47.60000000000041 -0.01341447303480972
47.70000000000041 -0.01340402953049513
47.80000000000041 -0.01339405012500202
47.90000000000041 -0.01338461543970433
48.00000000000041 -0.01337577432322879
48.10000000000041 -0.01336754574686027
48.20000000000041 -0.01335992313169729
48.30000000000042 -0.01335287999176309
48.40000000000042 -0.01334637587777585
48.50000000000042 -0.01334036186731016
48.60000000000042 -0.01333478515446002
48.70000000000042 -0.01332959256398679
48.80000000000042 -0.01332473301159941
48.90000000000042 -0.01332015904789066
49.00000000000043 -0.01331582767268663
49.10000000000043 -0.01331170061018224
49.20000000000043 -0.01330774421299544
49.30000000000043 -0.01330392913009421
49.40000000000043 -0.0133002298389539
49.50000000000043 -0.01329662411136627
49.60000000000043 -0.01329309245705513
49.70000000000044 -0.01328961756983709
49.80000000000044 -0.01328618378676713
49.90000000000044 -0.01328277656046432
50.00000000000044 -0.01327938193756007
