0 -2 -1 0  1 -1 0  1 3 0 
0.1 -1.99932436213 -0.999839983805 0  0.999444374275 -0.99968748434 0  0.999879987855 2.99952746815 0 
0.2 -1.99729645728 -0.99935974029 0  0.997776652014 -0.998749748522 0  0.999519805269 2.99810948881 0 
0.3 -1.99391330326 -0.998558683117 0  0.994994290357 -0.997186225939 0  0.998919012902 2.99574490906 0 
0.4 -1.98916990166 -0.997435829919 0  0.991093026065 -0.994995972008 0  0.998076875595 2.99243180193 0 
0.5 -1.98305919519 -0.995989794484 0  0.986066837232 -0.992177663885 0  0.996992357955 2.98816745837 0 
0.6 -1.97557200658 -0.994218775578 0  0.979907888503 -0.988729600175 0  0.995664118079 2.98294837575 0 
0.7 -1.96669695791 -0.992120542169 0  0.972606458564 -0.984649700797 0  0.994090499349 2.97677024297 0 
0.8 -1.95642036842 -0.98969241472 0  0.964150848237 -0.979935507171 0  0.992269520184 2.96962792189 0 
0.9 -1.94472612859 -0.986931242123 0  0.954527266987 -0.974584182996 0  0.990198861605 2.96151542512 0 
1 -1.9315955475 -0.983833373726 0  0.94371969505 -0.968592515939 0  0.987875852448 2.95242588966 0 
1.1 -1.91700716968 -0.980394625745 0  0.931709717671 -0.961956920684 0  0.985297452005 2.94235154643 0 
1.2 -1.90093655685 -0.976610241207 0  0.918476326988 -0.954673443917 0  0.982460229857 2.93128368512 0 
1.3 -1.88335602859 -0.972474842286 0  0.903995686014 -0.946737771984 0  0.979360342581 2.91921261427 0 
1.4 -1.86423435468 -0.967982373661 0  0.888240847688 -0.938145242235 0  0.975993506994 2.9061276159 0 
1.5 -1.84353638966 -0.963126035117 0  0.871181420153 -0.928890859325 0  0.972354969511 2.89201689444 0 
1.6 -1.82122263811 -0.957898201123 0  0.852783167002 -0.918969318224 0  0.968439471109 2.87686751935 0 
1.7 -1.79724873546 -0.952290324478 0  0.83300752812 -0.908375036193 0  0.964241207342 2.86066536067 0 
1.8 -1.77156482529 -0.946292820264 0  0.811811042592 -0.897102196825 0  0.959753782696 2.84339501709 0 
1.9 -1.74411480803 -0.939894925121 0  0.789144649553 -0.885144810297 0  0.954970158482 2.82503973542 0 
2 -1.71483542859 -0.933084525298 0  0.764952835276 -0.872496795492 0  0.949882593317 2.80558132079 0 
2.1 -1.68365515938 -0.925847944601 0  0.739172584333 -0.859152091837 0  0.944482575047 2.78500003644 0 
2.2 -1.65049282075 -0.918169680169 0  0.711732077966 -0.845104811767 0  0.938760742784 2.76327449194 0 
2.3 -1.61525585943 -0.910032069302 0  0.682549061978 -0.830349449297 0  0.93270679745 2.7403815186 0 
2.4 -1.57783817514 -0.901414863655 0  0.65152877617 -0.814881166938 0  0.926309398967 2.71629603059 0 
2.5 -1.53811734042 -0.892294676655 0  0.618561292601 -0.798696193521 0  0.91955604782 2.69099087018 0 
2.6 -1.49595099068 -0.882644253784 0  0.58351804231 -0.781792381533 0  0.912432948374 2.66443663532 0 
2.7 -1.45117205594 -0.872431489611 0  0.546247205166 -0.764169998245 0  0.904924850775 2.63660148786 0 
2.8 -1.40358233784 -0.861618073098 0  0.506567470091 -0.745832867192 0  0.897014867754 2.60745094029 0 
2.9 -1.3529436589 -0.850157570637 0  0.464259396885 -0.726790048663 0  0.888684262017 2.5769476193 0 
3 -1.2989653377 -0.837992628523 0  0.419053138455 -0.707058375846 0  0.879912199244 2.54505100437 0 
3.1 -1.24128589839 -0.825050738916 0  0.370610437271 -0.686666401439 0  0.870675461117 2.51171714035 0 
3.2 -1.1794453298 -0.811237545585 0  0.318497217365 -0.665660778316 0  0.860948112438 2.4768983239 0 
3.3 -1.11284101277 -0.79642567972 0  0.262139896241 -0.644117085848 0  0.850701116531 2.44054276557 0 
3.4 -1.04065349645 -0.780434854218 0  0.200751601732 -0.62215937879 0  0.839901894717 2.40259423301 0 
3.5 -0.96171167243 -0.762993165733 0  0.133197842246 -0.599998521111 0  0.828513830184 2.36299168684 0 
3.6 -0.874221407263 -0.743652513933 0  0.0577256791957 -0.578016418628 0  0.816495728067 2.32166893256 0 
3.7 -0.775131985503 -0.721569518926 0  -0.0286692864556 -0.556984815537 0  0.803801271958 2.27855433446 0 
3.8 -0.658258381765 -0.694757850761 0  -0.13212021101 -0.538812836298 0  0.790378592775 2.23357068706 0 
3.9 -0.505324808445 -0.655583413528 0  -0.270845508208 -0.53105205442 0  0.776170316653 2.18663546795 0 
4 -0.32545172351 0.0156070322758 0  -0.435664354987 -1.15326899628 0  0.761116078497 2.13766196401 0 
4.1 -0.179645894202 1.28721885838 0  -0.565127634257 -2.37337481636 0  0.744773528459 2.08615595798 0 
4.2 -0.0271056586438 2.56094908764 0  -0.694355654733 -3.59207996617 0  0.721461313376 2.03113087852 0 
4.3 0.134054268981 3.83124329849 0  -0.823478218091 -4.81020880036 0  0.68942394911 1.97896550187 0 
4.4 0.29641353405 5.09845970729 0  -0.952539645843 -6.02799603772 0  0.656126111793 1.92953633043 0 
4.5 0.458907856855 6.36453971833 0  -1.08156140184 -7.24555177212 0  0.622653544983 1.88101205379 0 
4.6 0.62141920895 7.63004818418 0  -1.21055550797 -8.4629387226 0  0.589136299024 1.83289053842 0 
4.7 0.783925644959 8.89521304112 0  -1.33952933977 -9.68019661697 0  0.555603694806 1.78498357585 0 
4.8 0.946422758699 10.1601482911 0  -1.46848772559 -10.8973524079 0  0.522064966895 1.73720411682 0 
4.9 1.10891033 11.4249191144 0  -1.59743398602 -12.1144252979 0  0.488523656015 1.68950618358 0 
5 1.27138919425 12.6895663009 0  -1.72637049524 -13.3314294848 0  0.454981300994 1.64186318395 0 
5.1 1.43386037826 13.9541170908 0  -1.85529900534 -14.5483757775 0  0.421438627082 1.59425868679 0 
5.2 1.5963248506 15.2185905888 0  -1.98422084359 -15.7652726035 0  0.38789599299 1.54668201465 0 
5.3 1.75878345855 16.4830007169 0  -2.11313703793 -16.9821266645 0  0.354353579381 1.49912594754 0 
5.4 1.92123692414 17.747357937 0  -2.24204839966 -18.1989433806 0  0.320811475518 1.45158544359 0 
5.5 2.08368585778 19.0116703117 0  -2.37095557965 -19.4157271986 0  0.287269721873 1.40405688695 0 
5.6 2.24613077533 20.2759441872 0  -2.49985910755 -20.6324818129 0  0.253728332224 1.35653762578 0 
5.7 2.40857211423 21.540184649 0  -2.62875941983 -21.8492103268 0  0.2201873056 1.3090256778 0 
5.8 2.57101024723 22.8043958357 0  -2.75765688018 -23.0659153725 0  0.186646632947 1.26151953676 0 
5.9 2.73344549378 24.0685811604 0  -2.88655179473 -24.2825992021 0  0.153106300948 1.21401804163 0 
6 2.89587812918 25.3327434715 0  -3.01544442341 -25.4992637577 0  0.119566294235 1.16652028629 0 
6.1 3.0583083921 26.5968851704 0  -3.14433498879 -26.7159107261 0  0.0860265966873 1.11902555571 0 
6.2 3.22073649057 27.861008301 0  -3.27322368277 -27.9325415812 0  0.0524871921913 1.07153328016 0 
6.3 3.38316260691 29.1251146172 0  -3.40211067198 -29.1491576189 0  0.0189480650695 1.02404300172 0 
6.4 3.54558690166 30.3892056352 0  -3.53099610198 -30.3657599847 0  -0.0145907996793 0.976554349532 0 
6.5 3.70800951688 31.6532826748 0  -3.65988010062 -31.5823496959 0  -0.048129416262 0.929067021119 0 
6.6 3.87043057884 32.917346892 0  -3.7887627808 -32.7989276603 0  -0.0816677980446 0.881580768304 0 
6.7 4.03285020025 34.1813993047 0  -3.9176442427 -34.0154946911 0  -0.11520595755 0.834095386323 0 
6.8 4.19526848206 35.4454408145 0  -4.04652457558 -35.2320515199 0  -0.148743906481 0.786610705407 0 
6.9 4.35768551509 36.709472223 0  -4.17540385934 -36.4485988072 0  -0.182281655758 0.739126584187 0 
7 4.5201013813 37.9734942468 0  -4.30428216574 -37.6651371513 0  -0.215819215562 0.691642904496 0 
7.1 4.68251615487 39.2375075286 0  -4.43315955948 -38.8816670958 0  -0.249356595386 0.644159567221 0 
7.2 4.84492990319 40.5015126473 0  -4.56203609911 -40.0981891363 0  -0.282893804083 0.596676488997 0 
7.3 5.00734268763 41.7655101261 0  -4.69091183772 -41.3147037256 0  -0.316430849909 0.549193599524 0 
7.4 5.16975456425 43.0295004394 0  -4.81978682368 -42.5312112788 0  -0.349967740572 0.501710839403 0 
7.5 5.33216558437 44.2934840187 0  -4.9486611011 -43.7477121771 0  -0.383504483275 0.454228158361 0 
7.6 5.49457579511 45.5574612578 0  -5.07753471036 -44.9642067716 0  -0.41704108475 0.406745513799 0 
7.7 5.65698523981 46.8214325167 0  -5.20640768851 -46.1806953863 0  -0.450577551302 0.359262869595 0 
7.8 5.81939395844 48.0853981256 0  -5.33528006961 -47.3971783207 0  -0.484113888833 0.311780195108 0 
7.9 5.98180198794 49.3493583883 0  -5.46415188506 -48.6136558526 0  -0.517650102884 0.264297464352 0 
8 6.14420936251 50.6133135844 0  -5.59302316385 -49.8301282397 0  -0.551186198652 0.216814655308 0 
8.1 6.30661611385 51.8772639724 0  -5.72189393283 -51.0465957218 0  -0.584722181024 0.169331749341 0 
8.2 6.46902227146 53.1412097913 0  -5.85076421686 -52.2630585221 0  -0.618258054596 0.121848730714 0 
8.3 6.63142786276 54.4051512629 0  -5.97963403907 -53.4795168491 0  -0.651793823698 0.0743655861741 0 
8.4 6.79383291336 55.669088593 0  -6.10850342095 -54.6959708976 0  -0.685329492409 0.0268823046059 0 
8.5 6.95623744714 56.9330219732 0  -6.23737238255 -55.9124208499 0  -0.718865064581 -0.020601123269 0 
8.6 7.11864148645 58.1969515822 0  -6.3662409426 -57.1288668771 0  -0.752400543849 -0.0680847051434 0 
8.7 7.28104505222 59.4608775868 0  -6.49510911857 -58.3453091395 0  -0.785935933653 -0.115568447342 0 
8.8 7.4434481641 60.7248001429 0  -6.62397692686 -59.5617477879 0  -0.819471237245 -0.163052355007 0 
8.9 7.60585084053 61.9887193964 0  -6.75284438282 -60.7781829642 0  -0.853006457708 -0.210536432256 0 
9 7.76825309884 63.2526354845 0  -6.88171150087 -61.9946148022 0  -0.886541597963 -0.258020682324 0 
9.1 7.93065495536 64.5165485356 0  -7.01057829458 -63.2110434279 0  -0.920076660781 -0.305505107676 0 
9.2 8.09305642549 65.7804586707 0  -7.13944477669 -64.4274689606 0  -0.953611648795 -0.352989710115 0 
9.3 8.25545752375 67.0443660036 0  -7.26831095925 -65.6438915127 0  -0.987146564507 -0.400474490866 0 
9.4 8.41785826387 68.3082706416 0  -7.39717685358 -66.8603111909 0  -1.02068141029 -0.447959450657 0 
9.5 8.58025865883 69.572172686 0  -7.5260424704 -68.0767280962 0  -1.05421618842 -0.495444589784 0 
9.6 8.7426587209 70.8360722323 0  -7.65490781985 -69.2931423241 0  -1.08775090105 -0.542929908169 0 
9.7 8.90505846174 72.0999693711 0  -7.7837729115 -70.5095539657 0  -1.12128555024 -0.590415405413 0 
9.8 9.06745789238 73.363864188 0  -7.91263775445 -71.7259631071 0  -1.15482013794 -0.637901080838 0 
9.9 9.22985702332 74.627756764 0  -8.04150235729 -72.9423698305 0  -1.18835466603 -0.685386933527 0 
10 9.39225586451 75.8916471762 0  -8.17036672821 -74.1587742139 0  -1.2218891363 -0.732872962357 0 
10.1 9.55465442544 77.1555354976 0  -8.29923087497 -75.3751763316 0  -1.25542355046 -0.78035916603 0 
10.2 9.71705271511 78.4194217976 0  -8.42809480496 -76.5915762545 0  -1.28895791015 -0.827845543098 0 
10.3 9.87945074211 79.6833061423 0  -8.55695852518 -77.8079740503 0  -1.32249221693 -0.875332091985 0 
10.4 10.0418485146 80.9471885944 0  -8.68582204234 -79.0243697834 0  -1.35602647231 -0.92281881101 0 
10.5 10.2042460405 82.2110692138 0  -8.81468536281 -80.2407635154 0  -1.38956067771 -0.970305698401 0 
10.6 10.3666433272 83.4749480576 0  -8.94354849267 -81.4571553053 0  -1.42309483452 -1.01779275231 0 
10.7 10.5290403818 84.7388251802 0  -9.07241143772 -82.6735452093 0  -1.45662894406 -1.06527997084 0 
10.8 10.6914372111 86.0027006335 0  -9.2012742035 -83.8899332815 0  -1.4901630076 -1.11276735202 0 
10.9 10.8538338217 87.2665744673 0  -9.33013679532 -85.1063195734 0  -1.52369702635 -1.16025489387 0 
11 11.0162302197 88.5304467289 0  -9.45899921824 -86.3227041346 0  -1.5572310015 -1.20774259436 0 
11.1 11.1786264113 89.7943174638 0  -9.58786147711 -87.5390870124 0  -1.59076493416 -1.25523045145 0 
11.2 11.341022402 91.0581867155 0  -9.71672357657 -88.7554682524 0  -1.62429882541 -1.30271846308 0 
11.3 11.5034181974 92.3220545256 0  -9.84558552107 -89.9718478984 0  -1.65783267631 -1.35020662718 0 
11.4 11.6658138027 93.5859209339 0  -9.97444731489 -91.1882259922 0  -1.69136648786 -1.39769494169 0 
11.5 11.8282092231 94.8497859788 0  -10.1033089621 -92.4046025743 0  -1.72490026101 -1.44518340454 0 
11.6 11.9906044634 96.113649697 0  -10.2321704666 -93.6209776833 0  -1.75843399671 -1.49267201367 0 
11.7 12.1529995281 97.3775121238 0  -10.3610318323 -94.8373513567 0  -1.79196769585 -1.54016076703 0 
11.8 12.315394422 98.641373293 0  -10.4898930627 -96.0537236304 0  -1.82550135929 -1.58764966257 0 
11.9 12.4777891492 99.9052332371 0  -10.6187541613 -97.2700945389 0  -1.85903498788 -1.63513869828 0 
12 12.6401837139 101.169091988 0  -10.7476151314 -98.4864641155 0  -1.89256858243 -1.68262787215 0 
12.1 12.8025781201 102.432949575 0  -10.8764759764 -99.7028323923 0  -1.9261021437 -1.7301171822 0 
12.2 12.9649723717 103.696806027 0  -11.0053366993 -100.9191994 0  -1.95963567246 -1.77760662645 0 
12.3 13.1273664725 104.960661373 0  -11.134197303 -102.13556517 0  -1.99316916943 -1.82509620297 0 
12.4 13.2897604259 106.224515638 0  -11.2630577906 -103.351929729 0  -2.02670263531 -1.87258590985 0 
12.5 13.4521542355 107.488368851 0  -11.3919181647 -104.568293105 0  -2.06023607079 -1.92007574518 0 
12.6 13.6145479046 108.752221034 0  -11.520778428 -105.784655327 0  -2.09376947653 -1.9675657071 0 
12.7 13.7769414364 110.016072213 0  -11.6496385832 -107.001016419 0  -2.12730285316 -2.01505579377 0 
12.8 13.939334834 111.27992241 0  -11.7784986328 -108.217376407 0  -2.1608362013 -2.06254600337 0 
12.9 14.1017281006 112.543771648 0  -11.907358579 -109.433735314 0  -2.19436952154 -2.11003633413 0 
13 14.2641212388 113.80761995 0  -12.0362184244 -110.650093165 0  -2.22790281448 -2.15752678427 0 
13.1 14.4265142517 115.071467335 0  -12.1650781711 -111.866449983 0  -2.26143608066 -2.20501735206 0 
13.2 14.5889071419 116.335313824 0  -12.2939378212 -113.082805788 0  -2.29496932064 -2.25250803581 0 
13.3 14.751299912 117.599159437 0  -12.4227973771 -114.299160604 0  -2.32850253493 -2.29999883384 0 
13.4 14.9136925646 118.863004193 0  -12.5516568405 -115.515514449 0  -2.36203572406 -2.34748974449 0 
13.5 15.0760851022 120.126848111 0  -12.6805162137 -116.731867344 0  -2.39556888852 -2.39498076615 0 
13.6 15.2384775271 121.390691207 0  -12.8093754983 -117.948219309 0  -2.4291020288 -2.44247189723 0 
13.7 15.4008698417 122.654533499 0  -12.9382346964 -119.164570363 0  -2.46263514535 -2.48996313615 0 
13.8 15.5632620483 123.918375004 0  -13.0670938096 -120.380920523 0  -2.49616823864 -2.53745448138 0 
13.9 15.7256541489 125.182215739 0  -13.1959528398 -121.597269807 0  -2.52970130911 -2.58494593141 0 
14 15.8880461458 126.446055718 0  -13.3248117886 -122.813618233 0  -2.56323435719 -2.63243748475 0 
14.1 16.050438041 127.709894957 0  -13.4536706577 -124.029965817 0  -2.59676738329 -2.67992913994 0 
14.2 16.2128298365 128.973733471 0  -13.5825294486 -125.246312575 0  -2.63030038783 -2.72742089556 0 
14.3 16.3752215341 130.237571274 0  -13.7113881629 -126.462658524 0  -2.66383337119 -2.77491275018 0 
14.4 16.5376131359 131.50140838 0  -13.8402468021 -127.679003678 0  -2.69736633376 -2.82240470243 0 
14.5 16.7000046435 132.765244803 0  -13.9691053676 -128.895348052 0  -2.73089927592 -2.86989675095 0 
14.6 16.8623960589 134.029080555 0  -14.0979638609 -130.11169166 0  -2.76443219803 -2.91738889441 0 
14.7 17.0247873836 135.292915649 0  -14.2268222832 -131.328034518 0  -2.79796510044 -2.9648811315 0 
14.8 17.1871786195 136.556750099 0  -14.355680636 -132.544376638 0  -2.83149798349 -3.01237346093 0 
14.9 17.3495697681 137.820583915 0  -14.4845389205 -133.760718033 0  -2.86503084753 -3.05986588144 0 
15 17.511960831 139.084417109 0  -14.6133971381 -134.977058717 0  -2.89856369289 -3.10735839178 0 
15.1 17.6743518097 140.348249693 0  -14.7422552898 -136.193398703 0  -2.93209651987 -3.15485099075 0 
15.2 17.8367427058 141.612081679 0  -14.871113377 -137.409738002 0  -2.96562932879 -3.20234367715 0 
15.3 17.9991335207 142.875913076 0  -14.9999714007 -138.626076626 0  -2.99916211996 -3.2498364498 0 
15.4 18.1615242558 144.139743895 0  -15.1288293622 -139.842414587 0  -3.03269489366 -3.29732930755 0 
15.5 18.3239149126 145.403574146 0  -15.2576872624 -141.058751897 0  -3.06622765019 -3.34482224926 0 
15.6 18.4863054923 146.66740384 0  -15.3865451025 -142.275088566 0  -3.09976038983 -3.39231527384 0 
15.7 18.6486959963 147.931232985 0  -15.5154028835 -143.491424605 0  -3.13329311286 -3.43980838018 0 
15.8 18.8110864259 149.195061593 0  -15.6442606064 -144.707760025 0  -3.16682581953 -3.48730156721 0 
15.9 18.9734767824 150.45888967 0  -15.7731182722 -145.924094836 0  -3.20035851012 -3.53479483388 0 
16 19.1358670668 151.722717227 0  -15.901975882 -147.140429048 0  -3.23389118487 -3.58228817916 0 
16.1 19.2982572805 152.986544273 0  -16.0308334365 -148.356762671 0  -3.26742384404 -3.62978160203 0 
16.2 19.4606474246 154.250370815 0  -16.1596909367 -149.573095714 0  -3.30095648787 -3.67727510149 0 
16.3 19.6230375002 155.514196863 0  -16.2885483836 -150.789428186 0  -3.33448911659 -3.72476867656 0 
16.4 19.7854275085 156.778022423 0  -16.417405778 -152.005760097 0  -3.36802173045 -3.77226232629 0 
16.5 19.9478174504 158.041847505 0  -16.5462631208 -153.222091455 0  -3.40155432965 -3.81975604972 0 
16.6 20.1102073271 159.305672115 0  -16.6751204127 -154.438422269 0  -3.43508691444 -3.86724984593 0 
16.7 20.2725971396 160.569496262 0  -16.8039776546 -155.654752548 0  -3.46861948502 -3.91474371401 0 
16.8 20.4349868888 161.833319952 0  -16.9328348472 -156.871082299 0  -3.5021520416 -3.96223765305 0 
16.9 20.5973765759 163.097143193 0  -17.0616919915 -158.087411531 0  -3.5356845844 -4.00973166218 0 
17 20.7597662016 164.360965992 0  -17.190549088 -159.303740252 0  -3.56921711361 -4.05722574053 0 
17.1 20.922155767 165.624788356 0  -17.3194061376 -160.520068469 0  -3.60274962943 -4.10471988726 0 
17.2 21.084545273 166.888610291 0  -17.448263141 -161.736396189 0  -3.63628213207 -4.15221410152 0 
17.3 21.2469347205 168.152431804 0  -17.5771200988 -162.952723421 0  -3.6698146217 -4.19970838249 0 
17.4 21.4093241103 169.416252901 0  -17.7059770118 -164.169050172 0  -3.70334709851 -4.24720272937 0 
17.5 21.5717134432 170.680073589 0  -17.8348338806 -165.385376447 0  -3.73687956268 -4.29469714136 0 
17.6 21.7341027203 171.943893873 0  -17.9636907059 -166.601702255 0  -3.7704120144 -4.34219161768 0 
17.7 21.8964919421 173.20771376 0  -18.0925474883 -167.818027602 0  -3.80394445383 -4.38968615758 0 
17.8 22.0588811096 174.471533255 0  -18.2214042285 -169.034352495 0  -3.83747688115 -4.43718076028 0 
17.9 22.2212702235 175.735352364 0  -18.350260927 -170.250676939 0  -3.87100929652 -4.48467542505 0 
18 22.3836592846 176.999171093 0  -18.4791175845 -171.467000942 0  -3.9045417001 -4.53217015117 0 
18.1 22.5460482937 178.262989447 0  -18.6079742016 -172.68332451 0  -3.93807409207 -4.57966493791 0 
18.2 22.7084372514 179.526807432 0  -18.7368307789 -173.899647648 0  -3.97160647257 -4.62715978458 0 
18.3 22.8708261585 180.790625053 0  -18.8656873168 -175.115970362 0  -4.00513884175 -4.67465469047 0 
18.4 23.0332150158 182.054442314 0  -18.994543816 -176.332292659 0  -4.03867119978 -4.72214965491 0 
18.5 23.1956038238 183.318259221 0  -19.123400277 -177.548614544 0  -4.07220354679 -4.76964467722 0 
18.6 23.3579925832 184.582075779 0  -19.2522567003 -178.764936022 0  -4.10573588293 -4.81713975675 0 
18.7 23.5203812948 185.845891992 0  -19.3811130864 -179.981257099 0  -4.13926820834 -4.86463489286 0 
18.8 23.6827699591 187.109707866 0  -19.5099694359 -181.197577781 0  -4.17280052317 -4.91213008489 0 
18.9 23.8451585768 188.373523405 0  -19.6388257493 -182.413898073 0  -4.20633282754 -4.95962533222 0 
19 24.0075471486 189.637338613 0  -19.767682027 -183.630217979 0  -4.2398651216 -5.00712063424 0 
19.1 24.1699356749 190.901153495 0  -19.8965382694 -184.846537504 0  -4.27339740547 -5.05461599034 0 
19.2 24.3323241565 192.164968055 0  -20.0253944772 -186.062856655 0  -4.30692967928 -5.10211139991 0 
19.3 24.4947125939 193.428782298 0  -20.1542506507 -187.279175435 0  -4.34046194317 -5.14960686238 0 
19.4 24.6571009877 194.692596227 0  -20.2831067905 -188.49549385 0  -4.37399419724 -5.19710237716 0 
19.5 24.8194893384 195.956409847 0  -20.4119628968 -189.711811903 0  -4.40752644163 -5.24459794368 0 
19.6 24.9818776466 197.220223161 0  -20.5408189702 -190.9281296 0  -4.44105867646 -5.29209356139 0 
19.7 25.1442659129 198.484036175 0  -20.6696750111 -192.144446945 0  -4.47459090183 -5.33958922972 0 
19.8 25.3066541377 199.74784889 0  -20.7985310199 -193.360763942 0  -4.50812311788 -5.38708494813 0 
19.9 25.4690423217 201.011661313 0  -20.927386997 -194.577080596 0  -4.5416553247 -5.4345807161 0 
20 25.6314304652 202.275473445 0  -21.0562429428 -195.793396912 0  -4.57518752241 -5.48207653309 0 
20.1 25.7938185688 203.53928529 0  -21.1850988577 -197.009712892 0  -4.60871971113 -5.52957239859 0 
20.2 25.956206633 204.803096853 0  -21.3139547421 -198.226028541 0  -4.64225189095 -5.57706831207 0 
20.3 26.1185946584 206.066908137 0  -21.4428105964 -199.442343864 0  -4.67578406198 -5.62456427305 0 
20.4 26.2809826452 207.330719145 0  -21.5716664209 -200.658658864 0  -4.70931622433 -5.67206028102 0 
20.5 26.4433705941 208.59452988 0  -21.700522216 -201.874973545 0  -4.74284837809 -5.7195563355 0 
20.6 26.6057585054 209.858340346 0  -21.8293779821 -203.09128791 0  -4.77638052338 -5.76705243601 0 
20.7 26.7681463797 211.122150547 0  -21.9582337195 -204.307601965 0  -4.80991266027 -5.81454858207 0 
20.8 26.9305342174 212.385960485 0  -22.0870894285 -205.523915711 0  -4.84344478888 -5.86204477322 0 
20.9 27.0929220188 213.649770163 0  -22.2159451095 -206.740229154 0  -4.8769769093 -5.90954100899 0 
21 27.2553097845 214.913579584 0  -22.3448007629 -207.956542295 0  -4.91050902161 -5.95703728894 0 
21.1 27.4176975148 216.177388753 0  -22.4736563889 -209.17285514 0  -4.94404112591 -6.00453361262 0 
21.2 27.5800852102 217.441197671 0  -22.6025119879 -210.389167691 0  -4.9775732223 -6.05202997959 0 
21.3 27.7424728711 218.705006341 0  -22.7313675602 -211.605479951 0  -5.01110531085 -6.09952638941 0 
21.4 27.9048604978 219.968814766 0  -22.8602231061 -212.821791925 0  -5.04463739166 -6.14702284167 0 
21.5 28.0672480907 221.23262295 0  -22.9890786259 -214.038103614 0  -5.07816946481 -6.19451933593 0 
21.6 28.2296356503 222.496430895 0  -23.1179341199 -215.254415023 0  -5.11170153038 -6.24201587179 0 
21.7 28.3920231769 223.760238604 0  -23.2467895884 -216.470726155 0  -5.14523358847 -6.28951244884 0 
21.8 28.5544106709 225.024046078 0  -23.3756450317 -217.687037012 0  -5.17876563914 -6.33700906668 0 
21.9 28.7167981326 226.287853322 0  -23.5045004501 -218.903347597 0  -5.21229768248 -6.3845057249 0 
22 28.8791855624 227.551660338 0  -23.6333558438 -220.119657914 0  -5.24582971858 -6.43200242312 0 
22.1 29.0415729607 228.815467127 0  -23.7622112132 -221.335967966 0  -5.27936174749 -6.47949916095 0 
22.2 29.2039603277 230.079273693 0  -23.8910665584 -222.552277755 0  -5.31289376931 -6.52699593801 0 
22.3 29.3663476639 231.343080038 0  -24.0199218798 -223.768587285 0  -5.34642578411 -6.57449275393 0 
22.4 29.5287349696 232.606886165 0  -24.1487771777 -224.984896557 0  -5.37995779196 -6.62198960834 0 
22.5 29.6911222451 233.870692076 0  -24.2776324522 -226.201205575 0  -5.41348979293 -6.66948650086 0 
22.6 29.8535094907 235.134497773 0  -24.4064877036 -227.417514342 0  -5.4470217871 -6.71698343116 0 
22.7 30.0158967068 236.398303258 0  -24.5353429323 -228.63382286 0  -5.48055377453 -6.76448039886 0 
22.8 30.1782838937 237.662108535 0  -24.6641981384 -229.850131131 0  -5.5140857553 -6.81197740362 0 
22.9 30.3406710516 238.925913604 0  -24.7930533221 -231.066439159 0  -5.54761772948 -6.85947444509 0 
23 30.5030581809 240.189718469 0  -24.9219084837 -232.282746946 0  -5.58114969712 -6.90697152294 0 
23.1 30.6654452818 241.453523131 0  -25.0507636235 -233.499054494 0  -5.6146816583 -6.95446863683 0 
23.2 30.8278323548 242.717327593 0  -25.1796187417 -234.715361806 0  -5.64821361309 -7.00196578642 0 
23.3 30.9902194 243.981131856 0  -25.3084738385 -235.931668885 0  -5.68174556154 -7.0494629714 0 
23.4 31.1526064178 245.244935923 0  -25.437328914 -237.147975732 0  -5.71527750372 -7.09696019144 0 
23.5 31.3149934084 246.508739796 0  -25.5661839687 -238.36428235 0  -5.7488094397 -7.14445744622 0 
23.6 31.4773803721 247.772543477 0  -25.6950390025 -239.580588741 0  -5.78234136952 -7.19195473542 0 
23.7 31.6397673092 249.036346967 0  -25.8238940159 -240.796894908 0  -5.81587329327 -7.23945205875 0 
23.8 31.8021542199 250.300150269 0  -25.9527490089 -242.013200853 0  -5.84940521099 -7.28694941589 0 
23.9 31.9645411045 251.563953384 0  -26.0816039818 -243.229506578 0  -5.88293712274 -7.33444680654 0 
24 32.1269279634 252.827756315 0  -26.2104589348 -244.445812085 0  -5.91646902858 -7.38194423041 0 
24.1 32.2893147966 254.091559063 0  -26.3393138681 -245.662117376 0  -5.95000092857 -7.4294416872 0 
24.2 32.4517016046 255.355361631 0  -26.4681687818 -246.878422454 0  -5.98353282276 -7.47693917662 0 
24.3 32.6140883875 256.619164019 0  -26.5970236762 -248.094727321 0  -6.01706471121 -7.52443669839 0 
24.4 32.7764751455 257.88296623 0  -26.7258785515 -249.311031978 0  -6.05059659398 -7.57193425222 0 
24.5 32.938861879 259.146768266 0  -26.8547334079 -250.527336428 0  -6.08412847112 -7.61943183784 0 
24.6 33.1012485882 260.410570127 0  -26.9835882455 -251.743640672 0  -6.11766034267 -7.66692945496 0 
24.7 33.2636352732 261.674371817 0  -27.1124430645 -252.959944713 0  -6.15119220871 -7.71442710333 0 
24.8 33.4260219344 262.938173335 0  -27.2412978651 -254.176248553 0  -6.18472406926 -7.76192478266 0 
24.9 33.5884085719 264.201974686 0  -27.3701526475 -255.392552193 0  -6.21825592439 -7.80942249271 0 
25 33.750795186 265.465775868 0  -27.4990074119 -256.608855635 0  -6.25178777415 -7.85692023319 0 
25.1 33.913181777 266.729576886 0  -27.6278621584 -257.825158882 0  -6.28531961859 -7.90441800387 0 
25.2 34.0755683449 267.993377739 0  -27.7567168872 -259.041461935 0  -6.31885145775 -7.95191580447 0 
25.3 34.2379548901 269.25717843 0  -27.8855715984 -260.257764795 0  -6.35238329168 -7.99941363476 0 
25.4 34.4003414127 270.52097896 0  -28.0144262923 -261.474067465 0  -6.38591512044 -8.04691149447 0 
25.5 34.562727913 271.78477933 0  -28.143280969 -262.690369947 0  -6.41944694406 -8.09440938337 0 
25.6 34.7251143912 273.048579542 0  -28.2721356286 -263.906672241 0  -6.45297876259 -8.14190730122 0 
25.7 34.8875008474 274.312379598 0  -28.4009902714 -265.12297435 0  -6.48651057608 -8.18940524777 0 
25.8 35.0498872819 275.576179499 0  -28.5298448974 -266.339276276 0  -6.52004238458 -8.23690322278 0 
25.9 35.2122736949 276.839979246 0  -28.6586995068 -267.55557802 0  -6.55357418813 -8.28440122603 0 
26 35.3746600866 278.103778841 0  -28.7875540998 -268.771879584 0  -6.58710598677 -8.33189925729 0 
26.1 35.5370464571 279.367578285 0  -28.9164086766 -269.988180969 0  -6.62063778054 -8.37939731632 0 
26.2 35.6994328067 280.63137758 0  -29.0452632372 -271.204482177 0  -6.6541695695 -8.42689540289 0 
26.3 35.8618191355 281.895176727 0  -29.1741177818 -272.42078321 0  -6.68770135367 -8.4743935168 0 
26.4 36.0242054437 283.158975727 0  -29.3029723106 -273.637084069 0  -6.7212331331 -8.52189165781 0 
26.5 36.1865917315 284.422774581 0  -29.4318268237 -274.853384755 0  -6.75476490784 -8.56938982571 0 
26.6 36.3489779991 285.686573291 0  -29.5606813212 -276.069685271 0  -6.78829667792 -8.61688802028 0 
26.7 36.5113642467 286.950371859 0  -29.6895358033 -277.285985617 0  -6.82182844339 -8.66438624132 0 
26.8 36.6737504745 288.214170285 0  -29.8183902702 -278.502285796 0  -6.85536020428 -8.7118844886 0 
26.9 36.8361366825 289.47796857 0  -29.9472447219 -279.718585808 0  -6.88889196063 -8.75938276194 0 
27 36.998522871 290.741766716 0  -30.0760991586 -280.934885655 0  -6.92242371248 -8.80688106111 0 
27.1 37.1609090402 292.005564725 0  -30.2049535804 -282.151185339 0  -6.95595545987 -8.85437938592 0 
27.2 37.3232951902 293.269362596 0  -30.3338079874 -283.36748486 0  -6.98948720283 -8.90187773617 0 
27.3 37.4856813212 294.533160332 0  -30.4626623798 -284.583784221 0  -7.02301894141 -8.94937611166 0 
27.4 37.6480674334 295.796957934 0  -30.5915167577 -285.800083422 0  -7.05655067564 -8.99687451219 0 
27.5 37.8104535268 297.060755402 0  -30.7203711213 -287.016382465 0  -7.09008240555 -9.04437293758 0 
27.6 37.9728396017 298.324552739 0  -30.8492254706 -288.232681351 0  -7.12361413118 -9.09187138762 0 
27.7 38.1352256583 299.588349944 0  -30.9780798057 -289.448980082 0  -7.15714585257 -9.13936986213 0 
27.8 38.2976116966 300.85214702 0  -31.1069341269 -290.665278659 0  -7.19067756975 -9.18686836093 0 
27.9 38.4599977169 302.115943966 0  -31.2357884341 -291.881577083 0  -7.22420928276 -9.23436688383 0 
28 38.6223837192 303.379740786 0  -31.3646427276 -293.097875355 0  -7.25774099162 -9.28186543064 0 
28.1 38.7847697038 304.643537478 0  -31.4934970074 -294.314173477 0  -7.29127269638 -9.32936400119 0 
28.2 38.9471556707 305.907334045 0  -31.6223512736 -295.53047145 0  -7.32480439706 -9.3768625953 0 
28.3 39.1095416202 307.171130487 0  -31.7512055265 -296.746769275 0  -7.35833609371 -9.42436121279 0 
28.4 39.2719275523 308.434926806 0  -31.880059766 -297.963066953 0  -7.39186778634 -9.47185985348 0 
28.5 39.4343134672 309.698723003 0  -32.0089139922 -299.179364486 0  -7.425399475 -9.51935851721 0 
28.6 39.5966993651 310.962519078 0  -32.1377682054 -300.395661874 0  -7.45893115971 -9.5668572038 0 
28.7 39.7590852461 312.226315032 0  -32.2666224056 -301.611959119 0  -7.49246284051 -9.61435591308 0 
28.8 39.9214711103 313.490110867 0  -32.3954765929 -302.828256222 0  -7.52599451742 -9.66185464489 0 
28.9 40.0838569578 314.753906584 0  -32.5243307674 -304.044553185 0  -7.55952619048 -9.70935339907 0 
29 40.2462427889 316.017702182 0  -32.6531849292 -305.260850007 0  -7.59305785972 -9.75685217544 0 
29.1 40.4086286035 317.281497665 0  -32.7820390784 -306.477146691 0  -7.62658952516 -9.80435097384 0 
29.2 40.5710144019 318.545293031 0  -32.9108932151 -307.693443237 0  -7.66012118684 -9.85184979413 0 
29.3 40.7334001842 319.809088283 0  -33.0397473394 -308.909739647 0  -7.69365284479 -9.89934863613 0 
29.4 40.8957859505 321.072883421 0  -33.1686014515 -310.126035921 0  -7.72718449903 -9.94684749969 0 
29.5 41.0581717009 322.336678446 0  -33.2974555513 -311.342332061 0  -7.76071614959 -9.99434638466 0 
29.6 41.2205574356 323.600473358 0  -33.4263096391 -312.558628068 0  -7.79424779651 -10.0418452909 0 
29.7 41.3829431547 324.86426816 0  -33.5551637149 -313.774923942 0  -7.8277794398 -10.0893442182 0 
29.8 41.5453288582 326.128062851 0  -33.6840177787 -314.991219685 0  -7.8613110795 -10.1368431665 0 
29.9 41.7077145464 327.391857433 0  -33.8128718308 -316.207515297 0  -7.89484271563 -10.1843421356 0 
30 41.8701002193 328.655651906 0  -33.9417258711 -317.423810781 0  -7.92837434822 -10.2318411253 0 
30.1 42.0324858771 329.919446271 0  -34.0705798998 -318.640106136 0  -7.96190597729 -10.2793401356 0 
30.2 42.1948715198 331.18324053 0  -34.1994339169 -319.856401364 0  -7.99543760288 -10.3268391662 0 
30.3 42.3572571476 332.447034682 0  -34.3282879226 -321.072696465 0  -8.02896922501 -10.374338217 0 
30.4 42.5196427607 333.710828729 0  -34.457141917 -322.288991441 0  -8.0625008437 -10.421837288 0 
30.5 42.682028359 334.974622671 0  -34.5859959 -323.505286292 0  -8.09603245898 -10.4693363788 0 
30.6 42.8444139427 336.23841651 0  -34.7148498719 -324.72158102 0  -8.12956407087 -10.5168354895 0 
30.7 43.006799512 337.502210245 0  -34.8437038326 -325.937875625 0  -8.16309567941 -10.5643346199 0 
30.8 43.1691850669 338.766003879 0  -34.9725577823 -327.154170109 0  -8.1966272846 -10.6118337698 0 
30.9 43.3315706076 340.029797411 0  -35.1014117211 -328.370464472 0  -8.23015888649 -10.6593329391 0 
31 43.4939561341 341.293590842 0  -35.230265649 -329.586758714 0  -8.26369048509 -10.7068321276 0 
31.1 43.6563416465 342.557384173 0  -35.3591195661 -330.803052838 0  -8.29722208042 -10.7543313353 0 
31.2 43.818727145 343.821177405 0  -35.4879734725 -332.019346843 0  -8.33075367251 -10.801830562 0 
31.3 43.9811126297 345.084970539 0  -35.6168273683 -333.235640731 0  -8.36428526139 -10.8493298076 0 
31.4 44.1434981006 346.348763575 0  -35.7456812536 -334.451934503 0  -8.39781684707 -10.896829072 0 
31.5 44.3058835579 347.612556514 0  -35.8745351284 -335.668228159 0  -8.43134842958 -10.9443283549 0 
31.6 44.4682690017 348.876349357 0  -36.0033889927 -336.8845217 0  -8.46488000894 -10.9918276564 0 
31.7 44.630654432 350.140142104 0  -36.1322428468 -338.100815127 0  -8.49841158517 -11.0393269763 0 
31.8 44.7930398489 351.403934756 0  -36.2610966906 -339.317108441 0  -8.53194315829 -11.0868263144 0 
31.9 44.9554252526 352.667727314 0  -36.3899505243 -340.533401643 0  -8.56547472834 -11.1343256706 0 
32 45.1178106432 353.931519778 0  -36.5188043479 -341.749694733 0  -8.59900629532 -11.1818250449 0 
32.1 45.2801960207 355.195312149 0  -36.6476581614 -342.965987712 0  -8.63253785926 -11.2293244371 0 
32.2 45.4425813852 356.459104429 0  -36.776511965 -344.182280582 0  -8.66606942018 -11.276823847 0 
32.3 45.6049667368 357.722896616 0  -36.9053657587 -345.398573342 0  -8.69960097811 -11.3243232746 0 
32.4 45.7673520757 358.986688713 0  -37.0342195426 -346.614865993 0  -8.73313253305 -11.3718227198 0 
32.5 45.9297374018 360.25048072 0  -37.1630733168 -347.831158537 0  -8.76666408504 -11.4193221824 0 
32.6 46.0921227154 361.514272636 0  -37.2919270813 -349.047450974 0  -8.80019563409 -11.4668216623 0 
32.7 46.2545080164 362.778064464 0  -37.4207808362 -350.263743305 0  -8.83372718023 -11.5143211595 0 
32.8 46.416893305 364.041856204 0  -37.5496345815 -351.48003553 0  -8.86725872347 -11.5618206737 0 
32.9 46.5792785812 365.305647855 0  -37.6784883174 -352.69632765 0  -8.90079026383 -11.6093202049 0 
33 46.7416638452 366.56943942 0  -37.8073420439 -353.912619667 0  -8.93432180133 -11.656819753 0 
33.1 46.904049097 367.833230898 0  -37.936195761 -355.12891158 0  -8.96785333599 -11.7043193179 0 
33.2 47.0664343367 369.097022289 0  -38.0650494689 -356.34520339 0  -9.00138486784 -11.7518188994 0 
33.3 47.2288195644 370.360813596 0  -38.1939031675 -357.561495098 0  -9.03491639688 -11.7993184976 0 
33.4 47.3912047801 371.624604818 0  -38.322756857 -358.777786706 0  -9.06844792314 -11.8468181121 0 
33.5 47.553589984 372.888395955 0  -38.4516105374 -359.994078212 0  -9.10197944664 -11.894317743 0 
33.6 47.7159751762 374.152187009 0  -38.5804642088 -361.210369619 0  -9.13551096739 -11.9418173902 0 
33.7 47.8783603566 375.41597798 0  -38.7093178712 -362.426660927 0  -9.16904248541 -11.9893170535 0 
33.8 48.0407455254 376.679768868 0  -38.8381715247 -363.642952135 0  -9.20257400073 -12.0368167329 0 
33.9 48.2031306827 377.943559675 0  -38.9670251694 -364.859243247 0  -9.23610551335 -12.0843164282 0 
34 48.3655158286 379.2073504 0  -39.0958788053 -366.07553426 0  -9.2696370233 -12.1318161394 0 
34.1 48.527900963 380.471141044 0  -39.2247324324 -367.291825177 0  -9.3031685306 -12.1793158663 0 
34.2 48.6902860862 381.734931607 0  -39.3535860509 -368.508115999 0  -9.33670003525 -12.2268156089 0 
34.3 48.8526711981 382.998722091 0  -39.4824396608 -369.724406724 0  -9.37023153728 -12.274315367 0 
34.4 49.0150562988 384.262512496 0  -39.6112932621 -370.940697355 0  -9.40376303671 -12.3218151406 0 
34.5 49.1774413885 385.526302822 0  -39.740146855 -372.156987892 0  -9.43729453355 -12.3693149296 0 
34.6 49.3398264672 386.79009307 0  -39.8690004394 -373.373278336 0  -9.47082602781 -12.4168147339 0 
34.7 49.5022115349 388.05388324 0  -39.9978540154 -374.589568686 0  -9.50435751952 -12.4643145533 0 
34.8 49.6645965917 389.317673333 0  -40.126707583 -375.805858945 0  -9.53788900869 -12.5118143878 0 
34.9 49.8269816378 390.581463349 0  -40.2555611424 -377.022149111 0  -9.57142049534 -12.5593142373 0 
35 49.9893666731 391.845253288 0  -40.3844146936 -378.238439187 0  -9.60495197948 -12.6068141018 0 
35.1 50.1517516978 393.109043153 0  -40.5132682366 -379.454729172 0  -9.63848346113 -12.654313981 0 
35.2 50.3141367118 394.372832942 0  -40.6421217715 -380.671019067 0  -9.67201494031 -12.701813875 0 
35.3 50.4765217154 395.636622656 0  -40.7709752984 -381.887308872 0  -9.70554641702 -12.7493137836 0 
35.4 50.6389067085 396.900412296 0  -40.8998288172 -383.103598589 0  -9.73907789129 -12.7968137068 0 
35.5 50.8012916912 398.164201862 0  -41.028682328 -384.319888217 0  -9.77260936313 -12.8443136444 0 
35.6 50.9636766635 399.427991355 0  -41.157535831 -385.536177758 0  -9.80614083255 -12.8918135965 0 
35.7 51.1260616256 400.691780775 0  -41.286389326 -386.752467212 0  -9.83967229958 -12.9393135628 0 
35.8 51.2884465775 401.955570122 0  -41.4152428133 -387.968756579 0  -9.87320376422 -12.9868135434 0 
35.9 51.4508315193 403.219359398 0  -41.5440962928 -389.18504586 0  -9.90673522649 -13.0343135381 0 
36 51.613216451 404.483148602 0  -41.6729497646 -390.401335055 0  -9.94026668641 -13.0818135468 0 
36.1 51.7756013727 405.746937735 0  -41.8018032288 -391.617624166 0  -9.97379814398 -13.1293135695 0 
36.2 51.9379862845 407.010726798 0  -41.9306566853 -392.833913191 0  -10.0073295992 -13.1768136061 0 
36.3 52.1003711864 408.27451579 0  -42.0595101342 -394.050202133 0  -10.0408610522 -13.2243136565 0 
36.4 52.2627560784 409.538304713 0  -42.1883635756 -395.266490992 0  -10.0743925028 -13.2718137206 0 
36.5 52.4251409607 410.802093566 0  -42.3172170096 -396.482779768 0  -10.1079239511 -13.3193137984 0 
36.6 52.5875258333 412.06588235 0  -42.4460704361 -397.699068461 0  -10.1414553972 -13.3668138897 0 
36.7 52.7499106963 413.329671066 0  -42.5749238552 -398.915357072 0  -10.1749868411 -13.4143139946 0 
36.8 52.9122955497 414.593459715 0  -42.703777267 -400.131645602 0  -10.2085182826 -13.4618141128 0 
36.9 53.0746803935 415.857248295 0  -42.8326306715 -401.347934051 0  -10.242049722 -13.5093142444 0 
37 53.2370652279 417.121036808 0  -42.9614840688 -402.564222419 0  -10.2755811591 -13.5568143893 0 
37.1 53.3994500529 418.384825255 0  -43.0903374588 -403.780510707 0  -10.309112594 -13.6043145473 0 
37.2 53.5618348685 419.648613635 0  -43.2191908417 -404.996798916 0  -10.3426440268 -13.6518147184 0 
37.3 53.7242196748 420.912401949 0  -43.3480442175 -406.213087046 0  -10.3761754573 -13.6993149026 0 
37.4 53.8866044719 422.176190197 0  -43.4768975862 -407.429375098 0  -10.4097068857 -13.7468150998 0 
37.5 54.0489892598 423.439978381 0  -43.6057509478 -408.645663071 0  -10.443238312 -13.7943153098 0 
37.6 54.2113740385 424.703766499 0  -43.7346043025 -409.861950966 0  -10.4767697361 -13.8418155327 0 
37.7 54.3737588082 425.967554553 0  -43.8634576502 -411.078238785 0  -10.510301158 -13.8893157683 0 
37.8 54.5361435689 427.231342543 0  -43.992310991 -412.294526527 0  -10.5438325779 -13.9368160166 0 
37.9 54.6985283206 428.49513047 0  -44.1211643249 -413.510814192 0  -10.5773639957 -13.9843162775 0 
38 54.8609130634 429.758918333 0  -44.250017652 -414.727101782 0  -10.6108954113 -14.031816551 0 
38.1 55.0232977973 431.022706133 0  -44.3788709724 -415.943389296 0  -10.6444268249 -14.0793168369 0 
38.2 55.1856825224 432.286493871 0  -44.5077242859 -417.159676736 0  -10.6779582364 -14.1268171352 0 
38.3 55.3480672387 433.550281547 0  -44.6365775928 -418.375964101 0  -10.7114896459 -14.1743174459 0 
38.4 55.5104519464 434.81406916 0  -44.765430893 -419.592251392 0  -10.7450210533 -14.2218177688 0 
38.5 55.6728366453 436.077856713 0  -44.8942841866 -420.808538609 0  -10.7785524587 -14.2693181039 0 
38.6 55.8352213357 437.341644204 0  -45.0231374736 -422.024825753 0  -10.8120838621 -14.3168184512 0 
38.7 55.9976060175 438.605431635 0  -45.151990754 -423.241112824 0  -10.8456152634 -14.3643188105 0 
38.8 56.1599906908 439.869219005 0  -45.2808440279 -424.457399823 0  -10.8791466628 -14.4118191818 0 
38.9 56.3223753556 441.133006315 0  -45.4096972954 -425.67368675 0  -10.9126780602 -14.4593195651 0 
39 56.484760012 442.396793565 0  -45.5385505564 -426.889973605 0  -10.9462094556 -14.5068199602 0 
39.1 56.64714466 443.660580756 0  -45.667403811 -428.106260389 0  -10.979740849 -14.5543203671 0 
39.2 56.8095292998 444.924367889 0  -45.7962570592 -429.322547103 0  -11.0132722405 -14.6018207858 0 
39.3 56.9719139312 446.188154962 0  -45.9251103011 -430.538833746 0  -11.0468036301 -14.6493212162 0 
39.4 57.1342985544 447.451941977 0  -46.0539635367 -431.755120319 0  -11.0803350177 -14.6968216582 0 
39.5 57.2966831695 448.715728934 0  -46.1828167661 -432.971406822 0  -11.1138664034 -14.7443221117 0 
39.6 57.4590677764 449.979515834 0  -46.3116699892 -434.187693257 0  -11.1473977872 -14.7918225768 0 
39.7 57.6214523752 451.243302676 0  -46.4405232062 -435.403979622 0  -11.1809291691 -14.8393230533 0 
39.8 57.783836966 452.507089461 0  -46.569376417 -436.62026592 0  -11.2144605491 -14.8868235411 0 
39.9 57.9462215488 453.770876189 0  -46.6982296216 -437.836552149 0  -11.2479919272 -14.9343240403 0 
40 58.1086061236 455.034662861 0  -46.8270828202 -439.05283831 0  -11.2815233034 -14.9818245507 0 
40.1 58.2709906906 456.298449477 0  -46.9559360128 -440.269124404 0  -11.3150546778 -15.0293250724 0 
40.2 58.4333752496 457.562236037 0  -47.0847891993 -441.485410432 0  -11.3485860504 -15.0768256052 0 
40.3 58.5957598009 458.826022542 0  -47.2136423798 -442.701696392 0  -11.3821174211 -15.124326149 0 
40.4 58.7581443443 460.089808991 0  -47.3424955544 -443.917982287 0  -11.41564879 -15.1718267039 0 
40.5 58.9205288801 461.353595386 0  -47.4713487231 -445.134268116 0  -11.449180157 -15.2193272698 0 
40.6 59.0829134081 462.617381726 0  -47.6002018858 -446.350553879 0  -11.4827115223 -15.2668278466 0 
40.7 59.2452979285 463.881168011 0  -47.7290550428 -447.566839577 0  -11.5162428857 -15.3143284342 0 
40.8 59.4076824413 465.144954243 0  -47.8579081939 -448.783125211 0  -11.5497742474 -15.3618290326 0 
40.9 59.5700669465 466.408740421 0  -47.9867613392 -449.99941078 0  -11.5833056073 -15.4093296418 0 
41 59.7324514442 467.672526546 0  -48.1156144788 -451.215696285 0  -11.6168369654 -15.4568302617 0 
41.1 59.8948359343 468.936312618 0  -48.2444676126 -452.431981726 0  -11.6503683218 -15.5043308922 0 
41.2 60.0572204171 470.200098637 0  -48.3733207407 -453.648267104 0  -11.6838996764 -15.5518315332 0 
41.3 60.2196048924 471.463884603 0  -48.5021738632 -454.864552419 0  -11.7174310292 -15.5993321848 0 
41.4 60.3819893604 472.727670518 0  -48.63102698 -456.080837671 0  -11.7509623804 -15.6468328469 0 
41.5 60.544373821 473.99145638 0  -48.7598800913 -457.29712286 0  -11.7844937298 -15.6943335194 0 
41.6 60.7067582744 475.25524219 0  -48.8887331969 -458.513407988 0  -11.8180250775 -15.7418342023 0 
41.7 60.8691427205 476.51902795 0  -49.017586297 -459.729693054 0  -11.8515564234 -15.7893348955 0 
41.8 61.0315271594 477.782813658 0  -49.1464393916 -460.945978059 0  -11.8850877677 -15.836835599 0 
41.9 61.1939115911 479.046599315 0  -49.2752924807 -462.162263002 0  -11.9186191103 -15.8843363126 0 
42 61.3562960156 480.310384922 0  -49.4041455644 -463.378547885 0  -11.9521504513 -15.9318370365 0 
42.1 61.5186804331 481.574170478 0  -49.5329986426 -464.594832707 0  -11.9856817905 -15.9793377704 0 
42.2 61.6810648435 482.837955984 0  -49.6618517154 -465.81111747 0  -12.0192131281 -16.0268385145 0 
42.3 61.8434492469 484.101741441 0  -49.7907047829 -467.027402172 0  -12.052744464 -16.0743392685 0 
42.4 62.0058336433 485.365526848 0  -49.919557845 -468.243686815 0  -12.0862757983 -16.1218400325 0 
42.5 62.1682180328 486.629312205 0  -50.0484109018 -469.459971399 0  -12.119807131 -16.1693408064 0 
42.6 62.3306024153 487.893097514 0  -50.1772639533 -470.676255924 0  -12.153338462 -16.2168415902 0 
42.7 62.492986791 489.156882774 0  -50.3061169996 -471.89254039 0  -12.1868697914 -16.2643423838 0 
42.8 62.6553711598 490.420667985 0  -50.4349700406 -473.108824798 0  -12.2204011192 -16.3118431871 0 
42.9 62.8177555218 491.684453148 0  -50.5638230764 -474.325109148 0  -12.2539324454 -16.3593440002 0 
43 62.980139877 492.948238264 0  -50.692676107 -475.541393441 0  -12.28746377 -16.406844823 0 
43.1 63.1425242255 494.212023331 0  -50.8215291325 -476.757677676 0  -12.320995093 -16.4543456554 0 
43.2 63.3049085673 495.475808351 0  -50.9503821528 -477.973961854 0  -12.3545264144 -16.5018464973 0 
43.3 63.4672929024 496.739593324 0  -51.0792351681 -479.190245975 0  -12.3880577343 -16.5493473488 0 
43.4 63.6296772308 498.003378249 0  -51.2080881783 -480.406530039 0  -12.4215890526 -16.5968482098 0 
43.5 63.7920615527 499.267163128 0  -51.3369411834 -481.622814048 0  -12.4551203693 -16.6443490803 0 
43.6 63.954445868 500.53094796 0  -51.4657941835 -482.839098 0  -12.4886516845 -16.6918499601 0 
43.7 64.1168301768 501.794732746 0  -51.5946471786 -484.055381897 0  -12.5221829982 -16.7393508493 0 
43.8 64.279214479 503.058517486 0  -51.7235001687 -485.271665738 0  -12.5557143103 -16.7868517478 0 
43.9 64.4415987748 504.32230218 0  -51.8523531539 -486.487949524 0  -12.5892456209 -16.8343526556 0 
44 64.6039830641 505.586086828 0  -51.9812061342 -487.704233255 0  -12.6227769299 -16.8818535726 0 
44.1 64.7663673471 506.849871431 0  -52.1100591096 -488.920516932 0  -12.6563082375 -16.9293544988 0 
44.2 64.9287516236 508.113655989 0  -52.2389120801 -490.136800555 0  -12.6898395436 -16.9768554341 0 
44.3 65.0911358938 509.377440502 0  -52.3677650457 -491.353084123 0  -12.7233708481 -17.0243563785 0 
44.4 65.2535201577 510.64122497 0  -52.4966180065 -492.569367638 0  -12.7569021512 -17.0718573319 0 
44.5 65.4159044154 511.905009393 0  -52.6254709626 -493.785651099 0  -12.7904334528 -17.1193582944 0 
44.6 65.5782886667 513.168793773 0  -52.7543239138 -495.001934507 0  -12.8239647529 -17.1668592658 0 
44.7 65.7406729119 514.432578108 0  -52.8831768603 -496.218217862 0  -12.8574960516 -17.2143602461 0 
44.8 65.9030571508 515.696362399 0  -53.0120298021 -497.434501164 0  -12.8910273488 -17.2618612353 0 
44.9 66.0654413836 516.960146647 0  -53.1408827391 -498.650784414 0  -12.9245586445 -17.3093622334 0 
45 66.2278256103 518.223930852 0  -53.2697356715 -499.867067611 0  -12.9580899388 -17.3568632402 0 
45.1 66.3902098309 519.487715013 0  -53.3985885992 -501.083350757 0  -12.9916212317 -17.4043642558 0 
45.2 66.5525940454 520.751499131 0  -53.5274415223 -502.299633851 0  -13.0251525231 -17.4518652802 0 
45.3 66.7149782539 522.015283206 0  -53.6562944407 -503.515916893 0  -13.0586838131 -17.4993663132 0 
45.4 66.8773624563 523.279067239 0  -53.7851473546 -504.732199885 0  -13.0922151017 -17.5468673548 0 
45.5 67.0397466528 524.54285123 0  -53.9140002639 -505.948482825 0  -13.1257463889 -17.594368405 0 
45.6 67.2021308433 525.806635178 0  -54.0428531687 -507.164765714 0  -13.1592776746 -17.6418694638 0 
45.7 67.3645150279 527.070419084 0  -54.1717060689 -508.381048553 0  -13.192808959 -17.6893705311 0 
45.8 67.5268992066 528.334202949 0  -54.3005589646 -509.597331342 0  -13.226340242 -17.7368716069 0 
45.9 67.6892833794 529.597986772 0  -54.4294118558 -510.813614081 0  -13.2598715236 -17.7843726912 0 
46 67.8516675464 530.861770554 0  -54.5582647426 -512.02989677 0  -13.2934028038 -17.8318737838 0 
46.1 68.0140517076 532.125554294 0  -54.6871176249 -513.246179409 0  -13.3269340826 -17.8793748848 0 
46.2 68.176435863 533.389337994 0  -54.8159705028 -514.462462 0  -13.3604653601 -17.9268759942 0 
46.3 68.3388200126 534.653121653 0  -54.9448233763 -515.678744541 0  -13.3939966362 -17.9743771118 0 
46.4 68.5012041565 535.916905271 0  -55.0736762455 -516.895027033 0  -13.427527911 -18.0218782377 0 
46.5 68.6635882947 537.180688849 0  -55.2025291103 -518.111309477 0  -13.4610591844 -18.0693793717 0 
46.6 68.8259724272 538.444472386 0  -55.3313819707 -519.327591872 0  -13.4945904565 -18.116880514 0 
46.7 68.9883565541 539.708255884 0  -55.4602348268 -520.543874219 0  -13.5281217273 -18.1643816644 0 
46.8 69.1507406753 540.972039342 0  -55.5890876786 -521.760156519 0  -13.5616529967 -18.211882823 0 
46.9 69.313124791 542.23582276 0  -55.7179405262 -522.97643877 0  -13.5951842648 -18.2593839895 0 
47 69.475508901 543.499606139 0  -55.8467933695 -524.192720974 0  -13.6287155315 -18.3068851642 0 
47.1 69.6378930056 544.763389478 0  -55.9756462086 -525.409003131 0  -13.662246797 -18.3543863468 0 
47.2 69.8002771046 546.027172778 0  -56.1044990434 -526.625285241 0  -13.6957780612 -18.4018875374 0 
47.3 69.9626611981 547.29095604 0  -56.233351874 -527.841567304 0  -13.7293093241 -18.4493887359 0 
47.4 70.1250452861 548.554739263 0  -56.3622047005 -529.05784932 0  -13.7628405856 -18.4968899423 0 
47.5 70.2874293687 549.818522447 0  -56.4910575228 -530.27413129 0  -13.7963718459 -18.5443911566 0 
47.6 70.4498134459 551.082305593 0  -56.619910341 -531.490413214 0  -13.8299031049 -18.5918923787 0 
47.7 70.6121975177 552.3460887 0  -56.7487631551 -532.706695092 0  -13.8634343627 -18.6393936086 0 
47.8 70.7745815841 553.60987177 0  -56.877615965 -533.922976924 0  -13.8969656191 -18.6868948462 0 
47.9 70.9369656452 554.873654802 0  -57.0064687709 -535.13925871 0  -13.9304968743 -18.7343960916 0 
48 71.099349701 556.137437796 0  -57.1353215727 -536.355540451 0  -13.9640281283 -18.7818973446 0 
48.1 71.2617337514 557.401220752 0  -57.2641743705 -537.571822147 0  -13.997559381 -18.8293986053 0 
48.2 71.4241177966 558.665003672 0  -57.3930271642 -538.788103798 0  -14.0310906324 -18.8768998737 0 
48.3 71.5865018366 559.928786554 0  -57.5218799539 -540.004385404 0  -14.0646218826 -18.9244011496 0 
48.4 71.7488858713 561.192569399 0  -57.6507327397 -541.220666966 0  -14.0981531316 -18.9719024331 0 
48.5 71.9112699008 562.456352207 0  -57.7795855214 -542.436948483 0  -14.1316843794 -19.0194037241 0 
48.6 72.0736539251 563.720134979 0  -57.9084382992 -543.653229956 0  -14.1652156259 -19.0669050226 0 
48.7 72.2360379443 564.983917714 0  -58.0372910731 -544.869511386 0  -14.1987468712 -19.1144063286 0 
48.8 72.3984219583 566.247700413 0  -58.1661438431 -546.085792771 0  -14.2322781153 -19.1619076419 0 
48.9 72.5608059673 567.511483076 0  -58.2949966091 -547.302074113 0  -14.2658093581 -19.2094089627 0 
49 72.7231899711 568.775265702 0  -58.4238493713 -548.518355412 0  -14.2993405998 -19.2569102909 0 
49.1 72.8855739699 570.039048293 0  -58.5527021296 -549.734636667 0  -14.3328718403 -19.3044116264 0 
49.2 73.0479579636 571.302830848 0  -58.681554884 -550.950917879 0  -14.3664030796 -19.3519129692 0 
49.3 73.2103419523 572.566613368 0  -58.8104076347 -552.167199049 0  -14.3999343177 -19.3994143192 0 
49.4 73.3727259361 573.830395852 0  -58.9392603815 -553.383480176 0  -14.4334655546 -19.4469156766 0 
49.5 73.5351099148 575.094178301 0  -59.0681131245 -554.59976126 0  -14.4669967903 -19.4944170411 0 
49.6 73.6974938886 576.357960715 0  -59.1969658637 -555.816042303 0  -14.5005280249 -19.5419184128 0 
49.7 73.8598778575 577.621743095 0  -59.3258185992 -557.032323303 0  -14.5340592583 -19.5894197916 0 
49.8 74.0222618214 578.885525439 0  -59.4546713309 -558.248604261 0  -14.5675904905 -19.6369211776 0 
49.9 74.1846457805 580.149307749 0  -59.5835240589 -559.464885178 0  -14.6011217216 -19.6844225707 0 
50 74.3470297347 581.413090024 0  -59.7123767831 -560.681166053 0  -14.6346529516 -19.7319239708 0 
50.1 74.509413684 582.676872265 0  -59.8412295037 -561.897446887 0  -14.6681841803 -19.779425378 0 
50.2 74.6717976286 583.940654472 0  -59.9700822206 -563.11372768 0  -14.701715408 -19.8269267922 0 
50.3 74.8341815683 585.204436645 0  -60.0989349338 -564.330008431 0  -14.7352466345 -19.8744282133 0 
50.4 74.9965655032 586.468218784 0  -60.2277876433 -565.546289142 0  -14.7687778599 -19.9219296414 0 
50.5 75.1589494334 587.732000889 0  -60.3566403493 -566.762569812 0  -14.8023090841 -19.9694310764 0 
50.6 75.3213333588 588.995782961 0  -60.4854930516 -567.978850442 0  -14.8358403072 -20.0169325183 0 
50.7 75.4837172795 590.259564999 0  -60.6143457503 -569.195131032 0  -14.8693715292 -20.0644339671 0 
50.8 75.6461011955 591.523347004 0  -60.7431984454 -570.411411581 0  -14.9029027501 -20.1119354227 0 
50.9 75.8084851068 592.787128976 0  -60.8720511369 -571.627692091 0  -14.9364339699 -20.1594368851 0 
51 75.9708690135 594.050910915 0  -61.0009038249 -572.843972561 0  -14.9699651886 -20.2069383543 0 
51.1 76.1332529155 595.314692821 0  -61.1297565093 -574.060252991 0  -15.0034964062 -20.2544398302 0 
51.2 76.2956368129 596.578474694 0  -61.2586091902 -575.276533381 0  -15.0370276227 -20.3019413128 0 
51.3 76.4580207057 597.842256535 0  -61.3874618676 -576.492813733 0  -15.0705588381 -20.3494428022 0 
51.4 76.6204045939 599.106038343 0  -61.5163145415 -577.709094045 0  -15.1040900524 -20.3969442982 0 
51.5 76.7827884775 600.369820119 0  -61.6451672119 -578.925374319 0  -15.1376212656 -20.4444458009 0 
51.6 76.9451723566 601.633601863 0  -61.7740198788 -580.141654553 0  -15.1711524778 -20.4919473101 0 
51.7 77.1075562312 602.897383575 0  -61.9028725423 -581.357934749 0  -15.2046836889 -20.539448826 0 
51.8 77.2699401012 604.161165255 0  -62.0317252024 -582.574214907 0  -15.2382148989 -20.5869503484 0 
51.9 77.4323239668 605.424946903 0  -62.160577859 -583.790495026 0  -15.2717461078 -20.6344518774 0 
52 77.5947078279 606.68872852 0  -62.2894305122 -585.006775107 0  -15.3052773157 -20.6819534129 0 
52.1 77.7570916846 607.952510105 0  -62.418283162 -586.22305515 0  -15.3388085226 -20.7294549548 0 
52.2 77.9194755368 609.216291659 0  -62.5471358084 -587.439335156 0  -15.3723397284 -20.7769565032 0 
52.3 78.0818593846 610.480073181 0  -62.6759884515 -588.655615123 0  -15.4058709331 -20.8244580581 0 
52.4 78.244243228 611.743854673 0  -62.8048410912 -589.871895053 0  -15.4394021368 -20.8719596193 0 
52.5 78.406627067 613.007636133 0  -62.9336937275 -591.088174946 0  -15.4729333395 -20.9194611869 0 
52.6 78.5690109017 614.271417563 0  -63.0625463606 -592.304454802 0  -15.5064645411 -20.9669627609 0 
52.7 78.731394732 615.535198962 0  -63.1913989903 -593.52073462 0  -15.5399957417 -21.0144643412 0 
52.8 78.893778558 616.79898033 0  -63.3202516167 -594.737014402 0  -15.5735269413 -21.0619659279 0 
52.9 79.0561623797 618.062761668 0  -63.4491042398 -595.953294147 0  -15.6070581398 -21.1094675208 0 
53 79.2185461971 619.326542975 0  -63.5779568597 -597.169573855 0  -15.6405893374 -21.1569691199 0 
53.1 79.3809300102 620.590324252 0  -63.7068094763 -598.385853527 0  -15.6741205339 -21.2044707253 0 
53.2 79.5433138191 621.8541055 0  -63.8356620897 -599.602133163 0  -15.7076517294 -21.2519723369 0 
53.3 79.7056976237 623.117886717 0  -63.9645146998 -600.818412762 0  -15.7411829239 -21.2994739547 0 
53.4 79.8680814241 624.381667904 0  -64.0933673067 -602.034692326 0  -15.7747141175 -21.3469755787 0 
53.5 80.0304652204 625.645449062 0  -64.2222199104 -603.250971853 0  -15.80824531 -21.3944772088 0 
53.6 80.1928490124 626.90923019 0  -64.3510725109 -604.467251345 0  -15.8417765015 -21.441978845 0 
53.7 80.3552328002 628.173011288 0  -64.4799251082 -605.683530801 0  -15.8753076921 -21.4894804872 0 
53.8 80.517616584 629.436792357 0  -64.6087777023 -606.899810222 0  -15.9088388816 -21.5369821356 0 
53.9 80.6800003635 630.700573397 0  -64.7376302933 -608.116089607 0  -15.9423700702 -21.58448379 0 
54 80.842384139 631.964354408 0  -64.8664828812 -609.332368958 0  -15.9759012578 -21.6319854504 0 
54.1 81.0047679103 633.22813539 0  -64.9953354659 -610.548648273 0  -16.0094324444 -21.6794871168 0 
54.2 81.1671516776 634.491916343 0  -65.1241880475 -611.764927554 0  -16.0429636301 -21.7269887892 0 
54.3 81.3295354408 635.755697267 0  -65.253040626 -612.981206799 0  -16.0764948148 -21.7744904675 0 
54.4 81.4919191999 637.019478162 0  -65.3818932014 -614.19748601 0  -16.1100259985 -21.8219921518 0 
54.5 81.654302955 638.283259029 0  -65.5107457738 -615.413765187 0  -16.1435571813 -21.8694938419 0 
54.6 81.8166867061 639.547039867 0  -65.639598343 -616.630044329 0  -16.1770883631 -21.916995538 0 
54.7 81.9790704532 640.810820678 0  -65.7684509092 -617.846323438 0  -16.210619544 -21.9644972399 0 
54.8 82.1414541963 642.074601459 0  -65.8973034724 -619.062602512 0  -16.2441507239 -22.0119989476 0 
54.9 82.3038379354 643.338382213 0  -66.0261560325 -620.278881552 0  -16.2776819029 -22.0595006612 0 
55 82.4662216705 644.602162939 0  -66.1550085896 -621.495160558 0  -16.3112130809 -22.1070023805 0 
55.1 82.6286054017 645.865943637 0  -66.2838611437 -622.711439531 0  -16.344744258 -22.1545041056 0 
55.2 82.790989129 647.129724307 0  -66.4127136948 -623.92771847 0  -16.3782754342 -22.2020058365 0 
55.3 82.9533728524 648.393504949 0  -66.5415662429 -625.143997376 0  -16.4118066094 -22.2495075731 0 
55.4 83.1157565718 649.657285564 0  -66.6704187881 -626.360276249 0  -16.4453377837 -22.2970093154 0 
55.5 83.2781402874 650.921066151 0  -66.7992713303 -627.576555088 0  -16.4788689571 -22.3445110634 0 
55.6 83.4405239991 652.184846711 0  -66.9281238695 -628.792833894 0  -16.5124001296 -22.3920128171 0 
55.7 83.602907707 653.448627244 0  -67.0569764058 -630.009112668 0  -16.5459313012 -22.4395145764 0 
55.8 83.765291411 654.71240775 0  -67.1858289392 -631.225391409 0  -16.5794624718 -22.4870163413 0 
55.9 83.9276751112 655.976188228 0  -67.3146814696 -632.441670117 0  -16.6129936416 -22.5345181118 0 
56 84.0900588076 657.23996868 0  -67.4435339972 -633.657948792 0  -16.6465248104 -22.582019888 0 
56.1 84.2524425002 658.503749105 0  -67.5723865218 -634.874227435 0  -16.6800559784 -22.6295216696 0 
56.2 84.414826189 659.767529503 0  -67.7012390436 -636.090506046 0  -16.7135871454 -22.6770234568 0 
56.3 84.5772098741 661.031309875 0  -67.8300915625 -637.306784625 0  -16.7471183116 -22.7245252496 0 
56.4 84.7395935554 662.29509022 0  -67.9589440785 -638.523063172 0  -16.7806494769 -22.7720270478 0 
56.5 84.9019772329 663.558870538 0  -68.0877965917 -639.739341687 0  -16.8141806412 -22.8195288515 0 
56.6 85.0643609068 664.822650831 0  -68.2166491021 -640.95562017 0  -16.8477118047 -22.8670306607 0 
56.7 85.2267445769 666.086431097 0  -68.3455016096 -642.171898621 0  -16.8812429673 -22.9145324753 0 
56.8 85.3891282434 667.350211337 0  -68.4743541143 -643.388177041 0  -16.9147741291 -22.9620342953 0 
56.9 85.5515119061 668.613991551 0  -68.6032066162 -644.60445543 0  -16.94830529 -23.0095361207 0 
57 85.7138955652 669.877771739 0  -68.7320591153 -645.820733787 0  -16.9818364499 -23.0570379516 0 
57.1 85.8762792207 671.141551901 0  -68.8609116116 -647.037012113 0  -17.0153676091 -23.1045397877 0 
57.2 86.0386628725 672.405332037 0  -68.9897641052 -648.253290408 0  -17.0488987673 -23.1520416292 0 
57.3 86.2010465207 673.669112148 0  -69.1186165959 -649.469568672 0  -17.0824299247 -23.1995434761 0 
57.4 86.3634301653 674.932892234 0  -69.247469084 -650.685846905 0  -17.1159610813 -23.2470453282 0 
57.5 86.5258138062 676.196672294 0  -69.3763215693 -651.902125108 0  -17.149492237 -23.2945471856 0 
57.6 86.6881974436 677.460452328 0  -69.5051740518 -653.11840328 0  -17.1830233918 -23.3420490483 0 
57.7 86.8505810775 678.724232337 0  -69.6340265316 -654.334681421 0  -17.2165545458 -23.3895509162 0 
57.8 87.0129647077 679.988012322 0  -69.7628790088 -655.550959532 0  -17.250085699 -23.4370527894 0 
57.9 87.1753483344 681.251792281 0  -69.8917314832 -656.767237613 0  -17.2836168513 -23.4845546678 0 
58 87.3377319576 682.515572215 0  -70.0205839549 -657.983515664 0  -17.3171480027 -23.5320565513 0 
58.1 87.5001155773 683.779352124 0  -70.1494364239 -659.199793684 0  -17.3506791534 -23.57955844 0 
58.2 87.6624991935 685.043132009 0  -70.2782888903 -660.416071675 0  -17.3842103032 -23.6270603339 0 
58.3 87.8248828062 686.306911869 0  -70.407141354 -661.632349636 0  -17.4177414521 -23.6745622329 0 
58.4 87.9872664153 687.570691704 0  -70.5359938151 -662.848627567 0  -17.4512726003 -23.7220641371 0 
58.5 88.1496500211 688.834471515 0  -70.6648462735 -664.064905468 0  -17.4848037476 -23.7695660463 0 
58.6 88.3120336234 690.098251301 0  -70.7936987292 -665.28118334 0  -17.5183348941 -23.8170679606 0 
58.7 88.4744172222 691.362031063 0  -70.9225511824 -666.497461183 0  -17.5518660398 -23.86456988 0 
58.8 88.6368008176 692.625810801 0  -71.0514036329 -667.713738996 0  -17.5853971847 -23.9120718044 0 
58.9 88.7991844096 693.889590514 0  -71.1802560809 -668.930016781 0  -17.6189283287 -23.9595737338 0 
59 88.9615679982 695.153370204 0  -71.3091085262 -670.146294536 0  -17.652459472 -24.0070756683 0 
59.1 89.1239515834 696.41714987 0  -71.4379609689 -671.362572262 0  -17.6859906144 -24.0545776077 0 
59.2 89.2863351652 697.680929511 0  -71.5668134091 -672.578849959 0  -17.719521756 -24.1020795522 0 
59.3 89.4487187436 698.944709129 0  -71.6956658467 -673.795127628 0  -17.7530528969 -24.1495815015 0 
59.4 89.6111023187 700.208488723 0  -71.8245182818 -675.011405268 0  -17.7865840369 -24.1970834559 0 
59.5 89.7734858905 701.472268294 0  -71.9533707143 -676.227682879 0  -17.8201151762 -24.2445854151 0 
59.6 89.9358694589 702.736047841 0  -72.0822231443 -677.443960462 0  -17.8536463146 -24.2920873792 0 
59.7 90.098253024 703.999827365 0  -72.2110755717 -678.660238016 0  -17.8871774523 -24.3395893483 0 
59.8 90.2606365858 705.263606865 0  -72.3399279966 -679.876515543 0  -17.9207085892 -24.3870913222 0 
59.9 90.4230201443 706.527386342 0  -72.468780419 -681.092793041 0  -17.9542397253 -24.4345933009 0 
60 90.5854036995 707.791165796 0  -72.5976328389 -682.309070511 0  -17.9877708606 -24.4820952845 0 
60.1 90.7477872514 709.054945226 0  -72.7264852563 -683.525347953 0  -18.0213019951 -24.529597273 0 
60.2 90.9101708001 710.318724634 0  -72.8553376712 -684.741625367 0  -18.0548331289 -24.5770992662 0 
60.3 91.0725543456 711.582504018 0  -72.9841900837 -685.957902754 0  -18.0883642619 -24.6246012642 0 
60.4 91.2349378878 712.84628338 0  -73.1130424936 -687.174180113 0  -18.1218953941 -24.672103267 0 
60.5 91.3973214267 714.110062719 0  -73.2418949012 -688.390457444 0  -18.1554265256 -24.7196052745 0 
60.6 91.5597049625 715.373842035 0  -73.3707473062 -689.606734748 0  -18.1889576563 -24.7671072868 0 
60.7 91.7220884951 716.637621329 0  -73.4995997089 -690.823012025 0  -18.2224887862 -24.8146093038 0 
60.8 91.8844720244 717.9014006 0  -73.628452109 -692.039289274 0  -18.2560199154 -24.8621113255 0 
60.9 92.0468555506 719.165179848 0  -73.7573045068 -693.255566497 0  -18.2895510438 -24.9096133519 0 
61 92.2092390736 720.428959075 0  -73.8861569022 -694.471843692 0  -18.3230821715 -24.957115383 0 
61.1 92.3716225935 721.692738279 0  -74.0150092951 -695.68812086 0  -18.3566132984 -25.0046174187 0 
61.2 92.5340061102 722.95651746 0  -74.1438616857 -696.904398001 0  -18.3901444245 -25.0521194591 0 
61.3 92.6963896238 724.22029662 0  -74.2727140738 -698.120675116 0  -18.42367555 -25.0996215041 0 
61.4 92.8587731342 725.484075757 0  -74.4015664596 -699.336952203 0  -18.4572066746 -25.1471235538 0 
61.5 93.0211566416 726.747854872 0  -74.530418843 -700.553229264 0  -18.4907377986 -25.194625608 0 
61.6 93.1835401458 728.011633966 0  -74.659271224 -701.769506299 0  -18.5242689218 -25.2421276668 0 
61.7 93.345923647 729.275413038 0  -74.7881236027 -702.985783307 0  -18.5578000442 -25.2896297302 0 
61.8 93.508307145 730.539192087 0  -74.9169759791 -704.202060289 0  -18.591331166 -25.3371317981 0 
61.9 93.67069064 731.802971115 0  -75.0458283531 -705.418337245 0  -18.624862287 -25.3846338705 0 
62 93.8330741319 733.066750122 0  -75.1746807247 -706.634614175 0  -18.6583934072 -25.4321359475 0 
62.1 93.9954576208 734.330529107 0  -75.3035330941 -707.850891078 0  -18.6919245268 -25.479638029 0 
62.2 94.1578411067 735.59430807 0  -75.4323854611 -709.067167956 0  -18.7254556456 -25.527140115 0 
62.3 94.3202245895 736.858087013 0  -75.5612378258 -710.283444807 0  -18.7589867637 -25.5746422054 0 
62.4 94.4826080693 738.121865933 0  -75.6900901882 -711.499721633 0  -18.7925178811 -25.6221443003 0 
62.5 94.6449915461 739.385644833 0  -75.8189425483 -712.715998433 0  -18.8260489977 -25.6696463997 0 
62.6 94.8073750198 740.649423711 0  -75.9477949061 -713.932275208 0  -18.8595801137 -25.7171485035 0 
62.7 94.9697584906 741.913202568 0  -76.0766472617 -715.148551957 0  -18.8931112289 -25.7646506117 0 
62.8 95.1321419585 743.176981405 0  -76.205499615 -716.36482868 0  -18.9266423435 -25.8121527243 0 
62.9 95.2945254233 744.44076022 0  -76.334351966 -717.581105378 0  -18.9601734573 -25.8596548413 0 
63 95.4569088852 745.704539014 0  -76.4632043148 -718.797382051 0  -18.9937045704 -25.9071569627 0 
63.1 95.6192923442 746.968317788 0  -76.5920566613 -720.013658699 0  -19.0272356829 -25.9546590884 0 
63.2 95.7816758002 748.23209654 0  -76.7209090056 -721.229935322 0  -19.0607667946 -26.0021612185 0 
63.3 95.9440592533 749.495875272 0  -76.8497613476 -722.446211919 0  -19.0942979056 -26.0496633529 0 
63.4 96.1064427034 750.759653984 0  -76.9786136875 -723.662488492 0  -19.127829016 -26.0971654916 0 
63.5 96.2688261507 752.023432675 0  -77.1074660251 -724.87876504 0  -19.1613601256 -26.1446676346 0 
63.6 96.431209595 753.287211345 0  -77.2363183605 -726.095041563 0  -19.1948912345 -26.1921697819 0 
63.7 96.5935930365 754.550989995 0  -77.3651706937 -727.311318062 0  -19.2284223428 -26.2396719335 0 
63.8 96.7559764751 755.814768625 0  -77.4940230247 -728.527594535 0  -19.2619534504 -26.2871740894 0 
63.9 96.9183599108 757.078547234 0  -77.6228753535 -729.743870985 0  -19.2954845573 -26.3346762495 0 
64 97.0807433437 758.342325823 0  -77.7517276802 -730.96014741 0  -19.3290156635 -26.3821784138 0 
64.1 97.2431267737 759.606104392 0  -77.8805800047 -732.17642381 0  -19.362546769 -26.4296805824 0 
64.2 97.4055102009 760.869882941 0  -78.009432327 -733.392700186 0  -19.3960778739 -26.4771827551 0 
64.3 97.5678936252 762.13366147 0  -78.1382846471 -734.608976538 0  -19.4296089781 -26.5246849321 0 
64.4 97.7302770468 763.397439979 0  -78.2671369651 -735.825252866 0  -19.4631400816 -26.5721871132 0 
64.5 97.8926604655 764.661218469 0  -78.395989281 -737.04152917 0  -19.4966711845 -26.6196892985 0 
64.6 98.0550438814 765.924996938 0  -78.5248415947 -738.25780545 0  -19.5302022866 -26.667191488 0 
64.7 98.2174272945 767.188775388 0  -78.6536939063 -739.474081706 0  -19.5637333881 -26.7146936816 0 
64.8 98.3798107048 768.452553818 0  -78.7825462158 -740.690357938 0  -19.597264489 -26.7621958793 0 
64.9 98.5421941123 769.716332228 0  -78.9113985232 -741.906634147 0  -19.6307955892 -26.8096980811 0 
65 98.7045775171 770.980110619 0  -79.0402508284 -743.122910332 0  -19.6643266887 -26.8572002871 0 
65.1 98.8669609192 772.24388899 0  -79.1691031316 -744.339186493 0  -19.6978577876 -26.9047024971 0 
65.2 99.0293443184 773.507667342 0  -79.2979554326 -745.555462631 0  -19.7313888858 -26.9522047112 0 
65.3 99.191727715 774.771445675 0  -79.4268077316 -746.771738745 0  -19.7649199834 -26.9997069293 0 
65.4 99.3541111088 776.035223988 0  -79.5556600285 -747.988014837 0  -19.7984510803 -27.0472091516 0 
65.5 99.5164944999 777.299002282 0  -79.6845123233 -749.204290904 0  -19.8319821766 -27.0947113778 0 
65.6 99.6788778882 778.562780557 0  -79.813364616 -750.420566949 0  -19.8655132722 -27.1422136081 0 
65.7 99.8412612739 779.826558813 0  -79.9422169067 -751.636842971 0  -19.8990443672 -27.1897158423 0 
65.8 100.003644657 781.09033705 0  -80.0710691954 -752.853118969 0  -19.9325754615 -27.2372180806 0 
65.9 100.166028037 782.354115268 0  -80.199921482 -754.069394945 0  -19.9661065552 -27.2847203229 0 
66 100.328411415 783.617893466 0  -80.3287737665 -755.285670897 0  -19.9996376483 -27.3322225691 0 
66.1 100.49079479 784.881671646 0  -80.457626049 -756.501946827 0  -20.0331687407 -27.3797248193 0 
66.2 100.653178162 786.145449808 0  -80.5864783295 -757.718222734 0  -20.0666998325 -27.4272270735 0 
66.3 100.815561532 787.40922795 0  -80.715330608 -758.934498619 0  -20.1002309236 -27.4747293315 0 
66.4 100.977944899 788.673006074 0  -80.8441828844 -760.15077448 0  -20.1337620142 -27.5222315935 0 
66.5 101.140328263 789.936784179 0  -80.9730351589 -761.36705032 0  -20.1672931041 -27.5697338595 0 
66.6 101.302711625 791.200562266 0  -81.1018874313 -762.583326137 0  -20.2008241934 -27.6172361293 0 
66.7 101.465094984 792.464340334 0  -81.2307397018 -763.799601931 0  -20.234355282 -27.664738403 0 
66.8 101.62747834 793.728118384 0  -81.3595919702 -765.015877703 0  -20.26788637 -27.7122406806 0 
66.9 101.789861694 794.991896415 0  -81.4884442367 -766.232153453 0  -20.3014174574 -27.759742962 0 
67 101.952245045 796.255674428 0  -81.6172965012 -767.448429181 0  -20.3349485442 -27.8072452473 0 
67.1 102.114628394 797.519452423 0  -81.7461487637 -768.664704887 0  -20.3684796304 -27.8547475365 0 
67.2 102.27701174 798.7832304 0  -81.8750010243 -769.88098057 0  -20.402010716 -27.9022498294 0 
67.3 102.439395084 800.047008358 0  -82.0038532829 -771.097256232 0  -20.4355418009 -27.9497521262 0 
67.4 102.601778425 801.310786298 0  -82.1327055396 -772.313531872 0  -20.4690728853 -27.9972544268 0 
67.5 102.764161763 802.574564221 0  -82.2615577943 -773.52980749 0  -20.502603969 -28.0447567312 0 
67.6 102.926545099 803.838342125 0  -82.3904100471 -774.746083086 0  -20.5361350521 -28.0922590393 0 
67.7 103.088928433 805.102120012 0  -82.5192622979 -775.96235866 0  -20.5696661347 -28.1397613513 0 
67.8 103.251311763 806.36589788 0  -82.6481145469 -777.178634213 0  -20.6031972166 -28.187263667 0 
67.9 103.413695092 807.629675731 0  -82.7769667939 -778.394909745 0  -20.6367282979 -28.2347659864 0 
68 103.576078418 808.893453564 0  -82.9058190389 -779.611185254 0  -20.6702593786 -28.2822683096 0 
68.1 103.738461741 810.157231379 0  -83.0346712821 -780.827460743 0  -20.7037904587 -28.3297706365 0 
68.2 103.900845062 811.421009177 0  -83.1635235234 -782.04373621 0  -20.7373215383 -28.3772729671 0 
68.3 104.06322838 812.684786957 0  -83.2923757628 -783.260011656 0  -20.7708526172 -28.4247753014 0 
68.4 104.225611696 813.94856472 0  -83.4212280003 -784.47628708 0  -20.8043836955 -28.4722776394 0 
68.5 104.387995009 815.212342465 0  -83.5500802359 -785.692562484 0  -20.8379147733 -28.5197799811 0 
68.6 104.55037832 816.476120193 0  -83.6789324696 -786.908837866 0  -20.8714458504 -28.5672823265 0 
68.7 104.712761628 817.739897903 0  -83.8077847015 -788.125113227 0  -20.904976927 -28.6147846755 0 
68.8 104.875144934 819.003675596 0  -83.9366369314 -789.341388568 0  -20.938508003 -28.6622870281 0 
68.9 105.037528238 820.267453272 0  -84.0654891596 -790.557663887 0  -20.9720390784 -28.7097893844 0 
69 105.199911539 821.53123093 0  -84.1943413858 -791.773939186 0  -21.0055701533 -28.7572917444 0 
69.1 105.362294838 822.795008572 0  -84.3231936103 -792.990214464 0  -21.0391012275 -28.8047941079 0 
69.2 105.524678134 824.058786196 0  -84.4520458328 -794.206489721 0  -21.0726323012 -28.852296475 0 
69.3 105.687061428 825.322563803 0  -84.5808980536 -795.422764958 0  -21.1061633743 -28.8997988458 0 
69.4 105.849444719 826.586341394 0  -84.7097502725 -796.639040173 0  -21.1396944468 -28.9473012201 0 
69.5 106.011828008 827.850118967 0  -84.8386024896 -797.855315369 0  -21.1732255188 -28.994803598 0 
69.6 106.174211295 829.113896523 0  -84.9674547048 -799.071590544 0  -21.2067565901 -29.0423059794 0 
69.7 106.336594579 830.377674063 0  -85.0963069183 -800.287865699 0  -21.240287661 -29.0898083644 0 
69.8 106.498977861 831.641451586 0  -85.2251591299 -801.504140833 0  -21.2738187312 -29.137310753 0 
69.9 106.661361141 832.905229092 0  -85.3540113397 -802.720415947 0  -21.3073498009 -29.184813145 0 
70 106.823744418 834.169006581 0  -85.4828635477 -803.936691041 0  -21.34088087 -29.2323155406 0 
