0 -0.03260564902724127
0.1 -0.03246098476509832
0.2 -0.03223642971124143
0.3 -0.03187291615830248
0.4 -0.03135213947974116
0.5 -0.03073052543453375
0.6 -0.03012660780565185
0.7 -0.02964675126015988
0.7999999999999999 -0.02932754937013447
0.8999999999999999 -0.02914493371677613
0.9999999999999999 -0.02904831978538038
1.1 -0.02897629099111909
1.2 -0.02884646422049594
1.3 -0.02852738414247694
1.4 -0.02783319538985878
1.5 -0.0266785746156565
1.6 -0.02537400575826262
1.7 -0.0244060572301979
1.8 -0.02389278735647879
1.900000000000001 -0.02367431753730184
2 -0.02359295351060758
2.100000000000001 -0.02355995672851701
2.200000000000001 -0.0235316522518484
2.300000000000001 -0.02348576279224414
2.400000000000001 -0.02340970386491962
2.500000000000001 -0.0232963202747111
2.600000000000001 -0.02314343405750851
2.700000000000001 -0.02295501037613096
2.800000000000001 -0.02274197317597437
2.900000000000001 -0.02252083650094474
3.000000000000001 -0.02230965291014358
3.100000000000001 -0.02212302100859827
3.200000000000002 -0.02196887582025207
3.300000000000002 -0.02184834578530961
3.400000000000002 -0.02175779603154725
3.500000000000002 -0.0216913684587723
3.600000000000002 -0.0216429072803209
3.700000000000002 -0.02160700909979391
3.800000000000002 -0.02157940026573066
3.900000000000002 -0.02155693192098689
4.000000000000002 -0.02153740920354164
4.100000000000001 -0.02151937765746168
4.200000000000001 -0.02150192423367955
4.300000000000001 -0.02148451360912253
4.4 -0.0214668628986492
4.5 -0.02144885048629455
4.6 -0.02143045239427301
4.699999999999999 -0.02141169957833713
4.799999999999999 -0.02139265042685959
4.899999999999999 -0.02137337389597336
4.999999999999998 -0.02135393983084674
5.099999999999998 -0.02133441397668546
5.199999999999998 -0.02131485593637248
5.299999999999997 -0.02129531889417242
5.399999999999997 -0.02127585032545558
5.499999999999996 -0.02125649318457918
5.599999999999996 -0.0212372872378769
5.699999999999996 -0.02121827031137767
5.799999999999995 -0.0211994792723595
5.899999999999995 -0.02118095057368537
5.999999999999995 -0.02116272016971627
6.099999999999994 -0.02114482257011212
6.199999999999994 -0.02112728874087659
6.299999999999994 -0.02111014250109518
6.399999999999993 -0.0210933950147889
6.499999999999993 -0.02107703696377996
6.599999999999993 -0.02106102804245543
6.699999999999992 -0.02104528358074483
6.799999999999992 -0.02102965842428135
6.899999999999991 -0.02101392872326094
6.999999999999991 -0.02099777302807786
7.099999999999991 -0.02098075504712692
7.19999999999999 -0.02096231151859339
7.29999999999999 -0.02094174973317529
7.39999999999999 -0.02091826007046305
7.499999999999989 -0.02089094911603951
7.599999999999989 -0.02085889802761654
7.699999999999989 -0.02082124825413086
7.799999999999988 -0.02077731199208346
7.899999999999988 -0.02072669782722499
7.999999999999988 -0.02066943378134164
8.099999999999987 -0.02060606287791502
8.199999999999987 -0.0205376841173442
8.299999999999986 -0.02046591808543317
8.399999999999986 -0.02039279228426878
8.499999999999986 -0.02032056272596674
8.599999999999985 -0.0202515070104151
8.699999999999985 -0.02018773134505945
8.799999999999985 -0.02013102596790314
8.899999999999984 -0.02008278331964762
8.999999999999984 -0.02004396784127093
9.099999999999984 -0.02001509919489825
9.199999999999983 -0.01999617544871431
9.299999999999983 -0.0199863929037966
9.399999999999983 -0.01998334625861064
9.499999999999982 -0.01998094871568241
9.599999999999982 -0.0199642231404195
9.699999999999982 -0.01989692389435277
9.799999999999981 -0.01969689836801588
9.899999999999981 -0.01921482105457997
9.99999999999998 -0.01832555223926689
10.09999999999998 -0.0172193053572978
10.19999999999998 -0.01634953387456143
10.29999999999998 -0.01588871331167558
10.39999999999998 -0.01570873404935499
10.49999999999998 -0.01566256362734893
10.59999999999998 -0.01566871039981886
10.69999999999998 -0.01568943055168163
10.79999999999998 -0.01570570084362925
10.89999999999998 -0.01570355918014967
10.99999999999998 -0.01566668841520729
11.09999999999998 -0.0155719797041704
11.19999999999998 -0.01538972815756298
11.29999999999998 -0.01509582209488967
11.39999999999998 -0.01470043308839714
11.49999999999998 -0.01426884434190833
11.59999999999997 -0.013890418277935
11.69999999999997 -0.01361774190091174
11.79999999999997 -0.01344908473382942
11.89999999999997 -0.01335569638863542
11.99999999999997 -0.01330822771490286
12.09999999999997 -0.01328602407144899
12.19999999999997 -0.0132766829086274
12.29999999999997 -0.01327332224044502
12.39999999999997 -0.01327229758748985
12.49999999999997 -0.01327175720859023
12.59999999999997 -0.01327081580721852
12.69999999999997 -0.01326910044547593
12.79999999999997 -0.01326650446583277
12.89999999999997 -0.01326305463098828
12.99999999999997 -0.01325883955935046
13.09999999999997 -0.01325397147306635
13.19999999999997 -0.01324856616969055
13.29999999999997 -0.01324273301269598
13.39999999999997 -0.01323657042792377
13.49999999999997 -0.01323016439520816
13.59999999999997 -0.0132235885257144
13.69999999999997 -0.01321690493041407
13.79999999999997 -0.01321016543322253
13.89999999999997 -0.01320341288162166
13.99999999999997 -0.01319668242250932
14.09999999999997 -0.01319000267735894
14.19999999999997 -0.0131833967887943
14.29999999999997 -0.01317688333205144
14.39999999999996 -0.01317047709633062
14.49999999999996 -0.01316418974678175
14.59999999999996 -0.01315803038023453
14.69999999999996 -0.0131520059882384
14.79999999999996 -0.01314612184039261
14.89999999999996 -0.01314038179985054
14.99999999999996 -0.01313478858158006
15.09999999999996 -0.01312934396263415
15.19999999999996 -0.01312404895242416
15.29999999999996 -0.01311890392984161
15.39999999999996 -0.01311390875305743
15.49999999999996 -0.01310906284694204
15.59999999999996 -0.01310436527228523
15.69999999999996 -0.01309981478033878
15.79999999999996 -0.01309540985564257
15.89999999999996 -0.01309114874961197
15.99999999999996 -0.01308702950694926
16.09999999999996 -0.01308304998658219
16.19999999999996 -0.01307920787852258
16.29999999999996 -0.01307550071776809
16.39999999999996 -0.01307192589613862
16.49999999999996 -0.01306848067274007
16.59999999999997 -0.01306516218358127
16.69999999999997 -0.01306196745073166
16.79999999999997 -0.01305889339129658
16.89999999999997 -0.01305593682640047
16.99999999999997 -0.0130530944903039
17.09999999999997 -0.01305036303973338
17.19999999999997 -0.01304773906347114
17.29999999999998 -0.01304521909222931
17.39999999999998 -0.0130427996088172
17.49999999999998 -0.01304047705859737
17.59999999999998 -0.01303824786021278
17.69999999999998 -0.01303610841655336
17.79999999999998 -0.01303405512591347
17.89999999999998 -0.01303208439327396
17.99999999999999 -0.01303019264162328
18.09999999999999 -0.0130283763232147
18.19999999999999 -0.01302663193064099
18.29999999999999 -0.01302495600759761
18.39999999999999 -0.01302334515919913
18.49999999999999 -0.01302179606171536
18.59999999999999 -0.01302030547160004
18.7 -0.01301887023369848
18.8 -0.01301748728853841
18.9 -0.01301615367863071
19 -0.01301486655373029
19.1 -0.01301362317503367
19.2 -0.01301242091831372
19.3 -0.01301125727601581
19.40000000000001 -0.01301012985835998
19.50000000000001 -0.01300903639351136
19.60000000000001 -0.01300797472689462
19.70000000000001 -0.01300694281973844
19.80000000000001 -0.01300593874694285
19.90000000000001 -0.01300496069436467
20.00000000000001 -0.01300400695561756
20.10000000000002 -0.01300307592847985
20.20000000000002 -0.01300216611100016
20.30000000000002 -0.01300127609738412
20.40000000000002 -0.01300040457373954
20.50000000000002 -0.01299955031374929
20.60000000000002 -0.01299871217433417
20.70000000000002 -0.01299788909135967
20.80000000000003 -0.01299708007543389
20.90000000000003 -0.01299628420783639
21.00000000000003 -0.01299550063661174
21.10000000000003 -0.0129947285728558
21.20000000000003 -0.01299396728721787
21.30000000000003 -0.01299321610663761
21.40000000000003 -0.01299247441133238
21.50000000000004 -0.01299174163204794
21.60000000000004 -0.01299101724758368
21.70000000000004 -0.01299030078260223
21.80000000000004 -0.01298959180573312
21.90000000000004 -0.01298888992798033
22.00000000000004 -0.01298819480144445
22.10000000000004 -0.01298750611837229
22.20000000000005 -0.01298682361054867
22.30000000000005 -0.01298614704904897
22.40000000000005 -0.01298547624437478
22.50000000000005 -0.01298481104700035
22.60000000000005 -0.01298415134836353
22.70000000000005 -0.01298349708234281
22.80000000000005 -0.0129828482272707
22.90000000000006 -0.01298220480854506
23.00000000000006 -0.01298156690191274
23.10000000000006 -0.01298093463751589
23.20000000000006 -0.01298030820481053
23.30000000000006 -0.01297968785848991
23.40000000000006 -0.01297907392557393
23.50000000000006 -0.01297846681385998
23.60000000000007 -0.01297786702197365
23.70000000000007 -0.01297727515131012
23.80000000000007 -0.0129766919202224
23.90000000000007 -0.01297611818089404
24.00000000000007 -0.01297555493943641
24.10000000000007 -0.01297500337987946
24.20000000000007 -0.01297446489288845
24.30000000000008 -0.0129739411102485
24.40000000000008 -0.01297343394642654
24.50000000000008 -0.01297294564886764
24.60000000000008 -0.01297247885913381
24.70000000000008 -0.01297203668758577
24.80000000000008 -0.01297162280509004
24.90000000000008 -0.01297124155627596
25.00000000000009 -0.01297089810026629
25.10000000000009 -0.01297059858670291
25.20000000000009 -0.01297035037748571
25.30000000000009 -0.01297016232823444
25.40000000000009 -0.01297004514850524
25.50000000000009 -0.01297001186689892
25.60000000000009 -0.01297007843737936
25.7000000000001 -0.01297026453791013
25.8000000000001 -0.01297059463431978
25.9000000000001 -0.01297109941496547
26.0000000000001 -0.01297181775154337
26.1000000000001 -0.01297279941872094
26.2000000000001 -0.01297410892791
26.3000000000001 -0.01297583102952319
26.40000000000011 -0.01297807876931607
26.50000000000011 -0.01298100555153183
26.60000000000011 -0.01298482366357666
26.70000000000011 -0.01298983355140956
26.80000000000011 -0.01299647163156004
26.90000000000011 -0.01300539140597922
27.00000000000011 -0.01301760734419753
27.10000000000012 -0.01303476393848414
27.20000000000012 -0.01305967181246297
27.30000000000012 -0.01309746219766771
27.40000000000012 -0.01315832521670695
27.50000000000012 -0.0132648468007308
27.60000000000012 -0.01347488710086137
27.70000000000012 -0.01396420351585269
27.80000000000013 -0.01511251024764328
27.90000000000013 0.01573689511206389
28.00000000000013 0.0484633547935877
28.10000000000013 0.04675449012000379
28.20000000000013 0.04609621518479685
28.30000000000013 0.04579929155164083
28.40000000000013 0.04562635526191791
28.50000000000014 0.04549801797939375
28.60000000000014 0.0453752022432105
28.70000000000014 0.04522222665127625
28.80000000000014 0.04497359282222187
28.90000000000014 0.04442540448327321
29.00000000000014 0.04244383151205471
29.10000000000014 0.009654686572056093
29.20000000000014 7.578963326037715
29.30000000000015 7.646267457776696
29.40000000000015 7.645436509089807
29.50000000000015 7.645662177779391
29.60000000000015 7.645673420881031
29.70000000000015 7.645560441148912
29.80000000000015 7.645477033994721
29.90000000000015 7.645425880221391
30.00000000000016 7.645393933153457
30.10000000000016 7.645372999850974
30.20000000000016 7.64535862741088
30.30000000000016 7.645348356711768
30.40000000000016 7.645340768200859
30.50000000000016 7.645335003437878
30.60000000000016 7.645330520784027
30.70000000000017 7.645326965496128
30.80000000000017 7.64532409757546
30.90000000000017 7.645321750007782
31.00000000000017 7.64531980367193
31.10000000000017 7.645318171750655
31.20000000000017 7.645316789752
31.30000000000017 7.645315608949939
31.40000000000018 7.645314591968938
31.50000000000018 7.645313709747675
31.60000000000018 7.64531293941063
31.70000000000018 7.645312262749958
31.80000000000018 7.645311665125443
31.90000000000018 7.645311134655817
32.00000000000018 7.645310661616439
32.10000000000019 7.645310237985192
32.20000000000019 7.64530985709629
32.30000000000019 7.645309513373635
32.40000000000019 7.645309202123472
32.50000000000019 7.645308919371723
32.60000000000019 7.645308661735301
32.70000000000019 7.645308426319524
32.8000000000002 7.645308210635771
32.9000000000002 7.645308012534882
33.0000000000002 7.645307830152997
33.1000000000002 7.645307661867219
33.2000000000002 7.645307506259127
33.3000000000002 7.645307362084581
33.4000000000002 7.64530722824861
33.50000000000021 7.645307103784426
33.60000000000021 7.645306987835809
33.70000000000021 7.64530687964226
33.80000000000021 7.645306778526415
33.90000000000021 7.645306683883375
34.00000000000021 7.645306595171575
34.10000000000021 7.645306511904998
34.20000000000022 7.645306433646446
34.30000000000022 7.645306360001793
34.40000000000022 7.645306290614968
34.50000000000022 7.64530622516363
34.60000000000022 7.645306163355401
34.70000000000022 7.645306104924589
34.80000000000022 7.645306049629303
34.90000000000023 7.64530599724895
35.00000000000023 7.645305947582015
35.10000000000023 7.645305900444114
35.20000000000023 7.645305855666271
35.30000000000023 7.645305813093406
35.40000000000023 7.645305772582978
35.50000000000023 7.645305734003791
35.60000000000024 7.645305697234924
35.70000000000024 7.645305662164776
35.80000000000024 7.645305628690227
35.90000000000024 7.645305596715865
36.00000000000024 7.645305566153311
36.10000000000024 7.645305536920604
36.20000000000024 7.645305508941652
36.30000000000025 7.645305482145721
36.40000000000025 7.645305456467011
36.50000000000025 7.645305431844232
36.60000000000025 7.645305408220239
36.70000000000025 7.645305385541705
36.80000000000025 7.645305363758821
36.90000000000025 7.645305342825007
37.00000000000026 7.645305322696686
37.10000000000026 7.645305303333036
37.20000000000026 7.645305284695788
37.30000000000026 7.64530526674904
37.40000000000026 7.645305249459089
37.50000000000026 7.645305232794254
37.60000000000026 7.645305216724747
37.70000000000027 7.645305201222531
37.80000000000027 7.645305186261206
37.90000000000027 7.645305171815887
38.00000000000027 7.64530515786311
38.10000000000027 7.645305144380725
38.20000000000027 7.64530513134781
38.30000000000027 7.6453051187446
38.40000000000028 7.645305106552406
38.50000000000028 7.645305094753538
38.60000000000028 7.645305083331253
38.70000000000028 7.64530507226969
38.80000000000028 7.645305061553813
38.90000000000028 7.64530505116936
39.00000000000028 7.6453050411028
39.10000000000029 7.645305031341286
39.20000000000029 7.645305021872611
39.30000000000029 7.645305012685172
39.40000000000029 7.645305003767943
39.50000000000029 7.645304995110421
39.60000000000029 7.64530498670262
39.70000000000029 7.645304978535023
39.8000000000003 7.645304970598566
39.9000000000003 7.645304962884604
40.0000000000003 7.645304955384896
40.1000000000003 7.645304948091577
40.2000000000003 7.645304940997143
40.3000000000003 7.645304934094423
40.4000000000003 7.645304927376574
40.50000000000031 7.645304920837048
40.60000000000031 7.64530491446959
40.70000000000031 7.64530490826821
40.80000000000031 7.645304902227183
40.90000000000031 7.645304896341028
41.00000000000031 7.645304890604495
41.10000000000031 7.645304885012552
41.20000000000032 7.64530487956038
41.30000000000032 7.64530487424336
41.40000000000032 7.645304869057057
41.50000000000032 7.645304863997223
41.60000000000032 7.645304859059779
41.70000000000032 7.645304854240807
41.80000000000032 7.645304849536547
41.90000000000033 7.645304844943386
42.00000000000033 7.645304840457849
42.10000000000033 7.645304836076606
42.20000000000033 7.645304831796443
42.30000000000033 7.645304827614273
42.40000000000033 7.645304823527129
42.50000000000033 7.645304819532153
42.60000000000034 7.645304815626597
42.70000000000034 7.645304811807806
42.80000000000034 7.64530480807323
42.90000000000034 7.645304804420411
43.00000000000034 7.645304800846977
43.10000000000034 7.64530479735065
43.20000000000034 7.645304793929223
43.30000000000035 7.645304790580573
43.40000000000035 7.64530478730265
43.50000000000035 7.645304784093474
43.60000000000035 7.645304780951136
43.70000000000035 7.645304777873794
43.80000000000035 7.645304774859664
43.90000000000035 7.645304771907031
44.00000000000036 7.645304769014232
44.10000000000036 7.64530476617966
44.20000000000036 7.645304763401762
44.30000000000036 7.645304760679037
44.40000000000036 7.645304758010034
44.50000000000036 7.645304755393348
44.60000000000036 7.64530475282762
44.70000000000037 7.645304750311536
44.80000000000037 7.645304747843824
44.90000000000037 7.645304745423251
45.00000000000037 7.645304743048626
45.10000000000037 7.645304740718787
45.20000000000037 7.64530473843262
45.30000000000037 7.64530473618904
45.40000000000038 7.645304733986995
45.50000000000038 7.645304731825464
45.60000000000038 7.645304729703458
45.70000000000038 7.645304727620025
45.80000000000038 7.645304725574231
45.90000000000038 7.645304723565181
46.00000000000038 7.645304721591992
46.10000000000039 7.645304719653818
46.20000000000039 7.645304717749836
46.30000000000039 7.645304715879248
46.40000000000039 7.645304714041274
46.50000000000039 7.645304712235164
46.60000000000039 7.645304710460181
46.70000000000039 7.645304708715617
46.8000000000004 7.64530470700078
46.9000000000004 7.645304705315001
47.0000000000004 7.645304703657622
47.1000000000004 7.645304702028013
47.2000000000004 7.645304700425553
47.3000000000004 7.645304698849649
47.4000000000004 7.64530469729971
47.50000000000041 7.645304695775172
47.60000000000041 7.645304694275481
47.70000000000041 7.645304692800102
47.80000000000041 7.645304691348509
47.90000000000041 7.645304689920199
48.00000000000041 7.645304688514674
48.10000000000041 7.64530468713145
48.20000000000041 7.645304685770058
48.30000000000042 7.645304684430044
48.40000000000042 7.645304683110958
48.50000000000042 7.645304681812372
48.60000000000042 7.645304680533857
48.70000000000042 7.645304679275009
48.80000000000042 7.645304678035421
48.90000000000042 7.645304676814703
49.00000000000043 7.645304675612478
49.10000000000043 7.645304674428369
49.20000000000043 7.645304673262014
49.30000000000043 7.645304672113062
49.40000000000043 7.645304670981168
49.50000000000043 7.645304669865998
49.60000000000043 7.64530466876722
49.70000000000044 7.645304667684516
49.80000000000044 7.645304666617575
49.90000000000044 7.645304665566093
50.00000000000044 7.645304664529774
