0 -0.03260564902724127
0.1 -0.03260565312253514
0.2 -0.03260568608753955
0.3 -0.03260580425346435
0.4 -0.03260603296649517
0.5 -0.03260622345007611
0.6 -0.03260615840764951
0.7 -0.03260591896597442
0.7999999999999999 -0.03260573572699137
0.8999999999999999 -0.03260566445330827
0.9999999999999999 -0.03260564990822162
1.1 -0.03260564961188206
1.2 -0.03260566176335478
1.3 -0.03260572554572704
1.4 -0.03260589848059028
1.5 -0.0326061409425541
1.6 -0.03260622979193088
1.7 -0.03260605501877387
1.8 -0.03260582039099828
1.900000000000001 -0.03260569204046352
2 -0.03260565425480905
2.100000000000001 -0.03260564912393907
2.200000000000001 -0.03260565233446561
2.300000000000001 -0.03260568085420064
2.400000000000001 -0.03260578880043095
2.500000000000001 -0.03260600983723231
2.600000000000001 -0.03260621392369541
2.700000000000001 -0.03260617429609679
2.800000000000001 -0.03260594057671559
2.900000000000001 -0.03260574731965659
3.000000000000001 -0.03260566779484651
3.100000000000001 -0.03260565038743263
3.200000000000002 -0.03260564946177136
3.300000000000002 -0.03260565948631128
3.400000000000002 -0.03260571601143786
3.500000000000002 -0.03260587773878423
3.600000000000002 -0.03260612069507789
3.700000000000002 -0.03260623300178163
3.800000000000002 -0.03260607715541343
3.900000000000002 -0.03260583830697816
4.000000000000002 -0.03260569916669021
4.100000000000001 -0.03260565571004571
4.200000000000001 -0.03260564911148352
4.300000000000001 -0.03260565133055546
4.4 -0.03260567565282972
4.5 -0.03260577407522978
4.6 -0.03260598793653192
4.699999999999999 -0.03260620521026545
4.799999999999999 -0.03260619088247824
4.899999999999999 -0.03260596298105524
4.999999999999998 -0.03260575921893122
5.099999999999998 -0.03260567102304713
5.199999999999998 -0.03260565065910265
5.299999999999997 -0.03260564922325082
5.399999999999997 -0.03260565753434227
5.499999999999996 -0.03260570768128093
5.599999999999996 -0.03260585886831024
5.699999999999996 -0.03260610093169457
5.799999999999995 -0.03260623447507867
5.899999999999995 -0.03260609799911315
5.999999999999995 -0.03260585619986141
6.099999999999994 -0.0326057065289759
6.199999999999994 -0.03260565728618502
6.299999999999994 -0.03260564927356347
6.399999999999993 -0.03260565091824278
6.499999999999993 -0.03260567185777627
6.599999999999993 -0.03260576110570307
6.699999999999992 -0.03260596523694763
6.799999999999992 -0.03260619082838709
6.899999999999991 -0.03260620196902249
6.999999999999991 -0.03260598467421717
7.099999999999991 -0.03260577272188935
7.19999999999999 -0.03260567551414482
7.29999999999999 -0.03260565147432997
7.39999999999999 -0.03260564919208117
7.499999999999989 -0.03260565581552081
7.599999999999989 -0.03260569974929576
7.699999999999989 -0.03260583997516137
7.799999999999988 -0.03260607947216534
7.899999999999988 -0.03260623376298761
7.999999999999988 -0.03260611916758746
8.099999999999987 -0.03260587591385621
8.199999999999987 -0.03260571509248932
8.299999999999986 -0.0326056592207623
8.399999999999986 -0.03260564939408886
8.499999999999986 -0.0326056503552096
8.599999999999985 -0.03260566800319982
8.699999999999985 -0.03260574838471543
8.799999999999985 -0.03260594293969014
8.899999999999984 -0.03260617656478194
8.999999999999984 -0.03260621371363705
9.099999999999984 -0.03260600779762085
9.199999999999983 -0.03260578713978711
9.299999999999983 -0.03260568013542567
9.399999999999983 -0.03260565211128458
9.499999999999982 -0.03260564905245807
9.599999999999982 -0.03260565438585254
9.699999999999982 -0.03260569288775603
9.799999999999981 -0.03260582261938803
9.899999999999981 -0.03260605786516978
9.99999999999998 -0.03260623029413651
10.09999999999998 -0.03260613836073045
10.19999999999998 -0.03260589575082677
10.29999999999998 -0.03260572426883986
10.39999999999998 -0.03260566144949092
10.49999999999998 -0.03260564957209469
10.59999999999998 -0.03260564991727172
10.69999999999998 -0.03260566478109893
10.79999999999998 -0.03260573713530853
10.89999999999998 -0.03260592194221732
10.99999999999998 -0.03260616111809772
11.09999999999998 -0.03260622286652905
11.19999999999998 -0.03260603007633101
11.29999999999998 -0.03260580204993394
11.39999999999998 -0.03260568524995342
11.49999999999998 -0.03260565298328348
11.59999999999997 -0.03260564910285915
11.69999999999997 -0.03260565340533052
11.79999999999997 -0.03260568697393202
11.89999999999997 -0.03260580614865813
11.99999999999997 -0.03260603499875668
12.09999999999997 -0.03260622319482772
12.19999999999997 -0.03260615569970042
12.29999999999997 -0.03260591653623419
12.39999999999997 -0.03260573475272885
12.49999999999997 -0.03260566431633575
12.59999999999997 -0.03260564997892181
12.69999999999997 -0.03260564972331034
12.79999999999997 -0.03260566212030958
12.89999999999997 -0.03260572659926068
12.99999999999997 -0.03260590030411637
13.09999999999997 -0.03260614206564124
13.19999999999997 -0.03260622850179879
13.29999999999997 -0.03260605259801325
13.39999999999997 -0.03260581890863848
13.49999999999997 -0.03260569161540636
13.59999999999997 -0.032605654213348
13.69999999999997 -0.03260564905574383
13.79999999999997 -0.03260565219149261
13.89999999999997 -0.03260568101533076
13.99999999999997 -0.03260579021066538
14.09999999999997 -0.03260601308235114
14.19999999999997 -0.03260621693187269
14.29999999999997 -0.03260617417397546
14.39999999999996 -0.03260593844028727
14.49999999999996 -0.03260574562197922
14.59999999999996 -0.03260566705470887
14.69999999999996 -0.03260565014503097
14.79999999999996 -0.03260564940059428
14.89999999999996 -0.03260565973867216
14.99999999999996 -0.03260571722735148
15.09999999999996 -0.03260588051485531
15.19999999999996 -0.0326061236198356
15.29999999999996 -0.03260623288666861
15.39999999999996 -0.03260607427027545
15.49999999999996 -0.03260583578503319
15.59999999999996 -0.03260569809030295
15.69999999999996 -0.03260565546686763
15.79999999999996 -0.03260564914695428
15.89999999999996 -0.03260565159864832
15.99999999999996 -0.03260567657059035
16.09999999999996 -0.03260577613859576
16.19999999999996 -0.03260599031437227
16.29999999999996 -0.03260620504139627
16.39999999999996 -0.03260618751486254
16.49999999999996 -0.03260595975311022
16.59999999999997 -0.03260575791411416
16.69999999999997 -0.03260567088709102
16.79999999999997 -0.03260565079132709
16.89999999999997 -0.03260564931239327
16.99999999999997 -0.03260565771048342
17.09999999999997 -0.03260570844233263
17.19999999999997 -0.03260586074579065
17.29999999999998 -0.03260610314835131
17.39999999999998 -0.0326062347235419
17.49999999999998 -0.03260609610054697
17.59999999999998 -0.03260585436960312
17.69999999999998 -0.0326057057189597
17.79999999999998 -0.03260565709507596
17.89999999999998 -0.03260564924724822
17.99999999999999 -0.03260565093631579
18.09999999999999 -0.03260567216324942
18.19999999999999 -0.03260576228270207
18.29999999999999 -0.03260596749838308
18.39999999999999 -0.03260619256986777
18.49999999999999 -0.03260620125157533
18.59999999999999 -0.03260598262616433
18.7 -0.0326057712897871
18.8 -0.03260567495751334
18.9 -0.03260565131153616
19 -0.03260564913004229
19.1 -0.0326056559461442
19.2 -0.03260570060982056
19.3 -0.0326058422057493
19.40000000000001 -0.03260608220953326
19.50000000000001 -0.03260623412698327
19.60000000000001 -0.03260611670695893
19.70000000000001 -0.03260587344096849
19.80000000000001 -0.03260571395887032
19.90000000000001 -0.0326056589300802
20.00000000000001 -0.03260564932737202
20.10000000000002 -0.03260565033119274
20.20000000000002 -0.03260566833662572
20.30000000000002 -0.03260574991090021
20.40000000000002 -0.0326059461431027
20.50000000000002 -0.0326061793951568
20.60000000000002 -0.03260621308937988
20.70000000000002 -0.03260600491979489
20.80000000000003 -0.03260578498556067
20.90000000000003 -0.03260567930978748
21.00000000000003 -0.0326056519598311
21.10000000000003 -0.03260564912761012
21.20000000000003 -0.03260565472493634
21.30000000000003 -0.03260569394084557
21.40000000000003 -0.03260582474713104
21.50000000000004 -0.03260605989351142
21.60000000000004 -0.03260622963503835
21.70000000000004 -0.0326061353135895
21.80000000000004 -0.0326058932900329
21.90000000000004 -0.03260572336605092
22.00000000000004 -0.03260566136022464
22.10000000000004 -0.03260564966983311
22.20000000000005 -0.03260565007374145
22.30000000000005 -0.03260566524446703
22.40000000000005 -0.03260573834711127
22.50000000000005 -0.03260592377113525
22.60000000000005 -0.03260616182339064
22.70000000000005 -0.03260622105986261
22.80000000000005 -0.03260602755791804
22.90000000000006 -0.0326058007271512
23.00000000000006 -0.03260568495728045
23.10000000000006 -0.03260565299650484
23.20000000000006 -0.03260564905046011
23.30000000000006 -0.03260565327796515
23.40000000000006 -0.03260568718264781
23.50000000000006 -0.03260580762807389
23.60000000000007 -0.03260603817177871
23.70000000000007 -0.03260622586249512
23.80000000000007 -0.03260615534402959
23.90000000000007 -0.03260591451353488
24.00000000000007 -0.032605733250242
24.10000000000007 -0.03260566367842833
24.20000000000007 -0.03260564976027618
24.30000000000008 -0.03260564965707323
24.40000000000008 -0.03260566237990426
24.50000000000008 -0.03260572786924028
24.60000000000008 -0.03260590314324865
24.70000000000008 -0.03260614491133786
24.80000000000008 -0.03260622825360725
24.90000000000008 -0.03260604980026383
25.00000000000009 -0.03260581656608465
25.10000000000009 -0.03260569062864105
25.20000000000009 -0.03260565397869439
25.30000000000009 -0.03260564907401803
25.40000000000009 -0.03260565246053491
25.50000000000009 -0.0326056820017778
25.60000000000009 -0.03260579243265358
25.7000000000001 -0.03260601557950259
25.8000000000001 -0.03260621670604941
25.9000000000001 -0.03260617077752918
26.0000000000001 -0.03260593529293258
26.1000000000001 -0.03260574436201265
26.2000000000001 -0.03260566690780713
26.3000000000001 -0.0326056502560907
26.40000000000011 -0.03260564949389128
26.50000000000011 -0.03260565998879449
26.60000000000011 -0.03260571818218883
26.70000000000011 -0.032605882621375
26.80000000000011 -0.03260612575071455
26.90000000000011 -0.03260623266442968
27.00000000000011 -0.03260607204947615
27.10000000000012 -0.03260583394818489
27.20000000000012 -0.03260569736352234
27.30000000000012 -0.03260565533265758
27.40000000000012 -0.0326056491589001
27.50000000000012 -0.03260565167859612
27.60000000000012 -0.03260567699935544
27.70000000000012 -0.0326057774486767
27.80000000000013 -0.03260599244241826
27.90000000000013 -0.03260620618783412
28.00000000000013 -0.03260618627247676
28.10000000000013 -0.03260595769868602
28.20000000000013 -0.03260575669706603
28.30000000000013 -0.03260567048113146
28.40000000000013 -0.03260565068720802
28.50000000000014 -0.03260564926578934
28.60000000000014 -0.03260565785244284
28.70000000000014 -0.0326057093257129
28.80000000000014 -0.03260586295804457
28.90000000000014 -0.03260610570454776
29.00000000000014 -0.03260623488213409
29.10000000000014 -0.03260609374279293
29.20000000000014 -0.03260585215613011
29.30000000000015 -0.03260570473724276
29.40000000000015 -0.03260565683638164
29.50000000000015 -0.03260564915841974
29.60000000000015 -0.03260565087895509
29.70000000000015 -0.0326056724965335
29.80000000000015 -0.03260576391292772
29.90000000000015 -0.03260597089952678
30.00000000000016 -0.03260619549119669
30.10000000000016 -0.03260620060775084
30.20000000000016 -0.03260597980682438
30.30000000000016 -0.03260576921046696
30.40000000000016 -0.03260567415093609
30.50000000000016 -0.03260565114722147
30.60000000000016 -0.03260564920085544
30.70000000000017 -0.03260565633588532
30.80000000000017 -0.03260570182248192
30.90000000000017 -0.03260584455585709
31.00000000000017 -0.0326060842377619
31.10000000000017 -0.03260623313749282
31.20000000000017 -0.03260611342472115
31.30000000000017 -0.03260587098437899
31.40000000000018 -0.03260571311166878
31.50000000000018 -0.03260565886817603
31.60000000000018 -0.03260564944153016
31.70000000000018 -0.03260565053252115
31.80000000000018 -0.03260566891811337
31.90000000000018 -0.03260575130096339
32.00000000000018 -0.03260594798741703
32.10000000000019 -0.03260617969200175
32.20000000000019 -0.03260621080658896
32.30000000000019 -0.03260600231887715
32.40000000000019 -0.03260578379452159
32.50000000000019 -0.03260567912174327
32.60000000000019 -0.03260565201657829
32.70000000000019 -0.03260564909398987
32.8000000000002 -0.03260565462986548
32.9000000000002 -0.03260569422651859
33.0000000000002 -0.03260582631084717
33.1000000000002 -0.03260606293927484
33.2000000000002 -0.03260623186333848
33.3000000000002 -0.0326061346777808
33.4000000000002 -0.03260589137329865
33.50000000000021 -0.03260572205789154
33.60000000000021 -0.03260566082762792
33.70000000000021 -0.03260564948087821
33.80000000000021 -0.03260565001026876
33.90000000000021 -0.03260566551893679
34.00000000000021 -0.0326057396653256
34.10000000000021 -0.03260592662343714
34.20000000000022 -0.03260616450411053
34.30000000000022 -0.03260622064561647
34.40000000000022 -0.03260602487417986
34.50000000000022 -0.03260579859046281
34.60000000000022 -0.03260568407362396
34.70000000000022 -0.03260565277557417
34.80000000000022 -0.03260564905064739
34.90000000000023 -0.03260565354051179
35.00000000000023 -0.03260568822219122
35.10000000000023 -0.03260580998635621
35.20000000000023 -0.0326060407780625
35.30000000000023 -0.03260622562626501
35.40000000000023 -0.0326061520006805
35.50000000000023 -0.03260591148663936
35.60000000000024 -0.03260573203644883
35.70000000000024 -0.03260566351297248
35.80000000000024 -0.03260564984331678
35.90000000000024 -0.03260564974957944
36.00000000000024 -0.03260566270364925
36.10000000000024 -0.03260572902686506
36.20000000000024 -0.0326059054939513
36.30000000000025 -0.03260614697953794
36.40000000000025 -0.03260622762296549
36.50000000000025 -0.03260604731639834
36.60000000000025 -0.03260581472411429
36.70000000000025 -0.0326056899612614
36.80000000000025 -0.03260565388453525
36.90000000000025 -0.03260564912065389
37.00000000000026 -0.03260565261293132
37.10000000000026 -0.03260568257858319
37.20000000000026 -0.0326057938951509
37.30000000000026 -0.03260601754763745
37.40000000000026 -0.03260621721641335
37.50000000000026 -0.03260616901947648
37.60000000000026 -0.03260593323725775
37.70000000000027 -0.03260574334003939
37.80000000000027 -0.03260566663597133
37.90000000000027 -0.03260565020676039
38.00000000000027 -0.03260564946933711
38.10000000000027 -0.03260566015761692
38.20000000000027 -0.0326057191038477
38.30000000000027 -0.03260588479711819
38.40000000000028 -0.03260612805059432
38.50000000000028 -0.03260623254787294
38.60000000000028 -0.03260606977076047
38.70000000000028 -0.03260583198961206
38.80000000000028 -0.03260569653785799
38.90000000000028 -0.03260565511317037
39.00000000000028 -0.03260564905345434
39.10000000000029 -0.03260565159028279
39.20000000000029 -0.03260567733074313
39.30000000000029 -0.03260577917007349
39.40000000000029 -0.03260599600058732
39.50000000000029 -0.03260620914872511
39.60000000000029 -0.03260618561046904
39.70000000000029 -0.03260595497431593
39.8000000000003 -0.0326057547184237
39.9000000000003 -0.03260566970426513
40.0000000000003 -0.03260565051206148
40.1000000000003 -0.03260564932920945
40.2000000000003 -0.03260565828549913
40.3000000000003 -0.03260571068537021
40.4000000000003 -0.03260586551216782
40.50000000000031 -0.03260610773377075
40.60000000000031 -0.03260623363915405
40.70000000000031 -0.03260609032632542
40.80000000000031 -0.03260584973772716
40.90000000000031 -0.03260570393437313
41.00000000000031 -0.03260565678563675
41.10000000000031 -0.03260564927945583
41.20000000000032 -0.03260565112311543
41.30000000000032 -0.03260567320341105
41.40000000000032 -0.03260576549620288
41.50000000000032 -0.0326059727727038
41.60000000000032 -0.03260619541213595
41.70000000000032 -0.03260619791356184
41.80000000000032 -0.03260597714507844
41.90000000000033 -0.03260576812319743
42.00000000000033 -0.03260567403904714
42.10000000000033 -0.03260565123543391
42.20000000000033 -0.03260564918857021
42.30000000000033 -0.03260565629081773
42.40000000000033 -0.03260570221704007
42.50000000000033 -0.03260584622064674
42.60000000000034 -0.03260608710480414
42.70000000000034 -0.03260623484519551
42.80000000000034 -0.03260611247770688
42.90000000000034 -0.03260586916447961
43.00000000000034 -0.03260571198998467
43.10000000000034 -0.03260565843929797
43.20000000000034 -0.03260564928701434
43.30000000000035 -0.03260565048176942
43.40000000000035 -0.032605669220143
43.50000000000035 -0.03260575266569073
43.60000000000035 -0.0326059507982803
43.70000000000035 -0.0326061821107351
43.80000000000035 -0.03260621018370027
43.90000000000035 -0.03260599976512522
44.00000000000036 -0.03260578188321511
44.10000000000036 -0.03260567835282981
44.20000000000036 -0.03260565181516274
44.30000000000036 -0.0326056490765861
44.40000000000036 -0.03260565487997899
44.50000000000036 -0.03260569530410873
44.60000000000036 -0.03260582877983584
44.70000000000037 -0.03260606563430524
44.80000000000037 -0.03260623164553551
44.90000000000037 -0.03260613144992114
45.00000000000037 -0.03260588850014022
45.10000000000037 -0.0326057208963039
45.20000000000037 -0.03260566064155933
45.30000000000037 -0.03260564953163137
45.40000000000038 -0.03260565009657343
45.50000000000038 -0.03260566591235148
45.60000000000038 -0.03260574102818876
45.70000000000038 -0.03260592922790202
45.80000000000038 -0.03260616653800624
45.90000000000038 -0.03260621968150872
46.00000000000038 -0.03260602219159447
46.10000000000039 -0.03260579674785403
46.20000000000039 -0.03260568344534116
46.30000000000039 -0.03260565270634434
46.40000000000039 -0.03260564912809029
46.50000000000039 -0.03260565377409029
46.60000000000039 -0.0326056889684681
46.70000000000039 -0.03260581161721395
46.8000000000004 -0.03260604256756474
46.9000000000004 -0.03260622549071963
47.0000000000004 -0.03260614976231448
47.1000000000004 -0.03260590943719564
47.2000000000004 -0.03260573118454593
47.3000000000004 -0.03260566335495804
47.4000000000004 -0.03260564984318275
47.50000000000041 -0.03260564975414347
47.60000000000041 -0.032605662918022
47.70000000000041 -0.03260573000713103
47.80000000000041 -0.03260590761767515
47.90000000000041 -0.03260614895030389
48.00000000000041 -0.03260622716746273
48.10000000000041 -0.03260604509208594
48.20000000000041 -0.03260581300947555
48.30000000000042 -0.0326056892904372
48.40000000000042 -0.03260565370911533
48.50000000000042 -0.0326056490045672
48.60000000000042 -0.03260565249929852
48.70000000000042 -0.03260568291161784
48.80000000000042 -0.03260579569663165
48.90000000000042 -0.03260602121016959
49.00000000000043 -0.03260622014361477
49.10000000000043 -0.03260616832344008
49.20000000000043 -0.03260593063562034
49.30000000000043 -0.03260574148669153
49.40000000000043 -0.03260566590141257
49.50000000000043 -0.03260565002478129
49.60000000000043 -0.03260564952331997
49.70000000000044 -0.03260566062586315
49.80000000000044 -0.03260572059369623
49.90000000000044 -0.03260588752879228
50.00000000000044 -0.03260613007534439
