0 -0.03260564902724127
0.1 -0.03261576331373581
0.2 -0.03264685245362846
0.3 -0.03269743471311479
0.4 -0.03275397369382668
0.5 -0.03278698641752742
0.6 -0.03277307766821719
0.7 -0.03272257019403028
0.7999999999999999 -0.03266625002570023
0.8999999999999999 -0.03262488100694264
0.9999999999999999 -0.03260367052276262
1.1 -0.03260229761670609
1.2 -0.03262236361189666
1.3 -0.03266782261946685
1.4 -0.03273614968163867
1.5 -0.03280184156816041
1.6 -0.03282026869126165
1.7 -0.03277601874433968
1.8 -0.03270466667374267
1.900000000000001 -0.0326458571905617
2 -0.03261276049892914
2.100000000000001 -0.03260273755946154
2.200000000000001 -0.03261156019015607
2.300000000000001 -0.03263766850907485
2.400000000000001 -0.03267944448397186
2.500000000000001 -0.03272825098291816
2.600000000000001 -0.03276373679234759
2.700000000000001 -0.03276461932198063
2.800000000000001 -0.03273040038322803
2.900000000000001 -0.0326821809752087
3.000000000000001 -0.03264112005351051
3.100000000000001 -0.03261650998195197
3.200000000000002 -0.03260977872668648
3.300000000000002 -0.03262098689674866
3.400000000000002 -0.03265082959524522
3.500000000000002 -0.03269702157146383
3.600000000000002 -0.03274653406056713
3.700000000000002 -0.03277410610722507
3.800000000000002 -0.03276096647077893
3.900000000000002 -0.03271582881079942
4.000000000000002 -0.03266425703223251
4.100000000000001 -0.03262466069554621
4.200000000000001 -0.03260300762205164
4.300000000000001 -0.03260073628304511
4.4 -0.03262169924648974
4.5 -0.03267281173408364
4.6 -0.0327528661588488
4.699999999999999 -0.03282910344761594
4.799999999999999 -0.03284323646516582
4.899999999999999 -0.03278191738273285
4.999999999999998 -0.03269705866866997
5.099999999999998 -0.03263430103026017
5.199999999999998 -0.03260302220044722
5.299999999999997 -0.03259729527042082
5.399999999999997 -0.03261259231311878
5.499999999999996 -0.0326485175578757
5.599999999999996 -0.03270299708856538
5.699999999999996 -0.03276106138340226
5.799999999999995 -0.03279176639603719
5.899999999999995 -0.03277331118998984
5.999999999999995 -0.03272006376597571
6.099999999999994 -0.03266465929130614
6.199999999999994 -0.03262687977754834
6.299999999999994 -0.03261028516206627
6.399999999999993 -0.03261262812580126
6.499999999999993 -0.03263204748868532
6.599999999999993 -0.03266671827688119
6.699999999999992 -0.03271007058045389
6.799999999999992 -0.03274628523531421
6.899999999999991 -0.0327559527016358
6.999999999999991 -0.0327329924558925
7.099999999999991 -0.03269113396645348
7.19999999999999 -0.03264967265427648
7.29999999999999 -0.03262006138952247
7.39999999999999 -0.0326060338891889
7.499999999999989 -0.03260944114812422
7.599999999999989 -0.03263405017053839
7.699999999999989 -0.03268390572800547
7.799999999999988 -0.032752590390438
7.899999999999988 -0.03280884945748132
7.999999999999988 -0.03281124474914265
8.099999999999987 -0.03275739023872681
8.199999999999987 -0.03268711890890599
8.299999999999986 -0.03263362538409661
8.399999999999986 -0.03260520114765802
8.499999999999986 -0.03259904998967286
8.599999999999985 -0.03261330409605333
8.699999999999985 -0.03264950888644465
8.799999999999985 -0.03270701626915248
8.899999999999984 -0.03277018488595763
8.999999999999984 -0.03280361644600246
9.099999999999984 -0.03278178769775825
9.199999999999983 -0.03272199871457432
9.299999999999983 -0.03266175185201246
9.399999999999983 -0.03262209486227027
9.499999999999982 -0.03260582407406574
9.599999999999982 -0.0326104063476046
9.699999999999982 -0.03263468396239266
9.799999999999981 -0.03267744601769084
9.899999999999981 -0.0327299764711346
9.99999999999998 -0.03276976718468975
10.09999999999998 -0.03277189240133958
10.19999999999998 -0.03273488171640627
10.29999999999998 -0.03268238828805691
10.39999999999998 -0.03263778191922732
10.49999999999998 -0.03261073794860606
10.59999999999998 -0.03260270964594288
10.69999999999998 -0.03261495276034607
10.79999999999998 -0.03265121601523245
10.89999999999998 -0.03271242427556947
10.99999999999998 -0.03278187569579904
11.09999999999998 -0.03281854528919747
11.19999999999998 -0.03279283309526169
11.29999999999998 -0.03272619738731083
11.39999999999998 -0.03266139389073354
11.49999999999998 -0.03261977566610292
11.59999999999997 -0.03260220702300208
11.69999999999997 -0.03260469593176672
11.79999999999997 -0.03262579006553258
11.89999999999997 -0.03266578166024207
11.99999999999997 -0.0327198024046562
12.09999999999997 -0.03276871024679022
12.19999999999997 -0.03278380719149415
12.29999999999997 -0.03275433288423283
12.39999999999997 -0.03270100995367156
12.49999999999997 -0.03265189965441277
12.59999999999997 -0.0326207667208144
12.69999999999997 -0.03260924547912911
12.79999999999997 -0.03261577919415273
12.89999999999997 -0.0326396037577411
12.99999999999997 -0.0326789208583005
13.09999999999997 -0.03272492447931715
13.19999999999997 -0.03275808193505132
13.29999999999997 -0.03275853196962582
13.39999999999997 -0.03272566563544126
13.49999999999997 -0.03267866941785443
13.59999999999997 -0.03263723307722431
13.69999999999997 -0.03261072111656982
13.79999999999997 -0.03260196307235456
13.89999999999997 -0.03261408723214969
13.99999999999997 -0.03265326173354136
14.09999999999997 -0.03272249312672255
14.19999999999997 -0.03280214165098471
14.29999999999997 -0.0328403886987387
14.39999999999996 -0.03280308337741369
14.49999999999996 -0.03272301306774743
14.59999999999996 -0.03265195517417353
14.69999999999996 -0.0326101293720199
14.79999999999996 -0.03259526942735825
14.89999999999996 -0.03260267021124813
14.99999999999996 -0.03263227748678595
15.09999999999996 -0.03268558802255525
15.19999999999996 -0.03275367039785586
15.29999999999996 -0.03280472464773881
15.39999999999996 -0.03280196870049213
15.49999999999996 -0.03274823372296397
15.59999999999996 -0.03268246858757429
15.69999999999996 -0.0326345252497004
15.79999999999996 -0.03261111693810948
15.89999999999996 -0.03260875860367934
15.99999999999996 -0.03262378605905812
16.09999999999996 -0.03265379505793641
16.19999999999996 -0.03269392355907548
16.29999999999996 -0.03273197943169801
16.39999999999996 -0.03275007336059998
16.49999999999996 -0.032737671983227
16.59999999999997 -0.03270225314504052
16.69999999999997 -0.03266151734454864
16.79999999999997 -0.0326291116555642
16.89999999999997 -0.03261080448003328
16.99999999999997 -0.03260878944915403
17.09999999999997 -0.03262599795776157
17.19999999999997 -0.03266629095052422
17.29999999999998 -0.03272734186384886
17.39999999999998 -0.03278734959111283
17.49999999999998 -0.03280763794287064
17.59999999999998 -0.03277151878910233
17.69999999999998 -0.03270639838348283
17.79999999999998 -0.0326482631657449
17.89999999999998 -0.03261215763479762
17.99999999999999 -0.03259817728641665
18.09999999999999 -0.03260461425867709
18.19999999999999 -0.03263345241779186
18.29999999999999 -0.03268770216564485
18.39999999999999 -0.03275895505185446
18.49999999999999 -0.03281304384967022
18.59999999999999 -0.03280921450166085
18.7 -0.03275075939001416
18.8 -0.03268065494259678
18.9 -0.03263054983564428
19 -0.03260675984052318
19.1 -0.03260556395129586
19.2 -0.03262402299680231
19.3 -0.03266083657634957
19.40000000000001 -0.03271053034259667
19.50000000000001 -0.03275582817043407
19.60000000000001 -0.03277154503020907
19.70000000000001 -0.03274705934207979
19.80000000000001 -0.03269873585362462
19.90000000000001 -0.0326513958177635
20.00000000000001 -0.03261904968593211
20.10000000000002 -0.03260519571314018
20.20000000000002 -0.03261071778343079
20.30000000000002 -0.03263829497231441
20.40000000000002 -0.03269000667534828
20.50000000000002 -0.03275615443962884
20.60000000000002 -0.03280430421373111
20.70000000000002 -0.03279901197233315
20.80000000000003 -0.0327446612189578
20.90000000000003 -0.03267919185032476
21.00000000000003 -0.03263069305788375
21.10000000000003 -0.03260544117982567
21.20000000000003 -0.03260085629218895
21.30000000000003 -0.03261551550350691
21.40000000000003 -0.03265091406511138
21.50000000000004 -0.03270611069820799
21.60000000000004 -0.03276617806527131
21.70000000000004 -0.03279837674799561
21.80000000000004 -0.03277896489686388
21.90000000000004 -0.03272308153080243
22.00000000000004 -0.03266537887704121
22.10000000000004 -0.03262631199946346
22.20000000000005 -0.03260903973574876
22.30000000000005 -0.0326108565072618
22.40000000000005 -0.03262978256492518
22.50000000000005 -0.03266429615021482
22.60000000000005 -0.03270842941486699
22.70000000000005 -0.0327465831189538
22.80000000000005 -0.03275831248034838
22.90000000000006 -0.03273595964535446
23.00000000000006 -0.0326930298267238
23.10000000000006 -0.03264993347745692
23.20000000000006 -0.0326191901653058
23.30000000000006 -0.03260514117639488
23.40000000000006 -0.03261022579296236
23.50000000000006 -0.03263900121329336
23.60000000000007 -0.03269547311873885
23.70000000000007 -0.03276942656936162
23.80000000000007 -0.03282190840759155
23.90000000000007 -0.03281088381980139
24.00000000000007 -0.03274559132674048
24.10000000000007 -0.03267278940237929
24.20000000000007 -0.03262225199214222
24.30000000000008 -0.03259810378881961
24.40000000000008 -0.03259676414597343
24.50000000000008 -0.032617968455335
24.60000000000008 -0.0326653623766907
24.70000000000008 -0.03273684490466115
24.80000000000008 -0.03280621783188543
24.90000000000008 -0.03282594011657244
25.00000000000009 -0.03277939993225248
25.10000000000009 -0.03270517122547979
25.20000000000009 -0.03264542665343659
25.30000000000009 -0.03261329679524098
25.40000000000009 -0.03260518356164126
25.50000000000009 -0.03261580937980902
25.60000000000009 -0.03264217691017322
25.7000000000001 -0.03268071858972428
25.8000000000001 -0.0327218639460632
25.9000000000001 -0.0327484335379495
26.0000000000001 -0.0327456604752685
26.1000000000001 -0.03271541076421525
26.2000000000001 -0.0326742812121005
26.3000000000001 -0.03263850957464891
26.40000000000011 -0.03261610016539512
26.50000000000011 -0.0326095753372013
26.60000000000011 -0.03262078938842393
26.70000000000011 -0.03265245936691442
26.80000000000011 -0.03270393018325977
26.90000000000011 -0.0327609999505574
27.00000000000011 -0.03279261820724273
27.10000000000012 -0.03277543419702406
27.20000000000012 -0.0327219788680987
27.30000000000012 -0.03266434680512478
27.40000000000012 -0.03262276491194244
27.50000000000012 -0.03260157525620246
27.60000000000012 -0.03260012536932277
27.70000000000012 -0.03262032984681837
27.80000000000013 -0.03266714880899779
27.90000000000013 -0.03273921313902647
28.00000000000013 -0.03280984438686591
28.10000000000013 -0.0328295275132409
28.20000000000013 -0.03278084837375264
28.30000000000013 -0.0327040349513052
28.40000000000013 -0.03264253182136482
28.50000000000014 -0.03260953248644782
28.60000000000014 -0.03260155000457775
28.70000000000014 -0.03261417939965099
28.80000000000014 -0.03264592738425152
28.90000000000014 -0.03269390584853453
29.00000000000014 -0.03274519207687925
29.10000000000014 -0.03277444938140278
29.20000000000014 -0.0327623622660273
29.30000000000015 -0.03271757367223162
29.40000000000015 -0.03266645110622532
29.50000000000015 -0.0326281545184153
29.60000000000015 -0.03260868170149658
29.70000000000015 -0.03260849374585366
29.80000000000015 -0.03262868199527015
29.90000000000015 -0.03267086906687292
30.00000000000016 -0.03272963772526697
30.10000000000016 -0.03278180198972507
30.20000000000016 -0.03279381525704714
30.30000000000016 -0.03275645274439298
30.40000000000016 -0.03269654080766053
30.50000000000016 -0.03264448776980441
30.60000000000016 -0.03261251472727879
30.70000000000017 -0.03260083290676591
30.80000000000017 -0.03260836742422023
30.90000000000017 -0.03263700559201729
31.00000000000017 -0.03268873170069393
31.10000000000017 -0.03275452184974026
31.20000000000017 -0.03280320558613331
31.30000000000017 -0.03279960122704715
31.40000000000018 -0.03274679535725897
31.50000000000018 -0.03268211269012952
31.60000000000018 -0.0326342721456508
31.70000000000018 -0.03261003453913608
31.80000000000018 -0.03260645129463839
31.90000000000018 -0.03262063571719693
32.00000000000018 -0.03265134693782641
32.10000000000019 -0.03269496041215198
32.20000000000019 -0.03273897441806673
32.30000000000019 -0.03276203064179081
32.40000000000019 -0.03274958247172177
32.50000000000019 -0.03270956411312854
32.60000000000019 -0.03266359602484163
32.70000000000019 -0.03262804111291671
32.8000000000002 -0.03260909332623049
32.9000000000002 -0.0326085493907662
33.0000000000002 -0.03262902743406979
33.1000000000002 -0.03267368897729597
33.2000000000002 -0.03273755308293656
33.3000000000002 -0.03279424482861332
33.4000000000002 -0.03280474387768859
33.50000000000021 -0.03276010398877505
33.60000000000021 -0.03269328227080654
33.70000000000021 -0.03263797753696134
33.80000000000021 -0.03260570582769502
33.90000000000021 -0.03259575761331682
34.00000000000021 -0.03260779356046306
34.10000000000021 -0.03264598422576274
34.20000000000022 -0.03271339838507135
34.30000000000022 -0.03279356639812966
34.40000000000022 -0.032837981206541
34.50000000000022 -0.03280867788642254
34.60000000000022 -0.03273219989250509
34.70000000000022 -0.03266091525149157
34.80000000000022 -0.03261825210236781
34.90000000000023 -0.03260278416180245
35.00000000000023 -0.03260815224910664
35.10000000000023 -0.03263078135605706
35.20000000000023 -0.03266833199327737
35.30000000000023 -0.03271376568155416
35.40000000000023 -0.03275039214373546
35.50000000000023 -0.03275838670369463
35.60000000000024 -0.03273290732029285
35.70000000000024 -0.03268966255267947
35.80000000000024 -0.03264882684523904
35.90000000000024 -0.03262154663418976
36.00000000000024 -0.03261079955873827
36.10000000000024 -0.03261718239301574
36.20000000000024 -0.0326418040098835
36.30000000000025 -0.03268415297253769
36.40000000000025 -0.03273499259870302
36.50000000000025 -0.03277143596037176
36.60000000000025 -0.03277001535318553
36.70000000000025 -0.03273138900050795
36.80000000000025 -0.03267924103807369
36.90000000000025 -0.03263543208370677
37.00000000000026 -0.03260858253159214
37.10000000000026 -0.0326000188834767
37.20000000000026 -0.03261162697903869
37.30000000000026 -0.0326487565505383
37.40000000000026 -0.03271482517695871
37.50000000000026 -0.03279344306859985
37.60000000000026 -0.03283660860684078
37.70000000000027 -0.03280696740394927
37.80000000000027 -0.03273058819575324
37.90000000000027 -0.03265898543822179
38.00000000000027 -0.03261551670620619
38.10000000000027 -0.03259936361468661
38.20000000000027 -0.03260530435694847
38.30000000000027 -0.03263155317732901
38.40000000000028 -0.03267754616737334
38.50000000000028 -0.03273498087647678
38.60000000000028 -0.03277935082313334
38.70000000000028 -0.03278197227737473
38.80000000000028 -0.03274112878537785
38.90000000000028 -0.0326845090897423
39.00000000000028 -0.03263844062391186
39.10000000000029 -0.03261262530568634
39.20000000000029 -0.03260717767904044
39.30000000000029 -0.03262129012936086
39.40000000000029 -0.03265527062641702
39.50000000000029 -0.03270578067676536
39.60000000000029 -0.03275697049352248
39.70000000000029 -0.03278088170009721
39.8000000000003 -0.03276082068005984
39.9000000000003 -0.03271100287622655
40.0000000000003 -0.03265926590658676
40.1000000000003 -0.03262243382329985
40.2000000000003 -0.03260436613905766
40.3000000000003 -0.03260493469633986
40.4000000000003 -0.03262594220388999
40.50000000000031 -0.03267079800489684
40.60000000000031 -0.03273588909732016
40.70000000000031 -0.03279624381265736
40.80000000000031 -0.03281138744936615
40.90000000000031 -0.03276891051201772
41.00000000000031 -0.03270157204044007
41.10000000000031 -0.03264550450389533
41.20000000000032 -0.03261335480662028
41.30000000000032 -0.03260337157040157
41.40000000000032 -0.03261217595619792
41.50000000000032 -0.03263878822643897
41.60000000000032 -0.03268184912709097
41.70000000000032 -0.03273223395395197
41.80000000000032 -0.03276812191834476
41.90000000000033 -0.03276717259056593
42.00000000000033 -0.03272997634342253
42.10000000000033 -0.03267953971987993
42.20000000000033 -0.03263764593184543
42.30000000000033 -0.03261327468721131
42.40000000000033 -0.03260775792247599
42.50000000000033 -0.03262173121998219
42.60000000000034 -0.03265680412041887
42.70000000000034 -0.03271036868666072
42.80000000000034 -0.03276527929357171
42.90000000000034 -0.0327899041339629
43.00000000000034 -0.03276581106082361
43.10000000000034 -0.03271036584115714
43.20000000000034 -0.03265486214886919
43.30000000000035 -0.03261668297955793
43.40000000000035 -0.0325991400413812
43.50000000000035 -0.03260247756277841
43.60000000000035 -0.03263040598557637
43.70000000000035 -0.03268847557625285
43.80000000000035 -0.03276969243515684
43.90000000000035 -0.03283396856342224
44.00000000000036 -0.03282949726098638
44.10000000000036 -0.03276063333741886
44.20000000000036 -0.03268131635589309
44.30000000000036 -0.032627387255737
44.40000000000036 -0.03260292769005317
44.50000000000036 -0.03260163708408943
44.60000000000036 -0.03261937779130885
44.70000000000037 -0.03265494610514094
44.80000000000037 -0.03270435180805119
44.90000000000037 -0.03275254267413047
45.00000000000037 -0.03277437346099747
45.10000000000037 -0.03275547672655121
45.20000000000037 -0.03270913080063234
45.30000000000037 -0.03266105081962284
45.40000000000038 -0.03262733387561397
45.50000000000038 -0.03261193101098137
45.60000000000038 -0.03261410139312767
45.70000000000038 -0.03263319809907543
45.80000000000038 -0.0326681759313196
45.90000000000038 -0.03271269606508922
46.00000000000038 -0.03275022795531562
46.10000000000039 -0.0327599989105475
46.20000000000039 -0.03273547879834127
46.30000000000039 -0.03269144035941916
46.40000000000039 -0.03264827005158538
46.50000000000039 -0.03261768213681195
46.60000000000039 -0.03260333661831791
46.70000000000039 -0.03260738109592265
46.8000000000004 -0.0326346544508337
46.9000000000004 -0.03269065034273144
47.0000000000004 -0.03276796300436451
47.1000000000004 -0.03282811108193689
47.2000000000004 -0.03282292271656109
47.3000000000004 -0.03275667373003467
47.4000000000004 -0.03267957079160777
47.50000000000041 -0.03262584710354489
47.60000000000041 -0.03260042506848644
47.70000000000041 -0.03259851022422897
47.80000000000041 -0.03261790493514256
47.90000000000041 -0.03265987092550586
48.00000000000041 -0.03272135351352762
48.10000000000041 -0.03278155298369692
48.20000000000041 -0.03280339686147625
48.30000000000042 -0.03276995265979993
48.40000000000042 -0.03270718698503781
48.50000000000042 -0.03265098836562014
48.60000000000042 -0.0326171972627492
48.70000000000042 -0.03260614184948296
48.80000000000042 -0.03261499103808842
48.90000000000042 -0.03264241045081463
49.00000000000043 -0.03268587981805308
49.10000000000043 -0.03273454807209503
49.20000000000043 -0.03276610452156911
49.30000000000043 -0.0327608406122667
49.40000000000043 -0.0327224575534356
49.50000000000043 -0.03267362185159588
49.60000000000043 -0.03263374869064602
49.70000000000044 -0.03261035710021137
49.80000000000044 -0.03260472028226594
49.90000000000044 -0.03261840005531928
50.00000000000044 -0.032654937726906
