0 -0.03260564902724127
0.1 -0.03258227922274086
0.2 -0.03253402110326732
0.3 -0.0324635508969337
0.4 -0.03238475691515964
0.5 -0.03232676554596718
0.6 -0.03231534254579932
0.7 -0.03234563376211404
0.7999999999999999 -0.03238938545190344
0.8999999999999999 -0.03242281827218342
0.9999999999999999 -0.03243580204367295
1.1 -0.03242508290022715
1.2 -0.03238723173244969
1.3 -0.03231700765874358
1.4 -0.03221483480824015
1.5 -0.03210554211211478
1.6 -0.03204212931818536
1.7 -0.03205395022037708
1.8 -0.03210867031956824
1.900000000000001 -0.03215998041069063
2 -0.0321883278996462
2.100000000000001 -0.03219364131326732
2.200000000000001 -0.03218048448690853
2.300000000000001 -0.03215237674242589
2.400000000000001 -0.03211205597378846
2.500000000000001 -0.03206429549531734
2.600000000000001 -0.03201894319426235
2.700000000000001 -0.03198981646354108
2.800000000000001 -0.03198630610898778
2.900000000000001 -0.03200500936306075
3.000000000000001 -0.03203256463947043
3.100000000000001 -0.0320557309988774
3.200000000000002 -0.03206703900124584
3.300000000000002 -0.0320640823024738
3.400000000000002 -0.03204704786301799
3.500000000000002 -0.03201750975761328
3.600000000000002 -0.031979024157374
3.700000000000002 -0.03193865073552274
3.800000000000002 -0.03190695667213474
3.900000000000002 -0.03189375662982831
4.000000000000002 -0.0319015053750356
4.100000000000001 -0.03192340952190559
4.200000000000001 -0.03194836594979507
4.300000000000001 -0.03196643878662402
4.4 -0.03196997259957648
4.5 -0.0319510964928589
4.6 -0.03189841173841274
4.699999999999999 -0.03179797458116045
4.799999999999999 -0.03165188697496464
4.899999999999999 -0.03151688963999728
4.999999999999998 -0.03147955044765443
5.099999999999998 -0.03153685759324894
5.199999999999998 -0.03161134029949363
5.299999999999997 -0.03165773838466758
5.399999999999997 -0.03167121374915445
5.499999999999996 -0.03165646854354781
5.599999999999996 -0.03161356912253128
5.699999999999996 -0.03153701943610195
5.799999999999995 -0.03142576779038635
5.899999999999995 -0.03130734373253692
5.999999999999995 -0.0312434069992282
6.099999999999994 -0.03126353503104899
6.199999999999994 -0.03132425320390898
6.299999999999994 -0.03137502429550064
6.399999999999993 -0.0314002692386246
6.499999999999993 -0.0314043764476627
6.599999999999993 -0.03139484897343932
6.699999999999992 -0.03137733490882323
6.799999999999992 -0.03135584602698931
6.899999999999991 -0.03133385841025324
6.999999999999991 -0.03131494232988965
7.099999999999991 -0.031302511841548
7.19999999999999 -0.03129878783691473
7.29999999999999 -0.03130371244130559
7.39999999999999 -0.0313147584163916
7.499999999999989 -0.03132783956654715
7.599999999999989 -0.03133859613654608
7.699999999999989 -0.03134324307993909
7.799999999999988 -0.03133878750501015
7.899999999999988 -0.0313229838784979
7.999999999999988 -0.03129464635693895
8.099999999999987 -0.03125496294753076
8.199999999999987 -0.03120981355598853
8.299999999999986 -0.03117084978825583
8.399999999999986 -0.03115108912254486
8.499999999999986 -0.03115574533184354
8.599999999999985 -0.03117816628103874
8.699999999999985 -0.03120589135491821
8.799999999999985 -0.03122838484183859
8.899999999999984 -0.03123901993809149
8.999999999999984 -0.03123248899024662
9.099999999999984 -0.0312008772730069
9.199999999999983 -0.0311307317626168
9.299999999999983 -0.03100826913201769
9.399999999999983 -0.03085008121256105
9.499999999999982 -0.03073918361188076
9.599999999999982 -0.03074653177086088
9.699999999999982 -0.03082272942051822
9.799999999999981 -0.0308891980986692
9.899999999999981 -0.03092086413068325
9.99999999999998 -0.03092219848134684
10.09999999999998 -0.03089955205452028
10.19999999999998 -0.03085445196949195
10.29999999999998 -0.0307868677368066
10.39999999999998 -0.03070490825208341
10.49999999999998 -0.03063508954403851
10.59999999999998 -0.03061045959984079
10.69999999999998 -0.03063484928766364
10.79999999999998 -0.03067908803174563
10.89999999999998 -0.0307152933995137
10.99999999999998 -0.03073355084497384
11.09999999999998 -0.03073511316194389
11.19999999999998 -0.03072406276022739
11.29999999999998 -0.03070420388059035
11.39999999999998 -0.03067905040996527
11.49999999999998 -0.03065267827444189
11.59999999999997 -0.03063010456924111
11.69999999999997 -0.03061631173318491
11.79999999999997 -0.03061409283845853
11.89999999999997 -0.03062243235266214
11.99999999999997 -0.03063705719463311
12.09999999999997 -0.03065261978748941
12.19999999999997 -0.03066459895093766
12.29999999999997 -0.03066990407678955
12.39999999999997 -0.03066653154358989
12.49999999999997 -0.03065304162775712
12.59999999999997 -0.03062847409154381
12.69999999999997 -0.03059320788325363
12.79999999999997 -0.03055098233149162
12.89999999999997 -0.03051081680134853
12.99999999999997 -0.03048511483706898
13.09999999999997 -0.03048198669247523
13.19999999999997 -0.03049862516154233
13.29999999999997 -0.0305241151095879
13.39999999999997 -0.03054752763790603
13.49999999999997 -0.03056220689213241
13.59999999999997 -0.03056498401057534
13.69999999999997 -0.03055379132443185
13.79999999999997 -0.03052604407816054
13.89999999999997 -0.03047900190486914
13.99999999999997 -0.03041385530500571
14.09999999999997 -0.03034382616251016
14.19999999999997 -0.03029622097480814
14.29999999999997 -0.03029234560286237
14.39999999999996 -0.03032401876757033
14.49999999999996 -0.03036455693550497
14.59999999999996 -0.03039401301539469
14.69999999999996 -0.03040510513069259
14.79999999999996 -0.03039634527773952
14.89999999999996 -0.03036617761179302
14.99999999999996 -0.03031193604797584
15.09999999999996 -0.03023510729070704
15.19999999999996 -0.03015299507723809
15.29999999999996 -0.03010124550392335
15.39999999999996 -0.03010369107452533
15.49999999999996 -0.03014387762071909
15.59999999999996 -0.03018819077094804
15.69999999999996 -0.03021718480820253
15.79999999999996 -0.03022690208483462
15.89999999999996 -0.03021882805422627
15.99999999999996 -0.03019412095977915
16.09999999999996 -0.0301529258641949
16.19999999999996 -0.03009741939830095
16.29999999999996 -0.03003751114054335
16.39999999999996 -0.0299929395179938
16.49999999999996 -0.0299814814970461
16.59999999999997 -0.03000158274512995
16.69999999999997 -0.03003494508080776
16.79999999999997 -0.03006436620695396
16.89999999999997 -0.03008236316384051
16.99999999999997 -0.03008840828694752
17.09999999999997 -0.03008440885672473
17.19999999999997 -0.03007244236775865
17.29999999999998 -0.03005432327110333
17.39999999999998 -0.03003203205477593
17.49999999999998 -0.03000838761436028
17.59999999999998 -0.02998737067197895
17.69999999999998 -0.02997341856688304
17.79999999999998 -0.02996957918271691
17.89999999999998 -0.02997572894990231
17.99999999999999 -0.02998850750974492
18.09999999999999 -0.03000305234125891
18.19999999999999 -0.03001496449880818
18.29999999999999 -0.03002124420659406
18.39999999999999 -0.03002022197033036
18.49999999999999 -0.03001114388212962
18.59999999999999 -0.02999396854552996
18.7 -0.02996966326418728
18.8 -0.02994098546675827
18.9 -0.02991314872387821
19 -0.02989304629337873
19.1 -0.02988621802132018
19.2 -0.02989341063108357
19.3 -0.02991011904507774
19.40000000000001 -0.02992941925395362
19.50000000000001 -0.02994488756703537
19.60000000000001 -0.02995124150665025
19.70000000000001 -0.02994282534164324
19.80000000000001 -0.02991094755659617
19.90000000000001 -0.02984202807106243
20.00000000000001 -0.02972439859467557
20.10000000000002 -0.0295790463301424
20.20000000000002 -0.02948592245329503
20.30000000000002 -0.02950115374843477
20.40000000000002 -0.02957365087355825
20.50000000000002 -0.02963553942611577
20.60000000000002 -0.02966665511680968
20.70000000000002 -0.02967108854480268
20.80000000000003 -0.02965371893716312
20.90000000000003 -0.02961392334958999
21.00000000000003 -0.02954710807357528
21.10000000000003 -0.02945375088150911
21.20000000000003 -0.02935746838072478
21.30000000000003 -0.02930609632155415
21.40000000000003 -0.0293220091227585
21.50000000000004 -0.02937282794392087
21.60000000000004 -0.0294184955096525
21.70000000000004 -0.02944469440556939
21.80000000000004 -0.02945384255298056
21.90000000000004 -0.02945186079800872
22.00000000000004 -0.02944342894618605
22.10000000000004 -0.02943163169407588
22.20000000000005 -0.02941859406797912
22.30000000000005 -0.02940602486481017
22.40000000000005 -0.02939546529462798
22.50000000000005 -0.0293882483252895
22.60000000000005 -0.0293852539514548
22.70000000000005 -0.02938662817798269
22.80000000000005 -0.02939166014654969
22.90000000000006 -0.02939891612778185
23.00000000000006 -0.02940656544468296
23.10000000000006 -0.02941273681785036
23.20000000000006 -0.02941577632636834
23.30000000000006 -0.02941438105917863
23.40000000000006 -0.02940767056042018
23.50000000000006 -0.02939529919006768
23.60000000000007 -0.02937770531537472
23.70000000000007 -0.02935650453788774
23.80000000000007 -0.02933480004096851
23.90000000000007 -0.02931688169937842
24.00000000000007 -0.02930687282728361
24.10000000000007 -0.02930680032501858
24.20000000000007 -0.02931553902489313
24.30000000000008 -0.02932952596406186
24.40000000000008 -0.02934443502618314
24.50000000000008 -0.02935634011568337
24.60000000000008 -0.02936169540879146
24.70000000000008 -0.02935625572685795
24.80000000000008 -0.02933318495537778
24.90000000000008 -0.02928105913904771
25.00000000000009 -0.02918613046405155
25.10000000000009 -0.02905187415725275
25.20000000000009 -0.02893442560660481
25.30000000000009 -0.02891042941635981
25.40000000000009 -0.0289683318423471
25.50000000000009 -0.02903679584507404
25.60000000000009 -0.02907883844299745
25.7000000000001 -0.0290926809862132
25.8000000000001 -0.02908394410102304
25.9000000000001 -0.02905421833872573
26.0000000000001 -0.02900027135527848
26.1000000000001 -0.02891974705354948
26.2000000000001 -0.02882591024228597
26.3000000000001 -0.02875868686876234
26.40000000000011 -0.02875358365371803
26.50000000000011 -0.02879587463890233
26.60000000000011 -0.0288443804000766
26.70000000000011 -0.02887625887614857
26.80000000000011 -0.02888942514009769
26.90000000000011 -0.02888879754658732
27.00000000000011 -0.02887915475024151
27.10000000000012 -0.02886385965331704
27.20000000000012 -0.02884548201663199
27.30000000000012 -0.02882659002536537
27.40000000000012 -0.02881011191519083
27.50000000000012 -0.02879898018574421
27.60000000000012 -0.02879514723992079
27.70000000000012 -0.02879864858868965
27.80000000000013 -0.02880753247167756
27.90000000000013 -0.02881875726269879
28.00000000000013 -0.02882935074836455
28.10000000000013 -0.02883712776714016
28.20000000000013 -0.02884082591894717
28.30000000000013 -0.02883991503894949
28.40000000000013 -0.02883436317038705
28.50000000000014 -0.02882451248861824
28.60000000000014 -0.02881110591749844
28.70000000000014 -0.02879542619967249
28.80000000000014 -0.02877941991024896
28.90000000000014 -0.02876558597186892
29.00000000000014 -0.02875643503707677
29.10000000000014 -0.02875361345915916
29.20000000000014 -0.0287571848787552
29.30000000000015 -0.02876559058025656
29.40000000000015 -0.02877629206406921
29.50000000000015 -0.02878658277002396
29.60000000000015 -0.02879406915082204
29.70000000000015 -0.02879668893800549
29.80000000000015 -0.02879241899165574
29.90000000000015 -0.02877892843946166
30.00000000000016 -0.02875357440366746
30.10000000000016 -0.02871453901179917
30.20000000000016 -0.02866417913760313
30.30000000000016 -0.028613616888903
30.40000000000016 -0.02858149965088636
30.50000000000016 -0.02858044229150119
30.60000000000016 -0.02860464764456631
30.70000000000017 -0.02863687718290128
30.80000000000017 -0.02866302233898315
30.90000000000017 -0.02867654110516995
31.00000000000017 -0.02867475276887037
31.10000000000017 -0.02865434639781877
31.20000000000017 -0.02860894213371672
31.30000000000017 -0.02853131612732213
31.40000000000018 -0.02842704707042883
31.50000000000018 -0.02833559793543139
31.60000000000018 -0.02831036064786757
31.70000000000018 -0.02835051934367432
31.80000000000018 -0.02840730593282081
31.90000000000018 -0.02844735326865951
32.00000000000018 -0.02846483792178344
32.10000000000019 -0.02846384645623969
32.20000000000019 -0.02844791607535234
32.30000000000019 -0.02841805721393423
32.40000000000019 -0.02837454162648528
32.50000000000019 -0.02832121567741998
32.60000000000019 -0.02827044675295281
32.70000000000019 -0.02824087155388617
32.8000000000002 -0.02824278104280075
32.9000000000002 -0.02826767127662605
33.0000000000002 -0.02829809071193878
33.1000000000002 -0.02832206920224883
33.2000000000002 -0.02833611833576474
33.3000000000002 -0.02834136919475249
33.4000000000002 -0.02834015160489151
33.50000000000021 -0.02833457817868904
33.60000000000021 -0.02832628463068658
33.70000000000021 -0.0283165622027974
33.80000000000021 -0.02830654100357546
33.90000000000021 -0.02829730282253711
34.00000000000021 -0.02828988029574168
34.10000000000021 -0.02828514010446291
34.20000000000022 -0.02828359687011739
34.30000000000022 -0.02828525013085541
34.40000000000022 -0.02828953820239855
34.50000000000022 -0.02829544258992789
34.60000000000022 -0.02830169475017366
34.70000000000022 -0.02830699543628779
34.80000000000022 -0.02831017712432131
34.90000000000023 -0.02831029236462046
35.00000000000023 -0.02830665647839218
35.10000000000023 -0.02829889664669882
35.20000000000023 -0.02828706288918957
35.30000000000023 -0.02827183233111225
35.40000000000023 -0.02825475720666884
35.50000000000023 -0.0282383551436645
35.60000000000024 -0.02822572385247327
35.70000000000024 -0.02821954504777711
35.80000000000024 -0.02822091006400337
35.90000000000024 -0.02822879574324355
36.00000000000024 -0.02824056631478461
36.10000000000024 -0.02825297182334443
36.20000000000024 -0.02826279545556509
36.30000000000025 -0.02826668558842026
36.40000000000025 -0.02826007757171083
36.50000000000025 -0.0282351855108502
36.60000000000025 -0.02817881904291517
36.70000000000025 -0.02807570311855461
36.80000000000025 -0.02793349213274651
36.90000000000025 -0.02782125273817287
37.00000000000026 -0.02781476721857216
37.10000000000026 -0.02788264278358366
37.20000000000026 -0.02794993720195583
37.30000000000026 -0.0279878615839169
37.40000000000026 -0.02799892838007051
37.50000000000026 -0.0279889217725234
37.60000000000026 -0.02795774816912553
37.70000000000027 -0.02789880877915084
37.80000000000027 -0.02780486248546422
37.90000000000027 -0.02768854370861598
38.00000000000027 -0.02760370836657269
38.10000000000027 -0.027600587342875
38.20000000000027 -0.02765446864144509
38.30000000000027 -0.02770996183891485
38.40000000000028 -0.02774365540735102
38.50000000000028 -0.0277576408640408
38.60000000000028 -0.02775940428660848
38.70000000000028 -0.0277545772547823
38.80000000000028 -0.02774649660413323
38.90000000000028 -0.0277371018709998
39.00000000000028 -0.027727653187804
39.10000000000029 -0.0277191180380208
39.20000000000029 -0.02771231257727335
39.30000000000029 -0.02770788185374159
39.40000000000029 -0.0277061953578328
39.50000000000029 -0.02770724031263823
39.60000000000029 -0.02771058662134598
39.70000000000029 -0.02771545689834647
39.8000000000003 -0.02772087941813531
39.9000000000003 -0.02772586652003464
40.0000000000003 -0.02772956394709029
40.1000000000003 -0.02773134481064246
40.2000000000003 -0.02773085050365702
40.3000000000003 -0.02772799564202459
40.4000000000003 -0.02772295522340856
40.50000000000031 -0.02771614556166228
40.60000000000031 -0.02770820045602828
40.70000000000031 -0.02769993299440421
40.80000000000031 -0.02769226587559698
40.90000000000031 -0.02768611699023213
41.00000000000031 -0.02768224751194151
41.10000000000031 -0.02768110929840591
41.20000000000032 -0.02768274451662107
41.30000000000032 -0.0276867730127112
41.40000000000032 -0.02769245735323146
41.50000000000032 -0.02769879099037393
41.60000000000032 -0.02770453558267666
41.70000000000032 -0.02770813470289043
41.80000000000032 -0.02770743006174527
41.90000000000033 -0.02769910080284304
42.00000000000033 -0.02767784463534077
42.10000000000033 -0.02763598376916062
42.20000000000033 -0.02756644741809108
42.30000000000033 -0.02747487057868864
42.40000000000033 -0.02739556991049195
42.50000000000033 -0.02737299480794009
42.60000000000034 -0.02740768587280151
42.70000000000034 -0.02746006075509811
42.80000000000034 -0.02750022704847947
42.90000000000034 -0.02752050771194393
43.00000000000034 -0.0275218908355375
43.10000000000034 -0.02750362090564965
43.20000000000034 -0.02745870360758512
43.30000000000035 -0.02737395049393398
43.40000000000035 -0.02724445011349223
43.50000000000035 -0.02711304238869688
43.60000000000035 -0.02706606205832068
43.70000000000035 -0.02711488463238928
43.80000000000035 -0.02718544777665784
43.90000000000035 -0.02723138870969414
44.00000000000036 -0.02725031117225635
44.10000000000036 -0.02725164765294303
44.20000000000036 -0.02724266520799525
44.30000000000036 -0.02722734816078766
44.40000000000036 -0.02720802683892837
44.50000000000036 -0.02718689159354264
44.60000000000036 -0.02716690666408873
44.70000000000037 -0.02715175997533036
44.80000000000037 -0.02714461946415681
44.90000000000037 -0.02714641977322896
45.00000000000037 -0.02715523268861721
45.10000000000037 -0.02716740210998955
45.20000000000037 -0.02717937539934333
45.30000000000037 -0.02718884052875031
45.40000000000038 -0.02719484851599698
45.50000000000038 -0.02719740287839871
45.60000000000038 -0.02719700115425111
45.70000000000038 -0.02719432425196368
45.80000000000038 -0.02719007597974992
45.90000000000038 -0.02718491764696061
46.00000000000038 -0.0271794484158614
46.10000000000039 -0.02717420065622166
46.20000000000039 -0.02716963429499084
46.30000000000039 -0.02716612386568546
46.40000000000039 -0.02716393861336616
46.50000000000039 -0.02716322047519041
46.60000000000039 -0.0271639666105854
46.70000000000039 -0.02716602191196016
46.8000000000004 -0.02716908317395941
46.9000000000004 -0.02717271211452
47.0000000000004 -0.02717635125374898
47.1000000000004 -0.02717933596670405
47.2000000000004 -0.02718089808116156
47.3000000000004 -0.02718016174461873
47.4000000000004 -0.02717614401941423
47.50000000000041 -0.02716779821185426
47.60000000000041 -0.02715418570207886
47.70000000000041 -0.02713491825671945
47.80000000000041 -0.02711097798190907
47.90000000000041 -0.02708566167143579
48.00000000000041 -0.02706463145311801
48.10000000000041 -0.02705382675924315
48.20000000000041 -0.0270559116961872
48.30000000000042 -0.02706849817536908
48.40000000000042 -0.0270859873646838
48.50000000000042 -0.02710274560957107
48.60000000000042 -0.02711465016489602
48.70000000000042 -0.02711851451940023
48.80000000000042 -0.0271102502565678
48.90000000000042 -0.02708230367445445
49.00000000000043 -0.02702143812554127
49.10000000000043 -0.02691368500125892
49.20000000000043 -0.02677345126438708
49.30000000000043 -0.02667721211563458
49.40000000000043 -0.0266883244763144
49.50000000000043 -0.02675946986366058
49.60000000000043 -0.02682088344554368
49.70000000000044 -0.02685252064474786
49.80000000000044 -0.02685987814182849
49.90000000000044 -0.02684943980068474
50.00000000000044 -0.0268226970929145
