0 -0.03260564902724127
0.1 -0.03260567912474505
0.2 -0.03260572648358531
0.3 -0.03260574558315731
0.4 -0.03260571317649287
0.5 -0.03260576614647341
0.6 -0.03260609126300802
0.7 -0.03260655590034658
0.7999999999999999 -0.03260688131390839
0.8999999999999999 -0.03260701039667741
0.9999999999999999 -0.03260703917399595
1.1 -0.0326070571601025
1.2 -0.03260709827726117
1.3 -0.03260713987540195
1.4 -0.03260713161872998
1.5 -0.03260710977293296
1.6 -0.03260727675016332
1.7 -0.0326077017843226
1.8 -0.03260812643622348
1.900000000000001 -0.03260835488658245
2 -0.03260842425909309
2.100000000000001 -0.03260843999600575
2.200000000000001 -0.03260846780828082
2.300000000000001 -0.03260851500923347
2.400000000000001 -0.03260853878914874
2.500000000000001 -0.0326085083203666
2.600000000000001 -0.03260854450564523
2.700000000000001 -0.03260884661593158
2.800000000000001 -0.03260931308072086
2.900000000000001 -0.03260965722709917
3.000000000000001 -0.0326098004004552
3.100000000000001 -0.0326098335880869
3.200000000000002 -0.03260985032651653
3.300000000000002 -0.03260988969060249
3.400000000000002 -0.0326099333822135
3.500000000000002 -0.03260993022103135
3.600000000000002 -0.03260990315522212
3.700000000000002 -0.03261004752266738
3.800000000000002 -0.03261046039766141
3.900000000000002 -0.03261089810271672
4.000000000000002 -0.03261114455291678
4.100000000000001 -0.0326112231655592
4.200000000000001 -0.03261124019975137
4.300000000000001 -0.03261126610787646
4.4 -0.03261131286854189
4.5 -0.03261134067012337
4.6 -0.03261131304285841
4.699999999999999 -0.03261133502636249
4.799999999999999 -0.03261161281286096
4.899999999999999 -0.03261207597759054
4.999999999999998 -0.03261243571995794
5.099999999999998 -0.03261259250650924
5.199999999999998 -0.03261263050858537
5.299999999999997 -0.03261264629530103
5.399999999999997 -0.03261268372650164
5.499999999999996 -0.03261272889518813
5.599999999999996 -0.03261273083054206
5.699999999999996 -0.03261270038299774
5.799999999999995 -0.03261282245916981
5.899999999999995 -0.03261321872263094
5.999999999999995 -0.03261366543019291
6.099999999999994 -0.03261392904577087
6.199999999999994 -0.03261401732961396
6.299999999999994 -0.03261403591564375
6.399999999999993 -0.03261405978910605
6.499999999999993 -0.03261410577910989
6.599999999999993 -0.03261413734680288
6.699999999999992 -0.03261411303349806
6.799999999999992 -0.03261412243467138
6.899999999999991 -0.03261437730557467
6.999999999999991 -0.03261483820532506
7.099999999999991 -0.03261521502767784
7.19999999999999 -0.03261538672574731
7.29999999999999 -0.03261543031818445
7.39999999999999 -0.03261544555943142
7.499999999999989 -0.03261548113163473
7.599999999999989 -0.03261552745483916
7.699999999999989 -0.03261553428969099
7.799999999999988 -0.03261550181928504
7.899999999999988 -0.03261560359864456
7.999999999999988 -0.03261598271236209
8.099999999999987 -0.03261643691537892
8.199999999999987 -0.03261671733931931
8.299999999999986 -0.03261681565204763
8.399999999999986 -0.03261683625455341
8.499999999999986 -0.03261685837894714
8.599999999999985 -0.03261690343662486
8.699999999999985 -0.03261693820801159
8.799999999999985 -0.03261691758148186
8.899999999999984 -0.0326169168086805
8.999999999999984 -0.03261714957724196
9.099999999999984 -0.03261760551290525
9.199999999999983 -0.03261799706838622
9.299999999999983 -0.03261818309395936
9.399999999999983 -0.03261823247978203
9.499999999999982 -0.03261824742929326
9.599999999999982 -0.03261828112620901
9.699999999999982 -0.03261832819233108
9.799999999999981 -0.03261833959237274
9.899999999999981 -0.0326183062545809
9.99999999999998 -0.03261838981959621
10.09999999999998 -0.03261875159037171
10.19999999999998 -0.0326192118796592
10.29999999999998 -0.03261950874246901
10.39999999999998 -0.03261961747642266
10.49999999999998 -0.03261964057825337
10.59999999999998 -0.03261966118444015
10.69999999999998 -0.03261970508592184
10.79999999999998 -0.03261974258193544
10.89999999999998 -0.03261972607739353
10.99999999999998 -0.03261971672891025
11.09999999999998 -0.03261992622713341
11.19999999999998 -0.03262037281830894
11.29999999999998 -0.03262077652826059
11.39999999999998 -0.0326209767568899
11.49999999999998 -0.0326210324004072
11.59999999999997 -0.03262104726737007
11.69999999999997 -0.03262107897182532
11.79999999999997 -0.03262112644525386
11.89999999999997 -0.03262114226978235
11.99999999999997 -0.03262110901059639
12.09999999999997 -0.03262117568616116
12.19999999999997 -0.03262151950892475
12.29999999999997 -0.0326219848042193
12.39999999999997 -0.03262229821807752
12.49999999999997 -0.03262241790119913
12.59999999999997 -0.03262244382059151
12.69999999999997 -0.03262246300217232
12.79999999999997 -0.03262250568372152
12.89999999999997 -0.03262254564090387
12.99999999999997 -0.03262253317443846
13.09999999999997 -0.03262251679456084
13.19999999999997 -0.03262270631723158
13.29999999999997 -0.0326231463431292
13.39999999999997 -0.03262356363755131
13.49999999999997 -0.03262377870352764
13.59999999999997 -0.03262384107520062
13.69999999999997 -0.0326238563874347
13.79999999999997 -0.03262388643074517
13.89999999999997 -0.03262393405007927
13.99999999999997 -0.03262395377285936
14.09999999999997 -0.03262392156042138
14.19999999999997 -0.03262397348806495
14.29999999999997 -0.03262429795163114
14.39999999999996 -0.03262476402901331
14.49999999999996 -0.03262509144367595
14.59999999999996 -0.0326252215753657
14.69999999999996 -0.03262525056228489
14.79999999999996 -0.0326252685368413
14.89999999999996 -0.03262530981816991
14.99999999999996 -0.03262535170016349
15.09999999999996 -0.03262534341031238
15.19999999999996 -0.03262532162226059
15.29999999999996 -0.03262549088863066
15.39999999999996 -0.03262592017076386
15.49999999999996 -0.032626347640661
15.59999999999996 -0.03262657673943078
15.69999999999996 -0.03262664602112483
15.79999999999996 -0.03262666186594129
15.89999999999996 -0.03262669008118362
15.99999999999996 -0.03262673756991295
16.09999999999996 -0.03262676103885741
16.19999999999996 -0.03262673033575404
16.29999999999996 -0.03262676872359387
16.39999999999996 -0.03262707485023655
16.49999999999996 -0.03262754271500786
16.59999999999997 -0.0326278853907021
16.69999999999997 -0.03262802692084511
16.79999999999997 -0.03262805950449341
16.89999999999997 -0.03262807653356403
16.99999999999997 -0.03262811642427208
17.09999999999997 -0.03262815997006381
17.19999999999997 -0.03262815583455408
17.29999999999998 -0.03262812982208339
17.39999999999998 -0.0326282800252377
17.49999999999998 -0.03262869783618212
17.59999999999998 -0.03262913447122507
17.69999999999998 -0.03262937745856653
17.79999999999998 -0.03262945391632343
17.89999999999998 -0.03262947060210694
17.99999999999999 -0.03262949716690615
18.09999999999999 -0.03262954437033979
18.19999999999999 -0.03262957117086067
18.29999999999999 -0.03262954243838636
18.39999999999999 -0.03262956935783541
18.49999999999999 -0.03262985801692066
18.59999999999999 -0.03263032618143448
18.7 -0.03263068273576704
18.8 -0.03263083526244399
18.9 -0.03263087155176236
19 -0.03263088782643785
19.1 -0.03263092632599792
19.2 -0.03263097119097354
19.3 -0.03263097096056062
19.40000000000001 -0.03263094186193171
19.50000000000001 -0.03263107500348007
19.60000000000001 -0.0326314816265417
19.70000000000001 -0.03263192660102991
19.80000000000001 -0.03263218311309997
19.90000000000001 -0.03263226692454844
20.00000000000001 -0.03263228480938443
20.10000000000002 -0.0326323099142893
20.20000000000002 -0.03263235659697879
20.30000000000002 -0.03263238632986613
20.40000000000002 -0.03263236015404572
20.50000000000002 -0.0326323767437015
20.60000000000002 -0.03263264578572542
20.70000000000002 -0.03263310972503003
20.80000000000003 -0.03263347773430782
20.90000000000003 -0.03263364097829957
21.00000000000003 -0.03263368120098813
21.10000000000003 -0.032633696772444
21.20000000000003 -0.03263373370475835
21.30000000000003 -0.03263377961409811
21.40000000000003 -0.03263378330882152
21.50000000000004 -0.03263375194836207
21.60000000000004 -0.03263386862664268
21.70000000000004 -0.03263426320693705
21.80000000000004 -0.03263471585825918
21.90000000000004 -0.03263498613753325
22.00000000000004 -0.03263507766882014
22.10000000000004 -0.03263509688910231
22.20000000000005 -0.03263512053050478
22.30000000000005 -0.03263516664685659
22.40000000000005 -0.0326351991509688
22.50000000000005 -0.03263517549501769
22.60000000000005 -0.03263518318621864
22.70000000000005 -0.03263543601140526
22.80000000000005 -0.03263589903957678
22.90000000000006 -0.03263628022727932
23.00000000000006 -0.03263645477390702
23.10000000000006 -0.03263649929202461
23.20000000000006 -0.0326365146047032
23.30000000000006 -0.0326365502383695
23.40000000000006 -0.03263659692810519
23.50000000000006 -0.03263660417029821
23.60000000000007 -0.03263657161431741
23.70000000000007 -0.03263667352619083
23.80000000000007 -0.03263705460904609
23.90000000000007 -0.03263751160394156
24.00000000000007 -0.03263779368974626
24.10000000000007 -0.03263789249919544
24.20000000000007 -0.03263791322221169
24.30000000000008 -0.03263793556393071
24.40000000000008 -0.03263798092658802
24.50000000000008 -0.03263801574448799
24.60000000000008 -0.03263799490192372
24.70000000000008 -0.03263799509067893
24.80000000000008 -0.03263823094084216
24.90000000000008 -0.03263868936898465
25.00000000000009 -0.03263908101609834
25.10000000000009 -0.03263926612935469
25.20000000000009 -0.03263931494803274
25.30000000000009 -0.03263932998508039
25.40000000000009 -0.03263936415430049
25.50000000000009 -0.03263941140553206
25.60000000000009 -0.03263942211841343
25.7000000000001 -0.03263938880102026
25.8000000000001 -0.03263947683591985
25.9000000000001 -0.03263984517398534
26.0000000000001 -0.03264030735031719
26.1000000000001 -0.03264060212993978
26.2000000000001 -0.03264070881247737
26.3000000000001 -0.03264073136286181
26.40000000000011 -0.03264075255449338
26.50000000000011 -0.03264079712134409
26.60000000000011 -0.0326408340558347
26.70000000000011 -0.03264081616769562
26.80000000000011 -0.03264080977862562
26.90000000000011 -0.03264102898769958
27.00000000000011 -0.03264148183537974
27.10000000000012 -0.03264188321382282
27.20000000000012 -0.03264207883574363
27.30000000000012 -0.03264213211959509
27.40000000000012 -0.0326421470522909
27.50000000000012 -0.03264217984371522
27.60000000000012 -0.03264222751730574
27.70000000000012 -0.03264224142357104
27.80000000000013 -0.03264220787602203
27.90000000000013 -0.03264228386558784
28.00000000000013 -0.03264264054897935
28.10000000000013 -0.0326431074328471
28.20000000000013 -0.03264341421288887
28.30000000000013 -0.03264352849967844
28.40000000000013 -0.0326435529383919
28.50000000000014 -0.03264357313869354
28.60000000000014 -0.03264361692259812
28.70000000000014 -0.03264365567169643
28.80000000000014 -0.03264364056600398
28.90000000000014 -0.03264362882339004
29.00000000000014 -0.03264383355816576
29.10000000000014 -0.03264428164977315
29.20000000000014 -0.03264469235526156
29.30000000000015 -0.03264489811406649
29.40000000000015 -0.03264495592851917
29.50000000000015 -0.03264497106368248
29.60000000000015 -0.03264500263755435
29.70000000000015 -0.0326450504672091
29.80000000000015 -0.03264506726692365
29.90000000000015 -0.03264503423088365
30.00000000000016 -0.03264509870574213
30.10000000000016 -0.03264544066031588
30.20000000000016 -0.03264590779845904
30.30000000000016 -0.03264622440811966
30.40000000000016 -0.03264634593597674
30.50000000000016 -0.03264637231951471
30.60000000000016 -0.03264639147264022
30.70000000000017 -0.0326464342732987
30.80000000000017 -0.03264647463660354
30.90000000000017 -0.03264646246433311
31.00000000000017 -0.03264644597899539
31.10000000000017 -0.03264663616012203
31.20000000000017 -0.0326470784980991
31.30000000000017 -0.03264749810487776
31.40000000000018 -0.03264771420443092
31.50000000000018 -0.03264777672683374
31.60000000000018 -0.03264779205141676
31.70000000000018 -0.03264782235058346
31.80000000000018 -0.03264787033147869
31.90000000000018 -0.03264788992624843
32.00000000000018 -0.03264785736814078
32.10000000000019 -0.03264791181614055
32.20000000000019 -0.0326482426991159
32.30000000000019 -0.03264871356822907
32.40000000000019 -0.03264904161225708
32.50000000000019 -0.03264917082099472
32.60000000000019 -0.03264919943467097
32.70000000000019 -0.03264921791911012
32.8000000000002 -0.03264925992925274
32.9000000000002 -0.03264930163149412
33.0000000000002 -0.03264929218936605
33.1000000000002 -0.03264927211377493
33.2000000000002 -0.03264944899244956
33.3000000000002 -0.03264988418083807
33.4000000000002 -0.03265031017284995
33.50000000000021 -0.0326505351767847
33.60000000000021 -0.03265060207150394
33.70000000000021 -0.03265061772470879
33.80000000000021 -0.03265064687555032
33.90000000000021 -0.03265069480569779
34.00000000000021 -0.03265071682053444
34.10000000000021 -0.03265068519519398
34.20000000000022 -0.03265073079460885
34.30000000000022 -0.03265104961099349
34.40000000000022 -0.03265152118887201
34.50000000000022 -0.03265185858884387
34.60000000000022 -0.03265199483187908
34.70000000000022 -0.03265202558877822
34.80000000000022 -0.03265204335184257
34.90000000000023 -0.03265208443534333
35.00000000000023 -0.03265212730320035
35.10000000000023 -0.03265212055592112
35.20000000000023 -0.03265209729596462
35.30000000000023 -0.0326522615661885
35.40000000000023 -0.032652690161514
35.50000000000023 -0.03265312306644604
35.60000000000024 -0.03265335743267932
35.70000000000024 -0.03265342899990591
35.80000000000024 -0.03265344516560337
35.90000000000024 -0.0326534732406596
36.00000000000024 -0.03265352103993536
36.10000000000024 -0.0326535453524582
36.20000000000024 -0.03265351492627978
36.30000000000025 -0.03265355217652602
36.40000000000025 -0.03265385835617436
36.50000000000025 -0.03265432939655474
36.60000000000025 -0.03265467554792501
36.70000000000025 -0.03265481876704313
36.80000000000025 -0.03265485172777888
36.90000000000025 -0.03265486882691024
37.00000000000026 -0.03265490900935874
37.10000000000026 -0.03265495293597225
37.20000000000026 -0.03265494871548562
37.30000000000026 -0.03265492284474914
37.40000000000026 -0.03265507626624657
37.50000000000026 -0.03265549970774449
37.60000000000026 -0.03265593973941698
37.70000000000027 -0.03265618316089707
37.80000000000027 -0.03265625921270376
37.90000000000027 -0.03265627593865692
38.00000000000027 -0.03265630308754536
38.10000000000027 -0.03265635077501266
38.20000000000027 -0.03265637709145958
38.30000000000027 -0.03265634777973745
38.40000000000028 -0.03265637819499977
38.50000000000028 -0.03265667433741443
38.60000000000028 -0.0326571460937076
38.70000000000028 -0.03265750077534355
38.80000000000028 -0.03265765059780405
38.90000000000028 -0.03265768582212618
39.00000000000028 -0.0326577025668385
39.10000000000029 -0.03265774196355712
39.20000000000029 -0.03265778663249452
39.30000000000029 -0.03265778478791336
39.40000000000029 -0.03265775716081833
39.50000000000029 -0.03265789946404622
39.60000000000029 -0.03265831395420728
39.70000000000029 -0.03265875700141398
39.8000000000003 -0.03265900765167034
39.9000000000003 -0.03265908781608601
40.0000000000003 -0.03265910506052421
40.1000000000003 -0.03265913117313071
40.2000000000003 -0.03265917855371265
40.3000000000003 -0.03265920675308977
40.4000000000003 -0.03265917878509265
40.50000000000031 -0.03265920266482088
40.60000000000031 -0.03265948813095886
40.70000000000031 -0.03265995955577709
40.80000000000031 -0.03266032241799496
40.90000000000031 -0.03266047891528055
41.00000000000031 -0.0326605164073186
41.10000000000031 -0.0326605326866266
41.20000000000032 -0.03266057123910506
41.30000000000032 -0.03266061669631161
41.40000000000032 -0.03266061712379508
41.50000000000032 -0.03266058770908456
41.60000000000032 -0.03266072067219497
41.70000000000032 -0.03266113007694248
41.80000000000032 -0.03266157928324095
41.90000000000033 -0.03266183835515001
42.00000000000033 -0.0326619229067506
42.10000000000033 -0.03266194091011959
42.20000000000033 -0.03266196630388345
42.30000000000033 -0.03266201348321419
42.40000000000033 -0.03266204328773118
42.50000000000033 -0.03266201666233184
42.60000000000034 -0.0326620351982671
42.70000000000034 -0.03266231081727644
42.80000000000034 -0.03266278064126321
42.90000000000034 -0.03266314983940583
43.00000000000034 -0.03266331200787513
43.10000000000034 -0.03266335155955134
43.20000000000034 -0.03266336751497885
43.30000000000035 -0.03266340531450778
43.40000000000035 -0.03266345133378862
43.50000000000035 -0.03266345375137727
43.60000000000035 -0.03266342318168076
43.70000000000035 -0.03266354785944506
43.80000000000035 -0.03266395125246278
43.90000000000035 -0.03266440432044524
44.00000000000036 -0.03266467026878463
44.10000000000036 -0.03266475867556782
44.20000000000036 -0.03266477734482182
44.30000000000036 -0.03266480198753381
44.40000000000036 -0.032664848863684
44.50000000000036 -0.03266488011186932
44.60000000000036 -0.03266485481775704
44.70000000000037 -0.03266486845797086
44.80000000000037 -0.03266513486130742
44.90000000000037 -0.03266560341072325
45.00000000000037 -0.03266597906154997
45.10000000000037 -0.0326661469919089
45.20000000000037 -0.03266618872105224
45.30000000000037 -0.03266620446425072
45.40000000000038 -0.03266624152983012
45.50000000000038 -0.0326662880022481
45.60000000000038 -0.03266629238291852
45.70000000000038 -0.03266626096149577
45.80000000000038 -0.03266637717820256
45.90000000000038 -0.03266677307937309
46.00000000000038 -0.0326672285465867
46.10000000000039 -0.03266750081898088
46.20000000000039 -0.03266759298564442
46.30000000000039 -0.0326676122857147
46.40000000000039 -0.03266763615326466
46.50000000000039 -0.03266768273076372
46.60000000000039 -0.03266771535383292
46.70000000000039 -0.03266769127957515
46.8000000000004 -0.03266770067422245
46.9000000000004 -0.03266795977846085
47.0000000000004 -0.03266842878204611
47.1000000000004 -0.03266881137821426
47.2000000000004 -0.03266898491311872
47.3000000000004 -0.03266902868451783
47.4000000000004 -0.03266904427497427
47.50000000000041 -0.03266908076019415
47.60000000000041 -0.03266912769004894
47.70000000000041 -0.03266913370462077
47.80000000000041 -0.03266910152987097
47.90000000000041 -0.03266921142224768
48.00000000000041 -0.03266960295583163
48.10000000000041 -0.03267006217005715
48.20000000000041 -0.03267034052831291
48.30000000000042 -0.03267043613912378
48.40000000000042 -0.03267045621269443
48.50000000000042 -0.03267047963055787
48.60000000000042 -0.03267052593763577
48.70000000000042 -0.03267055956994334
48.80000000000042 -0.03267053679876251
48.90000000000042 -0.03267054279137444
49.00000000000043 -0.03267079336475101
49.10000000000043 -0.03267125863541721
49.20000000000043 -0.03267164464831795
49.30000000000043 -0.0326718223673105
49.40000000000043 -0.03267186786816095
49.50000000000043 -0.03267188323245874
49.60000000000043 -0.03267191901289752
49.70000000000044 -0.03267196622302887
49.80000000000044 -0.03267197382301565
49.90000000000044 -0.0326719411402339
50.00000000000044 -0.03267204464320174
