0 -0.03260564902724127
0.1 -0.0323383780403917
0.2 -0.03193278057770686
0.3 -0.0312776025929114
0.4 -0.0303436296331963
0.5 -0.02923823022522602
0.6 -0.02817189378309437
0.7 -0.0273275198896416
0.7999999999999999 -0.02676875494880534
0.8999999999999999 -0.02645943101293888
0.9999999999999999 -0.02632128066078757
1.1 -0.02625822755550324
1.2 -0.02612624716082614
1.3 -0.02563085194141436
1.4 -0.02418958976303597
1.5 -0.02129445912447325
1.6 -0.01789532352941241
1.7 -0.01569301623918509
1.8 -0.01479718991013233
1.900000000000001 -0.01454683075406046
2 -0.01452282251422669
2.100000000000001 -0.01455456193544825
2.200000000000001 -0.01457907836161308
2.300000000000001 -0.01457164081966762
2.400000000000001 -0.01452026809781923
2.500000000000001 -0.01441743834464582
2.600000000000001 -0.01425844703626703
2.700000000000001 -0.01404271835905664
2.800000000000001 -0.0137762508792798
2.900000000000001 -0.01347331503996124
3.000000000000001 -0.01315540864713574
3.100000000000001 -0.01284676388253582
3.200000000000002 -0.0125682010137532
3.300000000000002 -0.012332574176876
3.400000000000002 -0.01214380482328735
3.500000000000002 -0.01199894260070927
3.600000000000002 -0.01189131397749617
3.700000000000002 -0.0118131834730403
3.800000000000002 -0.01175736083920733
3.900000000000002 -0.01171788644016989
4.000000000000002 -0.01169014562696398
4.100000000000001 -0.01167071358842314
4.200000000000001 -0.01165711564567348
4.300000000000001 -0.01164759320570672
4.4 -0.01164090897843323
4.5 -0.01163619725144464
4.6 -0.01163285385034803
4.699999999999999 -0.0116304573933528
4.799999999999999 -0.01162871383157831
4.899999999999999 -0.01162741774655811
4.999999999999998 -0.01162642546912962
5.099999999999998 -0.01162563644033158
5.199999999999998 -0.01162498028150652
5.299999999999997 -0.01162440780747866
5.399999999999997 -0.01162388476172425
5.499999999999996 -0.01162338743303039
5.599999999999996 -0.01162289957603387
5.699999999999996 -0.0116224102385346
5.799999999999995 -0.01162191222205492
5.899999999999995 -0.0116214009866679
5.999999999999995 -0.0116208738690327
6.099999999999994 -0.0116203295223351
6.199999999999994 -0.01161976751421974
6.299999999999994 -0.0116191880377416
6.399999999999993 -0.01161859170352429
6.499999999999993 -0.01161797939050144
6.599999999999993 -0.01161735213906756
6.699999999999992 -0.01161671107501676
6.799999999999992 -0.01161605735587812
6.899999999999991 -0.01161539213356176
6.999999999999991 -0.01161471652888341
7.099999999999991 -0.0116140316147281
7.19999999999999 -0.01161333840547794
7.29999999999999 -0.0116126378509589
7.39999999999999 -0.01161193083362184
7.499999999999989 -0.01161121816801134
7.599999999999989 -0.01161050060182527
7.699999999999989 -0.01160977881805243
7.799999999999988 -0.01160905343781182
7.899999999999988 -0.01160832502361932
7.999999999999988 -0.01160759408288213
8.099999999999987 -0.01160686107147816
8.199999999999987 -0.01160612639731904
8.299999999999986 -0.01160539042382621
8.399999999999986 -0.01160465347327308
8.499999999999986 -0.01160391582996256
8.599999999999985 -0.01160317774322209
8.699999999999985 -0.01160243943020733
8.799999999999985 -0.0116017010785118
8.899999999999984 -0.01160096284858479
8.999999999999984 -0.01160022487596274
9.099999999999984 -0.0115994872733214
9.199999999999983 -0.01159875013235746
9.299999999999983 -0.0115980135255091
9.399999999999983 -0.01159727750752497
9.499999999999982 -0.0115965421168915
9.599999999999982 -0.01159580737712782
9.699999999999982 -0.01159507329795738
9.799999999999981 -0.01159433987636507
9.899999999999981 -0.01159360709754767
9.99999999999998 -0.01159287493576536
10.09999999999998 -0.01159214335510103
10.19999999999998 -0.01159141231013395
10.29999999999998 -0.01159068174653336
10.39999999999998 -0.01158995160157726
10.49999999999998 -0.01158922180460116
10.59999999999998 -0.01158849227738069
10.69999999999998 -0.01158776293445194
10.79999999999998 -0.0115870336833724
10.89999999999998 -0.01158630442492544
10.99999999999998 -0.01158557505327028
11.09999999999998 -0.01158484545603949
11.19999999999998 -0.01158411551438518
11.29999999999998 -0.01158338510297491
11.39999999999998 -0.011582654089938
11.49999999999998 -0.01158192233676212
11.59999999999997 -0.01158118969814035
11.69999999999997 -0.01158045602176777
11.79999999999997 -0.01157972114808674
11.89999999999997 -0.01157898490997958
11.99999999999997 -0.0115782471324068
12.09999999999997 -0.01157750763198874
12.19999999999997 -0.01157676621652821
12.29999999999997 -0.01157602268447103
12.39999999999997 -0.01157527682430118
12.49999999999997 -0.01157452841386675
12.59999999999997 -0.01157377721963248
12.69999999999997 -0.01157302299585412
12.79999999999997 -0.01157226548366956
12.89999999999997 -0.01157150441010095
12.99999999999997 -0.0115707394869618
13.09999999999997 -0.01156997040966244
13.19999999999997 -0.0115691968559066
13.29999999999997 -0.01156841848427161
13.39999999999997 -0.01156763493266409
13.49999999999997 -0.01156684581664244
13.59999999999997 -0.01156605072759726
13.69999999999997 -0.01156524923078004
13.79999999999997 -0.01156444086317041
13.89999999999997 -0.01156362513117171
13.99999999999997 -0.01156280150812444
14.09999999999997 -0.01156196943162719
14.19999999999997 -0.01156112830065433
14.29999999999997 -0.01156027747246015
14.39999999999996 -0.01155941625925936
14.49999999999996 -0.01155854392467438
14.59999999999996 -0.01155765967994071
14.69999999999996 -0.01155676267986283
14.79999999999996 -0.01155585201851437
14.89999999999996 -0.01155492672467843
14.99999999999996 -0.01155398575702579
15.09999999999996 -0.01155302799903218
15.19999999999996 -0.01155205225363856
15.29999999999996 -0.01155105723766246
15.39999999999996 -0.01155004157597338
15.49999999999996 -0.01154900379544989
15.59999999999996 -0.01154794231874238
15.69999999999996 -0.01154685545787203
15.79999999999996 -0.01154574140770358
15.89999999999996 -0.01154459823933752
15.99999999999996 -0.01154342389347573
16.09999999999996 -0.01154221617382323
16.19999999999996 -0.01154097274059791
16.29999999999996 -0.01153969110422896
16.39999999999996 -0.01153836861933375
16.49999999999996 -0.0115370024790709
16.59999999999997 -0.01153558970997495
16.69999999999997 -0.01153412716738382
16.79999999999997 -0.01153261153157489
16.89999999999997 -0.01153103930472767
16.99999999999997 -0.01152940680883073
17.09999999999997 -0.01152771018464758
17.19999999999997 -0.01152594539184985
17.29999999999998 -0.01152410821041634
17.39999999999998 -0.01152219424338375
17.49999999999998 -0.01152019892101842
17.59999999999998 -0.01151811750645943
17.69999999999998 -0.01151594510286189
17.79999999999998 -0.01151367666204605
17.89999999999998 -0.01151130699463464
17.99999999999999 -0.01150883078163717
18.09999999999999 -0.01150624258741944
18.19999999999999 -0.01150353687397799
18.29999999999999 -0.01150070801642615
18.39999999999999 -0.01149775031959067
18.49999999999999 -0.0114946580356177
18.59999999999999 -0.01149142538249438
18.7 -0.01148804656340936
18.8 -0.01148451578690188
18.9 -0.01148082728778682
19 -0.01147697534889198
19.1 -0.01147295432370632
19.2 -0.01146875866011498
19.3 -0.01146438292549201
19.40000000000001 -0.01145982183353827
19.50000000000001 -0.0114550702733955
19.60000000000001 -0.01145012334174455
19.70000000000001 -0.0114449763788158
19.80000000000001 -0.01143962500951419
19.90000000000001 -0.01143406519120433
20.00000000000001 -0.01142829327013338
20.10000000000002 -0.01142230604901249
20.20000000000002 -0.01141610086896559
20.30000000000002 -0.01140967570992606
20.40000000000002 -0.01140302931467321
20.50000000000002 -0.01139616134312182
20.60000000000002 -0.0113890725653087
20.70000000000002 -0.01138176510389031
20.80000000000003 -0.01137424274005673
20.90000000000003 -0.01136651130082835
21.00000000000003 -0.0113585791510788
21.10000000000003 -0.01135045782080608
21.20000000000003 -0.01134216280784131
21.30000000000003 -0.0113337146093217
21.40000000000003 -0.01132514005328222
21.50000000000004 -0.01131647402671198
21.60000000000004 -0.01130776173145037
21.70000000000004 -0.01129906164897158
21.80000000000004 -0.01129044946643663
21.90000000000004 -0.01128202332019975
22.00000000000004 -0.01127391086619974
22.10000000000004 -0.01126627891632238
22.20000000000005 -0.0112593467294591
22.30000000000005 -0.01125340458698256
22.40000000000005 -0.01124884013303915
22.50000000000005 -0.01124617631804656
22.60000000000005 -0.01124612697839772
22.70000000000005 -0.01124967965249416
22.80000000000005 -0.01125822097859566
22.90000000000006 -0.01127372885592819
23.00000000000006 -0.01129906708333155
23.10000000000006 -0.01133842344107717
23.20000000000006 -0.01139787921440635
23.30000000000006 -0.0114857274573101
23.40000000000006 -0.0116101672858157
23.50000000000006 -0.01176152670769551
23.60000000000007 -0.01181024957436184
23.70000000000007 -0.01100283112210919
23.80000000000007 -0.006869348752098964
23.90000000000007 0.0001236439344580592
24.00000000000007 0.003424964634965173
24.10000000000007 0.003907869175636583
24.20000000000007 0.003734875475911947
24.30000000000008 0.003482206808915013
24.40000000000008 0.003239475424278569
24.50000000000008 0.002999510227532622
24.60000000000008 0.00273371143325922
24.70000000000008 0.002403571051387533
24.80000000000008 0.001991223348125071
24.90000000000008 0.001853497134643015
25.00000000000009 0.005478331098374367
25.10000000000009 0.01884077897149267
25.20000000000009 0.02517460342346434
25.30000000000009 0.02542891501397335
25.40000000000009 0.02502134243397825
25.50000000000009 0.02470702112643167
25.60000000000009 0.0245011987118295
25.7000000000001 0.02436574701730056
25.8000000000001 0.02427378677452298
25.9000000000001 0.02420925818724674
26.0000000000001 0.02416260515935363
26.1000000000001 0.02412798286424426
26.2000000000001 0.02410169565885189
26.3000000000001 0.02408133098483518
26.40000000000011 0.02406526794685505
26.50000000000011 0.02405238963167971
26.60000000000011 0.0240419092136054
26.70000000000011 0.02403326160356655
26.80000000000011 0.02402603403527061
26.90000000000011 0.02401992046663668
27.00000000000011 0.02401469094508938
27.10000000000012 0.02401017060905609
27.20000000000012 0.02400622503476401
27.30000000000012 0.02400274984639295
27.40000000000012 0.02399966324330367
27.50000000000012 0.02399690055617091
27.60000000000012 0.02399441023527712
27.70000000000012 0.02399215086330298
27.80000000000013 0.023990088909873
27.90000000000013 0.02398819702903797
28.00000000000013 0.02398645275812626
28.10000000000013 0.0239848375160048
28.20000000000013 0.02398333582654841
28.30000000000013 0.02398193471280173
28.40000000000013 0.02398062322142999
28.50000000000014 0.0239793920472731
28.60000000000014 0.02397823323528418
28.70000000000014 0.02397713994263617
28.80000000000014 0.02397610624786615
28.90000000000014 0.02397512699698384
29.00000000000014 0.02397419767877296
29.10000000000014 0.02397331432325768
29.20000000000014 0.02397247341863619
29.30000000000015 0.02397167184300224
29.40000000000015 0.0239709068079598
29.50000000000015 0.02397017581184389
29.60000000000015 0.02396947660073272
29.70000000000015 0.02396880713580517
29.80000000000015 0.02396816556588726
29.90000000000015 0.02396755020425878
30.00000000000016 0.02396695950897185
30.10000000000016 0.02396639206607572
30.20000000000016 0.02396584657525641
30.30000000000016 0.02396532183749042
30.40000000000016 0.02396481674438507
30.50000000000016 0.02396433026893671
30.60000000000016 0.02396386145748525
30.70000000000017 0.02396340942268242
30.80000000000017 0.02396297333732175
30.90000000000017 0.02396255242890435
31.00000000000017 0.02396214597483502
31.10000000000017 0.02396175329816042
31.20000000000017 0.02396137376377523
31.30000000000017 0.02396100677503355
31.40000000000018 0.02396065177071282
31.50000000000018 0.02396030822228509
31.60000000000018 0.02395997563145748
31.70000000000018 0.023959653527949
31.80000000000018 0.0239593414674758
31.90000000000018 0.02395903902992047
32.00000000000018 0.02395874581766472
32.10000000000019 0.02395846145406738
32.20000000000019 0.02395818558207192
32.30000000000019 0.02395791786292992
32.40000000000019 0.02395765797502853
32.50000000000019 0.02395740561281145
32.60000000000019 0.02395716048578419
32.70000000000019 0.02395692231759554
32.8000000000002 0.0239566908451881
32.9000000000002 0.02395646581801136
33.0000000000002 0.02395624699729187
33.1000000000002 0.02395603415535537
33.2000000000002 0.02395582707499628
33.3000000000002 0.0239556255488907
33.4000000000002 0.02395542937904922
33.50000000000021 0.02395523837630617
33.60000000000021 0.02395505235984254
33.70000000000021 0.02395487115673989
33.80000000000021 0.02395469460156267
33.90000000000021 0.02395452253596703
34.00000000000021 0.02395435480833394
34.10000000000021 0.02395419127342492
34.20000000000022 0.02395403179205863
34.30000000000022 0.02395387623080698
34.40000000000022 0.02395372446170917
34.50000000000022 0.02395357636200266
34.60000000000022 0.02395343181386959
34.70000000000022 0.02395329070419797
34.80000000000022 0.02395315292435624
34.90000000000023 0.02395301836998065
35.00000000000023 0.02395288694077448
35.10000000000023 0.0239527585403183
35.20000000000023 0.0239526330758906
35.30000000000023 0.02395251045829815
35.40000000000023 0.02395239060171552
35.50000000000023 0.023952273423533
35.60000000000024 0.0239521588442127
35.70000000000024 0.023952046787152
35.80000000000024 0.02395193717855425
35.90000000000024 0.02395182994730597
36.00000000000024 0.02395172502486043
36.10000000000024 0.023951622345127
36.20000000000024 0.02395152184436617
36.30000000000025 0.0239514234610897
36.40000000000025 0.02395132713596571
36.50000000000025 0.02395123281172853
36.60000000000025 0.02395114043309281
36.70000000000025 0.02395104994667182
36.80000000000025 0.02395096130089968
36.90000000000025 0.0239508744459573
37.00000000000026 0.02395078933370175
37.10000000000026 0.02395070591759911
37.20000000000026 0.0239506241526602
37.30000000000026 0.0239505439953795
37.40000000000026 0.02395046540367678
37.50000000000026 0.02395038833684143
37.60000000000026 0.02395031275547923
37.70000000000027 0.02395023862146169
37.80000000000027 0.02395016589787746
37.90000000000027 0.02395009454898602
38.00000000000027 0.02395002454017339
38.10000000000027 0.02394995583790978
38.20000000000027 0.0239498884097091
38.30000000000027 0.02394982222409014
38.40000000000028 0.02394975725053959
38.50000000000028 0.02394969345947649
38.60000000000028 0.02394963082221824
38.70000000000028 0.02394956931094808
38.80000000000028 0.02394950889868389
38.90000000000028 0.02394944955924833
39.00000000000028 0.02394939126724016
39.10000000000029 0.02394933399800685
39.20000000000029 0.02394927772761821
39.30000000000029 0.02394922243284113
39.40000000000029 0.02394916809111534
39.50000000000029 0.02394911468053022
39.60000000000029 0.02394906217980239
39.70000000000029 0.02394901056825434
39.8000000000003 0.02394895982579381
39.9000000000003 0.02394890993289402
40.0000000000003 0.0239488608705747
40.1000000000003 0.02394881262038382
40.2000000000003 0.02394876516438002
40.3000000000003 0.02394871848511575
40.4000000000003 0.02394867256562105
40.50000000000031 0.02394862738938793
40.60000000000031 0.02394858294035536
40.70000000000031 0.0239485392028948
40.80000000000031 0.02394849616179633
40.90000000000031 0.02394845380225523
41.00000000000031 0.0239484121098591
41.10000000000031 0.02394837107057543
41.20000000000032 0.02394833067073964
41.30000000000032 0.02394829089704358
41.40000000000032 0.0239482517365244
41.50000000000032 0.02394821317655385
41.60000000000032 0.02394817520482798
41.70000000000032 0.02394813780935716
41.80000000000032 0.0239481009784565
41.90000000000033 0.02394806470073663
42.00000000000033 0.02394802896509469
42.10000000000033 0.02394799376070578
42.20000000000033 0.02394795907701466
42.30000000000033 0.02394792490372763
42.40000000000033 0.02394789123080489
42.50000000000033 0.02394785804845297
42.60000000000034 0.02394782534711759
42.70000000000034 0.02394779311747659
42.80000000000034 0.02394776135043324
42.90000000000034 0.02394773003710973
43.00000000000034 0.02394769916884082
43.10000000000034 0.02394766873716781
43.20000000000034 0.02394763873383265
43.30000000000035 0.02394760915077218
43.40000000000035 0.02394757998011274
43.50000000000035 0.02394755121416474
43.60000000000035 0.02394752284541757
43.70000000000035 0.02394749486653464
43.80000000000035 0.02394746727034848
43.90000000000035 0.02394744004985615
44.00000000000036 0.02394741319821469
44.10000000000036 0.02394738670873675
44.20000000000036 0.02394736057488635
44.30000000000036 0.02394733479027483
44.40000000000036 0.0239473093486568
44.50000000000036 0.02394728424392637
44.60000000000036 0.02394725947011335
44.70000000000037 0.02394723502137971
44.80000000000037 0.02394721089201605
44.90000000000037 0.02394718707643819
45.00000000000037 0.02394716356918394
45.10000000000037 0.02394714036490981
45.20000000000037 0.02394711745838807
45.30000000000037 0.02394709484450359
45.40000000000038 0.02394707251825106
45.50000000000038 0.02394705047473212
45.60000000000038 0.02394702870915259
45.70000000000038 0.02394700721681989
45.80000000000038 0.02394698599314042
45.90000000000038 0.02394696503361708
46.00000000000038 0.02394694433384681
46.10000000000039 0.02394692388951826
46.20000000000039 0.02394690369640953
46.30000000000039 0.02394688375038588
46.40000000000039 0.02394686404739765
46.50000000000039 0.02394684458347811
46.60000000000039 0.02394682535474145
46.70000000000039 0.0239468063573808
46.8000000000004 0.02394678758766632
46.9000000000004 0.02394676904194331
47.0000000000004 0.02394675071663042
47.1000000000004 0.02394673260821788
47.2000000000004 0.02394671471326576
47.3000000000004 0.02394669702840237
47.4000000000004 0.02394667955032258
47.50000000000041 0.02394666227578626
47.60000000000041 0.02394664520161677
47.70000000000041 0.02394662832469944
47.80000000000041 0.02394661164198015
47.90000000000041 0.02394659515046389
48.00000000000041 0.02394657884721343
48.10000000000041 0.02394656272934795
48.20000000000041 0.02394654679404176
48.30000000000042 0.02394653103852301
48.40000000000042 0.0239465154600725
48.50000000000042 0.02394650005602247
48.60000000000042 0.02394648482375541
48.70000000000042 0.02394646976070295
48.80000000000042 0.02394645486434475
48.90000000000042 0.02394644013220742
49.00000000000043 0.02394642556186349
49.10000000000043 0.02394641115093035
49.20000000000043 0.02394639689706926
49.30000000000043 0.02394638279798448
49.40000000000043 0.02394636885142216
49.50000000000043 0.02394635505516955
49.60000000000043 0.02394634140705407
49.70000000000044 0.02394632790494238
49.80000000000044 0.02394631454673963
49.90000000000044 0.02394630133038855
50.00000000000044 0.02394628825386866
