0 -0.03260564902724127
0.1 -0.0323299814097186
0.2 -0.03212154730315817
0.3 -0.03204383290899718
0.4 -0.03214225458771656
0.5 -0.03239738218660176
0.6 -0.03270397365949503
0.7 -0.03293203208771806
0.7999999999999999 -0.03301335747518835
0.8999999999999999 -0.0329575687042714
0.9999999999999999 -0.03281063624375662
1.1 -0.032618846204209
1.2 -0.032418442307276
1.3 -0.03223981039973985
1.4 -0.03211343180567053
1.5 -0.03206934373248202
1.6 -0.03212532880570998
1.7 -0.03226796006489847
1.8 -0.0324452981830339
1.900000000000001 -0.03258827501534059
2 -0.03264661398201641
2.100000000000001 -0.03260674165509533
2.200000000000001 -0.03248394718325341
2.300000000000001 -0.03230728347885607
2.400000000000001 -0.03211258055939329
2.500000000000001 -0.03194443148143824
2.600000000000001 -0.03185776298680333
2.700000000000001 -0.0319032819829812
2.800000000000001 -0.03208765669278968
2.900000000000001 -0.03233767423400995
3.000000000000001 -0.03252727264212685
3.100000000000001 -0.03255710085000166
3.200000000000002 -0.03239682836816681
3.300000000000002 -0.03206334522658135
3.400000000000002 -0.03159293914674611
3.500000000000002 -0.03106229770990099
3.600000000000002 -0.03068658728687483
3.700000000000002 -0.03091250432069596
3.800000000000002 -0.03202618513931169
3.900000000000002 -0.03331648206729653
4.000000000000002 -0.0338491483885568
4.100000000000001 -0.03365234072127594
4.200000000000001 -0.03313472604662308
4.300000000000001 -0.03254638355856202
4.4 -0.03200279625616485
4.5 -0.03161247092721677
4.6 -0.03154482544528014
4.699999999999999 -0.03194580592126919
4.799999999999999 -0.03267920202528588
4.899999999999999 -0.03331619110657382
4.999999999999998 -0.03358116445841437
5.099999999999998 -0.03353038464661558
5.199999999999998 -0.03332972600422933
5.299999999999997 -0.03309659205156699
5.399999999999997 -0.03288658605205627
5.499999999999996 -0.0327199472644561
5.599999999999996 -0.03260083694853903
5.699999999999996 -0.03252578698172136
5.799999999999995 -0.03248634753316816
5.899999999999995 -0.03247003405108542
5.999999999999995 -0.03246173036982376
6.099999999999994 -0.03244598072915258
6.199999999999994 -0.03240944282758813
6.299999999999994 -0.03234264313757514
6.399999999999993 -0.03224100192336378
6.499999999999993 -0.03210616883971019
6.599999999999993 -0.03194929552192898
6.699999999999992 -0.03179725491147029
6.799999999999992 -0.03169922436909806
6.899999999999991 -0.03172182405831872
6.999999999999991 -0.03191247811350353
7.099999999999991 -0.03223612175756202
7.19999999999999 -0.03255981277812579
7.29999999999999 -0.03274065326668327
7.39999999999999 -0.03271886118321563
7.499999999999989 -0.03251365976475989
7.599999999999989 -0.03216967191413584
7.699999999999989 -0.03173040122734563
7.799999999999988 -0.03126021567932508
7.899999999999988 -0.03091350124141959
7.999999999999988 -0.03099576438529908
8.099999999999987 -0.03175509729771298
8.199999999999987 -0.0328289648948954
8.299999999999986 -0.03347052422583554
8.399999999999986 -0.03347809144185265
8.499999999999986 -0.03311248713821854
8.599999999999985 -0.03262452509858024
8.699999999999985 -0.03215882188615902
8.799999999999985 -0.03182894638893798
8.899999999999984 -0.03176561256229059
8.999999999999984 -0.03205366062539922
9.099999999999984 -0.0325773771084395
9.199999999999983 -0.03303447819327622
9.299999999999983 -0.03321186889314316
9.399999999999983 -0.03311916987781431
9.499999999999982 -0.03286926598694451
9.599999999999982 -0.03256606772506233
9.699999999999982 -0.03228585225770293
9.799999999999981 -0.03209573651212523
9.899999999999981 -0.03206028007924398
9.99999999999998 -0.03221231923170594
10.09999999999998 -0.03250323818655885
10.19999999999998 -0.0328043794010507
10.29999999999998 -0.03299260480073035
10.39999999999998 -0.03302546852733853
10.49999999999998 -0.03293128342830689
10.59999999999998 -0.03276097387920634
10.69999999999998 -0.03255919259981403
10.79999999999998 -0.0323604585431436
10.89999999999998 -0.03219544904541986
10.99999999999998 -0.03209564966225971
11.09999999999998 -0.03208897163960658
11.19999999999998 -0.03218378851500498
11.29999999999998 -0.03235130258201302
11.39999999999998 -0.0325284550331137
11.49999999999998 -0.03264904664962717
11.59999999999997 -0.03267650878196232
11.69999999999997 -0.03261069492525265
11.79999999999997 -0.03247398227973473
11.89999999999997 -0.03229732747858252
11.99999999999997 -0.03211604362252548
12.09999999999997 -0.03197206658434251
12.19999999999997 -0.0319127453478677
12.29999999999997 -0.03197399785645321
12.39999999999997 -0.03214678622778841
12.49999999999997 -0.03235720822641928
12.59999999999997 -0.03249870078114836
12.69999999999997 -0.03249346750876155
12.79999999999997 -0.03231838148885489
12.89999999999997 -0.03198665013139726
12.99999999999997 -0.0315313705794344
13.09999999999997 -0.0310341571488144
13.19999999999997 -0.03072112058300618
13.29999999999997 -0.03102229241492545
13.39999999999997 -0.03213512150194582
13.49999999999997 -0.03332167920838382
13.59999999999997 -0.03376444255210035
13.69999999999997 -0.03353245697167716
13.79999999999997 -0.03300009090965769
13.89999999999997 -0.03239331001383778
13.99999999999997 -0.03182684869026375
14.09999999999997 -0.03143372824600271
14.19999999999997 -0.03143400519146276
14.29999999999997 -0.0319940518051561
14.39999999999996 -0.03287196348310285
14.49999999999996 -0.03352004483597473
14.59999999999996 -0.03370395534256224
14.69999999999996 -0.03356927067326764
14.79999999999996 -0.0333144318097715
14.89999999999996 -0.03305349490078034
14.99999999999996 -0.03283303969742278
15.09999999999996 -0.03266749905878463
15.19999999999996 -0.03255806332125286
15.29999999999996 -0.03249908232262261
15.39999999999996 -0.03247924660787249
15.49999999999996 -0.03248228637662798
15.59999999999996 -0.03248932606642134
15.69999999999996 -0.03248261792899405
15.79999999999996 -0.03244895412476616
15.89999999999996 -0.03238146265991865
15.99999999999996 -0.0322800826024094
16.09999999999996 -0.03215223562690217
16.19999999999996 -0.03201511041295517
16.29999999999996 -0.03189918776090219
16.39999999999996 -0.03184850453062363
16.49999999999996 -0.0319076840681239
16.59999999999997 -0.03208892597425553
16.69999999999997 -0.0323394810653368
16.79999999999997 -0.03255613512525658
16.89999999999997 -0.03264836980478719
16.99999999999997 -0.03258236480040622
17.09999999999997 -0.03237002446217974
17.19999999999997 -0.03203859878764879
17.29999999999998 -0.03162090494935831
17.39999999999998 -0.03118243505779845
17.49999999999998 -0.03088932501985087
17.59999999999998 -0.03105050527351894
17.69999999999998 -0.031863445524918
17.79999999999998 -0.03289937852422879
17.89999999999998 -0.03345725383467881
17.99999999999999 -0.03340632909434547
18.09999999999999 -0.03301013423309786
18.19999999999999 -0.03249989474576406
18.29999999999999 -0.03201240351785924
18.39999999999999 -0.03167278435881651
18.49999999999999 -0.03164247762071247
18.59999999999999 -0.03202571961450736
18.7 -0.03265815926934736
18.8 -0.03315791975876504
18.9 -0.03330655306686843
19 -0.03316164151250794
19.1 -0.03286956260746032
19.2 -0.0325447483228687
19.3 -0.0322659446061493
19.40000000000001 -0.03210107513472328
19.50000000000001 -0.03210889551220965
19.60000000000001 -0.03230170770453059
19.70000000000001 -0.03260299143158045
19.80000000000001 -0.03287545849317128
19.90000000000001 -0.03301551770359506
20.00000000000001 -0.03300497717264834
20.10000000000002 -0.0328827191551655
20.20000000000002 -0.03269921621134281
20.30000000000002 -0.03249613189173903
20.40000000000002 -0.03230685049431635
20.50000000000002 -0.03216294077313278
20.60000000000002 -0.03209610121668412
20.70000000000002 -0.03212927305683824
20.80000000000003 -0.03225807160349706
20.90000000000003 -0.03243855967027495
21.00000000000003 -0.0326021508114749
21.10000000000003 -0.03269165496092821
21.20000000000003 -0.03268549623188373
21.30000000000003 -0.03259410494081268
21.40000000000003 -0.03244362533626199
21.50000000000004 -0.03226503265295761
21.60000000000004 -0.03209281476753355
21.70000000000004 -0.03196753835830592
21.80000000000004 -0.03193234801572271
21.90000000000004 -0.03201363863523563
22.00000000000004 -0.03219040189457974
22.10000000000004 -0.03238437689124891
22.20000000000005 -0.03249792196406029
22.30000000000005 -0.03246718544726691
22.40000000000005 -0.03227765503227552
22.50000000000005 -0.0319457193579217
22.60000000000005 -0.03150876840255715
22.70000000000005 -0.03105875465016164
22.80000000000005 -0.03082813786291305
22.90000000000006 -0.0311994488080465
23.00000000000006 -0.03225545873350739
23.10000000000006 -0.03328583269287126
23.20000000000006 -0.03363160395702076
23.30000000000006 -0.03337992184891035
23.40000000000006 -0.03285044468393627
23.50000000000006 -0.03224073144648447
23.60000000000007 -0.03166689687340592
23.70000000000007 -0.03128989671304838
23.80000000000007 -0.03137798008841068
23.90000000000007 -0.03209329213429318
24.00000000000007 -0.03306531458971732
24.10000000000007 -0.03367145594733441
24.20000000000007 -0.03375996651517185
24.30000000000008 -0.03355028393500471
24.40000000000008 -0.03325193900019641
24.50000000000008 -0.03296932382608927
24.60000000000008 -0.03274173178517918
24.70000000000008 -0.03258139691471412
24.80000000000008 -0.03248951073452398
24.90000000000008 -0.03245925359342388
25.00000000000009 -0.03247482387844727
25.10000000000009 -0.03251252689149086
25.20000000000009 -0.03254611623342708
25.30000000000009 -0.03255402525813679
25.40000000000009 -0.03252426475513011
25.50000000000009 -0.03245517784930309
25.60000000000009 -0.03235374986649397
25.7000000000001 -0.03223423464758867
25.8000000000001 -0.0321182889158852
25.9000000000001 -0.03203501629847652
26.0000000000001 -0.03201642466001658
26.1000000000001 -0.03208344837721356
26.2000000000001 -0.03222564343797624
26.3000000000001 -0.03239267226475844
26.40000000000011 -0.03251464349363568
26.50000000000011 -0.03253734751879121
26.60000000000011 -0.03243960480505702
26.70000000000011 -0.0322249069246194
26.80000000000011 -0.03190739633624225
26.90000000000011 -0.03151330880802474
27.00000000000011 -0.03111261482732168
27.10000000000012 -0.03088489061784222
27.20000000000012 -0.03113542965089144
27.30000000000012 -0.03199388760949216
27.40000000000012 -0.03297021063661856
27.50000000000012 -0.03343186154219799
27.60000000000012 -0.03331929142766549
27.70000000000012 -0.0328906210751603
27.80000000000013 -0.03235351228046045
27.90000000000013 -0.03183640135230621
28.00000000000013 -0.03148085295317337
28.10000000000013 -0.03149300125197151
28.20000000000013 -0.03200522409433115
28.30000000000013 -0.03277731775474378
28.40000000000013 -0.03331919991877372
28.50000000000014 -0.03342325316403436
28.60000000000014 -0.03321613893932175
28.70000000000014 -0.03288117565231097
28.80000000000014 -0.03254007068359468
28.90000000000014 -0.03227024103003657
29.00000000000014 -0.03213513683485732
29.10000000000014 -0.03218036831433488
29.20000000000014 -0.03239412349310987
29.30000000000015 -0.03268083163856636
29.40000000000015 -0.03290997693829938
29.50000000000015 -0.03300250066010976
29.60000000000015 -0.03295775820206205
29.70000000000015 -0.03281779004467715
29.80000000000015 -0.03262961245967314
29.90000000000015 -0.03243200514155847
30.00000000000016 -0.03225821934519522
30.10000000000016 -0.0321411178435483
30.20000000000016 -0.03211138496222373
30.30000000000016 -0.03218412546668842
30.40000000000016 -0.03234012606510272
30.50000000000016 -0.03252256559697578
30.60000000000016 -0.03266304150564255
30.70000000000017 -0.03271695673937838
30.80000000000017 -0.03267662646481335
30.90000000000017 -0.03255994827549624
31.00000000000017 -0.03239463241712902
31.10000000000017 -0.03221114972495703
31.20000000000017 -0.03204413182992126
31.30000000000017 -0.03193513285691879
31.40000000000018 -0.03192646093102414
31.50000000000018 -0.03203762672156606
31.60000000000018 -0.03223461583746836
31.70000000000018 -0.03242916253028323
31.80000000000018 -0.03252617084609009
31.90000000000018 -0.03247377594434586
32.00000000000018 -0.03226929214962942
32.10000000000019 -0.03193786574640345
32.20000000000019 -0.03152658363529567
32.30000000000019 -0.03113965226876701
32.40000000000019 -0.03100426726855874
32.50000000000019 -0.03142421380646944
32.60000000000019 -0.03236773775692077
32.70000000000019 -0.03320860412254661
32.8000000000002 -0.03345813943307398
32.9000000000002 -0.03320006515741987
33.0000000000002 -0.03268830627471364
33.1000000000002 -0.03209013319691902
33.2000000000002 -0.03152480449083886
33.3000000000002 -0.03118277098524289
33.4000000000002 -0.03137225176139615
33.50000000000021 -0.03222307628924884
33.60000000000021 -0.03323438965059747
33.70000000000021 -0.03376415343728271
33.80000000000021 -0.03375873812959639
33.90000000000021 -0.03348577848636772
34.00000000000021 -0.03315111646123962
34.10000000000021 -0.03284866450662863
34.20000000000022 -0.03261439903465156
34.30000000000022 -0.03246311910622997
34.40000000000022 -0.03239965488606821
34.50000000000022 -0.03241628862469854
34.60000000000022 -0.03248827129179607
34.70000000000022 -0.03257734695838294
34.80000000000022 -0.03264494217557502
34.90000000000023 -0.03266604074526382
35.00000000000023 -0.03263420832130316
35.10000000000023 -0.03255765668956289
35.20000000000023 -0.03245274643094996
35.30000000000023 -0.03233973368732642
35.40000000000023 -0.03224103111710788
35.50000000000023 -0.03217928482733022
35.60000000000024 -0.03217210010246196
35.70000000000024 -0.03222286213029021
35.80000000000024 -0.03231284694252726
35.90000000000024 -0.03240348572835855
36.00000000000024 -0.03245092826727186
36.10000000000024 -0.03242232855198392
36.20000000000024 -0.03230183381854983
36.30000000000025 -0.0320864310689583
36.40000000000025 -0.03178202510656974
36.50000000000025 -0.03141259848696617
36.60000000000025 -0.03105613765331165
36.70000000000025 -0.03090620861620679
36.80000000000025 -0.03125344680581011
36.90000000000025 -0.03214267157390335
37.00000000000026 -0.03303668788071292
37.10000000000026 -0.0333933754401118
37.20000000000026 -0.03321918451368863
37.30000000000026 -0.03275849835470973
37.40000000000026 -0.03219246598492532
37.50000000000026 -0.03164087864333764
37.60000000000026 -0.03126638389509956
37.70000000000027 -0.03133379597062307
37.80000000000027 -0.03200836786846945
37.90000000000027 -0.03293713739820833
38.00000000000027 -0.03350334456339213
38.10000000000027 -0.03354262687654989
38.20000000000027 -0.0332675625125575
38.30000000000027 -0.03289350496969967
38.40000000000028 -0.03254287064601528
38.50000000000028 -0.0322873712614658
38.60000000000028 -0.03218163326798655
38.70000000000028 -0.03225452249108172
38.80000000000028 -0.03247266774157483
38.90000000000028 -0.03273182262103413
39.00000000000028 -0.03291600532636724
39.10000000000029 -0.03296796684495579
39.20000000000029 -0.03289775779796097
39.30000000000029 -0.03274685572278664
39.40000000000029 -0.03255861321578176
39.50000000000029 -0.03237011924752574
39.60000000000029 -0.03221559719189457
39.70000000000029 -0.03212926960554176
39.8000000000003 -0.03213912449534692
39.9000000000003 -0.03224958205491378
40.0000000000003 -0.03242557596161823
40.1000000000003 -0.03260071877050336
40.2000000000003 -0.03271170117066451
40.3000000000003 -0.03272810519208483
40.4000000000003 -0.03265413043172982
40.50000000000031 -0.03251262032899845
40.60000000000031 -0.0323317097068976
40.70000000000031 -0.0321417359267699
40.80000000000031 -0.03197904242371508
40.90000000000031 -0.03188852098619245
41.00000000000031 -0.03191350914524149
41.10000000000031 -0.03206570656217289
41.20000000000032 -0.03229367174485617
41.30000000000032 -0.03249480710033222
41.40000000000032 -0.03257618758357246
41.50000000000032 -0.03250076353060236
41.60000000000032 -0.03228109115668587
41.70000000000032 -0.03195389820769859
41.80000000000032 -0.03157731028710298
41.90000000000033 -0.03126374523189075
42.00000000000033 -0.0312187562389533
42.10000000000033 -0.03165204909732387
42.20000000000033 -0.0324496163675268
42.30000000000033 -0.0331018325865572
42.40000000000033 -0.03326604797750864
42.50000000000033 -0.03300951686634373
42.60000000000034 -0.0325229451026777
42.70000000000034 -0.03194515482371241
42.80000000000034 -0.03139956734696982
42.90000000000034 -0.03110548303986627
43.00000000000034 -0.03140036148842455
43.10000000000034 -0.03235989427158355
43.20000000000034 -0.03336858950395987
43.30000000000035 -0.03380870384131451
43.40000000000035 -0.03371873030354204
43.50000000000035 -0.03339197703069119
43.60000000000035 -0.03302374296468178
43.70000000000035 -0.03269963757419812
43.80000000000035 -0.03245712566153992
43.90000000000035 -0.03231932051977325
44.00000000000036 -0.03229909796516735
44.10000000000036 -0.03238642167064321
44.20000000000036 -0.03253820720163295
44.30000000000036 -0.03269035109443627
44.40000000000036 -0.03278846521808713
44.50000000000036 -0.03281008922246606
44.60000000000036 -0.03276289855373951
44.70000000000037 -0.03266977985231449
44.80000000000037 -0.03255633462463259
44.90000000000037 -0.03244550126724938
45.00000000000037 -0.03235629484732369
45.10000000000037 -0.03230267920571191
45.20000000000037 -0.03229066150149704
45.30000000000037 -0.03231461036835803
45.40000000000038 -0.03235611404822781
45.50000000000038 -0.03238810164779763
45.60000000000038 -0.03238280644831831
45.70000000000038 -0.03231854347018839
45.80000000000038 -0.03218176190680328
45.90000000000038 -0.03196599238048937
46.00000000000038 -0.031673848741069
46.10000000000039 -0.03133174493861872
46.20000000000039 -0.03102900649776467
46.30000000000039 -0.03096979394283612
46.40000000000039 -0.03141094412850302
46.50000000000039 -0.03229974649906774
46.60000000000039 -0.03308422685942664
46.70000000000039 -0.03333316476671289
46.8000000000004 -0.03310458310846446
46.9000000000004 -0.03261874192961259
47.0000000000004 -0.03202839251292208
47.1000000000004 -0.0314451125276958
47.2000000000004 -0.03105561287646404
47.3000000000004 -0.03119118627232609
47.4000000000004 -0.0320445383210534
47.50000000000041 -0.03311703660674639
47.60000000000041 -0.03367605907358353
47.70000000000041 -0.03363702837147846
47.80000000000041 -0.0332973879812056
47.90000000000041 -0.03289153485565313
48.00000000000041 -0.03253636896099196
48.10000000000041 -0.03229619630480563
48.20000000000041 -0.03221662804482012
48.30000000000042 -0.03231150142380576
48.40000000000042 -0.03253064757325011
48.50000000000042 -0.03276558506951605
48.60000000000042 -0.03291337231346348
48.70000000000042 -0.03293305828640507
48.80000000000042 -0.03284209720349872
48.90000000000042 -0.03268175242451032
49.00000000000043 -0.03249358943658612
49.10000000000043 -0.03231477372698693
49.20000000000043 -0.03218146242649477
49.30000000000043 -0.03212876260669235
49.40000000000043 -0.03217957579261911
49.50000000000043 -0.0323246167629006
49.60000000000043 -0.03251284597600766
49.70000000000044 -0.0326724506513308
49.80000000000044 -0.03274945675510126
49.90000000000044 -0.03272804838476756
50.00000000000044 -0.03262213588471977
