0 -0.03260564902724127
0.1 -0.03250512278297591
0.2 -0.03234298143623444
0.3 -0.03207903974207404
0.4 -0.03170235119431508
0.5 -0.03125665540021377
0.6 -0.03082987282281937
0.7 -0.03049709449872627
0.7999999999999999 -0.03027973558769859
0.8999999999999999 -0.03015597063138516
0.9999999999999999 -0.03008678216780878
1.1 -0.03002697599137579
1.2 -0.02991977271752071
1.3 -0.02968491330659159
1.4 -0.02922804394550595
1.5 -0.0285300104210365
1.6 -0.02776790289851103
1.7 -0.02718740966973121
1.8 -0.02685574554199423
1.900000000000001 -0.02669777847525355
2 -0.02662768914525119
2.100000000000001 -0.02659034713697062
2.200000000000001 -0.02655460998107186
2.300000000000001 -0.02650230396479075
2.400000000000001 -0.02642220957964365
2.500000000000001 -0.02630830527214573
2.600000000000001 -0.02616054597021542
2.700000000000001 -0.02598624550756882
2.800000000000001 -0.02579970582477438
2.900000000000001 -0.02561857324755999
3.000000000000001 -0.0254581671458726
3.100000000000001 -0.02532718521709316
3.200000000000002 -0.02522698883252668
3.300000000000002 -0.0251537068722226
3.400000000000002 -0.02510104762212438
3.500000000000002 -0.02506241065674131
3.600000000000002 -0.02503200834488811
3.700000000000002 -0.02500526712212633
3.800000000000002 -0.02497884444445402
3.900000000000002 -0.02495048616516028
4.000000000000002 -0.0249188388121684
4.100000000000001 -0.02488326493014229
4.200000000000001 -0.0248436782368375
4.300000000000001 -0.02480040267956405
4.4 -0.02475405484336823
4.5 -0.02470544737586278
4.6 -0.02465551020443019
4.699999999999999 -0.02460522580719823
4.799999999999999 -0.0245555746017254
4.899999999999999 -0.02450748664747082
4.999999999999998 -0.0244617962962573
5.099999999999998 -0.02441919711232712
5.199999999999998 -0.02438019525897572
5.299999999999997 -0.02434506057124766
5.399999999999997 -0.02431377570263986
5.499999999999996 -0.02428598510974245
5.599999999999996 -0.02426094738430616
5.699999999999996 -0.02423749687444897
5.799999999999995 -0.02421402416632111
5.899999999999995 -0.0241884904336406
5.999999999999995 -0.02415849811604958
6.099999999999994 -0.02412144836371338
6.199999999999994 -0.02407481865756694
6.299999999999994 -0.02401658019318396
6.399999999999993 -0.02394572813847056
6.499999999999993 -0.02386281271820049
6.599999999999993 -0.02377026550356811
6.699999999999992 -0.02367229326623563
6.799999999999992 -0.02357424226425853
6.899999999999991 -0.02348159231784282
6.999999999999991 -0.02339894810430935
7.099999999999991 -0.02332937800655813
7.19999999999999 -0.02327422210136142
7.29999999999999 -0.02323323353839525
7.39999999999999 -0.02320477889828759
7.499999999999989 -0.02318579132034697
7.599999999999989 -0.02317112527306564
7.699999999999989 -0.02315177578698097
7.799999999999988 -0.02311108264956588
7.899999999999988 -0.02301817806646952
7.999999999999988 -0.0228219249079212
8.099999999999987 -0.02246443744840865
8.199999999999987 -0.02194764002417954
8.299999999999986 -0.021400689770538
8.399999999999986 -0.02098399033706368
8.499999999999986 -0.0207414930268178
8.599999999999985 -0.02062565396040503
8.699999999999985 -0.02057933488043281
8.799999999999985 -0.02056456525616537
8.899999999999984 -0.02055940934107187
8.999999999999984 -0.02055020268901946
9.099999999999984 -0.0205261839971422
9.199999999999983 -0.02047660096060355
9.299999999999983 -0.02039007800808691
9.399999999999983 -0.02025709461435583
9.499999999999982 -0.02007635263344766
9.599999999999982 -0.01986204176347139
9.699999999999982 -0.01964331989071358
9.799999999999981 -0.01945120821920377
9.899999999999981 -0.01930348551695898
9.99999999999998 -0.01920119467890633
10.09999999999998 -0.01913541097452568
10.19999999999998 -0.01909491970833735
10.29999999999998 -0.01907023439487991
10.39999999999998 -0.01905456973554619
10.49999999999998 -0.01904348177459003
10.59999999999998 -0.01903421400387939
10.69999999999998 -0.01902513274225799
10.79999999999998 -0.01901532494746667
10.89999999999998 -0.0190043326296506
10.99999999999998 -0.01899198244842786
11.09999999999998 -0.01897827703057447
11.19999999999998 -0.01896332529802176
11.29999999999998 -0.01894729740089678
11.39999999999998 -0.01893039533564937
11.49999999999998 -0.01891283372689699
11.59999999999997 -0.01889482730470914
11.69999999999997 -0.01887658284557063
11.79999999999997 -0.0188582941000932
11.89999999999997 -0.01884013870418403
11.99999999999997 -0.01882227637942006
12.09999999999997 -0.01880484793964525
12.19999999999997 -0.01878797477245154
12.29999999999997 -0.01877175857806803
12.39999999999997 -0.01875628123681679
12.49999999999997 -0.01874160474680535
12.59999999999997 -0.01872777122964905
12.69999999999997 -0.01871480304525706
12.79999999999997 -0.01870270308706996
12.89999999999997 -0.01869145534569572
12.99999999999997 -0.01868102583048458
13.09999999999997 -0.01867136392451487
13.19999999999997 -0.01866240421926156
13.29999999999997 -0.01865406883327992
13.39999999999997 -0.01864627016912273
13.49999999999997 -0.01863891401095082
13.59999999999997 -0.01863190281958927
13.69999999999997 -0.01862513904966823
13.79999999999997 -0.01861852830080656
13.89999999999997 -0.01861198212432214
13.99999999999997 -0.0186054203376383
14.09999999999997 -0.01859877274566958
14.19999999999997 -0.01859198022461694
14.29999999999997 -0.01858499518034213
14.39999999999996 -0.0185777814430956
14.49999999999996 -0.0185703136972395
14.59999999999996 -0.01856257656600455
14.69999999999996 -0.01855456347737654
14.79999999999996 -0.01854627543031484
14.89999999999996 -0.0185377197643701
14.99999999999996 -0.01852890901446347
15.09999999999996 -0.01851985990977865
15.19999999999996 -0.01851059255418112
15.29999999999996 -0.0185011298070468
15.39999999999996 -0.0184914968685785
15.49999999999996 -0.01848172106251935
15.59999999999996 -0.01847183180094374
15.69999999999996 -0.01846186070941954
15.79999999999996 -0.01845184188491886
15.89999999999996 -0.01844181225181073
15.99999999999996 -0.01843181197123768
16.09999999999996 -0.01842188484390851
16.19999999999996 -0.01841207862295887
16.29999999999996 -0.0184024451181833
16.39999999999996 -0.01839303992022056
16.49999999999996 -0.01838392149534608
16.59999999999997 -0.01837514928673887
16.69999999999997 -0.01836678028877109
16.79999999999997 -0.01835886330986623
16.89999999999997 -0.01835142976499745
16.99999999999997 -0.01834447927748912
17.09999999999997 -0.01833795752877151
17.19999999999997 -0.01833172255057396
17.29999999999998 -0.01832549387687943
17.39999999999998 -0.01831877663417117
17.49999999999998 -0.01831075015332312
17.59999999999998 -0.01830010975073698
17.69999999999998 -0.01828485598625464
17.79999999999998 -0.01826205007883157
17.89999999999998 -0.01822762065243115
17.99999999999999 -0.01817644456119455
18.09999999999999 -0.01810311883818492
18.19999999999999 -0.01800389743226004
18.29999999999999 -0.01787969375096692
18.39999999999999 -0.01773853828675696
18.49999999999999 -0.01759473031336723
18.59999999999999 -0.01746381550124405
18.7 -0.01735670098907763
18.8 -0.01727715866435856
18.9 -0.01722327643798507
19 -0.01719037326520847
19.1 -0.01717323345117593
19.2 -0.017167091809128
19.3 -0.01716764123321116
19.40000000000001 -0.01717035008867471
19.50000000000001 -0.01716904534127092
19.60000000000001 -0.01715330331921788
19.70000000000001 -0.01710399488073814
19.80000000000001 -0.01698787142294191
19.90000000000001 -0.01676001657623198
20.00000000000001 -0.01639736379047634
20.10000000000002 -0.01596038161853595
20.20000000000002 -0.01557782957569064
20.30000000000002 -0.01532712080083213
20.40000000000002 -0.01519504751203544
20.50000000000002 -0.01513633310513631
20.60000000000002 -0.01511494850299955
20.70000000000002 -0.01511007936304532
20.80000000000003 -0.0151109991387156
20.90000000000003 -0.01511231290781775
21.00000000000003 -0.01511121971858688
21.10000000000003 -0.01510614585894284
21.20000000000003 -0.01509610785687553
21.30000000000003 -0.01508044478507055
21.40000000000003 -0.0150587432931142
21.50000000000004 -0.01503086795883958
21.60000000000004 -0.01499704324387579
21.70000000000004 -0.01495793891165697
21.80000000000004 -0.01491470809747416
21.90000000000004 -0.01486893386356646
22.00000000000004 -0.01482246747769752
22.10000000000004 -0.01477718580816905
22.20000000000005 -0.01473473430640043
22.30000000000005 -0.01469633095229707
22.40000000000005 -0.01466267886453015
22.50000000000005 -0.01463398974228177
22.60000000000005 -0.01461008413582656
22.70000000000005 -0.01459052244709174
22.80000000000005 -0.01457472915897259
22.90000000000006 -0.01456208985658787
23.00000000000006 -0.01455201583808593
23.10000000000006 -0.01454398028748957
23.20000000000006 -0.01453753348907197
23.30000000000006 -0.01453230454068516
23.40000000000006 -0.01452799547455767
23.50000000000006 -0.01452437186312741
23.60000000000007 -0.01452125243776432
23.70000000000007 -0.01451849912878828
23.80000000000007 -0.01451600820548187
23.90000000000007 -0.01451370275676407
24.00000000000007 -0.0145115265112267
24.10000000000007 -0.01450943887563859
24.20000000000007 -0.01450741102322922
24.30000000000008 -0.01450542285480928
24.40000000000008 -0.01450346066753205
24.50000000000008 -0.01450151538653102
24.60000000000008 -0.01449958123753055
24.70000000000008 -0.01449765476057167
24.80000000000008 -0.01449573408471366
24.90000000000008 -0.01449381840042502
25.00000000000009 -0.01449190758034285
25.10000000000009 -0.01449000191039525
25.20000000000009 -0.01448810190228965
25.30000000000009 -0.01448620816544028
25.40000000000009 -0.01448432132189256
25.50000000000009 -0.01448244195201134
25.60000000000009 -0.01448057056190264
25.7000000000001 -0.01447870756595473
25.8000000000001 -0.01447685327969352
25.9000000000001 -0.01447500791949249
26.0000000000001 -0.01447317160667042
26.1000000000001 -0.01447134437423856
26.2000000000001 -0.01446952617508846
26.3000000000001 -0.01446771689079462
26.40000000000011 -0.01446591634047931
26.50000000000011 -0.01446412428938089
26.60000000000011 -0.01446234045690126
26.70000000000011 -0.01446056452400011
26.80000000000011 -0.01445879613986477
26.90000000000011 -0.01445703492782194
27.00000000000011 -0.01445528049047978
27.10000000000012 -0.01445353241409798
27.20000000000012 -0.01445179027218412
27.30000000000012 -0.01445005362830836
27.40000000000012 -0.01444832203811671
27.50000000000012 -0.01444659505050679
27.60000000000012 -0.01444487220791029
27.70000000000012 -0.01444315304560245
27.80000000000013 -0.01444143708993181
27.90000000000013 -0.01443972385533375
28.00000000000013 -0.0144380128399578
28.10000000000013 -0.01443630351970348
28.20000000000013 -0.01443459534042148
28.30000000000013 -0.01443288770799908
28.40000000000013 -0.01443117997601055
28.50000000000014 -0.01442947143057908
28.60000000000014 -0.01442776127206796
28.70000000000014 -0.0144260485932006
28.80000000000014 -0.0144243323532061
28.90000000000014 -0.01442261134760581
29.00000000000014 -0.01442088417330435
29.10000000000014 -0.01441914918873362
29.20000000000014 -0.01441740446892926
29.30000000000015 -0.01441564775560358
29.40000000000015 -0.01441387640252404
29.50000000000015 -0.01441208731681614
29.60000000000015 -0.01441027689718268
29.70000000000015 -0.01440844097046216
29.80000000000015 -0.01440657472842334
29.90000000000015 -0.0144046726671862
30.00000000000016 -0.01440272853214151
30.10000000000016 -0.01440073527166771
30.20000000000016 -0.01439868500326938
30.30000000000016 -0.01439656899593403
30.40000000000016 -0.01439437767247527
30.50000000000016 -0.01439210063536255
30.60000000000016 -0.01438972671900748
30.70000000000017 -0.01438724407068543
30.80000000000017 -0.01438464026124553
30.90000000000017 -0.01438190242556102
31.00000000000017 -0.01437901743137716
31.10000000000017 -0.01437597207392912
31.20000000000017 -0.01437275329254197
31.30000000000017 -0.01436934840449661
31.40000000000018 -0.01436574535084528
31.50000000000018 -0.0143619329486522
31.60000000000018 -0.01435790114434937
31.70000000000018 -0.0143536412635248
31.80000000000018 -0.01434914625345208
31.90000000000018 -0.01434441091594879
32.00000000000018 -0.01433943212961667
32.10000000000019 -0.01433420906205959
32.20000000000019 -0.01432874337419103
32.30000000000019 -0.01432303942013554
32.40000000000019 -0.01431710444742292
32.50000000000019 -0.01431094880311528
32.60000000000019 -0.01430458615216156
32.70000000000019 -0.01429803371462152
32.8000000000002 -0.01429131252843206
32.9000000000002 -0.01428444774408305
33.0000000000002 -0.01427746895688916
33.1000000000002 -0.01427041058139251
33.2000000000002 -0.01426331227061827
33.3000000000002 -0.01425621938006131
33.4000000000002 -0.01424918347172319
33.50000000000021 -0.01424226284599284
33.60000000000021 -0.01423552307640107
33.70000000000021 -0.01422903750014049
33.80000000000021 -0.01422288757815971
33.90000000000021 -0.0142171629686299
34.00000000000021 -0.01421196103054275
34.10000000000021 -0.01420738524079568
34.20000000000022 -0.01420354157382468
34.30000000000022 -0.01420053107400038
34.40000000000022 -0.01419843528605715
34.50000000000022 -0.01419728817862607
34.60000000000022 -0.01419702226443029
34.70000000000022 -0.01419736494754118
34.80000000000022 -0.01419763830979846
34.90000000000023 -0.01419637240133183
35.00000000000023 -0.01419056809829738
35.10000000000023 -0.0141743528525552
35.20000000000023 -0.01413680596341512
35.30000000000023 -0.01405950668903295
35.40000000000023 -0.01391737781335528
35.50000000000023 -0.01369163874374527
35.60000000000024 -0.01339821972886458
35.70000000000024 -0.01309972638590615
35.80000000000024 -0.01286303009141956
35.90000000000024 -0.01271133616151072
36.00000000000024 -0.01262960691736149
36.10000000000024 -0.01259307950679052
36.20000000000024 -0.01258242071264996
36.30000000000025 -0.01258569125801506
36.40000000000025 -0.01259608119605361
36.50000000000025 -0.01260953582708553
36.60000000000025 -0.01262297154613873
36.70000000000025 -0.01263269006784758
36.80000000000025 -0.01263226732980545
36.90000000000025 -0.01260891596584345
37.00000000000026 -0.01253752016655373
37.10000000000026 -0.01237542852559912
37.20000000000026 -0.01207590867352366
37.30000000000026 -0.0116484259750274
37.40000000000026 -0.0112095160974575
37.50000000000026 -0.01088755086962023
37.60000000000026 -0.01070702423895571
37.70000000000027 -0.01062354680673101
37.80000000000027 -0.01059126605288291
37.90000000000027 -0.01058247611707978
38.00000000000027 -0.01058335681644731
38.10000000000027 -0.01058755629458937
38.20000000000027 -0.0105922932295644
38.30000000000027 -0.01059642349898849
38.40000000000028 -0.01059954104387589
38.50000000000028 -0.01060156657689015
38.60000000000028 -0.01060255951484412
38.70000000000028 -0.0106026319303655
38.80000000000028 -0.01060190954088124
38.90000000000028 -0.01060051459089384
39.00000000000028 -0.01059855896652444
39.10000000000029 -0.01059614205798955
39.20000000000029 -0.01059335076384193
39.30000000000029 -0.01059026039420519
39.40000000000029 -0.01058693588486612
39.50000000000029 -0.01058343305113452
39.60000000000029 -0.01057979976416456
39.70000000000029 -0.01057607700635617
39.8000000000003 -0.01057229979707333
39.9000000000003 -0.01056849799520777
40.0000000000003 -0.01056469699100744
40.1000000000003 -0.01056091830103418
40.2000000000003 -0.01055718007957495
40.3000000000003 -0.01055349755851083
40.4000000000003 -0.01054988342612503
40.50000000000031 -0.01054634815385754
40.60000000000031 -0.01054290027869365
40.70000000000031 -0.01053954664772974
40.80000000000031 -0.0105362926304854
40.90000000000031 -0.01053314230370662
41.00000000000031 -0.01053009861270614
41.10000000000031 -0.01052716351269327
41.20000000000032 -0.01052433809303704
41.30000000000032 -0.0105216226869693
41.40000000000032 -0.01051901696885473
41.50000000000032 -0.01051652004082464
41.60000000000032 -0.0105141305102834
41.70000000000032 -0.01051184655954479
41.80000000000032 -0.01050966600863689
41.90000000000033 -0.01050758637212531
42.00000000000033 -0.01050560491064342
42.10000000000033 -0.01050371867768227
42.20000000000033 -0.0105019245620808
42.30000000000033 -0.01050021932656732
42.40000000000033 -0.0104985996426325
42.50000000000033 -0.01049706212196266
42.60000000000034 -0.01049560334462517
42.70000000000034 -0.01049421988417466
42.80000000000034 -0.01049290832983617
42.90000000000034 -0.01049166530591666
43.00000000000034 -0.01049048748859797
43.10000000000034 -0.01048937162026845
43.20000000000034 -0.01048831452155738
43.30000000000035 -0.01048731310124225
43.40000000000035 -0.01048636436420369
43.50000000000035 -0.01048546541760609
43.60000000000035 -0.01048461347548151
43.70000000000035 -0.01048380586189212
43.80000000000035 -0.01048304001284086
43.90000000000035 -0.01048231347709203
44.00000000000036 -0.01048162391605374
44.10000000000036 -0.01048096910286304
44.20000000000036 -0.01048034692080191
44.30000000000036 -0.01047975536115993
44.40000000000036 -0.01047919252064684
44.50000000000036 -0.01047865659844565
44.60000000000036 -0.01047814589298579
44.70000000000037 -0.0104776587985048
44.80000000000037 -0.01047719380145751
44.90000000000037 -0.01047674947682298
45.00000000000037 -0.01047632448435174
45.10000000000037 -0.01047591756478945
45.20000000000037 -0.01047552753610698
45.30000000000037 -0.01047515328976232
45.40000000000038 -0.01047479378701531
45.50000000000038 -0.01047444805531252
45.60000000000038 -0.01047411518475664
45.70000000000038 -0.01047379432467208
45.80000000000038 -0.01047348468027585
45.90000000000038 -0.0104731855094613
46.00000000000038 -0.01047289611970022
46.10000000000039 -0.01047261586506729
46.20000000000039 -0.01047234414338965
46.30000000000039 -0.01047208039352308
46.40000000000039 -0.01047182409275541
46.50000000000039 -0.01047157475433649
46.60000000000039 -0.01047133192513381
46.70000000000039 -0.01047109518341156
46.8000000000004 -0.01047086413673085
46.9000000000004 -0.01047063841996799
47.0000000000004 -0.0104704176934474
47.1000000000004 -0.01047020164118547
47.2000000000004 -0.0104699899692412
47.3000000000004 -0.01046978240416957
47.4000000000004 -0.01046957869157316
47.50000000000041 -0.01046937859474751
47.60000000000041 -0.01046918189341593
47.70000000000041 -0.010468988382549
47.80000000000041 -0.01046879787126457
47.90000000000041 -0.01046861018180361
48.00000000000041 -0.01046842514857785
48.10000000000041 -0.01046824261728487
48.20000000000041 -0.01046806244408668
48.30000000000042 -0.01046788449484791
48.40000000000042 -0.01046770864442981
48.50000000000042 -0.01046753477603653
48.60000000000042 -0.01046736278061033
48.70000000000042 -0.01046719255627243
48.80000000000042 -0.01046702400780648
48.90000000000042 -0.01046685704618177
49.00000000000043 -0.0104666915881135
49.10000000000043 -0.01046652755565756
49.20000000000043 -0.01046636487583744
49.30000000000043 -0.01046620348030102
49.40000000000043 -0.01046604330500532
49.50000000000043 -0.01046588428992708
49.60000000000043 -0.01046572637879758
49.70000000000044 -0.01046556951885997
49.80000000000044 -0.01046541366064762
49.90000000000044 -0.01046525875778207
50.00000000000044 -0.01046510476678941
