0 -0.03260564902724127
0.1 -0.03260595231040347
0.2 -0.03260690401365872
0.3 -0.03260850344364978
0.4 -0.03261036500280762
0.5 -0.03261153033566762
0.6 -0.03261115653955554
0.7 -0.0326095337619508
0.7999999999999999 -0.03260770555587694
0.8999999999999999 -0.03260638676167182
0.9999999999999999 -0.03260573849481686
1.1 -0.03260571076131052
1.2 -0.03260630093615653
1.3 -0.03260756519867765
1.4 -0.03260937887908574
1.5 -0.03261107699989085
1.6 -0.03261159598548086
1.7 -0.03261053454657224
1.8 -0.03260867667426489
1.900000000000001 -0.03260702311871253
2 -0.03260601036063002
2.100000000000001 -0.03260565352178766
2.200000000000001 -0.03260590218129534
2.300000000000001 -0.03260678908542599
2.400000000000001 -0.03260832724972131
2.500000000000001 -0.03261018447740599
2.600000000000001 -0.03261145362993882
2.700000000000001 -0.03261123759341679
2.800000000000001 -0.03260970323287454
2.900000000000001 -0.0326078636459172
3.000000000000001 -0.03260648707168889
3.100000000000001 -0.03260577679765762
3.200000000000002 -0.03260568956617477
3.300000000000002 -0.03260621291578004
3.400000000000002 -0.03260740142879574
3.500000000000002 -0.03260916379477871
3.600000000000002 -0.03261090417622391
3.700000000000002 -0.03261157740708966
3.800000000000002 -0.0326106710814511
3.900000000000002 -0.03260886198394029
4.000000000000002 -0.03260716740015715
4.100000000000001 -0.03260608478834662
4.200000000000001 -0.03260565970869489
4.300000000000001 -0.03260584338579099
4.4 -0.03260666737154962
4.5 -0.03260816591732146
4.6 -0.03261005812421377
4.699999999999999 -0.03261146325821989
4.799999999999999 -0.03261139996996252
4.899999999999999 -0.03260991794919098
4.999999999999998 -0.03260803208169912
5.099999999999998 -0.03260658097031666
5.199999999999998 -0.0326058077286866
5.299999999999997 -0.03260566996188744
5.399999999999997 -0.03260614288656734
5.499999999999996 -0.03260727769296269
5.599999999999996 -0.0326090079815837
5.699999999999996 -0.03261078930744054
5.799999999999995 -0.03261158670165513
5.899999999999995 -0.03261079808617566
5.999999999999995 -0.0326090188774588
6.099999999999994 -0.03260728624898624
6.199999999999994 -0.03260614903794658
6.299999999999994 -0.03260567442083406
6.399999999999993 -0.03260580838509526
6.499999999999993 -0.03260657023806174
6.599999999999993 -0.03260799688510192
6.699999999999992 -0.03260984946024341
6.799999999999992 -0.03261131472663367
6.899999999999991 -0.03261140333575031
6.999999999999991 -0.03261004707093729
7.099999999999991 -0.03260818775458275
7.19999999999999 -0.03260669510341271
7.29999999999999 -0.03260586051164685
7.39999999999999 -0.03260565958697305
7.499999999999989 -0.03260606527658394
7.599999999999989 -0.03260713116053382
7.699999999999989 -0.03260882316030886
7.799999999999988 -0.03261065797530856
7.899999999999988 -0.03261161162701134
7.999999999999988 -0.03261097113695925
8.099999999999987 -0.0326092280862665
8.199999999999987 -0.0326074433139534
8.299999999999986 -0.03260623227223447
8.399999999999986 -0.03260569217725974
8.499999999999986 -0.03260576615511716
8.599999999999985 -0.03260646403065985
8.699999999999985 -0.03260783153922073
8.799999999999985 -0.03260967553185994
8.899999999999984 -0.03261123630853715
8.999999999999984 -0.03261148656759601
9.099999999999984 -0.03261023125066784
9.199999999999983 -0.03260836379566263
9.299999999999983 -0.03260680820886366
9.399999999999983 -0.03260590792995539
9.499999999999982 -0.03260565080694829
9.599999999999982 -0.03260600049351241
9.699999999999982 -0.03260700361059133
9.799999999999981 -0.03260864447475412
9.899999999999981 -0.03261049383783439
9.99999999999998 -0.03261156343152254
10.09999999999998 -0.03261106835433159
10.19999999999998 -0.03260939091112633
10.29999999999998 -0.03260758312610819
10.39999999999998 -0.03260631384106865
10.49999999999998 -0.03260571460552904
10.59999999999998 -0.03260573285709387
10.69999999999998 -0.03260637333308988
10.79999999999998 -0.03260769019404162
10.89999999999998 -0.03260952900212296
10.99999999999998 -0.03261117565821234
11.09999999999998 -0.03261157078935992
11.19999999999998 -0.0326104070454669
11.29999999999998 -0.0326085323846338
11.39999999999998 -0.0326069194831597
11.49999999999998 -0.03260595949543079
11.59999999999997 -0.03260565096497522
11.69999999999997 -0.03260594754900845
11.79999999999997 -0.03260688712083649
11.89999999999997 -0.03260846930360822
11.99999999999997 -0.03261031921155989
12.09999999999997 -0.03261149554372222
12.19999999999997 -0.03261115312036306
12.29999999999997 -0.03260955588394528
12.39999999999997 -0.03260773348272188
12.49999999999997 -0.03260640777347361
12.59999999999997 -0.03260574872082712
12.69999999999997 -0.03260570831776651
12.79999999999997 -0.03260628108204752
12.89999999999997 -0.03260752079586515
12.99999999999997 -0.0326093094663616
13.09999999999997 -0.03261100402592348
13.19999999999997 -0.03261155795725412
13.29999999999997 -0.03261054690547791
13.39999999999997 -0.03260871638472533
13.49999999999997 -0.03260706046031961
13.59999999999997 -0.03260603035854601
13.69999999999997 -0.03260565299426654
13.79999999999997 -0.03260588296324836
13.89999999999997 -0.0326067580611798
13.99999999999997 -0.03260830233201238
14.09999999999997 -0.03261019495354434
14.19999999999997 -0.03261151619420363
14.29999999999997 -0.03261132662825088
14.39999999999996 -0.0326097748462395
14.49999999999996 -0.0326079009130615
14.59999999999996 -0.03260649874566263
14.69999999999996 -0.03260577590492801
14.79999999999996 -0.03260568377495447
14.89999999999996 -0.0326062047276689
14.99999999999996 -0.03260739127091215
15.09999999999996 -0.03260915390783764
15.19999999999996 -0.03261090082090155
15.29999999999996 -0.03261158549121068
15.39999999999996 -0.03261068600468375
15.49999999999996 -0.03260887498603943
15.59999999999996 -0.03260717531779606
15.69999999999996 -0.0326060894206537
15.79999999999996 -0.03260566286802697
15.89999999999996 -0.03260584348300329
15.99999999999996 -0.03260665718680972
16.09999999999996 -0.0326081328422554
16.19999999999996 -0.03260999386541499
16.29999999999996 -0.03261138395805753
16.39999999999996 -0.03261134484208111
16.49999999999996 -0.03260990756099974
16.59999999999997 -0.03260805119879844
16.69999999999997 -0.03260660530919965
16.79999999999997 -0.03260582256668441
16.89999999999997 -0.0326056691629548
16.99999999999997 -0.03260612421955308
17.09999999999997 -0.03260724346820814
17.19999999999997 -0.03260897146610503
17.29999999999998 -0.03261077689964551
17.39999999999998 -0.03261161786518017
17.49999999999998 -0.03261085884712985
17.59999999999998 -0.03260907727762419
17.69999999999998 -0.03260732477648859
17.79999999999998 -0.03260616735020017
17.89999999999998 -0.03260567708733809
17.99999999999999 -0.03260579762590952
18.09999999999999 -0.03260654571337245
18.19999999999999 -0.03260796101885133
18.29999999999999 -0.03260981593400697
18.39999999999999 -0.03261130749983038
18.49999999999999 -0.03261143257958664
18.59999999999999 -0.03261009321948976
18.7 -0.03260822578322839
18.8 -0.03260671613652996
18.9 -0.03260586725205689
19 -0.03260565615137244
19.1 -0.03260605259075962
19.2 -0.03260710707106956
19.3 -0.0326087866550205
19.40000000000001 -0.03261061718240814
19.50000000000001 -0.03261158553251924
19.60000000000001 -0.03261097200310112
19.70000000000001 -0.03260924726061243
19.80000000000001 -0.03260746426827765
19.90000000000001 -0.03260624517623462
20.00000000000001 -0.03260569444246363
20.10000000000002 -0.03260575849633149
20.20000000000002 -0.03260644947641125
20.30000000000002 -0.03260781807241912
20.40000000000002 -0.03260967778860928
20.50000000000002 -0.0326112663347785
20.60000000000002 -0.03261153589604161
20.70000000000002 -0.0326102758576604
20.80000000000003 -0.03260839059534313
20.90000000000003 -0.03260682034438718
21.00000000000003 -0.03260591268449345
21.10000000000003 -0.03260565191107136
21.20000000000003 -0.03260599658556393
21.30000000000003 -0.03260698905294718
21.40000000000003 -0.0326086134792162
21.50000000000004 -0.03261045063580077
21.60000000000004 -0.03261152885434498
21.70000000000004 -0.03261106182384442
21.80000000000004 -0.03260940805678462
21.90000000000004 -0.03260760672547372
22.00000000000004 -0.03260633243070608
22.10000000000004 -0.03260572416218337
22.20000000000005 -0.03260573068359159
22.30000000000005 -0.03260635353393057
22.40000000000005 -0.03260764423111075
22.50000000000005 -0.03260945556339816
22.60000000000005 -0.03261109739157701
22.70000000000005 -0.0326115287625341
22.80000000000005 -0.03261041757526321
22.90000000000006 -0.03260857166716318
23.00000000000006 -0.03260695696368927
23.10000000000006 -0.03260597954601099
23.20000000000006 -0.03260564980927928
23.30000000000006 -0.03260592654471454
23.40000000000006 -0.03260685313456513
23.50000000000006 -0.03260844122372859
23.60000000000007 -0.03261032806037954
23.70000000000007 -0.03261155861780062
23.80000000000007 -0.03261124366830325
23.90000000000007 -0.03260962927762796
24.00000000000007 -0.03260777249719277
24.10000000000007 -0.03260642058083417
24.20000000000007 -0.03260574783034982
24.30000000000008 -0.03260570118164309
24.40000000000008 -0.03260627040709974
24.50000000000008 -0.03260750808755045
24.60000000000008 -0.0326092993153764
24.70000000000008 -0.03261100491880843
24.80000000000008 -0.03261157351631067
24.90000000000008 -0.03261056820365818
25.00000000000009 -0.03260873234516346
25.10000000000009 -0.03260706864457921
25.20000000000009 -0.03260603400830368
25.30000000000009 -0.03260565489127357
25.40000000000009 -0.03260588210392886
25.50000000000009 -0.03260674784184452
25.60000000000009 -0.03260827114173882
25.7000000000001 -0.03261013570392351
25.8000000000001 -0.03261144469523846
25.9000000000001 -0.03261127829536219
26.0000000000001 -0.03260976644672027
26.1000000000001 -0.03260791790078672
26.2000000000001 -0.03260651980755802
26.3000000000001 -0.03260578836550259
26.40000000000011 -0.03260568224854279
26.50000000000011 -0.0326061871485276
26.60000000000011 -0.03260735985466555
26.70000000000011 -0.03260912114137537
26.80000000000011 -0.03261089083206213
26.90000000000011 -0.03261161483818278
27.00000000000011 -0.03261074088328763
27.10000000000012 -0.03260892707850249
27.20000000000012 -0.0326072098236042
27.30000000000012 -0.0326061061962824
27.40000000000012 -0.0326056654845063
27.50000000000012 -0.03260583293693886
27.60000000000012 -0.03260663184034224
27.70000000000012 -0.03260809388752899
27.80000000000013 -0.0326099546633959
27.90000000000013 -0.03261137002392644
28.00000000000013 -0.03261136892882729
28.10000000000013 -0.03260995159698518
28.20000000000013 -0.03260808967890526
28.30000000000013 -0.03260662775630513
28.40000000000013 -0.03260583019299147
28.50000000000014 -0.03260566507571495
28.60000000000014 -0.03260610871817293
28.70000000000014 -0.03260721446804903
28.80000000000014 -0.03260892976399832
28.90000000000014 -0.03261073453815787
29.00000000000014 -0.03261159646269358
29.10000000000014 -0.03261086783563143
29.20000000000014 -0.0326091030973595
29.30000000000015 -0.03260734897426751
29.40000000000015 -0.03260618065629119
29.50000000000015 -0.03260567796025142
29.60000000000015 -0.03260578772717811
29.70000000000015 -0.03260652940423911
29.80000000000015 -0.03260794862148531
29.90000000000015 -0.03260982457581837
30.00000000000016 -0.03261134828247067
30.10000000000016 -0.03261149119684393
30.20000000000016 -0.03261014133450923
30.30000000000016 -0.03260825154145169
30.40000000000016 -0.03260672574265016
30.50000000000016 -0.03260586991041652
30.60000000000016 -0.03260565635370995
30.70000000000017 -0.03260604926526903
30.80000000000017 -0.03260709471147501
30.90000000000017 -0.03260875929129607
31.00000000000017 -0.03261057804967691
31.10000000000017 -0.03261155329735387
31.20000000000017 -0.03261096416699565
31.30000000000017 -0.03260926032806013
31.40000000000018 -0.03260748366652089
31.50000000000018 -0.03260626112381766
31.60000000000018 -0.0326057031316949
31.70000000000018 -0.03260575666417048
31.80000000000018 -0.03260643023733967
31.90000000000018 -0.03260777155499435
32.00000000000018 -0.03260960169176758
32.10000000000019 -0.03261118401685244
32.20000000000019 -0.03261149026376187
32.30000000000019 -0.03261028389342018
32.40000000000019 -0.0326084283168855
32.50000000000019 -0.03260685702065375
32.60000000000019 -0.03260593232247157
32.70000000000019 -0.03260565015396355
32.8000000000002 -0.03260597420402557
32.9000000000002 -0.03260695265917495
33.0000000000002 -0.03260858246346481
33.1000000000002 -0.03261045710103429
33.2000000000002 -0.03261159050040956
33.3000000000002 -0.03261115165013431
33.4000000000002 -0.03260948174908938
33.50000000000021 -0.03260764692789149
33.60000000000021 -0.03260634636475757
33.70000000000021 -0.03260572342895002
33.80000000000021 -0.03260572222760591
33.90000000000021 -0.03260634003623469
34.00000000000021 -0.03260762811329986
34.10000000000021 -0.03260944378565916
34.20000000000022 -0.03261110098156791
34.30000000000022 -0.03261155063383302
34.40000000000022 -0.03261044499400919
34.50000000000022 -0.03260859114411174
34.60000000000022 -0.032606966195105
34.70000000000022 -0.03260598272267458
34.80000000000022 -0.03260565047498507
34.90000000000023 -0.03260592427772294
35.00000000000023 -0.03260684214382854
35.10000000000023 -0.03260841140094937
35.20000000000023 -0.03261027420487912
35.30000000000023 -0.03261149633725409
35.40000000000023 -0.0326112038211422
35.50000000000023 -0.0326096241607069
35.60000000000024 -0.03260778811367566
35.70000000000024 -0.03260643866832157
35.80000000000024 -0.03260575791646868
35.90000000000024 -0.03260569884009762
36.00000000000024 -0.03260625401029464
36.10000000000024 -0.03260748009199768
36.20000000000024 -0.03260927166443572
36.30000000000025 -0.03261099922465276
36.40000000000025 -0.03261160265533595
36.50000000000025 -0.03261061795371244
36.60000000000025 -0.03260877807174554
36.70000000000025 -0.03260709868387709
36.80000000000025 -0.03260604884752472
36.90000000000025 -0.03260565736813474
37.00000000000026 -0.03260587210469859
37.10000000000026 -0.03260672240191982
37.20000000000026 -0.03260822997919599
37.30000000000026 -0.03261009138409583
37.40000000000026 -0.03261142384207756
37.50000000000026 -0.03261129624764321
37.60000000000026 -0.03260980710206209
37.70000000000027 -0.03260795577366088
37.80000000000027 -0.03260654305160808
37.90000000000027 -0.03260579668830402
38.00000000000027 -0.03260567760302849
38.10000000000027 -0.03260616898830197
38.20000000000027 -0.03260732586409011
38.30000000000027 -0.03260907358678578
38.40000000000028 -0.03261084548597448
38.50000000000028 -0.03261159620023248
38.60000000000028 -0.03261075630469385
38.70000000000028 -0.03260895872331513
38.80000000000028 -0.03260723722237447
38.90000000000028 -0.03260612016177122
39.00000000000028 -0.03260566511739768
39.10000000000029 -0.03260582061481566
39.20000000000029 -0.03260661317895841
39.30000000000029 -0.03260808164781973
39.40000000000029 -0.03260996872178205
39.50000000000029 -0.03261142081543893
39.60000000000029 -0.03261143664336325
39.70000000000029 -0.03261000380673174
39.8000000000003 -0.03260811539583727
39.9000000000003 -0.03260663567059742
40.0000000000003 -0.03260583113640284
40.1000000000003 -0.03260566428890108
40.2000000000003 -0.03260610557255192
40.3000000000003 -0.03260720392182408
40.4000000000003 -0.03260890621672873
40.50000000000031 -0.03261070070127172
40.60000000000031 -0.03261156857469517
40.70000000000031 -0.03261086055921887
40.80000000000031 -0.0326091132024065
40.90000000000031 -0.03260736455256169
41.00000000000031 -0.03260619391873577
41.10000000000031 -0.03260568563758037
41.20000000000032 -0.03260578625249817
41.30000000000032 -0.03260651112894301
41.40000000000032 -0.03260790252781409
41.50000000000032 -0.03260974738643498
41.60000000000032 -0.03261126361676604
41.70000000000032 -0.03261144290440824
41.80000000000032 -0.03261014664521621
41.90000000000033 -0.03260828680995968
42.00000000000033 -0.03260676075662193
42.10000000000033 -0.03260588867969012
42.20000000000033 -0.03260565403486611
42.30000000000033 -0.03260602599910922
42.40000000000033 -0.0326070566642408
42.50000000000033 -0.03260872588260186
42.60000000000034 -0.03261058175348895
42.70000000000034 -0.03261161192909368
42.80000000000034 -0.03261105123888701
42.90000000000034 -0.03260933280435548
43.00000000000034 -0.03260752431442058
43.10000000000034 -0.03260627600083154
43.20000000000034 -0.03260570263685791
43.30000000000035 -0.03260574696808802
43.40000000000035 -0.03260641373488386
43.50000000000035 -0.03260775132775037
43.60000000000035 -0.03260958693174974
43.70000000000035 -0.0326111884921572
43.80000000000035 -0.03261151683657579
43.90000000000035 -0.03261031673830874
44.00000000000036 -0.03260845154917548
44.10000000000036 -0.03260686790212024
44.20000000000036 -0.0326059354695159
44.30000000000036 -0.0326056496081859
44.40000000000036 -0.03260597005477246
44.50000000000036 -0.03260694005520851
44.60000000000036 -0.03260855324041634
44.70000000000037 -0.03261040859162091
44.80000000000037 -0.032611538302299
44.90000000000037 -0.03261112154223896
45.00000000000037 -0.03260948107560419
45.10000000000037 -0.03260766202506116
45.20000000000037 -0.03260636192358309
45.30000000000037 -0.03260573121599845
45.40000000000038 -0.03260571893430972
45.50000000000038 -0.03260632474615693
45.60000000000038 -0.03260760391934252
45.70000000000038 -0.03260942244762701
45.80000000000038 -0.03261110146969376
45.90000000000038 -0.0326115813885618
46.00000000000038 -0.03261049070867306
46.10000000000039 -0.03260863078628815
46.20000000000039 -0.03260699156741289
46.30000000000039 -0.0326059953445203
46.40000000000039 -0.0326056527399683
46.50000000000039 -0.03260591513037543
46.60000000000039 -0.03260681734552705
46.70000000000039 -0.03260836906275745
46.8000000000004 -0.03261022571712886
46.9000000000004 -0.03261146894302983
47.0000000000004 -0.03261121521172675
47.1000000000004 -0.03260966046478542
47.2000000000004 -0.03260782437211561
47.3000000000004 -0.0326064620307381
47.4000000000004 -0.03260576669338612
47.50000000000041 -0.032605693761074
47.60000000000041 -0.03260623350169604
47.70000000000041 -0.03260744129868265
47.80000000000041 -0.03260921790374555
47.90000000000041 -0.03261094968389519
48.00000000000041 -0.03261158487455847
48.10000000000041 -0.03261063796188714
48.20000000000041 -0.03260881446187079
48.30000000000042 -0.03260712898958524
48.40000000000042 -0.03260606357408014
48.50000000000042 -0.03260565587995815
48.60000000000042 -0.03260585724007255
48.70000000000042 -0.03260670088354616
48.80000000000042 -0.03260821697729379
48.90000000000042 -0.03261010962048939
49.00000000000043 -0.03261148333934135
49.10000000000043 -0.03261137227211564
49.20000000000043 -0.03260986359846544
49.30000000000043 -0.03260798227843294
49.40000000000043 -0.03260655007878215
49.50000000000043 -0.03260579630963187
49.60000000000043 -0.03260567571884655
49.70000000000044 -0.0326061655081474
49.80000000000044 -0.03260731651403972
49.90000000000044 -0.03260905370665173
50.00000000000044 -0.03261081780423983
